Epoch	AverageEpRet	StdEpRet	MaxEpRet	MinEpRet	EpLen	AverageVVals	StdVVals	MaxVVals	MinVVals	TotalEnvInteracts	LossPi	LossV	DeltaLossPi	DeltaLossV	Entropy	KL	Time
0	-163.08795	102.212425	-7.7332883	-503.6261	88.8	0.26690146	0.051379655	0.6142631	-0.024666503	4000	0.0001891346	10829.446	0.0	-773.6006	1.3835726	9.23872e-10	2.946584939956665
1	-166.25462	101.38985	-5.114081	-476.6377	93.47619	-4.2302284	0.41728494	-0.7979933	-4.8197007	8000	0.0022813682	9808.045	0.0	-759.67773	1.3838603	8.940697e-11	5.944147825241089
2	-194.46938	102.659	34.198666	-449.11853	88.066666	-8.963654	0.17908213	-4.2364974	-9.105305	12000	0.001058187	12195.625	0.0	-680.0703	1.3833551	-2.9802324e-11	8.939167976379395
3	-225.9316	129.75166	-47.502888	-554.2221	87.933334	-12.597709	0.44246298	-4.437454	-12.691183	16000	0.0047947676	17312.404	0.0	-774.1094	1.3829623	2.9802324e-11	11.91287088394165
4	-178.17749	108.93047	45.559647	-454.8374	91.34884	-16.185915	0.032757957	-15.431017	-16.213516	20000	0.0043043843	9736.034	0.0	-396.5498	1.3840696	3.5762787e-10	14.932873010635376
5	-210.72916	111.243126	40.130016	-426.40005	91.74419	-18.747974	0.03208673	-18.04098	-18.766811	24000	0.004496904	12645.306	0.0	-523.5908	1.3837854	1.8179417e-09	17.95188283920288
6	-184.33806	113.87575	-2.0704672	-489.725	86.86957	-21.592106	0.15072504	-17.864662	-21.616413	28000	0.00116439	10450.186	0.0	-405.96777	1.38355	7.1525574e-10	21.187275886535645
7	-150.28021	87.38112	16.38659	-413.51535	86.48889	-24.136965	0.07934709	-23.128778	-24.156258	32000	0.002591629	6143.096	0.0	-232.5503	1.3841454	-2.9802324e-11	24.231105089187622
8	-184.26222	104.298355	18.420918	-437.81342	92.37209	-26.108828	0.106346	-24.455648	-26.129677	36000	0.004074419	8370.762	0.0	-324.4912	1.3838546	-1.2516975e-09	27.228538036346436
9	-195.84244	125.76757	5.6485534	-467.90866	92.48837	-28.412027	0.039192088	-27.486242	-28.423061	40000	0.00039572394	10942.371	0.0	-403.56152	1.3838928	-8.940697e-11	30.22881293296814
10	-189.73488	117.8364	14.869688	-590.9953	90.093025	-31.002575	0.033867702	-30.131481	-31.01055	44000	0.0021600518	8707.113	0.0	-321.07422	1.3840166	6.556511e-10	33.24021077156067
11	-202.90842	118.90898	13.366132	-474.8596	88.755554	-33.355423	0.008175616	-33.20446	-33.36031	48000	-0.00038592625	9698.658	0.0	-364.22656	1.3838158	-2.682209e-10	36.22838807106018
12	-172.21643	97.45069	-33.85576	-459.4804	87.55556	-35.84488	0.021365901	-35.036	-35.850075	52000	0.00241639	5845.8604	0.0	-221.72656	1.3838724	5.662441e-10	39.22094678878784
13	-192.1045	103.25029	-70.97154	-509.44913	89.204544	-37.846275	0.020242756	-37.436157	-37.85123	56000	0.0031470456	7359.541	0.0	-303.29053	1.3838459	-2.384186e-10	42.21681571006775
14	-185.80408	119.78203	-7.104551	-545.0336	86.58696	-40.151127	0.017332442	-39.752266	-40.15609	60000	-0.0007178117	8278.975	0.0	-283.53662	1.3837919	-2.9802324e-11	45.213594913482666
15	-159.14304	100.77074	35.220684	-430.28937	89.52273	-42.421177	0.026710082	-41.928894	-42.426773	64000	0.001131464	5297.632	0.0	-151.81104	1.3841561	-2.0861626e-10	48.193840742111206
16	-203.17043	142.5146	110.81621	-534.07513	126.32258	-44.123238	0.05751807	-43.81079	-44.140285	68000	0.0006263528	7939.376	0.0	-106.02539	1.383212	-2.9802322e-10	52.019654750823975
17	-180.09724	107.798065	-7.1477327	-440.93713	91.27907	-45.57529	0.0037820372	-45.49781	-45.578476	72000	0.001457221	5573.071	0.0	-180.40723	1.3841158	5.066395e-10	55.00635099411011
18	-171.52512	97.345985	7.20251	-403.1755	92.674416	-47.443195	0.014982156	-47.19923	-47.447376	76000	0.00071653305	4901.783	0.0	-158.78906	1.384156	-1.2218953e-09	57.98716902732849
19	-182.7132	111.2476	-36.19809	-434.41254	90.95349	-49.25003	0.042103037	-48.67343	-49.256836	80000	-0.00033552415	6218.046	0.0	-211.8125	1.3838929	1.847744e-09	61.00041890144348
20	-163.57626	110.627174	1.8452703	-447.74658	86.652176	-51.33204	0.06450979	-49.76687	-51.34046	84000	0.0004759463	5530.1777	0.0	-141.58838	1.3841246	5.960465e-11	64.0006799697876
21	-162.85907	97.62561	-42.878796	-445.86557	87.933334	-53.091454	0.0016765893	-53.069237	-53.093376	88000	-0.00017420828	3918.2554	0.0	-110.48682	1.3842843	-1.4901161e-10	66.99838900566101
22	-175.871	110.762146	-2.0102794	-418.20877	89.86364	-54.661156	0.025165047	-54.219204	-54.66534	92000	-0.0007168795	5704.5215	0.0	-140.90967	1.3839326	-1.758337e-09	69.99907302856445
23	-165.93492	97.64681	-32.967636	-420.58536	84.12766	-56.437202	0.023726625	-56.09099	-56.44124	96000	-0.0010918012	4162.1543	0.0	-124.56299	1.3840998	7.4505807e-10	73.04104995727539
24	-179.89128	108.52951	35.38468	-503.83423	90.795456	-58.145515	0.05847708	-56.540043	-58.15178	100000	0.0038572343	5741.313	0.0	-175.84082	1.3839215	-4.1723253e-10	76.02450680732727
25	-150.33336	76.65378	28.234663	-330.60773	91.83721	-60.174675	0.006244714	-60.041134	-60.176407	104000	0.0006752806	2028.9847	0.0	-46.749756	1.3842913	8.940697e-11	79.03394985198975
26	-166.94542	91.90409	-9.127102	-501.5019	94.35714	-61.306625	0.0023633922	-61.257797	-61.308083	108000	0.00063527486	3637.8435	0.0	-89.38721	1.3845714	6.2584876e-10	82.34520292282104
27	-167.1741	91.43689	26.875927	-390.3457	90.88372	-62.78602	0.027737861	-62.323948	-62.789562	112000	-0.0006048338	3494.9128	0.0	-60.878906	1.3842319	-6.556511e-10	85.33694100379944
28	-165.5534	105.84577	18.961788	-521.7985	89.90909	-64.06491	0.014686367	-63.76026	-64.06746	116000	-0.0013062756	3957.9353	0.0	-67.00415	1.3842877	6.2584876e-10	88.33725094795227
29	-188.72125	92.41519	-44.64648	-417.3473	96.92683	-65.411156	0.0040181414	-65.28732	-65.41241	120000	1.5647947e-05	3129.9827	0.0	-115.84668	1.3838699	-2.9802324e-11	91.33560705184937
30	-168.4034	108.01039	15.035266	-442.1096	94.54762	-67.1859	0.021633057	-66.4241	-67.188446	124000	-0.0018485207	3794.9158	0.0	-58.14917	1.3840045	8.642673e-10	94.35920476913452
31	-161.39949	90.50747	-43.968143	-470.98727	92.90476	-68.508514	0.0043059113	-68.31823	-68.509766	128000	-0.000385535	2723.0376	0.0	-37.481445	1.3843473	1.4305115e-09	97.3519721031189
32	-161.95535	92.709435	-5.840671	-373.38672	88.73333	-69.578575	0.0035201597	-69.5166	-69.579865	132000	-7.061827e-05	3047.8154	0.0	-44.376465	1.3840665	-4.768372e-10	100.35411882400513
33	-143.3694	101.048775	36.96873	-457.22894	113.42857	-70.741165	0.013864819	-70.64665	-70.74504	136000	-0.00080832076	3643.6711	0.0	-3.7683105	1.3832768	-1.5199184e-09	103.88501811027527
34	-144.22768	98.37994	36.226	-398.80148	87.333336	-70.52969	0.25370005	-64.953445	-70.54868	140000	-0.0021019473	3089.7615	0.0	-17.159668	1.3839971	-5.662441e-10	106.87136006355286
35	-185.30103	112.624664	48.163036	-487.5336	118.69697	-71.13892	0.13647285	-68.45846	-71.1661	144000	-0.004025115	4886.1826	0.0	-645.47705	1.3825731	7.1525574e-10	110.37721276283264
36	-168.42178	87.64152	-71.78516	-427.27383	87.8	-71.36055	1.4906734	-35.994007	-71.666176	148000	-0.00038882374	2544.7385	0.0	-64.3689	1.3836462	-5.364418e-10	113.40370893478394
37	-161.16791	89.771675	-46.87511	-399.73322	86.26087	-72.70988	1.9787861	-33.229145	-72.94756	152000	-0.0013176083	2559.4133	0.0	-95.86694	1.3834196	-1.6093255e-09	116.40070986747742
38	-184.21443	113.82842	2.8984308	-561.7947	92.209305	-74.023636	4.2575836	41.860382	-74.24187	156000	0.0003098978	4436.7046	0.0	-137.4419	1.3833876	1.192093e-10	119.4333770275116
39	-167.33109	107.75284	26.268036	-459.26285	94.2381	-76.01219	0.010159318	-75.76932	-76.01435	160000	-0.0025462543	3750.8606	0.0	-25.374268	1.3836952	0.0	122.44458889961243
40	-138.8107	61.08384	47.556694	-325.97534	81.53061	-77.06155	0.012770391	-76.34623	-77.06315	164000	-0.003195443	1266.34	0.0	-1.2084961	1.3839252	3.5762787e-10	125.45453596115112
41	-170.21361	85.29045	-51.453823	-419.6531	90.681816	-77.3288	0.023849344	-76.43512	-77.33102	168000	-0.005040615	2251.587	0.0	-25.523926	1.3831257	-2.0861626e-10	128.46311688423157
42	-131.92168	93.306046	20.742939	-390.4268	90.5814	-78.2398	1.1126994	-57.895588	-78.3266	172000	-0.0009280741	2817.8623	0.0	-3.5131836	1.3839256	-4.768372e-10	131.45660376548767
43	-161.3705	91.33842	-65.52484	-564.3606	90.39535	-78.00518	0.24306662	-70.75307	-78.020004	176000	-0.0013855076	2507.568	0.0	-29.54126	1.3828993	-1.192093e-10	134.4603147506714
44	-164.11844	92.91919	-33.870575	-406.64267	90.318184	-79.046135	0.04869209	-77.787	-79.05209	180000	-0.0019764376	2559.301	0.0	-19.944824	1.3832952	-7.4505807e-10	137.4620521068573
45	-156.35446	98.718575	-17.979155	-467.84464	88.755554	-80.02135	0.10508064	-77.644745	-80.02849	184000	-0.0026701575	3078.896	0.0	-5.840576	1.3831158	-5.960465e-11	140.47328996658325
46	-157.60942	101.67421	-25.59289	-573.534	90.47727	-80.57247	0.42715007	-65.95975	-80.58849	188000	-0.0039262073	3364.6753	0.0	-5.590088	1.3826729	-1.5497208e-09	143.48547196388245
47	-149.10927	79.17269	-13.655508	-352.44147	90.681816	-81.10634	0.14419797	-77.93303	-81.120316	192000	-0.004769968	1833.3352	0.0	-72.46228	1.3830397	8.046627e-10	146.4849169254303
48	-161.92867	88.12132	8.294783	-333.86328	95.97561	-80.74645	6.0020404	68.47442	-81.22736	196000	-0.0022442476	2381.7117	0.0	-92.92236	1.3827382	7.1525574e-10	149.49550795555115
49	-150.82452	75.70148	-5.173935	-348.53317	93.0	-81.73214	0.0051530264	-81.54955	-81.733315	200000	-0.0006003878	1464.336	0.0	-0.39440918	1.3821753	-1.4901161e-10	152.50637578964233
50	-144.62021	87.9958	-40.380505	-416.989	87.6	-81.60684	0.1522812	-77.785	-81.61664	204000	-0.0014399898	2171.8928	0.0	-1.1962891	1.3823055	-4.4703483e-10	155.51872777938843
51	-156.00188	55.36053	-47.109432	-279.04007	96.85366	-81.65485	0.026086854	-80.7653	-81.65727	208000	-0.0044696303	945.28125	0.0	-0.82818604	1.3829608	1.192093e-10	158.53178691864014
52	-139.57558	62.750896	-17.406559	-303.75098	92.976746	-81.870766	0.046346553	-78.94081	-81.8722	212000	-0.00068246544	1434.9854	0.0	-5.202881	1.3834507	-6.854534e-10	161.53029990196228
53	-159.05511	86.23266	-33.78258	-391.78964	92.71429	-81.32933	0.030966954	-80.70934	-81.33229	216000	-0.009466297	2025.9517	0.0	-9.794434	1.3817476	-1.4603138e-09	164.5337119102478
54	-152.41508	74.31859	-64.5321	-393.52933	95.04762	-82.06703	0.019853083	-81.38077	-82.06861	220000	-0.0024897188	1398.4447	0.0	-0.34472656	1.3819584	-4.4703483e-10	167.54584193229675
55	-128.89635	67.61301	-8.268441	-363.40533	91.34884	-82.24708	0.008727049	-81.96473	-82.24821	224000	-0.003686097	1707.263	0.0	-17.497314	1.382756	5.662441e-10	170.54032397270203
56	-157.38864	84.32646	3.366934	-460.86856	98.625	-81.18219	0.0051943925	-80.907936	-81.18301	228000	-0.006432554	2185.1184	0.0	-0.1274414	1.3810171	3.2782554e-10	173.5911407470703
57	-147.39293	79.40815	12.114731	-390.64722	94.7381	-81.006	0.040328287	-80.332985	-81.00947	232000	-0.0022112925	2251.0586	0.0	-4.4729004	1.3813647	3.5762787e-10	176.58156490325928
58	-155.30351	77.175026	0.113365345	-381.61636	92.51163	-80.469215	0.020723507	-79.97811	-80.471344	236000	-0.00061900856	1946.3375	0.0	-3.9700928	1.381496	1.3411046e-09	179.5825641155243
59	-160.0452	79.598885	-51.11098	-335.08746	89.068184	-80.98113	0.0064068157	-80.72631	-80.9817	240000	-0.009316001	1835.5271	0.0	-19.460571	1.3809367	1.1920929e-09	182.59001803398132
60	-139.67702	69.443115	9.672022	-343.26163	87.62222	-82.23005	0.0075204256	-82.03231	-82.230896	244000	-0.006402509	1420.1511	0.0	-2.8148193	1.381919	-6.2584876e-10	185.5946638584137
61	-137.34564	80.29228	0.51319003	-369.3598	91.790695	-81.809	0.14181022	-78.73514	-81.821106	248000	-0.00091177976	1991.9852	0.0	-20.597656	1.3807988	2.2351741e-10	188.59626007080078
62	-150.84872	81.70287	-26.75237	-384.2185	96.560974	-80.18623	3.8985214	-13.653454	-80.49777	252000	-0.004876898	2045.0731	0.0	-12.4157715	1.3807837	1.5497208e-09	191.62483406066895
63	-136.18546	72.01945	-17.25737	-378.18726	90.59091	-80.415695	0.020103367	-79.699295	-80.41708	256000	-0.008101412	1634.6882	0.0	-4.333008	1.3812677	0.0	194.63224482536316
64	-142.34358	68.3673	-3.1612158	-317.35193	94.52381	-79.81329	0.021365404	-78.90906	-79.81451	260000	-0.004105391	1727.496	0.0	-14.401245	1.3792684	1.7881393e-09	197.6492829322815
65	-128.58646	70.03585	109.23836	-307.03793	141.60715	-78.6065	0.15579009	-75.4991	-78.63989	264000	-0.002634472	3376.827	0.0	-1003.06494	1.3819782	-2.0861626e-10	201.53993010520935
66	-156.84917	72.0523	18.958567	-381.50845	95.09524	-70.26537	5.713821	21.325834	-74.102615	268000	-0.0050325166	1895.1301	0.0	-247.68494	1.3810674	1.1622906e-09	204.54387307167053
67	-146.3051	72.507835	1.0395286	-320.40863	94.90476	-75.87138	0.9945055	-48.79549	-75.980515	272000	-0.00030845046	1911.1757	0.0	-13.984131	1.3804089	-1.4901162e-11	207.5655779838562
68	-135.52826	55.961727	-30.64953	-294.50784	87.86667	-76.6405	1.4177573	-31.574825	-76.7298	276000	-0.0037071803	1295.4725	0.0	-7.272827	1.3817091	-8.940697e-11	210.55518293380737
69	-136.55957	71.25698	-4.5285163	-328.6112	93.78571	-76.82805	0.40495372	-70.11321	-76.872894	280000	-0.0059928843	1448.7423	0.0	-10.704102	1.3790815	-9.536744e-10	213.5599570274353
70	-140.5257	76.31107	16.823093	-363.0129	95.21951	-76.25944	0.4738324	-64.77993	-76.31296	284000	-0.0019512136	2277.8296	0.0	-6.0668945	1.380813	-7.1525574e-10	216.58302307128906
71	-133.54222	77.73005	5.114617	-417.43927	91.906975	-76.81141	0.24411258	-67.41509	-76.84152	288000	-0.003244638	2409.251	0.0	-8.183594	1.3799365	7.748604e-10	219.59541487693787
72	-127.643486	77.90913	12.753485	-293.24338	97.29269	-76.15963	0.274817	-67.249825	-76.187325	292000	-0.0060730707	2539.1675	0.0	-40.94922	1.3792596	-6.556511e-10	222.61765694618225
73	-136.55064	95.31675	-0.06146837	-566.52765	90.47727	-73.86854	2.5014129	-10.112411	-74.072655	296000	0.0035371676	3321.7346	0.0	-49.583252	1.3802849	-4.0233136e-10	225.61006903648376
74	-136.135	71.918755	55.562275	-318.7612	89.25	-74.731735	0.044235107	-73.76674	-74.73775	300000	-0.0066994284	1607.8585	0.0	-2.2768555	1.3777436	9.0897084e-10	228.6211440563202
75	-157.51764	75.55566	-59.475945	-399.72458	92.906975	-75.276306	0.18426003	-71.13244	-75.29288	304000	-0.0014421012	2019.387	0.0	-54.579956	1.3792698	1.5497208e-09	231.6396038532257
76	-149.44211	80.80156	-27.32774	-392.74225	96.268295	-77.684	0.46531448	-63.49762	-77.71631	308000	-0.004549723	1819.6918	0.0	-10.343262	1.3766819	5.2154064e-10	234.65488195419312
77	-142.44296	65.14423	-36.773716	-321.185	99.375	-78.305145	0.91112196	-53.29133	-78.354614	312000	-0.0054896814	1657.9036	0.0	-5.143799	1.3789976	4.4703483e-10	237.68239212036133
78	-136.84038	50.201935	-25.49298	-284.97992	92.04651	-77.605606	0.0024366765	-77.50072	-77.60634	316000	-0.007751905	1120.4633	0.0	-14.852783	1.3789201	5.960465e-11	240.6911380290985
79	-142.93971	98.57871	26.236504	-581.7874	92.83721	-76.194595	0.14826551	-69.86698	-76.2033	320000	-0.003022446	2891.178	0.0	-8.424072	1.3761692	-7.0035455e-10	243.71520686149597
80	-145.70384	89.02618	0.08349208	-426.67178	94.333336	-77.09194	0.37988254	-67.30275	-77.1297	324000	-0.0013537349	2535.867	0.0	-10.05542	1.3780326	3.427267e-10	246.76636290550232
81	-151.66177	98.788765	36.03414	-504.57538	95.82927	-78.09895	0.0781796	-76.00159	-78.105125	328000	0.0014198686	2839.4072	0.0	-6.376465	1.3764664	-7.4505807e-10	249.7745018005371
82	-113.09395	51.056843	-9.405965	-289.00665	90.86364	-79.08268	0.0025429963	-79.015	-79.08326	332000	-0.005684083	1234.07	0.0	-77.29968	1.3793892	-3.7252903e-09	252.79787278175354
83	-147.64494	87.59648	-26.76565	-501.36887	93.7619	-75.86629	0.18736383	-70.518234	-75.87838	336000	-0.003657398	2818.7595	0.0	-2.2785645	1.3753436	-1.847744e-09	255.81046605110168
84	-137.55087	96.19535	0.7498102	-464.99155	94.38095	-76.26717	0.31834638	-69.209404	-76.29429	340000	-0.0038634876	2962.489	0.0	-2.647461	1.3777739	5.2154064e-10	258.82832407951355
85	-124.24411	73.87033	35.53918	-399.12875	92.139534	-76.85291	0.0710983	-74.56056	-76.85691	344000	-0.008434807	2133.752	0.0	-34.077393	1.3765968	-3.874302e-10	261.83008003234863
86	-124.73508	68.08115	33.041214	-326.75757	95.70731	-74.646065	0.17968145	-69.23783	-74.66003	348000	-0.0033415132	1986.8662	0.0	-21.04187	1.3783689	3.427267e-10	264.85967898368835
87	-147.71692	78.96335	-34.501442	-377.58118	98.65	-72.92795	0.26816493	-66.78064	-72.9462	352000	-0.006432876	1863.4229	0.0	-8.741089	1.3741919	2.1457671e-09	267.8911819458008
88	-152.42729	81.66338	0.6122426	-363.89578	98.75	-73.82687	0.45991856	-63.50952	-73.86638	356000	-0.006317743	2168.5125	0.0	-23.067383	1.3745075	1.4901161e-10	270.9244210720062
89	-112.12839	61.708706	30.146563	-266.9402	88.6	-75.80191	0.015886344	-75.29323	-75.80274	360000	-0.0058953287	1646.8052	0.0	-62.757202	1.3775431	1.7881394e-10	273.92865777015686
90	-134.56528	66.354416	-36.288784	-331.69766	98.525	-72.77823	0.10485423	-70.19535	-72.785065	364000	0.0010467597	1502.1802	0.0	-1.1610107	1.3766398	3.7252904e-10	276.9675738811493
91	-123.248695	62.205997	36.858612	-289.7611	97.25	-72.92308	0.104782775	-70.25485	-72.928734	368000	-6.796181e-05	1469.243	0.0	-17.680542	1.3788898	1.937151e-10	279.98762011528015
92	-151.80322	89.03941	37.09382	-376.83334	94.47619	-71.2665	0.13946582	-67.72049	-71.27488	372000	-0.0076993806	2302.3616	0.0	-77.519775	1.3728174	6.556511e-10	282.99352502822876
93	-141.72371	54.77895	-68.9374	-309.53885	96.902435	-74.662346	0.001550661	-74.57175	-74.66256	376000	-0.008368763	799.7979	0.0	-3.0186768	1.3745587	-9.23872e-10	286.00086092948914
94	-127.09831	67.387344	-48.27642	-347.9231	90.27273	-75.53413	0.0561093	-74.21756	-75.5387	380000	-0.0074423873	1535.4149	0.0	-10.266357	1.3746706	-2.9802322e-10	289.11571192741394
95	-142.58966	82.28491	89.52912	-283.497	124.96875	-74.261345	0.04833868	-73.74609	-74.28077	384000	-0.003276919	3007.4968	0.0	-373.19458	1.3738909	-3.7252904e-10	292.7756898403168
96	-149.05363	66.29111	-71.36468	-323.00687	94.2619	-70.399216	0.30280983	-58.7621	-70.42186	388000	-0.0025333976	1461.7333	0.0	-33.0	1.372587	-5.960465e-11	295.80645179748535
97	-118.13278	55.981434	-42.09475	-334.67743	92.209305	-72.488014	0.53626674	-42.74064	-72.514244	392000	-0.01028495	1035.159	0.0	-8.197632	1.3761268	-1.7881394e-10	298.80436873435974
98	-145.99695	73.075584	-11.493857	-389.68088	96.78049	-71.602356	0.020170592	-71.145134	-71.60702	396000	-0.0031670337	1590.9084	0.0	-21.044678	1.3737116	-4.4703483e-10	301.81809401512146
99	-130.9111	83.21255	29.090773	-392.82245	96.34146	-73.28397	1.7421613	-28.389297	-73.38142	400000	-0.008188557	2109.4814	0.0	-2.5031738	1.3725528	2.384186e-10	304.8343069553375
100	-157.27896	79.98647	9.664739	-394.08633	99.84615	-73.39051	0.72678965	-52.599205	-73.43571	404000	-0.0074544316	2180.2483	0.0	-42.99243	1.3724521	3.874302e-10	307.9100868701935
101	-134.29831	77.88948	-3.1059532	-382.13602	95.87805	-75.671234	1.0555973	-39.589207	-75.73797	408000	-0.006396129	1874.89	0.0	-12.221558	1.3718199	-4.3213366e-10	310.9335949420929
102	-140.44925	68.60004	-29.688412	-320.51468	91.81396	-75.61045	0.14278361	-70.18085	-75.619606	412000	-0.006606575	1367.1672	0.0	-4.449707	1.3726126	1.5348196e-09	313.9515850543976
103	-140.77028	78.38559	16.8322	-332.4428	103.60526	-76.1847	2.3525438	-1.8450692	-76.28323	416000	-0.0034819043	1705.0325	0.0	-16.108276	1.372218	1.7881394e-10	316.9780158996582
104	-141.577	71.503845	-53.501823	-330.4689	97.21951	-75.35481	0.0024637433	-75.292435	-75.35555	420000	-0.0066700107	1429.6173	0.0	-4.206299	1.3716891	9.387732e-10	319.9938018321991
105	-132.39537	56.671494	-47.86081	-337.42102	97.243904	-76.16984	0.7703913	-51.987114	-76.206154	424000	-0.00609443	1032.3239	0.0	-18.195007	1.3716818	-3.7252904e-10	323.0121238231659
106	-135.47342	60.697456	-56.488422	-280.48297	99.0	-74.36863	0.061946694	-71.87266	-74.37178	428000	-0.008251291	1210.7463	0.0	-4.5891113	1.3714333	8.3446505e-10	326.03797817230225
107	-125.40933	70.395966	0.12715563	-337.6801	104.42105	-73.29723	0.5553737	-55.189224	-73.32276	432000	-0.0029966948	1923.0557	0.0	-44.77881	1.3713493	2.0861626e-10	329.09682393074036
108	-150.64684	68.892	-8.317372	-283.13425	99.825	-70.09458	3.186676	5.5700126	-70.30826	436000	-0.00956717	1808.6023	0.0	-115.447266	1.37133	1.3411044e-10	332.1331970691681
109	-154.14343	73.4597	-67.47437	-340.555	95.63415	-73.47558	0.005475819	-73.29579	-73.476036	440000	-0.0090730805	1896.2712	0.0	-99.91919	1.3715017	1.1026859e-09	335.1661660671234
110	-130.82512	67.427864	-2.1833205	-282.55548	90.95349	-77.85546	0.21018554	-71.3134	-77.87094	444000	-0.010656878	1563.6508	0.0	-18.044067	1.3671947	-5.2154064e-10	338.196359872818
111	-129.07307	78.99425	23.04664	-318.73737	101.28205	-76.91233	0.5285241	-60.758694	-76.93907	448000	-0.00803396	1899.983	0.0	-28.271729	1.3713284	1.847744e-09	341.2862219810486
112	-137.23677	68.579315	-13.57324	-339.45084	99.6	-74.710915	0.15983672	-66.317276	-74.71634	452000	-0.00818997	1673.9114	0.0	-1.8813477	1.3686355	1.8775463e-09	344.30394172668457
113	-136.21611	79.169044	-11.901191	-405.3955	97.51219	-74.47619	0.20761116	-66.01073	-74.485275	456000	-0.009019859	2287.0737	0.0	-3.6657715	1.3700546	4.3213366e-10	347.34461212158203
114	-161.87636	90.47899	-19.73297	-395.0059	101.589745	-74.39529	1.0375578	-47.588074	-74.465485	460000	-0.0030133745	3087.9167	0.0	-84.21484	1.368028	-9.536744e-10	350.3857750892639
115	-131.23718	78.81366	26.642923	-389.30054	103.26316	-78.16461	0.591786	-65.5283	-78.21279	464000	-0.0057476573	1925.1794	0.0	-17.290161	1.3686218	-5.811453e-10	353.43955183029175
116	-120.195915	76.78698	55.64611	-339.58405	94.28571	-76.92807	0.007406914	-76.59678	-76.92841	468000	-0.0034813776	2328.418	0.0	-48.28833	1.3673636	1.0430813e-09	356.48304986953735
117	-146.77454	76.87167	-33.96991	-353.42105	105.23684	-73.8075	0.72378325	-47.041393	-73.850784	472000	-0.0052318727	2184.5947	0.0	-21.179443	1.36864	-8.493662e-10	359.52525210380554
118	-152.90608	81.02862	-40.843967	-388.48227	102.23077	-74.989174	0.00607397	-74.766426	-74.9895	476000	-0.0046220985	2108.0059	0.0	-48.050537	1.368018	-4.0233136e-10	362.55840396881104
119	-133.20786	59.71455	-69.279816	-304.51697	99.925	-78.05509	0.0099941455	-77.72423	-78.055695	480000	-0.0073262034	1158.0531	0.0	-19.408325	1.3652343	-4.3213366e-10	365.5952708721161
120	-133.72563	63.25752	-54.68258	-304.01163	100.35897	-76.27609	0.00010680464	-76.27086	-76.2761	484000	-0.009406184	1225.338	0.0	-5.6522217	1.3693999	-1.9967556e-09	368.65529704093933
121	-128.00522	68.90796	-59.287548	-433.26447	99.61539	-75.13544	0.00016110939	-75.126755	-75.13546	488000	-0.011218258	1634.9203	0.0	-11.828125	1.3684688	-1.4901161e-10	371.7051639556885
122	-143.69241	62.34463	-64.14787	-306.4534	101.53846	-73.5659	0.005497793	-73.359276	-73.56618	492000	-0.006554563	1196.5344	0.0	-10.670288	1.3642694	4.4703483e-10	374.74000692367554
123	-149.20949	67.95222	-24.842014	-388.50986	99.1	-74.96262	0.12585744	-71.36157	-74.96998	496000	-0.005635858	1701.5665	0.0	-16.892334	1.3640734	3.7252904e-10	377.7664179801941
124	-122.168015	59.31318	2.123894	-285.2388	99.225	-76.82766	1.0321046	-43.374226	-76.87089	500000	-0.01602469	1183.0865	0.0	-32.75464	1.368737	4.1723253e-10	380.7968330383301
125	-144.74716	73.48979	-50.3063	-371.75845	106.02702	-74.34535	0.18284313	-67.39349	-74.352585	504000	-0.009223703	2002.4603	0.0	-5.915283	1.3662473	1.6540289e-09	383.8554837703705
126	-129.82378	77.38028	-41.016388	-481.00122	99.875	-75.33036	0.76778024	-40.16501	-75.348236	508000	-0.012140533	1910.5321	0.0	-18.716553	1.3605249	-7.1525574e-10	386.8830211162567
127	-134.2023	57.168987	-55.616737	-308.7383	100.97436	-73.500725	0.00024803	-73.49174	-73.500755	512000	-0.009599178	1079.9001	0.0	-0.06262207	1.3657436	-2.9802322e-10	389.93349504470825
128	-158.17532	79.19806	-15.924909	-336.27063	101.76923	-73.26273	0.10035934	-70.11161	-73.26876	516000	0.0033457137	2183.2803	0.0	-122.52759	1.3606544	2.384186e-10	393.29645586013794
129	-126.94893	79.228165	-5.089891	-356.8544	107.08108	-77.32675	1.5668826	-36.77249	-77.435104	520000	-0.0059499573	2378.8398	0.0	-62.23291	1.3620687	-7.301569e-10	396.6592581272125
130	-111.46429	59.964336	-2.1770043	-298.50684	97.414635	-74.171844	0.003635883	-73.95678	-74.17196	524000	-0.016383244	1416.363	0.0	-61.405884	1.3637254	-5.066395e-10	399.964478969574
131	-110.06516	40.37953	-9.776584	-187.85066	99.9	-70.51505	1.2171121	-41.233196	-70.60593	528000	-0.017453507	1109.461	0.0	-67.332275	1.3638203	2.5331975e-10	403.0700879096985
132	-143.57805	91.610245	-3.7928164	-389.652	102.051285	-67.09917	0.094890796	-64.39986	-67.107124	532000	0.0009778206	3000.9214	0.0	-73.03174	1.3595666	-1.4901161e-10	406.13776206970215
133	-129.97525	70.216866	0.40053394	-277.38135	107.4054	-69.97101	4.540728	1.068107	-70.48661	536000	-0.010018065	1851.5238	0.0	-97.45154	1.3628633	6.854534e-10	409.1956858634949
134	-143.0438	86.98913	56.29126	-370.713	107.24324	-69.719124	0.0070683216	-69.50253	-69.7198	540000	-0.010742062	2515.7708	0.0	-27.209473	1.3610476	-6.854534e-10	412.2527847290039
135	-127.29924	62.77775	-54.476593	-304.83383	97.9	-71.84946	0.044824433	-69.25034	-71.85123	544000	-0.0062428284	1470.8505	0.0	-10.00647	1.3594464	-8.791685e-10	415.30757093429565
136	-119.98452	58.94442	9.057052	-273.9592	104.789474	-70.62207	0.02636052	-69.429	-70.6236	548000	-0.008504609	1353.3278	0.0	-17.969116	1.3610955	9.0897084e-10	418.3732531070709
137	-135.08214	64.02982	-18.972204	-265.7403	101.53846	-68.7593	0.0070087505	-68.404396	-68.75951	552000	-0.010610043	1263.4655	0.0	-6.119873	1.3570908	-9.834766e-10	421.4145209789276
138	-133.85226	80.37186	-34.000984	-399.77756	104.92105	-69.75495	0.009344059	-69.31245	-69.755424	556000	-0.004178294	2012.7161	0.0	-6.4561768	1.3578732	-4.4703483e-10	424.49703192710876
139	-141.57129	76.06204	-43.49249	-371.06335	101.84615	-70.9206	0.0017088027	-70.87684	-70.920715	560000	-0.0049368963	1939.5358	0.0	-17.763916	1.355495	1.5050173e-09	427.5391438007355
140	-137.68845	90.74473	7.9874434	-443.3471	109.083336	-72.842575	0.004711764	-72.664085	-72.84291	564000	-0.015054544	2350.734	0.0	-0.62719727	1.3556099	7.1525574e-10	430.6305227279663
141	-159.74626	84.79031	-18.441479	-343.51093	108.77778	-73.28004	0.0010476041	-73.23592	-73.28011	568000	-0.0120796105	2074.207	0.0	-62.46411	1.3519399	-7.0035455e-10	433.6977210044861
142	-136.16415	73.60899	-35.614815	-376.9343	104.710526	-76.831665	0.0006676301	-76.81545	-76.83171	572000	-0.008616058	1543.9011	0.0	-1.3779297	1.3562429	-4.4703484e-11	436.76393604278564
143	-124.0286	57.040962	-1.0917947	-255.88991	103.97369	-77.534515	5.337401e-05	-77.53213	-77.534515	576000	-0.015033233	1154.5164	0.0	-51.01294	1.3553635	5.2154064e-10	439.812570810318
144	-149.68939	104.86712	11.7256565	-400.36954	109.333336	-74.34845	0.0021388063	-74.261826	-74.34861	580000	0.0012749254	3165.2056	0.0	-23.7417	1.3533411	-1.6540289e-09	442.88128209114075
145	-140.06438	77.64789	3.8099413	-406.49524	105.64865	-76.38311	0.0044954047	-76.2328	-76.38337	584000	-0.010148537	1947.549	0.0	-1.7836914	1.3545984	-7.599592e-10	445.9566457271576
146	-117.603645	71.001526	17.10397	-357.49036	104.052635	-75.87725	0.00033985727	-75.862114	-75.87727	588000	-0.009025801	1799.2283	0.0	-89.81763	1.3554643	9.23872e-10	449.03641295433044
147	-140.55835	90.89743	89.913345	-301.57498	142.46428	-71.66163	0.0029572747	-71.61137	-71.66233	592000	-0.00059626735	3207.9807	0.0	-103.565674	1.3569634	1.5348196e-09	452.94831800460815
148	-149.90483	93.078835	-48.182434	-448.53607	105.08108	-67.17286	0.00084046135	-67.15037	-67.17292	596000	0.0003287537	2684.8298	0.0	-84.93042	1.3501878	4.4703484e-11	456.0293838977814
149	-151.51947	83.09483	-11.449226	-374.0062	102.89189	-70.75198	0.005333491	-70.56165	-70.7524	600000	-0.008094197	2721.206	0.0	-28.630615	1.3498279	1.2665987e-09	459.09566593170166
150	-111.448074	82.77619	88.233376	-276.42355	133.16667	-73.1012	0.0047139805	-73.03765	-73.102516	604000	-0.0055090324	2726.5303	0.0	-235.14185	1.3569022	-6.2584876e-10	463.06973695755005
151	-137.43474	79.049995	-18.30066	-350.12262	101.10256	-67.41505	0.04248732	-65.953804	-67.41713	608000	-0.00023302024	1944.0687	0.0	-33.607666	1.3497409	5.5134297e-10	466.13895082473755
152	-120.25446	73.57516	-29.420698	-342.00192	109.72222	-69.25003	0.0049043996	-69.12366	-69.25036	612000	-0.010386417	1672.8112	0.0	-8.923706	1.35335	7.8976153e-10	469.20632696151733
153	-144.33437	89.934525	13.034177	-380.41516	109.47222	-68.27378	0.020071363	-67.81971	-68.27559	616000	0.00013398504	2420.6914	0.0	-18.846924	1.3496621	-1.6093255e-09	472.30777287483215
154	-116.38667	65.16374	-35.630074	-290.1542	98.45	-69.80592	0.001454726	-69.762115	-69.80601	620000	-0.015738804	1149.5944	0.0	-5.3793945	1.3486682	5.364418e-10	475.3608708381653
155	-128.1447	81.86331	-25.62655	-382.40994	105.4054	-69.01604	0.01015418	-68.61457	-69.01651	624000	-0.016785782	1748.099	0.0	-1.9442139	1.3478963	8.791685e-10	478.4187231063843
156	-132.69423	85.682076	12.784808	-375.5515	117.55882	-69.49903	0.034279816	-68.71887	-69.50175	628000	-0.000996616	2236.3015	0.0	-4.951416	1.349172	-5.2154064e-10	481.5042700767517
157	-120.25129	75.525215	30.700098	-272.9199	139.89285	-68.65321	0.05279229	-67.93135	-68.666824	632000	0.0051441905	3187.055	0.0	-641.219	1.349853	6.4074995e-10	485.1543517112732
158	-136.2539	78.55817	13.329387	-350.76596	107.583336	-64.03479	4.1721754	9.36068	-64.74687	636000	-0.0051351422	2158.2898	0.0	-169.26917	1.348207	5.2154064e-10	488.2672219276428
159	-122.37766	83.72463	39.244854	-357.95496	102.89474	-67.01509	2.0754004	-27.309658	-67.180885	640000	-0.012096775	2733.5737	0.0	-38.246826	1.3455108	-7.748604e-10	491.333536863327
160	-126.37979	79.41711	42.433525	-342.96643	106.91892	-67.38173	0.48258534	-50.373226	-67.40451	644000	-0.009125023	1842.4445	0.0	-10.017212	1.3482744	-5.960465e-11	494.40980291366577
161	-121.46888	103.26064	71.63946	-494.22327	132.1	-67.85828	0.5369642	-62.82328	-68.10478	648000	0.011560956	3511.9824	0.0	-770.46313	1.349918	-5.364418e-10	498.1289689540863
162	-130.28505	105.33724	1.1092342	-468.29144	100.5641	-67.02159	4.017628	-14.296011	-67.56753	652000	0.004022	3434.5786	0.0	-81.64404	1.3415787	-1.2367963e-09	501.2039439678192
163	-103.42392	68.417046	57.34863	-267.30963	107.111115	-69.65355	4.7131305	17.417812	-70.09029	656000	-0.016474621	2181.4673	0.0	-80.204346	1.348582	1.5944243e-09	504.2987678050995
164	-136.77371	87.540695	10.116979	-380.01175	116.588234	-66.77028	1.9992247	-16.17018	-66.90262	660000	-0.024273558	2164.7974	0.0	-3.4555664	1.3444589	-1.192093e-10	507.3817000389099
165	-121.86685	74.92128	-17.142084	-381.5489	104.210526	-67.338326	0.5577154	-49.158417	-67.36491	664000	-0.01968853	1658.4788	0.0	-6.024048	1.342474	7.748604e-10	510.4450259208679
166	-134.6821	69.95318	-29.263435	-278.5938	106.0	-66.79227	0.98234665	-37.66933	-66.84962	668000	-0.02100501	1560.8746	0.0	-8.2039795	1.3408779	-1.6093255e-09	513.5253779888153
167	-121.03121	67.24163	-20.896738	-322.68207	101.871796	-67.672775	0.0076560834	-67.2923	-67.67394	672000	-0.024049837	1231.595	0.0	-0.13745117	1.3394051	-9.387732e-10	516.5858581066132
168	-122.92342	79.65107	-9.892039	-315.24774	107.666664	-67.45226	1.6123775	-29.768003	-67.55823	676000	-0.013996403	1939.2886	0.0	-10.10144	1.3408754	3.7252904e-10	519.7131991386414
169	-133.32384	93.56024	9.384124	-459.72668	110.25	-67.21146	1.7241707	-33.08815	-67.34309	680000	-0.00012117815	2615.4326	0.0	-60.757812	1.3403056	-5.5134297e-10	522.7948527336121
170	-132.13641	81.782524	-49.00428	-371.50613	105.02702	-68.67192	0.97338635	-34.507362	-68.71219	684000	-0.0011290946	1916.3313	0.0	-26.91211	1.3337642	4.0233136e-10	525.8680198192596
171	-137.4788	81.40927	-11.541176	-372.51703	116.14706	-70.24502	0.3735966	-51.910404	-70.25771	688000	-0.008885733	2107.438	0.0	-4.442871	1.3374777	7.4505807e-10	528.9718079566956
172	-126.22919	96.73023	8.21755	-455.77737	112.71429	-70.343704	0.658931	-45.9507	-70.38296	692000	0.0021659625	2832.3706	0.0	-18.452637	1.3386195	-1.2367963e-09	532.0632791519165
173	-122.53493	65.90092	-4.0636344	-302.52274	118.78788	-69.27798	0.0005372755	-69.260445	-69.27805	696000	-0.009200007	1629.7023	0.0	-51.024048	1.3371022	9.685754e-10	535.1674790382385
174	-159.50777	94.05868	-35.61866	-364.90952	113.57143	-66.0263	0.02963686	-64.89019	-66.02752	700000	-0.0031322523	2933.6624	0.0	-183.65308	1.332871	2.5331975e-10	538.3725481033325
175	-121.85039	88.91292	42.10065	-339.83783	142.64285	-70.65428	2.2532086	-44.603783	-71.524124	704000	-0.016163062	3143.5518	0.0	-624.6621	1.3385378	2.30968e-09	542.2772278785706
176	-134.2626	85.82784	21.354021	-337.11142	117.588234	-68.35139	5.3447413	7.2590866	-69.03176	708000	-0.018698005	2129.045	0.0	-56.23535	1.3348643	4.4703483e-10	545.4143319129944
177	-133.63176	101.301	3.8803735	-515.9085	110.52778	-69.17603	1.2217461	-41.850067	-69.25662	712000	-0.006425827	3173.3591	0.0	-14.483643	1.3294588	2.9802324e-11	548.5124390125275
178	-127.75547	67.04644	-38.154797	-323.9836	112.91428	-69.6491	0.011847531	-69.28665	-69.65012	716000	-0.011616093	1377.3694	0.0	-1.7514648	1.3312424	6.109476e-10	551.6059918403625
179	-131.67699	86.64897	-0.45674428	-343.83322	112.71429	-69.01428	1.5098244	-31.95712	-69.12066	720000	-0.0036125495	2268.1982	0.0	-5.116455	1.3317953	-7.1525574e-10	554.7099258899689
180	-122.9742	67.72104	-6.2875233	-335.49487	105.83784	-69.81889	0.0032537219	-69.72821	-69.819214	724000	-0.018821666	1365.3208	0.0	-7.7127686	1.3283427	2.5629998e-09	557.8042538166046
181	-109.53557	52.37803	-18.489868	-247.88339	107.567566	-68.63635	0.6196164	-47.96436	-68.664085	728000	-0.02739212	1055.1667	0.0	-34.94275	1.3289485	1.3411044e-10	560.8889758586884
182	-144.73172	75.46916	15.747124	-281.32086	116.90909	-65.85462	2.635894	-25.097641	-66.12528	732000	-0.0077792723	2055.2344	0.0	-35.546997	1.3231246	6.2584876e-10	564.0091478824615
183	-119.22684	75.82202	116.89138	-212.96852	159.6	-63.47723	10.516935	-0.6362847	-67.96704	736000	-0.0127186775	2135.897	0.0	-698.33545	1.3362409	2.9802322e-10	568.3055448532104
184	-159.07463	83.170494	-33.038887	-329.7429	115.82353	-57.512676	6.4077363	10.806008	-65.078384	740000	0.011760342	2625.9182	0.0	-610.7272	1.3228136	-1.0430813e-10	571.4253399372101
185	-152.693	75.22893	-40.367207	-286.5376	119.51515	-71.05652	2.4763234	-28.980068	-71.34364	744000	-0.0096855	1887.7572	0.0	-64.95386	1.3220794	-8.493662e-10	574.55135679245
186	-134.16878	94.85085	-17.34381	-373.11237	119.333336	-73.728455	0.108944714	-71.79084	-73.75643	748000	-0.012366564	2284.0142	0.0	-6.107422	1.3231428	-1.6391277e-10	577.6744771003723
187	-135.30061	92.14202	7.2442575	-363.21924	118.15151	-72.79123	0.81794083	-49.667606	-72.8627	752000	-0.0039669015	2280.4	0.0	-19.723145	1.3186778	-8.940697e-11	580.8098809719086
188	-164.27815	105.111336	52.360413	-488.62006	124.34375	-71.49989	2.9194705	-32.335354	-71.87256	756000	0.006610512	3150.2725	0.0	-90.762695	1.3151841	1.8179417e-09	583.9606640338898
189	-142.8835	86.01534	-28.57266	-386.26358	122.4375	-74.96303	0.4975562	-56.36914	-75.003624	760000	-0.008396644	2104.735	0.0	-6.178467	1.3203992	-1.5050173e-09	587.1119480133057
190	-140.467	109.66489	28.704155	-467.35373	122.59375	-74.081696	2.190932	-39.07719	-74.32448	764000	0.0036430354	3333.6257	0.0	-19.12622	1.3163025	3.5762787e-10	590.2554619312286
191	-108.320335	62.14953	-35.831146	-293.108	116.5	-72.88163	0.11598741	-67.87854	-72.89668	768000	-0.013681509	1771.6014	0.0	-153.92969	1.3208702	1.7881394e-10	593.3894519805908
192	-126.68135	76.68122	-9.623148	-361.31638	114.25714	-67.34238	4.111202	-17.339476	-67.853455	772000	-0.020962361	2088.2517	0.0	-15.11792	1.3141235	8.493662e-10	596.5055410861969
193	-135.00269	89.864525	-10.288862	-348.81543	111.057144	-66.60947	1.4234104	-33.23637	-66.71206	776000	-0.0011380953	2280.345	0.0	-55.843018	1.315046	-4.3213366e-10	599.6013469696045
194	-128.9158	69.271576	-5.965556	-277.10294	123.1875	-69.28572	1.7037182	-37.877724	-69.463135	780000	-0.0069545694	1588.4961	0.0	-15.955078	1.3161072	-2.1606683e-09	602.7403259277344
195	-105.08974	79.70779	58.14839	-262.70224	119.242424	-68.44519	2.567212	-22.830534	-68.70892	784000	-0.015600176	2502.4805	0.0	-157.70288	1.3148181	2.9802322e-10	605.9120559692383
196	-122.77462	58.588768	-39.906414	-283.07608	112.91428	-63.838234	0.2451396	-55.55708	-63.860683	788000	-0.014314764	1207.1466	0.0	-1.4141846	1.3120153	8.493662e-10	609.080090045929
197	-127.770515	87.021454	75.51505	-306.15237	152.34616	-57.32796	12.806371	-3.935842	-63.787228	792000	-0.0037750807	2068.6296	0.0	-160.62903	1.3199536	1.6391277e-10	612.9876720905304
198	-129.75246	88.823006	-0.4836591	-300.7246	117.90909	-63.516396	4.025906	-15.178442	-64.0057	796000	-0.011866485	2193.4438	0.0	-21.09253	1.310544	-9.536744e-10	616.1485409736633
199	-112.833145	80.02961	33.321037	-335.52866	120.969696	-64.54706	1.0284029	-36.450565	-64.640305	800000	-0.015231781	1979.6603	0.0	-25.664185	1.3128835	-1.013279e-09	619.283322095871
200	-132.95924	81.47385	5.756318	-327.26324	115.82353	-62.682083	0.5806149	-40.112373	-62.721024	804000	0.00857134	1980.515	0.0	-20.883423	1.3099986	2.8312205e-10	622.4138958454132
201	-157.17487	100.52175	28.05266	-347.47623	123.5625	-63.908634	4.318416	-9.193295	-64.472565	808000	0.012920084	3442.6282	0.0	-189.92334	1.304196	-1.9222497e-09	625.5516419410706
202	-119.563324	76.87266	-28.963263	-299.17734	117.588234	-68.57778	0.103614286	-64.00679	-68.590126	812000	-0.008534681	2240.9016	0.0	-21.759033	1.3088552	2.4586917e-09	628.6838409900665
203	-129.6491	80.33806	-6.789616	-380.86853	115.76471	-66.9429	0.06150501	-65.00017	-66.95602	816000	-0.018501068	1540.9323	0.0	-0.36401367	1.3049486	6.4074995e-10	631.7958500385284
204	-119.53939	79.856995	21.672636	-342.2633	124.30769	-64.118706	6.8646703	-14.933178	-66.60294	820000	-0.012412366	2356.394	0.0	-351.40625	1.318378	3.7252904e-10	635.5386910438538
205	-142.7164	79.5066	-48.352703	-355.9063	123.16129	-63.339916	4.1060305	28.63744	-63.725094	824000	-0.00710371	2107.0974	0.0	-45.098145	1.3081099	1.3411044e-10	638.685683965683
206	-143.20491	94.0424	14.588851	-423.5105	124.5625	-64.730545	4.6134396	18.28326	-65.210014	828000	-0.009375145	2182.6885	0.0	-71.41455	1.3054969	2.2351741e-10	641.8473398685455
207	-128.06332	91.952934	11.201486	-386.13272	130.76666	-67.18741	1.2764043	-32.157753	-67.277885	832000	-0.012354247	2374.8408	0.0	-20.218994	1.3040853	-5.2154064e-10	644.995521068573
208	-118.82595	88.94105	84.7188	-318.11508	157.56	-61.892918	9.162223	-19.181486	-66.12744	836000	-2.0336389e-05	2694.657	0.0	-372.656	1.316773	1.3411044e-10	649.1533360481262
209	-133.10812	88.26338	0.3523268	-285.06488	121.96774	-61.633648	8.786313	1.0746188	-63.989635	840000	-0.013373653	2271.3796	0.0	-57.489258	1.3037819	2.3841857e-09	652.3144199848175
210	-118.87376	79.71601	5.886951	-364.75708	119.09091	-64.34284	3.0504339	-23.85948	-64.822395	844000	-0.009969958	1811.3757	0.0	-11.658081	1.2994955	8.3446505e-10	655.4726541042328
211	-125.39336	69.11371	-40.016544	-280.75378	124.935486	-64.27752	1.2905042	-11.702026	-64.42204	848000	0.0039240895	1443.1881	0.0	-16.74939	1.3002099	-1.8626451e-09	658.6205298900604
212	-115.10197	84.4977	36.557037	-333.10696	149.23077	-53.889717	18.03724	9.376284	-63.571247	852000	-0.0075235656	2494.714	0.0	-104.27612	1.3078226	2.3394824e-09	662.4007511138916
213	-138.50868	83.12999	1.9023954	-293.52914	121.21212	-59.772766	4.0585093	-9.247384	-60.937416	856000	-0.009172664	2013.5117	0.0	-68.95447	1.2941574	1.6242265e-09	665.556144952774
214	-123.383255	74.54457	3.225658	-285.2803	117.55882	-63.36469	3.2336588	-12.277489	-63.686577	860000	0.004995565	1845.0735	0.0	-10.216064	1.2930197	8.642673e-10	668.7149538993835
215	-110.68135	65.37422	42.154564	-246.31409	132.8	-62.590134	8.737315	3.6525455	-64.44871	864000	-0.01392036	1902.245	0.0	-257.4712	1.3002343	-1.5348196e-09	671.9461839199066
216	-123.27588	72.71354	-23.997124	-300.3638	126.19355	-61.1485	1.221262	-21.462067	-61.226765	868000	-0.012980806	1837.7845	0.0	-22.536621	1.2901084	-1.0728836e-09	675.1301691532135
217	-100.72086	62.08551	2.407677	-253.93584	123.28125	-60.065563	0.7105304	-37.989857	-60.118195	872000	-0.009053403	1576.9077	0.0	-40.27246	1.2966233	3.2782554e-10	678.3186428546906
218	-120.88674	73.147316	-23.773804	-274.55527	137.89655	-56.763798	5.1242385	-0.30633247	-57.45612	876000	-0.0013262506	1998.329	0.0	-145.40735	1.2959039	1.4454127e-09	681.5228610038757
219	-126.073166	81.82986	-13.542984	-336.44705	127.80645	-56.734486	0.05183792	-55.933434	-56.762684	880000	-0.01600675	2311.3691	0.0	-19.586426	1.2931522	-1.1324882e-09	684.6957340240479
220	-139.21077	95.3206	1.4553262	-354.10535	132.46666	-58.637596	0.37974626	-48.700447	-58.71004	884000	-0.014908865	2767.976	0.0	-35.038574	1.2908474	-1.1026859e-09	688.0916619300842
221	-102.53377	86.90654	68.210655	-349.26892	169.82608	-61.11078	0.9476266	-44.749496	-61.317787	888000	-0.010001043	2955.9963	0.0	-584.51245	1.3034787	-9.834766e-10	692.2366669178009
222	-112.881836	82.73861	-12.554377	-352.23785	128.03226	-47.471523	2.0676758	-32.037186	-55.443977	892000	-0.021071259	1821.271	0.0	-126.4032	1.293178	9.536744e-10	695.3914680480957
223	-117.040955	94.387955	-7.503448	-404.14026	145.25926	-48.7782	9.603904	2.834415	-58.59604	896000	-0.006303033	2730.267	0.0	-208.88574	1.294892	4.3213366e-10	698.696897983551
224	-107.86407	56.1503	-33.11311	-261.68512	131.43333	-53.356922	3.9971528	-45.66241	-59.879425	900000	-0.026721394	878.67175	0.0	-27.74939	1.2895182	1.2367963e-09	701.8999547958374
225	-155.32924	104.45252	-40.58985	-499.22336	127.77419	-51.751335	4.017611	-37.24464	-60.281757	904000	0.007991247	3217.514	0.0	-423.71045	1.2773333	2.8312205e-10	705.0961248874664
226	-149.46373	100.09234	34.06657	-350.4854	135.13792	-65.372635	0.6950637	-53.23933	-65.658966	908000	-0.008231383	2136.3865	0.0	-32.962402	1.2852217	-2.2649764e-09	708.3275320529938
227	-145.25705	98.535736	-2.9714568	-331.80505	139.78572	-67.6895	1.2797668	-31.42107	-68.09748	912000	-0.012450579	3022.5532	0.0	-54.106934	1.2762263	-1.1026859e-09	711.6288487911224
228	-130.93611	90.01089	-2.2344575	-399.06183	122.83871	-65.547676	2.6675024	-56.650284	-69.01047	916000	-0.02164328	2205.213	0.0	-86.032715	1.2797397	8.9406965e-10	714.8068900108337
229	-122.441414	104.56283	18.728266	-459.4557	132.7	-61.09761	4.950262	-50.088223	-69.72675	920000	-0.000126917	2734.0073	0.0	-85.13672	1.2800034	1.6540289e-09	718.0385749340057
230	-133.6465	86.92761	-34.083748	-358.26273	129.0	-61.572277	5.3872066	-55.439236	-70.05427	924000	-0.008065185	1927.3876	0.0	-44.9093	1.2762041	-1.7285346e-09	721.2859938144684
231	-122.144035	76.17091	0.9234107	-274.68414	136.7931	-63.819492	5.6366534	-50.47404	-72.000275	928000	-0.017874585	1733.0522	0.0	-84.957275	1.2773693	1.4901161e-10	724.4883210659027
232	-119.764	109.57058	39.4562	-378.7359	145.33333	-59.826843	6.664428	-20.94421	-71.064285	932000	-0.017889505	3111.9463	0.0	-126.07251	1.281735	3.1888485e-09	727.8517980575562
233	-102.28886	88.4256	-3.0724902	-349.17087	140.17857	-54.451134	7.4100423	0.24022579	-70.609764	936000	-0.019228183	2342.8179	0.0	-260.00122	1.2777374	1.6391277e-10	731.0977578163147
234	-133.74382	92.40031	-15.082837	-439.36435	131.13333	-49.89667	10.376345	-3.738896	-70.09496	940000	-0.018717844	2318.7676	0.0	-326.9402	1.2707746	-4.1723253e-10	734.2690680027008
235	-127.89626	88.30932	11.079266	-336.29648	129.76666	-56.85476	10.51849	-43.288116	-73.47541	944000	-0.012049856	2066.2854	0.0	-122.291016	1.270734	-9.983778e-10	737.4287378787994
236	-121.111336	80.26954	-1.0571003	-310.8716	134.82759	-60.831024	11.57553	-45.06072	-76.10849	948000	-0.009431936	2131.2676	0.0	-122.99707	1.2729976	1.4901161e-10	740.6181509494781
237	-143.97472	89.84296	-8.826103	-315.5957	173.30435	-57.439445	12.368628	-35.08048	-76.25833	952000	0.0029438934	2224.5422	0.0	-594.9121	1.282498	7.301569e-10	744.6063649654388
238	-158.57469	85.6973	-37.011852	-357.60223	142.48148	-57.530468	18.126842	-9.97331	-78.11208	956000	0.0014314044	1976.1654	0.0	-435.3933	1.2634983	4.768372e-10	747.8184907436371
239	-80.457184	59.54018	20.724308	-194.50891	163.0	-62.21317	14.243399	-15.919186	-81.58972	960000	-0.042659484	2456.0286	0.0	-1001.54517	1.2821358	-1.4901162e-11	751.8509719371796
240	-120.348465	68.50625	-8.498212	-248.10301	133.1	-36.364456	14.970063	-21.12099	-80.575806	964000	-0.024393568	1545.3333	0.0	-375.58667	1.2678432	-1.1175871e-09	755.076014995575
241	-129.80412	94.69212	8.406523	-379.54144	129.46666	-55.349373	15.965384	-29.926144	-81.93694	968000	-0.019099526	1594.8356	0.0	-336.35608	1.2596943	6.2584876e-10	758.2423369884491
242	-81.89151	75.16929	77.879845	-251.34726	179.77272	-52.562946	17.522705	-10.564023	-83.87796	972000	-0.024580795	2334.4832	0.0	-647.4861	1.2800173	1.1622906e-09	762.380676984787
243	-120.39795	72.97328	7.94531	-343.1823	130.1	-34.668716	17.91846	-18.797436	-82.974045	976000	-0.022014026	1561.9788	0.0	-622.8902	1.2616264	-1.3113022e-09	765.56924700737
244	-147.83992	98.58731	38.22857	-300.15155	199.65	-54.765396	21.43052	-8.157906	-84.17966	980000	-0.01891611	1931.407	0.0	-282.14624	1.2763276	-1.296401e-09	769.4096958637238
245	-91.2209	83.132225	46.465824	-415.22708	151.53847	-38.709637	20.063807	-1.1730752	-84.69087	984000	-0.017165115	1927.0409	0.0	-552.0757	1.2713592	2.9802324e-11	772.9447119235992
246	-102.025116	76.83264	48.616894	-265.64117	134.3793	-43.72872	22.247728	-17.419224	-85.53525	988000	-0.032279618	1411.1571	0.0	-207.67883	1.2603431	1.4901162e-11	776.1921629905701
247	-101.39723	75.7132	5.4016976	-307.22757	123.1875	-44.633686	14.5451765	-25.869963	-85.60791	992000	-0.031669136	1354.0272	0.0	-176.99658	1.2538072	-1.1324882e-09	779.3575947284698
248	-132.85	114.61812	2.7439978	-549.23065	141.85715	-49.49301	20.969296	-11.00763	-86.594345	996000	0.0028693278	2987.3381	0.0	-472.48975	1.2567989	-1.385808e-09	782.598436832428
249	-98.93891	83.39916	24.938292	-280.75717	181.68182	-55.551197	22.60833	4.162632	-88.514786	1000000	-0.018002745	1563.1136	0.0	-766.9175	1.2723188	1.6093255e-09	786.3718557357788
250	-126.14049	81.30877	28.015482	-271.43265	137.21428	-49.693817	20.893011	-18.322384	-88.86632	1004000	-0.026544238	984.037	0.0	-161.88062	1.248883	5.960465e-11	789.599869966507
251	-130.57089	101.8738	16.398666	-347.09384	136.42308	-52.299713	23.776155	2.203256	-90.44565	1008000	0.00046779148	2614.302	0.0	-205.22437	1.2556112	-1.0430813e-10	793.0678861141205
252	-131.99026	80.24456	-28.971186	-295.53287	144.07408	-49.5581	20.84102	-18.830261	-91.92456	1012000	-0.008268707	1171.609	0.0	-375.64502	1.2575462	2.4586917e-09	796.3234629631042
253	-106.36817	82.90279	24.764208	-300.82098	137.89285	-56.28087	19.433844	-22.99844	-92.911575	1016000	-0.0289124	1002.10443	0.0	-153.63971	1.2509725	-2.1755695e-09	799.5312879085541
254	-88.9914	72.46086	2.0449111	-251.76166	151.42308	-50.641205	22.584095	-19.039942	-93.41728	1020000	-0.021152679	1086.4546	0.0	-352.7832	1.2525351	-2.0861626e-10	802.7929739952087
255	-116.67509	82.39275	12.455716	-311.33115	209.78947	-44.29843	21.446964	9.806641	-93.35525	1024000	0.011362864	1985.1425	0.0	-724.97	1.2698298	1.7881394e-10	806.8696990013123
256	-94.58484	83.721115	54.34988	-267.60834	153.65384	-39.974243	21.559975	8.999553	-94.01879	1028000	-0.015842441	1669.4641	0.0	-403.57214	1.2496685	-9.0897084e-10	810.1161000728607
257	-116.604065	81.69217	37.80397	-259.9714	155.2	-47.630272	21.089615	-13.465956	-94.18922	1032000	-0.0115494635	1539.2778	0.0	-204.53296	1.252302	2.384186e-10	813.4014730453491
258	-127.23345	99.48651	-5.517432	-329.18466	148.03847	-48.298996	16.110088	-12.785198	-93.897194	1036000	-0.016018793	1481.2023	0.0	-394.5027	1.242359	-9.983778e-10	816.6419787406921
259	-92.467224	61.235867	-19.062773	-242.60649	185.71428	-41.303726	27.211967	3.55123	-95.1328	1040000	-0.00092346146	898.1007	0.0	-294.69348	1.2639223	8.046627e-10	820.6535279750824
260	-128.94478	116.239655	22.91256	-355.00327	170.08696	-35.911125	25.257334	6.8677406	-95.40666	1044000	-0.008537423	3352.1455	0.0	-811.9695	1.249706	1.4603138e-09	824.1847229003906
261	-158.8148	91.61899	-14.028132	-293.5415	207.78947	-44.889187	22.103132	-6.7517767	-96.88998	1048000	-0.0010815993	2475.3003	0.0	-314.0398	1.2643014	-1.6838312e-09	828.1895830631256
262	-127.39291	64.42655	-23.097242	-270.8748	146.0	-60.064274	24.477083	-11.777346	-98.97694	1052000	-0.015329641	980.0465	0.0	-117.772156	1.2456181	-1.0579825e-09	831.4471480846405
263	-103.74706	69.86674	29.383974	-245.58928	148.38461	-51.214077	25.428276	-5.0069027	-99.51956	1056000	0.006006991	1124.2972	0.0	-191.29718	1.2474486	-1.9967556e-09	834.7486529350281
264	-94.588356	89.0256	0.051140863	-306.05423	127.2	-48.33851	23.723854	-10.882841	-100.439804	1060000	-0.02807578	1423.7831	0.0	-69.87671	1.242478	-1.9967556e-09	837.9500799179077
265	-107.40227	90.791115	4.6495147	-318.2197	133.33333	-48.58751	26.475885	-8.023348	-101.45713	1064000	-0.004065568	1745.4312	0.0	-184.31165	1.242837	7.8976153e-10	841.1561651229858
266	-132.74953	89.58603	-20.803493	-342.38245	138.1923	-52.821136	25.786623	-6.992955	-103.74092	1068000	3.847465e-06	1797.1211	0.0	-356.27087	1.2478354	6.556511e-10	844.5034649372101
267	-107.824356	63.617527	11.187774	-237.23257	141.42857	-62.756966	22.61186	-9.49748	-105.55326	1072000	-0.022812283	932.70557	0.0	-251.98767	1.2505624	-1.4603138e-09	847.7123379707336
268	-89.69957	88.530045	13.414543	-315.36472	147.18518	-45.713173	26.804628	-3.563073	-105.465454	1076000	-0.0010261412	1335.4036	0.0	-136.35364	1.2529691	-2.0861626e-10	851.0159931182861
269	-94.62249	69.528366	8.330627	-226.81378	149.03847	-49.803013	27.188135	-3.5033545	-106.10778	1080000	-0.01808164	1412.6274	0.0	-214.84949	1.2520013	1.296401e-09	854.2686347961426
270	-87.5371	61.63977	15.654292	-248.87709	141.5	-39.606415	25.964325	-1.9743907	-105.08548	1084000	-0.05016818	1199.5164	0.0	-153.39478	1.2519082	4.3213366e-10	857.5135838985443
271	-53.644657	50.780033	27.90283	-212.58081	178.27272	-41.64718	21.365187	0.27112007	-105.02	1088000	-0.024124857	1388.9094	0.0	-564.77893	1.2674303	-6.854534e-10	861.8979849815369
272	-109.95927	87.46952	11.666156	-358.06418	145.7037	-31.94852	19.201208	1.1862319	-102.689255	1092000	-0.018011078	1729.0614	0.0	-583.3231	1.2492926	1.0877848e-09	865.1221361160278
273	-78.60284	63.868107	16.589605	-233.11319	127.83871	-44.63401	24.42671	-8.195638	-104.46008	1096000	-0.027558766	1398.7416	0.0	-227.2279	1.2380129	1.013279e-09	868.4365859031677
274	-76.26244	64.82923	9.07152	-261.2079	174.54546	-41.198235	18.116419	-11.271612	-105.09012	1100000	-0.0209866	1303.12	0.0	-438.43567	1.2706746	-6.109476e-10	872.8895790576935
275	-85.042	66.99671	23.6304	-251.70877	143.07408	-37.24329	18.61552	-2.8073523	-104.65858	1104000	-0.03283006	1148.1178	0.0	-167.97223	1.2541366	-2.9802322e-10	876.1165370941162
276	-96.56672	72.68426	10.269435	-253.30963	199.1	-45.37037	24.319592	0.130687	-105.63696	1108000	-0.020176612	1700.1001	0.0	-696.4552	1.2639685	-1.6987324e-09	880.3236899375916
277	-75.62186	86.18398	16.396267	-314.58615	145.88889	-27.378124	19.05985	16.792704	-101.47313	1112000	-0.016643371	1556.1545	0.0	-281.2965	1.2518637	-9.0897084e-10	883.5900311470032
278	-85.774734	73.38228	41.053852	-246.84993	148.73077	-39.60399	23.61926	2.558767	-106.826996	1116000	-0.012820045	964.5568	0.0	-117.26727	1.2509592	4.4703484e-11	886.8432040214539
279	-96.280365	69.74121	7.0534773	-295.9297	136.51852	-40.03667	27.146015	1.1996214	-101.18395	1120000	-0.046075486	1418.5665	0.0	-233.65332	1.2536304	1.6391277e-09	890.1107089519501
280	-81.18554	78.81424	20.740263	-319.72247	147.8077	-36.51911	21.985737	9.629664	-106.6662	1124000	-0.029631352	1616.0992	0.0	-418.56726	1.2549791	5.066395e-10	893.5185449123383
281	-76.47124	86.45647	36.96581	-363.84235	137.6207	-32.974945	23.712198	5.0399523	-108.238556	1128000	0.005569273	1475.9601	0.0	-418.34326	1.2448721	1.1771918e-09	896.7463390827179
282	-84.99236	63.34353	0.8150561	-247.95197	136.82759	-35.53531	24.587202	0.29445457	-110.65674	1132000	-0.040892184	976.92773	0.0	-310.3733	1.2515645	-8.642673e-10	899.9895889759064
283	-103.05922	96.48985	20.499294	-389.21643	183.90475	-42.48978	22.120584	-1.518158	-111.243515	1136000	0.009362048	2235.4055	0.0	-604.8473	1.2570509	3.7252904e-10	904.536869764328
284	-93.66442	63.612965	-4.6890106	-287.47467	139.96428	-46.062	26.297268	20.50266	-111.296005	1140000	-0.026424237	1876.5255	0.0	-689.08765	1.2399734	9.23872e-10	907.8662450313568
285	-73.22438	62.60884	26.82654	-240.1086	144.03703	-40.43095	23.17704	-7.87358	-112.51848	1144000	-0.041164007	1225.1772	0.0	-234.16089	1.2520928	1.1473894e-09	911.3627038002014
286	-74.666916	60.272736	-10.060179	-298.7739	128.32259	-34.03715	23.425482	8.1243105	-109.73603	1148000	-0.021372506	892.4175	0.0	-207.03662	1.2408388	1.1026859e-09	914.5406270027161
287	-75.72631	66.4428	28.546946	-267.43134	150.3077	-39.80661	22.28252	11.04162	-112.264496	1152000	-0.037087455	995.3471	0.0	-194.87439	1.2526413	-2.384186e-10	917.7862129211426
288	-76.92222	74.952	31.49073	-296.27158	141.0	-35.34484	27.849041	13.116882	-113.74352	1156000	-0.04435006	1137.484	0.0	-239.43878	1.2403554	1.192093e-10	921.0099461078644
289	-67.59199	47.235928	-3.750043	-180.74763	153.29167	-38.01956	27.39715	10.591144	-111.33672	1160000	-0.012569418	1437.6443	0.0	-304.85974	1.2504132	1.3411044e-10	924.5707907676697
290	-81.39243	45.04313	-0.38956705	-174.34622	128.67741	-24.916595	22.056833	15.090107	-109.01451	1164000	-0.024136536	865.1679	0.0	-395.3863	1.2376707	-9.536744e-10	927.7700009346008
291	-61.890297	50.730522	52.382366	-172.13815	128.03226	-38.886852	22.172798	15.819003	-113.86032	1168000	-0.043136965	1017.8992	0.0	-148.99445	1.2352424	9.0897084e-10	930.96293592453
292	-71.84998	63.19603	76.60076	-225.20323	144.33333	-32.946102	24.919245	17.49763	-107.11772	1172000	-0.044940468	1034.033	0.0	-171.1286	1.2355425	7.4505804e-11	934.2583389282227
293	-68.23608	60.174004	22.571766	-249.57416	187.14285	-31.572996	22.209005	26.765125	-104.91943	1176000	-0.035261642	1640.612	0.0	-592.1736	1.2588707	-8.046627e-10	938.285481929779
294	-93.30511	61.266335	-15.794401	-215.6623	174.61905	-30.003525	18.74206	19.174614	-104.948364	1180000	-0.018084869	1543.8694	0.0	-472.5946	1.247232	5.662441e-10	942.6831848621368
295	-81.32084	67.80394	23.993298	-290.11627	150.11539	-36.102913	16.588364	10.641458	-99.776566	1184000	-0.02626616	1125.6245	0.0	-235.99377	1.2432026	-7.4505804e-11	945.9232969284058
296	-74.4172	49.178658	14.366926	-186.08714	143.59259	-35.18476	22.351383	14.294418	-109.599014	1188000	-0.054045428	554.2047	0.0	-79.64679	1.2338966	-2.9802322e-10	949.1865468025208
297	-67.98212	67.01887	20.802074	-280.15933	189.38095	-27.216042	22.61881	4.3678484	-111.44158	1192000	-0.02279477	1249.3927	0.0	-295.65894	1.2472126	8.940697e-11	953.5575039386749
298	-91.96932	79.28137	13.845226	-313.59375	138.89285	-29.229181	20.882504	-3.0973427	-108.91318	1196000	-0.038965017	1400.3624	0.0	-530.5333	1.2342794	-1.2218953e-09	956.7827279567719
299	-70.187325	66.24209	37.591576	-235.07388	158.52632	-34.15638	22.747246	4.683487	-112.585754	1200000	-0.030666394	1248.8058	0.0	-239.26349	1.2497941	-9.23872e-10	960.7943480014801
300	-75.73905	62.83402	1.586188	-251.67793	150.88461	-30.458609	24.617113	18.118673	-111.37147	1204000	-0.037597332	1023.29114	0.0	-157.82556	1.2261201	1.6242265e-09	964.1360948085785
301	-57.65568	76.51254	27.270031	-257.666	161.29167	-31.754831	22.494987	14.078464	-114.86626	1208000	-0.030018307	1134.7743	0.0	-158.42578	1.2326035	-3.427267e-10	967.4742147922516
302	-68.72387	62.098183	31.93131	-171.19162	170.43478	-27.97931	28.159487	30.640192	-113.16487	1212000	-0.040754605	1340.2168	0.0	-265.7428	1.229469	-1.8924475e-09	970.8377978801727
303	-81.82058	73.8446	35.780163	-224.52397	155.56	-31.376602	23.819931	18.01217	-110.096954	1216000	-0.016085634	999.534	0.0	-187.40881	1.2186679	4.768372e-10	974.1694610118866
304	-59.503906	61.156494	19.113361	-218.22534	142.46428	-33.86735	22.042597	5.820966	-118.125854	1220000	-0.036293525	794.7895	0.0	-100.30066	1.213555	1.3560056e-09	977.4215281009674
305	-105.07017	92.253586	39.130997	-311.02747	164.375	-36.483925	26.558706	7.2940884	-114.83879	1224000	-0.0251562	2040.4285	0.0	-485.38953	1.2108061	1.3411044e-10	980.781576871872
306	-75.03143	68.07592	1.6088645	-243.28885	163.08333	-44.06121	21.152822	7.4259796	-110.07384	1228000	-0.026708899	1324.587	0.0	-366.22125	1.2319571	6.109476e-10	984.1382987499237
307	-73.4609	62.76051	12.351083	-259.59674	183.0	-25.974825	19.332134	2.4434114	-118.16721	1232000	-0.022982461	1295.6056	0.0	-229.55212	1.226106	-2.1904707e-09	987.5807709693909
308	-64.75606	49.666195	34.31552	-152.1362	154.32	-28.861258	21.871777	15.380556	-121.919014	1236000	-0.048846122	594.8513	0.0	-111.244385	1.2074897	-1.1175871e-09	990.9349060058594
309	-61.107105	52.999207	26.249357	-178.19519	206.8421	-25.842789	20.772491	15.499556	-103.97118	1240000	-0.037750598	795.0927	0.0	-198.88715	1.2345872	9.0897084e-10	995.1281979084015
310	-84.38897	81.8142	41.354126	-267.2532	218.72223	-28.149689	26.714882	21.930506	-119.56844	1244000	-0.0154824145	2118.3455	0.0	-395.5454	1.2168722	-8.940697e-11	999.7767720222473
311	-68.920265	52.62373	10.076379	-183.3877	203.78947	-24.483812	21.238636	21.144905	-119.881516	1248000	-0.027028812	883.93274	0.0	-245.70898	1.2185277	1.013279e-09	1004.334312915802
312	-70.45424	51.27077	2.3452413	-210.64902	147.33333	-28.148064	23.158009	6.905167	-121.688156	1252000	-0.03325737	757.6563	0.0	-188.77966	1.1947253	2.0861626e-09	1007.7093350887299
313	-60.9364	59.93334	51.114548	-201.876	145.25926	-37.236877	25.823807	6.746026	-112.64151	1256000	-0.036172677	862.8354	0.0	-242.0791	1.2000539	5.2154064e-10	1010.9459869861603
314	-76.8129	108.59863	24.515263	-444.7273	192.35	-30.11411	24.492653	29.670834	-120.382225	1260000	-0.021388944	2817.484	0.0	-1319.156	1.1986761	7.4505807e-10	1014.8159198760986
315	-78.206665	85.83869	44.02859	-263.58942	163.04167	-19.218184	29.38259	27.611048	-126.54393	1264000	-0.02696748	1712.0902	0.0	-607.7529	1.19574	-1.2814999e-09	1018.1387960910797
316	-63.753754	43.80233	16.027315	-134.72299	175.14285	-38.903137	31.596426	14.021769	-125.92713	1268000	-0.030115517	1727.8983	0.0	-627.27893	1.2055734	-5.2154064e-10	1021.6159689426422
317	-75.162964	68.07128	22.588326	-224.41066	171.60869	-24.066885	18.927168	18.278984	-117.97994	1272000	-0.037394427	936.056	0.0	-147.22516	1.2064714	-5.9604643e-10	1024.9626898765564
318	-60.439568	50.46354	17.677397	-217.88695	184.38095	-25.173946	22.597116	20.703438	-123.73267	1276000	-0.043206785	766.60834	0.0	-121.345825	1.200709	-2.9206275e-09	1028.4540169239044
319	-82.85165	76.44488	-8.642395	-332.74554	184.61905	-29.018183	30.990711	24.64855	-127.58929	1280000	-0.01959647	964.8945	0.0	-275.22528	1.1938919	-1.3262034e-09	1031.9166231155396
320	-73.50236	79.78525	25.173836	-230.14322	197.75	-42.016533	30.21349	6.474017	-128.04504	1284000	-0.028141452	1515.1173	0.0	-744.48145	1.2035809	-2.0861626e-10	1036.1688680648804
321	-81.15224	67.771065	-2.7524345	-220.42671	208.63158	-27.870148	22.78173	10.933052	-124.63652	1288000	-0.009340796	941.89343	0.0	-141.96582	1.2069464	-1.2367963e-09	1040.5114710330963
322	-84.21245	88.97649	56.07473	-355.25748	211.16667	-34.323627	27.813166	6.2862787	-128.20271	1292000	-0.03633284	2288.7385	0.0	-802.07434	1.2010142	8.1956386e-10	1044.6878678798676
323	-63.072968	82.764404	31.854397	-290.08694	159.88	-21.525782	32.067295	19.829407	-129.7945	1296000	0.0041408525	1074.0281	0.0	-383.9945	1.1727294	1.7881394e-10	1048.03067111969
324	-82.207146	83.469315	17.21501	-237.27162	204.13333	-43.13182	33.070164	10.149268	-130.702	1300000	-0.009540108	1606.774	0.0	-542.68335	1.1947536	-1.6540289e-09	1052.7954139709473
325	-89.96053	79.33662	17.431416	-277.10992	172.65218	-23.484165	23.420637	14.892944	-130.09032	1304000	-0.010177691	1404.8075	0.0	-596.26825	1.1788105	-2.5331975e-10	1056.193542957306
326	-71.6209	60.814304	5.397802	-259.48163	187.66667	-33.804577	28.47802	11.805143	-131.7894	1308000	-0.024621062	841.73834	0.0	-193.93604	1.191778	8.3446505e-10	1059.9475829601288
327	-69.002014	67.58345	14.091855	-230.371	212.61111	-30.435266	23.920757	16.091974	-125.31396	1312000	0.00023806357	927.77423	0.0	-210.1286	1.2050787	-1.7732382e-09	1064.2010469436646
328	-63.051777	63.50961	46.266644	-210.31245	195.95	-36.789494	34.42032	15.247684	-128.37317	1316000	-0.023981648	943.36676	0.0	-267.13306	1.1771044	1.0430813e-09	1067.7608671188354
329	-81.600174	84.17919	12.956659	-290.29733	208.57895	-22.622087	23.307442	17.861168	-125.5661	1320000	-0.0016012857	1455.3081	0.0	-433.48114	1.1847211	-1.4007091e-09	1072.4469318389893
330	-70.9467	79.16687	35.79859	-246.70096	219.72223	-30.901293	26.244547	9.865548	-129.27205	1324000	-0.026785193	1869.4199	0.0	-684.19116	1.1829801	9.23872e-10	1076.5152587890625
331	-65.18104	59.857952	18.543842	-205.22012	167.73914	-21.86822	26.806051	15.487215	-131.53438	1328000	-0.012631897	977.88074	0.0	-287.86066	1.1725112	1.2069941e-09	1079.895784854889
332	-76.88499	98.51568	36.83599	-284.77393	179.5	-30.089964	26.542572	13.838918	-132.30069	1332000	-0.003321055	1706.7292	0.0	-573.12854	1.1927438	1.7136336e-09	1083.8738188743591
333	-43.019573	40.065063	12.013192	-148.4347	202.3158	-25.807312	20.232246	13.444315	-111.851654	1336000	-0.048020843	660.9706	0.0	-175.3916	1.2000551	3.0249356e-09	1088.1197187900543
334	-51.05952	73.6656	47.920025	-207.72032	229.58824	-18.212511	18.2461	14.70662	-106.09424	1340000	-0.045717847	968.6041	0.0	-268.63733	1.2040774	1.0579825e-09	1092.4041979312897
335	-42.571102	55.85763	41.736572	-195.28181	156.96	-17.856407	25.56361	17.212015	-122.36452	1344000	-0.044012167	666.5017	0.0	-141.54755	1.1758196	1.385808e-09	1095.7194340229034
336	-52.593452	42.945404	15.030871	-155.23082	225.375	-24.123457	25.0578	19.877357	-129.1853	1348000	-0.026319802	1044.421	0.0	-185.84924	1.1914363	-1.192093e-10	1100.268893957138
337	-66.53058	62.201286	24.327112	-207.53424	189.71428	-20.015446	19.972843	18.998674	-114.23553	1352000	-0.02889188	1139.134	0.0	-383.11328	1.1856903	6.556511e-10	1105.1939251422882
338	-58.781605	53.79567	47.798904	-151.87825	173.08696	-26.073542	24.90793	22.242477	-103.73545	1356000	-0.061966076	482.13254	0.0	-139.9704	1.1836712	-9.685754e-10	1108.628310918808
339	-33.643425	34.156372	10.167568	-114.870186	245.375	-23.055832	21.280132	19.935122	-117.20084	1360000	-0.028518457	728.517	0.0	-333.13205	1.2005291	1.1175871e-09	1113.1305739879608
340	-64.76308	94.7793	47.462456	-354.8468	232.92857	-14.859149	22.060894	27.850681	-113.57614	1364000	-0.030411648	1777.2026	0.0	-371.27942	1.1898983	-1.0430813e-10	1118.1412317752838
341	-85.82507	65.9132	-11.840977	-203.83426	283.66666	-13.68417	22.811705	27.866514	-126.54435	1368000	-0.013384553	1485.227	0.0	-322.94788	1.2080293	-1.7881394e-10	1122.8313789367676
342	-41.853477	67.32958	39.60683	-185.35683	265.06668	-23.973581	23.553413	23.75902	-110.143585	1372000	-0.022117855	787.2518	0.0	-199.61804	1.1976388	-8.493662e-10	1128.3149218559265
343	-44.089504	32.942265	22.656137	-98.74595	227.13333	-12.631992	24.028828	31.070501	-109.50357	1376000	-0.01356591	718.7068	0.0	-272.71637	1.1974748	-5.066395e-10	1133.2968440055847
344	-40.5734	60.938274	33.66925	-179.65738	277.0	-16.948503	17.946419	28.75494	-111.39141	1380000	-0.036970746	966.8429	0.0	-196.20721	1.1987016	7.1525574e-10	1138.7880840301514
345	-32.411926	45.09714	34.66041	-123.29768	198.65	-11.679175	18.878347	30.201035	-97.00231	1384000	-0.041551773	800.8268	0.0	-230.46722	1.1795559	5.364418e-10	1143.1498038768768
346	-58.367092	75.45939	16.15594	-242.34758	219.16667	-17.548616	24.85685	28.04517	-125.06949	1388000	-0.020744763	1054.3197	0.0	-330.57574	1.1864336	7.748604e-10	1147.788341999054
347	-48.39966	69.81228	41.3686	-180.4076	219.05882	-21.90256	24.215372	18.519836	-114.41306	1392000	-0.03505105	1301.5914	0.0	-407.8098	1.1819872	-1.1473894e-09	1152.1107068061829
348	-32.355568	53.454987	38.1413	-187.02618	228.58824	-24.491678	26.911608	31.43219	-119.35848	1396000	-0.050528083	1399.567	0.0	-572.8785	1.1972526	-3.5762787e-10	1156.8107221126556
349	-82.49336	83.94182	33.344425	-224.45964	180.35	-11.71831	23.20119	24.24627	-129.30742	1400000	-0.00010296011	1845.693	0.0	-922.3014	1.1648623	-3.427267e-10	1160.349144935608
350	-19.71847	57.578182	67.719315	-205.87375	166.125	-29.410576	27.703337	15.242006	-135.31456	1404000	-0.064929046	1047.382	0.0	-389.93872	1.1555537	-7.599592e-10	1163.8283960819244
351	-44.712814	71.09502	39.76037	-262.5024	217.61111	-21.652037	31.565157	20.408758	-135.61075	1408000	-0.019231057	881.3054	0.0	-186.11993	1.1734458	3.2782554e-10	1168.8016748428345
352	-57.8895	67.80923	14.246083	-283.73334	215.83333	-24.333961	27.73588	21.770992	-135.6236	1412000	-0.0026955237	1041.1538	0.0	-379.34753	1.1685423	4.0233136e-10	1173.0764138698578
353	-91.63889	82.49116	24.177887	-213.23087	346.22223	-29.958305	23.173101	17.403345	-132.77322	1416000	0.00045320226	1305.1595	0.0	-593.02026	1.1888652	-1.192093e-10	1179.7120819091797
354	-60.9955	71.68132	15.30046	-251.42043	234.88235	-22.766586	21.585512	25.181255	-119.356094	1420000	-0.027761474	1439.7888	0.0	-680.756	1.1666125	2.9802324e-11	1184.2779178619385
355	-39.344986	64.82372	33.163715	-216.09119	271.16666	-25.31272	27.740007	33.445957	-127.925934	1424000	-0.022586612	1472.2445	0.0	-643.478	1.1799856	-6.2584876e-10	1189.7709529399872
356	-59.19119	73.566765	37.773075	-244.1335	237.375	-13.373995	29.240608	36.831757	-133.06169	1428000	-0.01114278	1339.9357	0.0	-342.81604	1.1726294	-1.0430813e-10	1194.6842749118805
357	-30.159634	36.49561	33.604214	-132.12556	233.0	-18.936367	18.869156	23.822855	-115.75972	1432000	-0.04715628	660.07837	0.0	-176.87231	1.1763078	-4.1723253e-10	1199.4927270412445
358	-57.203148	62.72929	25.920774	-230.15898	232.78572	-13.679621	24.302156	46.160583	-129.70581	1436000	-0.02492597	1031.2866	0.0	-230.19568	1.1783636	-2.1755695e-09	1204.5957250595093
359	-91.31219	88.71794	27.032486	-233.0242	305.0	-22.360403	28.071825	31.207962	-134.82753	1440000	-0.031002758	1396.8612	0.0	-358.40674	1.18127	1.0281801e-09	1209.9369158744812
360	-57.52643	72.08594	34.377625	-278.83633	266.0	-27.266672	29.460066	31.45572	-134.98929	1444000	-0.033405364	917.50616	0.0	-274.94348	1.1717447	1.1473894e-09	1215.0032079219818
361	-39.17883	32.92259	7.716553	-120.34091	305.69232	-17.444603	23.685217	27.178246	-121.268456	1448000	-0.021848725	607.21967	0.0	-162.46033	1.1949213	1.0728836e-09	1220.1309008598328
362	-29.06822	39.425026	50.992123	-99.56802	231.70589	-13.449096	22.371737	29.187948	-120.71654	1452000	-0.04269062	527.6309	0.0	-90.0437	1.1784078	1.2367963e-09	1224.45476603508
363	-30.868847	53.276207	57.207672	-144.30042	266.4	-14.729526	21.83485	31.66841	-130.3423	1456000	-0.03955242	656.2576	0.0	-135.57861	1.1836292	-1.1473894e-09	1229.8102037906647
364	-63.092083	77.752625	21.768984	-288.21738	228.17647	-11.716873	24.568987	41.72602	-125.305466	1460000	0.00032683898	1716.4979	0.0	-578.225	1.1682528	-1.8924475e-09	1234.4236268997192
365	-37.782036	49.543106	40.43754	-145.71916	305.69232	-24.387438	16.029222	15.929694	-105.2983	1464000	-0.036614638	694.7099	0.0	-273.80676	1.1872947	1.7881393e-09	1240.1342101097107
366	-52.794956	75.56524	54.51636	-195.7989	248.5	-17.771198	23.832283	33.504974	-112.83043	1468000	-0.013340721	1306.3756	0.0	-685.3993	1.1684697	1.952052e-09	1244.532378911972
367	-29.361982	67.50126	54.293125	-180.30002	234.3125	-15.194324	24.947123	30.128654	-105.416374	1472000	-0.021694947	1202.1926	0.0	-373.90295	1.1631315	1.4901161e-10	1248.8670489788055
368	-21.60649	46.82548	48.899403	-100.30439	300.30768	-13.801244	19.607122	32.171455	-109.767296	1476000	-0.040679537	709.8826	0.0	-187.64746	1.1841323	3.5762787e-10	1254.8468549251556
369	-21.654879	37.461956	62.695007	-95.292496	214.58824	-5.755344	19.892513	31.597742	-99.258705	1480000	-0.03860898	588.727	0.0	-117.44531	1.1748257	-6.854534e-10	1259.3816330432892
370	-23.863308	51.276253	55.62192	-178.7169	190.5	-4.897429	19.833523	35.951637	-90.62055	1484000	-0.035076406	781.045	0.0	-213.12732	1.1573454	4.768372e-10	1262.903068780899
371	-37.164364	40.808987	23.372269	-102.3237	234.3125	-18.971172	25.746483	32.157745	-118.62797	1488000	-0.055283032	707.40704	0.0	-220.26031	1.170763	1.7136336e-09	1267.7492690086365
372	-49.341984	59.335426	24.78615	-185.5322	306.53845	-19.672201	28.860878	29.24776	-123.718704	1492000	-0.017259156	1032.7339	0.0	-421.83258	1.1584415	-5.066395e-10	1273.1650989055634
373	-70.69933	68.48545	5.7898498	-213.34729	324.58334	-20.838308	23.247627	28.224932	-111.55156	1496000	-0.03927114	1439.8416	0.0	-391.24512	1.1771023	2.5331975e-10	1279.1759097576141
374	-35.709854	58.577972	59.181503	-146.84613	325.83334	-13.083088	24.142147	31.846674	-108.534805	1500000	-0.019486832	575.1338	0.0	-124.97287	1.188398	1.1771918e-09	1284.8243057727814
375	-16.044395	53.026	36.507084	-161.34258	299.15384	-12.091091	27.40717	45.359573	-122.14169	1504000	-0.022262111	800.83484	0.0	-228.41345	1.1687404	1.2218953e-09	1290.2029469013214
376	-26.10496	42.86287	36.295464	-105.773415	440.66666	-14.521834	21.79869	39.211456	-94.32295	1508000	-0.0019527178	465.92337	0.0	-129.76471	1.1825601	-1.758337e-09	1296.8819897174835
377	-50.04248	81.650925	22.331417	-235.92867	215.06667	-0.41457677	24.802279	47.3486	-133.64435	1512000	0.008485163	1459.3693	0.0	-710.3247	1.1536871	1.296401e-09	1301.3486678600311
378	-56.7206	52.31529	32.728874	-174.95457	326.0	-20.402739	25.428476	33.04859	-121.27142	1516000	-0.0306873	1347.3107	0.0	-462.0138	1.1703006	3.874302e-10	1306.5200488567352
379	-56.720604	89.48063	47.11009	-230.27435	375.6	-27.101782	33.00487	35.380123	-139.35704	1520000	0.017166002	1404.2029	0.0	-611.31104	1.1670017	-1.2367963e-09	1312.644033908844
380	-29.510368	39.353767	56.71624	-92.49699	313.58334	-19.766878	23.766413	35.381573	-127.36799	1524000	-0.049726173	1085.7788	0.0	-544.548	1.1616768	1.7136336e-09	1317.704463005066
381	-20.904919	29.90817	12.902682	-103.119896	295.07693	-8.32092	18.575888	32.328766	-101.3943	1528000	0.004242775	554.6961	0.0	-123.13794	1.1705972	3.1292438e-10	1323.028550863266
382	-43.3183	52.317593	31.39205	-152.42868	248.625	-11.893427	26.847466	54.05037	-129.3809	1532000	-0.060381383	1031.2596	0.0	-280.7635	1.1587714	-3.1292438e-10	1327.5062127113342
383	-28.270203	58.621136	58.419895	-174.11223	296.08334	-17.512808	24.44781	32.221615	-130.1199	1536000	-0.030255849	1165.8802	0.0	-558.41833	1.1608746	2.5182962e-09	1332.3155119419098
384	-53.57756	57.251602	25.703611	-173.13567	329.33334	-14.687981	26.122494	50.79931	-120.490295	1540000	0.013154163	1377.5226	0.0	-470.4209	1.1675115	6.2584876e-10	1337.6406388282776
385	-42.001926	52.864662	25.54227	-170.64754	255.2	-11.044088	23.02425	34.01378	-91.269585	1544000	-0.018665288	635.08136	0.0	-169.57855	1.1605244	-5.5134297e-10	1342.3183329105377
386	-20.648443	47.305637	48.380196	-96.458954	428.55554	-16.793467	20.609571	38.85327	-91.21438	1548000	-0.026931653	881.65985	0.0	-243.91138	1.1870023	7.4505807e-10	1348.3862330913544
387	-40.03865	64.57124	34.25801	-211.5884	252.84616	-7.4382806	22.145155	45.986626	-94.47056	1552000	-0.0104612345	1225.7188	0.0	-401.74335	1.1640939	2.2351741e-10	1353.0834329128265
388	-41.51743	78.76281	32.31089	-268.21198	286.45456	-15.265612	20.196842	47.226963	-117.85062	1556000	0.008131377	1316.8477	0.0	-390.85547	1.1754874	2.682209e-10	1358.9701099395752
389	-16.760622	49.65556	57.305984	-74.89169	556.1429	-13.629224	20.124676	51.852722	-105.75596	1560000	-0.010596373	847.2032	0.0	-308.09277	1.1935723	-3.5762787e-10	1366.0006649494171
390	-38.505737	50.616207	7.0082755	-149.05739	397.7	-11.553064	30.055355	62.741783	-110.198845	1564000	0.01559165	1150.1775	0.0	-475.9541	1.1736362	-7.748604e-10	1372.1954219341278
391	-39.010757	73.476555	41.382668	-204.47566	301.16666	-13.435155	19.735544	33.456512	-120.11346	1568000	-0.03436801	576.5641	0.0	-193.81375	1.1780955	1.1771918e-09	1377.422935962677
392	-27.977995	42.927593	66.5024	-110.82775	331.16666	-8.086245	25.284887	49.875645	-105.23879	1572000	-0.03641416	658.0842	0.0	-186.83936	1.1706401	2.1308662e-09	1382.689280986786
393	-43.981167	68.081924	54.55331	-167.57364	253.73334	-6.207882	23.979244	50.88781	-112.610664	1576000	-0.0105627235	1375.6035	0.0	-476.2987	1.1510519	1.3709068e-09	1387.4242489337921
394	-26.800245	43.031136	24.61617	-128.29665	275.0	-18.001215	25.467737	40.812843	-105.21191	1580000	-0.022202676	732.4098	0.0	-315.64328	1.1745852	-9.387732e-10	1392.713446855545
395	-36.110878	58.92955	17.520607	-203.75037	384.1	-11.308952	20.051167	43.813313	-104.36211	1584000	-0.01948395	825.3642	0.0	-173.05469	1.198301	7.4505807e-10	1398.4945290088654
396	-43.05875	72.031235	29.355528	-164.04318	490.5	-14.675482	24.299084	39.7246	-111.84479	1588000	0.004590477	1115.052	0.0	-429.61945	1.1830642	-8.1956386e-10	1405.720603942871
397	-38.70855	65.54938	18.812223	-224.20398	249.125	-11.367238	28.169254	39.884426	-113.450134	1592000	-0.011235185	924.0898	0.0	-415.54364	1.1478035	-7.4505807e-10	1410.5078020095825
398	-49.063213	63.219578	49.38184	-153.47104	440.75	-20.832638	22.722017	46.461727	-102.82522	1596000	-0.01697311	902.17035	0.0	-314.6504	1.1950501	-4.917383e-10	1416.623705148697
399	-43.184505	98.83433	40.546314	-266.4625	392.0	-14.854315	28.948109	44.987125	-118.09023	1600000	0.005688585	1244.601	0.0	-479.35803	1.1618564	6.854534e-10	1422.5306828022003
400	-27.60548	48.717453	51.179333	-170.93652	248.3125	-4.694129	29.442335	54.127754	-117.00845	1604000	-0.025839668	1078.2501	0.0	-539.6708	1.1618438	1.9818545e-09	1427.4560329914093
401	-54.46147	36.38569	2.4662974	-104.79455	385.875	-16.517008	24.93774	41.597214	-116.3406	1608000	-0.019499319	761.7587	0.0	-306.19543	1.1946093	-1.3262034e-09	1433.8116099834442
402	-30.537981	47.236393	18.76612	-141.36745	439.8889	-8.142765	20.920612	52.190525	-82.708664	1612000	0.0153366225	736.4433	0.0	-182.13629	1.1952575	-8.940697e-11	1440.664078950882
403	-24.706213	27.988834	42.100956	-68.53354	215.3125	-7.920992	20.517939	41.015854	-95.19881	1616000	-0.060987078	464.58942	0.0	-142.89417	1.1621614	9.983778e-10	1445.2923169136047
404	-34.778133	53.95819	18.847185	-187.14848	255.84616	-22.11209	33.923786	41.134956	-119.62789	1620000	-0.05037479	972.63336	0.0	-445.98053	1.1532094	1.3113022e-09	1449.7286970615387
405	-38.71523	48.418114	52.308296	-146.88258	258.86667	-15.310623	22.400461	30.113792	-101.14953	1624000	-0.03374043	673.4687	0.0	-224.15967	1.1577086	-1.5646219e-09	1454.2322249412537
406	-66.343185	62.971275	-4.5576296	-178.595	600.8	-14.930322	18.40909	23.555265	-114.10923	1628000	-0.009725314	1015.0547	0.0	-367.9613	1.1985823	-1.2069941e-09	1460.5088939666748
407	-11.783776	43.77943	51.283173	-90.839226	497.625	-9.935918	25.63026	53.770596	-117.613594	1632000	0.0035275456	697.5137	0.0	-298.36823	1.1789633	-1.937151e-10	1466.908463716507
408	-18.733583	25.434021	16.610123	-70.71151	477.625	-6.27691	18.728178	51.004997	-83.304924	1636000	-0.0287467	702.2299	0.0	-197.21848	1.1949513	3.874302e-10	1473.979033946991
409	-13.615773	28.306763	39.106697	-59.54597	212.93333	-1.3469479	21.98051	52.610462	-103.09812	1640000	-0.03741797	544.7596	0.0	-183.06421	1.1611897	-2.3245812e-09	1478.5768539905548
410	-25.882973	55.55756	35.223835	-167.3107	233.94118	-7.8414226	21.153912	34.894146	-108.34759	1644000	-0.050049957	877.97565	0.0	-314.82397	1.1556818	-5.2154064e-10	1483.053318977356
411	-23.939121	32.352753	36.58478	-96.76415	219.06667	-12.161246	27.034018	48.789467	-99.25297	1648000	-0.009123163	583.97314	0.0	-282.49426	1.1645011	-4.3213366e-10	1488.1949939727783
412	-41.70133	72.50858	45.513042	-204.93666	259.66666	-13.190961	24.446445	36.380096	-111.29455	1652000	-0.022931283	1215.2959	0.0	-441.08765	1.1575023	-7.8976153e-10	1492.5167429447174
413	-42.547062	58.474533	28.7654	-166.40216	250.21428	-7.829792	27.721878	38.730392	-107.8818	1656000	0.0007451553	1051.3293	0.0	-483.41498	1.1596961	1.6540289e-09	1497.3679859638214
414	-14.446339	43.538155	38.302135	-106.95856	349.0	-23.88091	28.777342	35.925507	-110.94124	1660000	-0.044990286	1373.809	0.0	-923.1135	1.1726227	-1.7136336e-09	1503.3912789821625
415	-1.0999583	27.082071	43.674297	-70.800026	207.0	-0.9877026	26.57929	42.06727	-88.55013	1664000	-0.04421222	517.6015	0.0	-242.58969	1.1477864	-1.937151e-10	1507.8639159202576
416	-52.320297	66.7763	36.033497	-176.29701	427.8889	-11.861691	20.432127	37.192524	-112.74581	1668000	-0.029550439	922.7889	0.0	-195.15076	1.1833262	1.4901161e-10	1513.4130148887634
417	-28.594952	50.62603	45.87602	-132.63255	351.8	-12.057348	19.156744	33.413612	-86.030815	1672000	-0.026268698	612.879	0.0	-170.49924	1.1862848	-1.9222497e-09	1518.5004279613495
418	-7.2381577	49.667767	53.98446	-112.099106	261.42856	-1.0676959	26.205008	49.97422	-100.91645	1676000	-0.021593297	841.0593	0.0	-277.982	1.153013	-1.1026859e-09	1523.1094288825989
419	-13.084963	48.143723	32.301308	-150.5357	202.52632	-2.6734416	23.681343	53.002785	-94.16243	1680000	-0.05248137	591.2289	0.0	-276.36908	1.1472968	-1.6987324e-09	1526.7415988445282
420	-25.596659	55.655575	36.06937	-179.85056	311.25	-21.432257	32.463894	48.038586	-117.63006	1684000	-0.020440524	1172.6051	0.0	-429.2743	1.1668764	-1.0281801e-09	1532.149868965149
421	-35.139473	56.02528	38.62035	-179.63622	240.93333	-7.495546	22.591625	53.609283	-113.09178	1688000	-0.038776312	955.5956	0.0	-377.685	1.1340424	1.385808e-09	1536.5924117565155
422	-2.8189878	45.681984	51.322437	-82.123764	355.44446	-17.506811	25.037756	40.13815	-103.78859	1692000	-0.033989742	567.62054	0.0	-295.10178	1.174089	9.983778e-10	1542.7842359542847
423	-14.601748	43.97982	52.039413	-70.514755	320.58334	-1.7253609	22.963478	47.07431	-89.340775	1696000	-0.03140273	719.3393	0.0	-246.08759	1.1655601	2.0861626e-10	1548.1483759880066
424	-2.920901	15.033043	26.102203	-21.687252	552.1429	-4.235426	19.156101	43.36177	-72.213295	1700000	-0.038621537	370.29837	0.0	-169.32054	1.1834683	-2.9802324e-11	1554.9915888309479
425	-52.381493	99.989426	24.537912	-283.17636	496.25	-10.355548	22.79623	44.388287	-113.13195	1704000	-0.02096882	862.18463	0.0	-329.1834	1.167507	-5.364418e-10	1560.963476896286
426	-43.87953	66.4754	65.73591	-165.43088	332.5	-11.921359	31.427176	53.04511	-99.72025	1708000	-0.012026659	1037.012	0.0	-438.11633	1.1481736	-1.5348196e-09	1566.3210878372192
427	-52.45465	88.81013	30.99771	-278.89056	248.28572	-15.298432	34.59664	40.455463	-122.44337	1712000	-0.00064644	1383.7335	0.0	-860.9901	1.1330642	1.3411044e-10	1570.482430934906
428	-32.677975	68.36139	43.427097	-186.50345	338.44446	-35.152695	36.6069	32.976604	-134.86206	1716000	-0.017878305	1295.1259	0.0	-760.1741	1.1545689	-3.7252904e-10	1575.8866548538208
429	4.9518747	31.62623	53.097763	-50.21109	443.8889	-10.251936	24.91975	44.929935	-96.892395	1720000	-0.038524553	564.6516	0.0	-210.31616	1.167457	1.7136336e-09	1582.0546097755432
430	-10.150294	31.871103	49.68384	-65.48564	244.76923	-2.4114933	21.991922	46.334263	-77.55736	1724000	-0.059262846	523.3823	0.0	-208.29541	1.1496414	6.4074995e-10	1587.1252620220184
431	-33.46569	34.79552	33.239197	-73.878006	476.625	-10.527336	18.702358	44.084686	-91.43633	1728000	-0.058215216	645.6072	0.0	-155.28256	1.177674	1.2665987e-09	1593.6517617702484
432	-11.178706	35.898556	60.487106	-48.56427	335.8889	-5.766936	23.855675	53.050213	-84.989655	1732000	-0.017531173	565.66437	0.0	-193.55923	1.1544514	6.2584876e-10	1600.1066508293152
433	-17.21961	41.271378	46.2702	-76.12172	405.33334	-6.9176726	24.132395	44.937714	-91.2579	1736000	-0.003522508	599.3361	0.0	-188.70969	1.1580989	-5.811453e-10	1606.0802900791168
434	-40.37192	54.77649	25.47626	-170.1225	279.16666	-7.58686	24.915829	45.11913	-105.376495	1740000	-0.015745442	736.905	0.0	-199.82184	1.1484883	1.192093e-10	1611.4495611190796
435	-45.720203	67.4093	32.190582	-196.01358	388.75	-15.70276	24.588615	42.35057	-115.91543	1744000	0.019857656	656.0842	0.0	-219.37512	1.1418525	-2.2351741e-10	1617.9231679439545
436	-81.903046	97.20469	41.098347	-253.19478	312.0	-8.86792	27.384344	43.733295	-118.23532	1748000	-0.009162671	1803.7263	0.0	-1000.0487	1.1150798	-8.493662e-10	1623.0736029148102
437	-17.546545	55.036854	50.977314	-179.93848	227.8125	-11.66631	30.36303	52.162914	-141.89705	1752000	-0.021519689	967.0798	0.0	-251.1507	1.1229103	1.1473894e-09	1627.0305128097534
438	-30.911537	27.165487	7.0364213	-91.65037	353.0	-15.80537	28.393826	52.944756	-130.52003	1756000	-0.0034358227	763.3048	0.0	-310.4807	1.1447636	8.1956386e-10	1632.1009321212769
439	-24.897596	56.983383	41.120766	-145.87299	425.875	-18.096935	24.214596	36.761635	-109.11699	1760000	-0.034464296	754.9331	0.0	-339.5286	1.1416523	-9.685754e-10	1638.134202003479
440	-22.371294	46.407005	76.39825	-135.08595	245.0	-0.8436912	26.073336	46.74805	-110.6429	1764000	-0.010311551	865.73914	0.0	-420.428	1.1188813	4.0233136e-10	1642.4662749767303
441	-75.25557	61.92381	-28.345499	-230.97768	499.0	-24.840412	24.794966	28.876495	-114.918335	1768000	-0.031252194	738.5861	0.0	-310.4732	1.1379238	1.4901162e-11	1648.0749287605286
442	-4.714356	21.54787	19.647818	-36.040306	456.57144	-12.94865	20.165064	34.94547	-100.37392	1772000	-0.022314213	512.45013	0.0	-187.03131	1.1660355	5.811453e-10	1654.0579330921173
443	-32.92002	92.21154	39.81567	-303.56686	359.9091	0.21116394	24.198404	51.463814	-99.15031	1776000	-0.024367124	1613.5532	0.0	-693.7088	1.1447419	-7.599592e-10	1658.8231539726257
444	-14.85351	62.205013	54.84866	-158.9916	470.57144	-21.09198	30.076118	55.295197	-102.20668	1780000	-0.0037073898	817.0783	0.0	-407.59665	1.1608225	-1.0579825e-09	1664.8543829917908
445	-13.698246	29.65678	28.916428	-79.243195	317.0	1.3238479	23.942148	60.89442	-78.44538	1784000	0.0062710703	719.5917	0.0	-299.99356	1.1425446	9.834766e-10	1670.830992937088
446	-3.900334	41.467945	46.088184	-78.98464	448.14285	-15.9632015	21.502357	35.842358	-107.604645	1788000	-0.041824173	753.9081	0.0	-350.75455	1.1653429	-1.2218953e-09	1677.306566953659
447	3.4577408	45.062305	40.35221	-85.1166	606.4	-5.9217963	23.579632	52.31445	-75.68491	1792000	-0.012908316	506.9558	0.0	-260.2324	1.1760538	-8.046627e-10	1684.2956619262695
448	-57.026943	64.36646	54.552216	-194.57016	431.22223	-5.5111046	28.943813	62.169655	-90.45228	1796000	0.017657343	1083.4685	0.0	-458.9906	1.1572107	2.5331975e-10	1689.2572600841522
449	-23.386576	77.07851	75.73623	-231.11159	387.8	-10.805837	24.6715	43.581528	-101.47803	1800000	0.00012407875	1239.2684	0.0	-431.0172	1.1472907	-1.0430813e-09	1695.0071649551392
450	-37.72811	68.55004	35.1889	-214.50797	306.8	-7.800157	24.529196	41.164726	-103.17614	1804000	0.008099475	1119.6687	0.0	-448.4002	1.143407	2.30968e-09	1699.86496591568
451	-69.15224	24.413288	-36.23917	-107.813416	681.6	-22.20544	18.100393	34.103325	-89.31746	1808000	0.0037090501	485.3233	0.0	-242.07327	1.1797134	1.0579825e-09	1706.7666599750519
452	-29.924963	54.53399	23.577166	-192.4035	324.83334	-2.1317222	24.372137	54.821495	-85.94318	1812000	0.0044953176	1011.85754	0.0	-447.09637	1.1547544	-5.364418e-10	1712.6951570510864
453	-43.693607	67.65087	36.703346	-230.22105	324.83334	-12.84567	24.144106	55.0238	-134.81252	1816000	-0.052001044	1121.7185	0.0	-466.4605	1.1391096	2.5331975e-10	1717.4844291210175
454	-22.051048	33.68949	57.264465	-70.563	232.52942	-7.8753166	27.484697	42.57766	-112.53539	1820000	-0.028592717	662.2028	0.0	-268.46368	1.1223987	-6.2584876e-10	1721.561800956726
455	-3.6361027	40.885727	60.97672	-118.32246	279.92856	-17.772047	24.681385	29.92141	-113.10089	1824000	-0.034016304	699.9127	0.0	-306.53354	1.1223437	5.811453e-10	1726.546756029129
456	-34.364346	69.669	45.01661	-177.46033	278.14285	-8.234981	28.172613	44.6637	-113.786224	1828000	0.018577157	964.121	0.0	-408.75458	1.1290159	3.7252904e-10	1731.1237061023712
457	-31.062225	50.43439	56.23478	-119.61583	394.625	-12.935255	24.751314	43.232002	-116.19287	1832000	-0.0204988	798.7497	0.0	-310.4227	1.1591581	-4.4703484e-11	1737.2319159507751
458	3.054066	27.836227	49.79379	-35.68928	360.54544	-6.5052423	24.207418	48.137074	-99.74784	1836000	-0.049235173	677.7828	0.0	-229.67395	1.1443342	5.9604643e-10	1742.6725480556488
459	-0.18362744	35.409817	59.250942	-76.28774	308.41666	-4.7812862	28.801771	46.041973	-114.22063	1840000	-0.045216814	505.13522	0.0	-152.82022	1.1583003	-1.0430813e-10	1748.2652769088745
460	0.5591612	67.97743	72.48361	-158.54436	475.75	-11.23166	24.973772	45.070457	-118.05566	1844000	0.019054053	808.7877	0.0	-421.51205	1.1740257	2.9802322e-10	1755.270673751831
461	-8.99657	40.973244	36.479233	-111.94748	362.9091	-1.9447871	25.651789	45.145218	-110.78962	1848000	-0.05588339	646.0291	0.0	-321.20624	1.1632464	-1.9222497e-09	1761.8838200569153
462	9.978863	38.423813	82.65559	-39.123615	358.27274	-5.6798153	24.269396	56.203053	-96.23286	1852000	-0.044935018	706.2377	0.0	-290.30185	1.1443418	-1.937151e-10	1767.0488228797913
463	-9.9251375	36.654064	33.397686	-76.98918	531.5714	-6.824244	21.37214	43.667988	-93.48488	1856000	-0.026484886	461.16068	0.0	-143.3205	1.175455	-1.2069941e-09	1773.669263124466
464	-34.485046	64.65942	40.95242	-201.23717	273.92856	7.096347	25.5598	56.4205	-101.20825	1860000	0.010963236	1400.6332	0.0	-780.7244	1.1287439	4.768372e-10	1778.764482975006
465	-25.431145	24.338072	3.971192	-63.961346	384.5	-25.670454	28.810987	35.401356	-105.381744	1864000	-0.062347837	838.52765	0.0	-494.39145	1.1437954	-7.301569e-10	1784.769877910614
466	-26.786013	43.352806	35.67496	-126.71518	436.22223	-9.100166	21.077227	49.628124	-110.339615	1868000	-0.019964676	691.2695	0.0	-158.71057	1.1671509	4.23193e-09	1790.9152119159698
467	4.9446106	33.146545	60.731228	-32.364872	381.0	-3.7613354	23.181059	54.85863	-99.86487	1872000	-0.054362234	352.18152	0.0	-106.65546	1.1572928	5.2154064e-10	1796.6016030311584
468	15.007994	22.552874	51.223755	-11.473183	489.375	-11.928139	25.306526	56.404854	-102.88172	1876000	-0.02830189	568.51685	0.0	-364.6427	1.1417327	3.5762787e-10	1802.8052868843079
469	-17.674044	47.329586	48.981934	-68.6466	596.8333	-8.194078	22.079395	45.239765	-84.308716	1880000	-0.024256345	645.6257	0.0	-198.93546	1.1865361	1.9073487e-09	1808.918869972229
470	23.752523	29.04745	66.28988	-21.409138	519.5714	-2.100496	24.845331	60.480095	-85.98855	1884000	-0.019614164	459.63663	0.0	-185.33063	1.1680313	-1.4007091e-09	1814.6859068870544
471	4.7473836	32.81566	55.586685	-58.529163	331.08334	8.10571	22.345854	67.88744	-80.99428	1888000	-0.030271674	863.92596	0.0	-497.44415	1.1479402	1.8626451e-09	1819.9408068656921
472	-13.503514	44.938843	35.365425	-98.05555	435.55554	-8.392947	26.371433	56.49027	-99.49902	1892000	-0.02771201	619.07074	0.0	-211.37811	1.1599374	-1.937151e-10	1825.8152408599854
473	-14.233593	29.817938	31.738394	-62.59563	352.0909	-6.649629	23.32625	52.883736	-97.12992	1896000	-0.0029086843	505.8876	0.0	-189.38345	1.1521906	9.983778e-10	1831.064687013626
474	-3.1521213	52.472298	66.76894	-92.1357	564.6667	-9.997836	18.232656	41.902637	-91.08364	1900000	-0.03957639	453.6075	0.0	-160.08911	1.1931734	5.811453e-10	1837.6212310791016
475	-41.966267	116.99009	70.62096	-315.5967	544.0	-0.45160756	22.80447	64.55874	-102.721	1904000	-0.017422352	769.54785	0.0	-460.29965	1.149522	3.1292438e-10	1843.8381297588348
476	2.8868163	54.851078	64.79044	-162.4972	279.41666	4.78601	28.930311	61.5943	-96.034134	1908000	-0.048487213	686.1561	0.0	-249.02856	1.1092958	2.0861626e-10	1848.394464969635
477	-6.919234	52.668987	47.39462	-175.28278	212.61111	-5.063331	34.240643	54.002052	-118.070274	1912000	-0.062369794	526.18115	0.0	-151.12079	1.1148733	-6.854534e-10	1852.236473083496
478	-0.8480014	33.773815	39.406086	-82.7366	261.0	-8.104911	29.119839	46.922188	-101.60661	1916000	-0.0349266	495.20023	0.0	-140.33606	1.1287243	-7.748604e-10	1856.604027748108
479	2.6016371	46.058537	96.30908	-85.88262	279.92856	-9.392506	29.78285	52.483368	-101.31909	1920000	0.000116783616	817.44495	0.0	-334.46423	1.1339617	-5.960465e-11	1862.063155889511
480	-40.0127	85.899536	44.92144	-215.89066	458.14285	-10.620572	20.10569	58.045113	-117.88756	1924000	-0.012563415	784.52466	0.0	-309.67657	1.1545142	1.8775463e-09	1868.212741136551
481	21.404995	33.804188	78.459885	-21.978529	295.69232	-5.7831974	23.118176	51.892624	-109.83488	1928000	-0.058815688	612.81506	0.0	-335.24722	1.1300952	3.2782554e-10	1873.5865547657013
482	-23.135675	49.880848	54.46794	-138.90952	309.5	0.5703645	19.849745	47.957336	-101.726425	1932000	-0.049520448	671.5312	0.0	-282.9223	1.0924585	1.0430813e-09	1878.2405140399933
483	-13.057687	44.61429	12.500462	-127.279655	394.625	-20.461702	26.81691	38.186043	-124.505806	1936000	-0.033761267	492.31723	0.0	-248.48299	1.1594145	1.7881394e-10	1884.5850820541382
484	-7.520653	34.254574	43.42788	-88.66257	325.0	-2.0621738	23.136358	56.728092	-87.797905	1940000	-0.039730314	559.77826	0.0	-117.85751	1.136546	-2.9802324e-11	1889.8362839221954
485	-15.027462	28.609118	27.16653	-49.93273	355.77777	-11.949175	26.186998	44.917473	-107.01596	1944000	-0.018784847	641.8974	0.0	-286.70593	1.149665	-1.0430813e-09	1895.448783159256
486	-17.55165	36.00595	20.9402	-83.93883	570.4286	-6.920921	17.769167	37.04215	-87.514145	1948000	-0.052874953	639.24756	0.0	-264.69006	1.1577871	1.6391277e-10	1902.7773759365082
487	-7.6434183	40.28208	37.26223	-78.808716	417.55554	-2.0009983	25.215496	50.664436	-93.32745	1952000	0.01048129	550.2015	0.0	-164.78351	1.1293753	1.475215e-09	1908.0768320560455
488	3.2364023	24.572294	28.811089	-41.307377	428.25	-10.463517	23.844624	52.939266	-94.71479	1956000	-0.021580683	504.13724	0.0	-170.67935	1.1648886	2.0712614e-09	1914.2214829921722
489	11.65446	35.83687	47.8803	-63.927902	605.3333	-6.37059	20.559582	48.11154	-88.59586	1960000	-0.01936346	383.57755	0.0	-136.19995	1.1614294	-2.1606683e-09	1920.8868007659912
490	14.663275	36.2496	78.60345	-32.330814	423.0	0.30436078	21.646141	59.61171	-79.62958	1964000	-0.054164335	453.93613	0.0	-102.73468	1.1417953	1.1622906e-09	1927.0251638889313
491	-46.323387	78.62431	44.274353	-197.22826	490.375	-1.5114148	24.279375	64.44911	-118.24766	1968000	-0.0095537165	732.12305	0.0	-352.32996	1.1376686	-5.5134297e-10	1932.671690940857
492	-56.79832	73.835945	24.769901	-216.66913	457.7143	-12.613932	27.005653	42.767063	-123.01646	1972000	0.031816367	621.2315	0.0	-343.8732	1.1560332	-2.2351741e-10	1938.3228380680084
493	-30.951754	59.652084	68.40331	-173.21419	325.66666	-10.170115	39.128765	64.53066	-144.26898	1976000	-0.040440477	685.8886	0.0	-336.60645	1.1271329	2.1308662e-09	1942.9328927993774
494	-26.647654	60.712593	43.5616	-116.73157	586.6667	-20.034637	24.011591	43.490505	-118.467514	1980000	-0.007014313	724.2188	0.0	-319.38333	1.1575748	-2.4139881e-09	1949.8915021419525
495	-0.4252367	19.727966	27.554207	-35.527485	492.25	0.4301167	26.528006	59.51156	-94.98802	1984000	0.022409637	533.59564	0.0	-350.07275	1.1329057	-1.7136336e-09	1955.719032049179
496	-17.313719	36.0762	39.585545	-67.70652	400.25	-2.7059524	21.35979	52.284595	-96.15344	1988000	-0.03974695	520.81366	0.0	-199.80765	1.1506371	1.937151e-10	1961.7609100341797
497	-5.6282163	42.667717	56.82729	-82.39993	551.7143	-4.5208635	22.62127	53.520027	-94.83703	1992000	-0.06245014	436.53488	0.0	-153.42422	1.1517378	-1.6391277e-10	1967.881638765335
498	-30.181156	54.344948	31.113857	-144.61853	389.75	-5.1368833	20.51346	52.057674	-97.70375	1996000	-0.0047222357	468.16086	0.0	-113.09927	1.1297843	1.1026859e-09	1973.3194448947906
499	-1.970166	55.306637	59.299026	-126.74482	378.25	-11.543401	20.934473	42.673264	-97.75084	2000000	-0.0033955756	743.3364	0.0	-259.85776	1.1591111	7.599592e-10	1979.3210990428925
