Epoch	AverageEpRet	StdEpRet	MaxEpRet	MinEpRet	EpLen	AverageVVals	StdVVals	MaxVVals	MinVVals	TotalEnvInteracts	LossPi	LossV	DeltaLossPi	DeltaLossV	Entropy	KL	Time
0	-257.27142	124.049774	-90.89958	-600.63403	88.47727	-0.09046533	0.028993024	0.09002671	-0.1858911	4000	0.02020698	23931.64	0.0	-1138.6016	1.3502622	-7.748604e-10	0.9679989814758301
1	-217.43103	119.29454	1.932348	-523.7447	91.30232	-4.262504	0.2835288	-2.4601734	-4.71027	8000	0.012673214	16256.389	0.0	-803.3594	1.3621191	-2.3841856e-10	1.9197747707366943
2	-190.15184	110.32776	-33.592503	-479.13223	88.11364	-7.978814	0.44297156	4.7970977	-8.201165	12000	0.00053678453	13040.777	0.0	-544.3013	1.3685193	-2.2351743e-09	2.8535077571868896
3	-176.77275	93.791595	8.353882	-425.79663	90.25581	-10.894967	0.071085855	-9.7606535	-10.961355	16000	-0.0007574856	9746.035	0.0	-407.77588	1.3718352	4.768371e-10	3.7954139709472656
4	-168.85016	98.67216	-18.487907	-431.95184	89.59091	-13.322875	0.91896886	8.075259	-13.423378	20000	0.0004887469	9947.24	0.0	-409.0503	1.3713758	-1.2814999e-09	4.807262897491455
5	-174.70964	93.988464	7.2859087	-482.93216	90.95238	-15.816622	0.32522056	-7.563962	-15.865803	24000	-0.0024292804	8525.702	0.0	-360.50684	1.3721008	-1.1622906e-09	5.856241941452026
6	-141.61783	80.64486	2.745339	-345.2274	89.568184	-18.19865	0.032849193	-16.645304	-18.219076	28000	-0.0022766357	5826.59	0.0	-230.61523	1.3711939	-1.9371509e-09	6.881992816925049
7	-144.15675	92.001724	31.516167	-481.4426	95.0	-20.147942	0.0688194	-18.666452	-20.169542	32000	0.0010858886	6293.8784	0.0	-212.78027	1.3687946	-4.1723253e-10	7.873631000518799
8	-152.95201	98.12738	-33.434273	-417.5251	92.61905	-22.049364	0.028638966	-21.196548	-22.064201	36000	-0.0029606074	6561.881	0.0	-253.58594	1.3672523	9.536743e-10	8.84903883934021
9	-155.83992	99.57913	31.843592	-444.80594	91.38095	-24.127628	0.19105627	-20.532486	-24.156328	40000	0.0061656684	7016.1006	0.0	-263.22827	1.3658952	5.3644184e-10	9.825042963027954
10	-144.02727	80.0701	24.66633	-390.2007	96.39024	-26.289476	0.08782375	-24.966251	-26.30759	44000	-0.0097916275	4553.5386	0.0	-175.04187	1.3641169	5.9604655e-11	10.858339786529541
11	-135.92201	84.2141	-39.861645	-400.0057	91.5814	-28.120249	0.0126781985	-27.93525	-28.128769	48000	0.0022553094	4682.5825	0.0	-180.49829	1.3629696	2.8759242e-09	11.837644815444946
12	-131.27908	71.49524	7.4928946	-300.1655	96.925	-29.973478	0.12485416	-23.654144	-29.986794	52000	-0.00345077	3143.0825	0.0	-124.56116	1.360585	1.4156103e-09	12.828131675720215
13	-105.86738	60.852924	64.55909	-280.02124	94.53658	-31.568796	0.09401583	-29.295345	-31.579939	56000	-0.0061323103	1963.3478	0.0	-61.172302	1.3595197	7.8976153e-10	13.792751789093018
14	-123.59945	56.900784	4.3586473	-267.5888	93.45238	-32.723976	0.052643374	-31.591799	-32.734306	60000	-0.008855905	2563.3027	0.0	-107.89429	1.3554679	-1.4007092e-09	14.792956829071045
15	-99.056465	58.102634	8.152063	-324.58167	94.5	-34.234875	0.027038904	-33.557964	-34.24196	64000	-0.005754687	1905.4967	0.0	-43.81784	1.3541596	-3.72529e-10	15.77763295173645
16	-129.97171	70.12961	-0.04858388	-311.69745	101.128204	-35.262917	0.048741195	-34.471077	-35.272343	68000	-0.011544641	2986.1794	0.0	-109.68738	1.3477114	1.3858079e-09	16.774057865142822
17	-104.773155	62.054626	3.222075	-259.1957	109.28571	-36.84064	0.018520633	-36.451164	-36.846035	72000	-0.0054903533	1715.5718	0.0	-36.54956	1.343925	8.7916857e-10	17.74915361404419
18	-123.82484	68.497925	58.183517	-272.18253	134.85715	-37.795338	0.14434414	-36.977238	-37.839	76000	0.0037630498	1972.2805	0.0	-129.26538	1.3415148	5.9604655e-11	19.50754189491272
19	-109.92916	49.530254	-22.367708	-233.28958	109.638885	-38.473354	1.51274	5.7420874	-38.563904	80000	-0.017025296	1269.9126	0.0	-51.652832	1.332416	1.5050172e-09	20.492520809173584
20	-123.45817	79.22904	30.110558	-320.64127	114.44118	-39.601242	0.09366009	-37.899937	-39.629025	84000	0.0016928315	2618.8809	0.0	-53.26465	1.3175429	7.45058e-10	21.505207777023315
21	-121.90019	85.09286	-25.631865	-334.12534	113.02941	-40.738483	1.5155475	-3.6940665	-40.838886	88000	-0.0014556795	2691.0393	0.0	-88.3811	1.3100822	-2.4884939e-09	22.530457735061646
22	-112.064384	73.95858	10.508551	-309.19257	116.48485	-42.203323	0.039106585	-40.739304	-42.21016	92000	-0.0045051426	1739.6489	0.0	-25.823364	1.302616	-1.6540289e-09	23.538569927215576
23	-123.72046	99.8448	17.855236	-381.9825	123.8125	-42.741867	3.0360641	-3.9664621	-43.126488	96000	-0.009374538	3523.4316	0.0	-102.91089	1.2952819	-3.0398368e-09	24.570896863937378
24	-131.21283	109.529274	21.31967	-402.16406	123.83871	-44.464237	0.020302702	-44.099216	-44.46844	100000	0.00047427416	3802.9827	0.0	-75.70764	1.2771927	-1.2814999e-09	25.619711875915527
25	-94.61681	90.898575	25.497309	-323.9882	129.43333	-46.028103	0.020312479	-45.63185	-46.032093	104000	-0.012984201	2178.166	0.0	-1.4899292	1.2715039	4.3213366e-10	26.686333894729614
26	-104.896286	71.75873	2.0026379	-270.87384	129.4	-46.34058	0.0051023113	-46.212486	-46.34308	108000	-0.012904447	1531.0656	0.0	-2.6376953	1.2580845	-1.117587e-09	27.799094676971436
27	-140.97867	83.63367	-21.981947	-364.66953	133.24138	-46.637367	0.013095791	-46.34269	-46.640636	112000	-0.0020091236	2768.8447	0.0	-58.752197	1.2325649	-1.1473894e-09	28.94727087020874
28	-174.6769	100.38972	-21.434032	-376.1306	152.11539	-48.04631	0.0056106728	-47.925987	-48.04904	116000	-6.555766e-05	3396.2021	0.0	-133.8346	1.2395395	-1.8179416e-09	30.041778802871704
29	-87.15407	98.907005	49.8802	-306.3594	222.88235	-50.22886	0.09627193	-48.831486	-50.25374	120000	0.0029537305	2552.8213	0.0	-44.69104	1.2466557	-1.0430812e-10	32.22484087944031
30	-134.36176	93.84245	17.802847	-289.4022	192.23529	-49.125584	0.66909724	-41.65632	-49.283096	124000	0.010221849	2865.1077	0.0	-15.043457	1.2284547	-1.9073487e-09	33.7239727973938
31	-129.69987	101.822845	6.171666	-380.14337	159.625	-48.739513	0.21416917	-44.176186	-48.762268	128000	-0.002009824	2325.335	0.0	-8.861206	1.1890521	-9.834766e-10	34.83574986457825
32	-156.8484	94.05957	1.5677215	-333.1697	158.58333	-49.28918	0.20197138	-45.199574	-49.313393	132000	-0.036195375	2448.659	0.0	-63.46765	1.1889124	8.3446505e-10	35.92279767990112
33	-153.69302	114.50196	5.6945643	-353.529	211.23529	-50.859547	0.05287721	-50.38161	-50.879597	136000	0.008987103	3311.3945	0.0	-0.28234863	1.2143381	-2.3543834e-09	37.89578175544739
34	-139.08452	106.661606	5.762834	-354.7873	156.625	-50.977562	0.026620675	-50.48246	-50.983208	140000	0.0125558	3103.3682	0.0	-19.775757	1.174875	0.0	38.97419595718384
35	-117.798004	97.32426	26.053148	-306.35938	241.8125	-51.863403	0.046896964	-51.28712	-51.881393	144000	0.02150087	2025.6355	0.0	-26.294373	1.2128708	-6.556511e-10	41.42961263656616
36	-100.28762	85.61304	36.550518	-267.82043	190.45	-50.86978	0.023778273	-50.606995	-50.880238	148000	-0.006615039	2376.3667	0.0	-35.582764	1.1749203	1.6391277e-09	42.52919387817383
37	-116.028725	97.58924	17.86444	-287.7425	176.55	-49.536922	0.0759375	-48.23083	-49.556065	152000	-0.0006921999	2528.5215	0.0	-3.788086	1.1738343	-2.9802327e-11	43.76266074180603
38	-125.5356	104.312035	18.02067	-337.2105	247.33333	-49.054882	0.10794167	-47.191113	-49.091667	156000	-0.00055483356	3183.2554	0.0	-18.827148	1.2030182	2.8312208e-10	45.795246839523315
39	-100.711586	84.21143	17.369137	-286.7829	185.33333	-48.05319	0.46241713	-41.500557	-48.131447	160000	-0.0138701685	3063.2046	0.0	-122.781494	1.182874	-8.940697e-11	47.076171875
40	-78.68056	85.51818	52.707363	-252.36357	221.11765	-46.75911	3.0170522	22.284624	-47.126015	164000	-0.020625137	1756.5266	0.0	-70.09851	1.1920966	-5.364418e-10	49.04220390319824
41	-75.364815	79.961586	32.82159	-244.82056	161.70833	-45.26004	1.4973946	-12.516145	-45.50249	168000	0.005976185	2091.097	0.0	-30.670776	1.1591904	-1.1920931e-10	50.11800193786621
42	-65.48836	60.511707	22.985401	-234.48872	161.08696	-43.855812	4.7109594	19.554043	-44.611572	172000	-0.026096534	1663.4757	0.0	-312.67178	1.158386	1.6391277e-10	51.28033375740051
43	-77.15135	76.40126	37.688534	-254.51479	204.42105	-36.348274	3.7581027	-4.567754	-42.53874	176000	0.004794359	1505.0758	0.0	-104.803406	1.1873709	1.0430813e-09	53.175755977630615
44	-65.23738	68.30562	61.3575	-210.75691	227.41176	-31.924212	3.1809924	-23.35213	-42.588818	180000	-0.025758363	1579.6637	0.0	-160.8501	1.1926962	5.2154064e-10	54.90680980682373
45	-45.332268	67.16663	41.09564	-221.37833	216.75	-22.13762	5.3802357	3.8261948	-40.11043	184000	-0.031291272	1680.3538	0.0	-161.6919	1.1942155	-2.0116568e-09	57.264301776885986
46	-33.46404	50.064793	34.37899	-168.2367	155.88	-14.718573	7.0138073	15.474317	-41.83756	188000	0.010922439	1216.9785	0.0	-213.17535	1.1335125	-1.7881394e-10	58.354227781295776
47	-50.917088	54.493443	18.39229	-203.33746	160.68182	-18.937191	11.433814	-7.5230885	-42.748337	192000	-0.036479652	1043.1636	0.0	-58.666718	1.1703107	-3.248453e-09	59.53058362007141
48	-14.92248	66.155846	32.46413	-199.78964	320.9	-26.815222	13.100603	-6.58235	-43.24772	196000	-0.017691836	1300.6448	0.0	-410.23038	1.2397861	-3.5762788e-09	62.12508797645569
49	-27.09625	40.274033	41.78944	-126.85006	172.40909	-2.4760845	12.232116	21.569708	-42.434643	200000	-0.028941996	1054.5001	0.0	-358.4339	1.1546428	2.6822092e-10	63.22362971305847
50	-20.73673	52.17436	48.665916	-169.46143	219.0	-19.072102	19.03238	9.471322	-43.412163	204000	-0.027901944	1007.3943	0.0	-225.8829	1.1633075	1.0430812e-10	65.33966994285583
51	-20.841957	38.366127	30.880938	-106.78366	224.76471	-8.460746	15.869357	3.8551383	-43.087006	208000	-0.038102563	809.339	0.0	-120.94211	1.1638414	-1.3709068e-09	67.43871283531189
52	-13.556207	52.75526	39.196434	-178.98967	295.76923	-13.557983	15.23521	4.230988	-43.19074	212000	-0.029135235	721.40314	0.0	-62.36209	1.1949215	2.7865172e-09	69.5414867401123
53	-55.84191	75.50598	10.71475	-298.17123	280.30768	-5.7903266	14.021441	10.460857	-43.488125	216000	-0.025398131	1351.3738	0.0	-168.91931	1.1596855	2.1755695e-09	71.63445973396301
54	-80.91691	88.725624	25.838375	-235.0753	554.4286	-22.473457	13.773804	2.75313	-43.72873	220000	0.022703938	1496.5464	0.0	-155.03174	1.1955365	3.129244e-09	74.61130285263062
55	-55.44777	92.60112	50.427094	-270.49332	327.8889	-14.597965	11.054442	0.61631155	-43.23656	224000	-0.026507027	1486.9436	0.0	-128.56268	1.1487936	-3.2782554e-10	76.94523072242737
56	-64.26499	47.053944	0.0120944595	-123.649155	249.11111	-12.725533	9.4197645	1.661668	-43.887085	228000	-0.042929947	810.0039	0.0	-106.36688	1.1338181	-1.9818545e-09	79.39211964607239
57	-115.6151	102.62938	28.030544	-311.0119	410.1111	-12.569969	17.80662	3.4116008	-44.423836	232000	-0.009177059	1650.0757	0.0	-288.6159	1.0931778	1.7136336e-09	81.35500478744507
58	-99.40737	123.05541	41.758934	-254.95879	595.3333	-17.56868	13.386923	1.7655761	-45.349663	236000	-0.05634048	1250.0453	0.0	-265.44498	1.1330576	6.705523e-10	84.58808279037476
59	-135.66484	115.07052	40.30044	-297.50955	489.2857	-18.506504	16.83966	2.8203268	-46.293518	240000	-0.034095738	756.5926	0.0	-57.31067	1.0885788	1.4901136e-11	87.07844376564026
60	-207.49173	97.75941	-76.85892	-412.16504	440.85715	-13.990292	16.91283	4.6300845	-47.858234	244000	-0.021394491	2016.6599	0.0	-368.08105	1.0807388	1.2665987e-09	89.27661180496216
61	-141.99461	93.08622	-44.727882	-271.01324	682.4	-24.613232	14.830391	-9.204721	-49.01934	248000	-0.0078041106	1364.2104	0.0	-128.17496	1.0900724	3.4272662e-10	92.11497688293457
62	-109.29105	91.40621	45.70342	-230.62128	533.5714	-16.328835	8.421299	-5.829467	-48.549168	252000	0.01015663	1156.0865	0.0	-25.499542	1.0688344	-3.1292438e-09	94.78350687026978
63	-136.75577	73.062645	-16.308924	-241.3173	420.75	-13.774243	1.4754415	-11.64355	-49.358585	256000	-0.011786878	931.6129	0.0	-54.159668	1.087599	6.109476e-10	96.81144499778748
64	-84.41405	53.004692	18.142567	-160.14558	384.0	-16.017805	0.8266089	-15.5306	-39.548595	260000	-0.030039225	1179.6549	0.0	-48.603607	1.1095955	-2.4735929e-09	99.26966190338135
65	-46.91671	66.77128	76.69332	-167.33511	374.75	-20.296759	6.354879	-16.945559	-50.357143	264000	-0.042249896	957.23694	0.0	-81.59335	1.0889549	6.556511e-10	101.61207675933838
66	-61.13022	91.673134	44.568348	-222.35991	517.5	-17.337503	4.491892	-16.088573	-49.997105	268000	-0.018377032	1298.8164	0.0	-37.50238	1.0996275	-1.1771917e-09	104.23209190368652
67	-17.543299	54.12857	57.437206	-106.251625	485.0	-15.885025	3.8149536	-14.563276	-49.97979	272000	-0.04262053	821.687	0.0	-60.239166	1.1416957	-3.2782554e-10	106.58396577835083
68	-7.1838684	37.168087	31.976677	-67.40664	620.0	-14.224445	5.448862	-10.257435	-47.039684	276000	-0.0650143	516.8495	0.0	-35.93187	1.1545854	-8.3446505e-10	109.63020181655884
69	19.436594	69.97827	94.70349	-108.72546	734.8	-10.846553	1.9053705	-9.994631	-35.95799	280000	-0.065747045	1048.3131	0.0	-52.82007	1.2171344	2.1755695e-09	112.51014494895935
70	-17.50127	35.274315	39.804504	-71.59615	295.1	-8.002304	2.1439495	-7.2366586	-46.16824	284000	-0.04180578	1147.7618	0.0	-46.955322	1.1770086	8.940698e-11	114.22483086585999
71	-0.93294334	64.1632	94.528915	-114.678734	494.625	-13.34065	10.264511	-4.079145	-47.89579	288000	-0.031838086	1079.7493	0.0	-87.07201	1.1874812	-1.3262034e-09	116.72760486602783
72	29.603638	39.319405	72.896774	-50.9064	453.33334	-8.726667	5.554809	-1.6873479	-31.907412	292000	-0.05779207	612.88446	0.0	-190.41466	1.2123208	1.5795232e-09	119.25250887870789
73	21.213964	50.230965	114.45088	-37.824696	558.5714	-3.5508013	12.248511	8.704326	-44.74628	296000	-0.05480334	621.1276	0.0	-25.297241	1.1960683	6.705523e-10	121.92029476165771
74	-11.319977	43.53382	58.67175	-83.130424	396.77777	0.4034428	10.774262	9.534777	-40.704624	300000	0.0030997545	960.5665	0.0	-181.21164	1.1486027	4.3213366e-10	124.20206880569458
75	3.4528995	64.37817	128.18317	-88.670296	409.77777	-5.6360354	11.133308	8.732339	-47.18185	304000	-0.019453013	834.65173	0.0	-65.08377	1.1729524	-1.0579825e-09	126.19560980796814
76	11.340996	31.80633	54.35692	-35.97326	702.2	-10.967443	12.919642	12.368675	-47.462734	308000	-0.060860813	496.9442	0.0	-174.5146	1.1858138	3.427267e-10	128.61020493507385
77	2.5088973	33.908394	67.189316	-52.571667	286.69232	12.287108	15.526999	24.741442	-47.132263	312000	-0.0133404285	1137.6074	0.0	-527.8014	1.114943	-3.9339065e-09	130.72602581977844
78	10.797091	44.33498	114.68813	-46.39124	325.1111	-4.3766646	19.385548	25.59849	-47.78901	316000	-0.04043632	779.34845	0.0	-92.69235	1.1533656	-2.0861626e-09	132.59241771697998
79	27.31805	73.94333	224.08446	-27.16376	388.22223	1.7986606	20.61158	34.87692	-48.305885	320000	-0.05555124	738.13446	0.0	-106.13202	1.1262958	4.3064357e-09	134.5234727859497
80	-38.943768	37.52905	10.386714	-113.595985	307.7143	-1.4481635	17.13726	31.726473	-48.124107	324000	-0.04357433	687.19867	0.0	-87.77986	1.1555793	-1.341105e-10	136.56627297401428
81	-9.72867	90.47689	110.2239	-102.623566	661.0	-6.2452765	16.20108	31.25288	-48.867424	328000	-0.0007656142	597.827	0.0	-45.441376	1.1375387	5.8114535e-10	138.8528287410736
82	13.250334	61.05192	108.65836	-69.20195	478.85715	3.9316804	16.8918	34.397724	-47.621067	332000	-0.036561776	813.37866	0.0	-195.51593	1.122415	-3.129244e-10	141.4286777973175
83	-67.99058	60.23781	16.091417	-185.34596	556.8571	-1.871271	18.022728	33.759388	-49.12857	336000	-0.013077278	1012.4084	0.0	-302.89432	1.0790651	1.9222497e-09	143.45696473121643
84	62.642242	38.338135	121.7311	15.327058	1000.0	-6.8278446	6.3003597	20.494537	-34.79793	340000	-0.04474946	320.11554	0.0	-159.17984	1.1295781	4.0233133e-10	146.1567108631134
85	43.06182	72.08255	113.05605	-61.66936	730.4	3.1616433	9.588223	32.400402	-9.0582	344000	-0.013059057	471.75388	0.0	-77.14073	1.1055229	-9.834766e-10	148.75412774085999
86	-17.756807	56.216778	85.98534	-68.21601	649.0	5.413779	8.861004	36.09162	-10.917687	348000	-0.0052544614	646.5955	0.0	-103.300995	1.0414255	-8.940697e-10	151.16418981552124
87	33.445602	31.066505	85.885376	9.945308	1000.0	-3.1699057	5.3997083	27.515215	-11.971163	352000	-0.038561426	170.7102	0.0	-29.574379	1.0464514	2.533197e-10	153.49588465690613
88	-17.311886	129.59317	194.18039	-146.59586	565.25	2.1786203	7.859623	36.01666	-5.86244	356000	-0.014053717	780.3342	0.0	-33.978302	1.0888796	9.983778e-10	155.9021236896515
89	41.25125	114.12456	203.19995	-84.385414	764.5	1.6079624	7.4566755	37.727364	-5.756336	360000	-0.028739247	517.51935	0.0	-61.203293	1.0496509	-5.066395e-10	158.0495889186859
90	-24.24707	96.57287	177.87462	-138.0206	513.2857	2.6486661	8.267104	40.239975	-7.4183683	364000	-0.006016474	937.6536	0.0	-133.5727	1.0472295	-2.4884939e-09	160.1017608642578
91	-68.39784	48.82143	33.294693	-111.1489	614.3333	-2.220418	7.890604	36.763847	-34.153324	368000	0.0021558553	911.4597	0.0	-116.31229	1.0741589	-1.5199184e-09	163.04512882232666
92	21.723068	31.641762	65.68266	-28.09014	754.8	-4.3642383	10.010949	45.75333	-36.65041	372000	-0.016487211	408.4738	0.0	-69.012184	1.0625298	-1.296401e-09	166.71242761611938
93	-32.685993	64.2612	76.87332	-86.64643	681.75	-2.2121696	9.489525	44.692097	-30.070251	376000	-0.0006975238	497.24292	0.0	-42.842392	1.0542792	1.4156103e-09	169.1081416606903
94	1.8652649	94.88056	128.79553	-138.63013	784.25	-1.7985651	10.865239	46.809753	-39.088997	380000	-0.0077733323	341.58823	0.0	-18.877998	1.0549393	1.9371509e-09	171.5279586315155
95	27.954952	36.847828	83.201965	-14.520957	826.0	-1.1633389	9.495674	46.98954	-50.61026	384000	-0.0143674845	431.80884	0.0	-53.898235	1.0067576	2.2351743e-10	174.81331777572632
96	38.12897	56.518764	127.634514	-28.750048	864.0	-0.088020995	8.548882	46.652355	-43.565414	388000	-0.0057541803	224.04263	0.0	-22.008408	1.0415395	3.874302e-10	176.91653680801392
97	58.28192	95.11614	152.5018	-78.364	868.5	-0.24492866	9.8285055	45.396313	-46.746307	392000	-0.009918496	430.2152	0.0	-125.2775	1.0232102	5.5432317e-09	178.94490480422974
98	85.22328	37.016346	138.1122	40.794548	798.5	4.6635528	17.209856	47.764946	-50.883987	396000	0.009987481	138.9861	0.0	-39.738937	0.98282754	2.3543834e-09	181.82531571388245
99	76.0103	73.569145	187.4421	-11.238032	701.0	3.9044561	11.123619	35.071194	-49.817776	400000	-0.03102604	379.1756	0.0	-43.156937	1.0223796	-8.940697e-10	183.9451127052307
100	82.346146	30.741573	131.55225	51.804836	1000.0	3.528215	10.473372	44.84874	-3.668337	404000	-0.020252628	84.437805	0.0	-21.244396	1.0071205	3.874302e-10	186.49587297439575
101	67.6413	55.983532	139.35385	12.509138	649.75	8.710953	14.9906025	47.35038	-47.8963	408000	8.430891e-05	365.36676	0.0	-54.065826	0.9633633	6.109476e-10	188.95861196517944
102	49.17891	85.94454	137.86734	-104.425835	637.8333	7.657701	13.639262	47.17208	-49.420345	412000	0.017407387	591.3375	0.0	-84.574554	0.9360389	-1.2218953e-09	191.2266047000885
103	23.441568	35.84546	103.71674	0.5439235	333.2857	7.6136966	16.357409	48.395702	-50.88384	416000	-0.0018405095	658.6928	0.0	-114.40986	0.92974854	6.2584876e-10	193.27050280570984
104	49.923504	77.339714	160.79913	-30.988737	477.33334	3.4716954	14.219523	48.279343	-51.287136	420000	-0.009942188	609.1996	0.0	-153.73671	0.9212849	3.4272668e-10	195.2985270023346
105	54.132893	54.46629	124.61557	-11.34873	528.6	3.628497	19.303566	49.421383	-52.113605	424000	-0.026421126	434.15494	0.0	-98.08699	0.93436015	1.6242265e-09	197.49730777740479
106	57.6261	61.722477	157.09502	-5.9368377	449.85715	13.638283	20.005781	49.701046	-52.106644	428000	-0.02178821	642.67145	0.0	-186.54126	0.92340785	2.8312208e-10	199.6619427204132
107	98.45857	68.0785	162.74652	4.619031	696.6	-3.3913772	18.901611	49.014133	-51.46018	432000	-0.022549972	643.0885	0.0	-275.82886	0.9260793	6.2584876e-10	201.54116868972778
108	124.37601	19.586607	143.77925	95.51827	1000.0	5.3858614	15.388505	49.908176	-10.453138	436000	0.017014567	125.764404	0.0	-73.59343	0.91698426	1.6987323e-09	203.55484580993652
109	89.67084	82.19039	167.04237	-33.387466	711.0	13.63777	20.004875	49.786617	-49.022644	440000	-0.01099126	559.5062	0.0	-136.29082	0.9157112	2.30968e-09	205.36202597618103
110	82.837685	64.39948	155.81932	17.232244	628.5	9.319623	16.071926	49.13076	-25.87356	444000	-0.006521061	309.76376	0.0	-53.417213	0.89658916	3.8295984e-09	207.51507186889648
111	106.48616	72.345345	193.9938	19.88672	702.0	9.752515	15.201224	47.782455	-25.27316	448000	-0.0026893094	308.10367	0.0	-67.080475	0.8807411	1.7881394e-09	209.85039162635803
112	113.714905	74.387215	202.24039	-1.9201535	652.25	9.449127	16.978922	49.404915	-51.81775	452000	-0.04393041	279.74564	0.0	-47.259125	0.88170815	-1.4752151e-09	211.92079782485962
113	24.46792	110.16772	179.3771	-82.20023	513.8333	16.01461	16.280884	49.59796	-7.7306924	456000	0.01830332	1416.786	0.0	-369.322	0.9143597	-8.3446505e-10	213.96122789382935
114	14.748096	65.396286	134.51602	-63.2554	449.625	8.528471	16.006924	50.156048	-27.143696	460000	-0.033382595	948.468	0.0	-140.41345	0.9393171	-1.1920931e-10	215.70530676841736
115	126.653656	7.376361	135.35686	119.31425	1000.0	-3.722655	10.576656	42.80417	-8.784065	464000	-0.010339054	254.79831	0.0	-161.08598	0.82029676	9.983778e-10	217.93228483200073
116	108.64142	72.32613	182.58961	-2.1433117	820.0	8.371467	18.65437	50.322792	-11.674412	468000	-0.043637265	235.9002	0.0	-56.29686	0.8667425	-1.1622905e-09	220.07072281837463
117	20.98466	105.666916	181.51193	-76.02342	534.8333	10.166639	16.876665	50.01662	-17.521585	472000	0.0043352842	773.89154	0.0	-202.64113	0.90005445	-7.301569e-10	222.0746307373047
118	91.25958	110.72351	241.47063	-42.780403	646.4	1.997691	14.137231	49.090286	-19.994856	476000	-0.03809831	655.2076	0.0	-56.95993	0.91408837	4.768372e-10	224.2147536277771
119	31.186218	113.10255	192.2913	-81.077705	625.6667	5.613009	12.943083	47.511597	-34.83602	480000	-0.0031290054	794.05524	0.0	-32.12323	0.92193604	1.2665988e-09	226.33251976966858
120	150.60947	29.324652	185.47845	104.18319	1000.0	3.798607	14.65228	50.75775	-45.77731	484000	0.02659792	116.30751	0.0	-52.35012	0.79976803	-2.0861629e-10	228.40798687934875
121	-5.1371193	81.1973	116.595505	-93.12971	568.0	13.580639	18.255491	51.42326	-49.903717	488000	-0.017823216	1077.1633	0.0	-342.3388	0.89429295	-4.395843e-09	230.27742886543274
122	32.939533	92.2337	131.05632	-91.09118	658.5	-0.8748985	12.38634	44.842712	-47.85997	492000	0.01086282	680.27905	0.0	-71.36174	0.8517283	-4.0233136e-10	232.77978587150574
123	-19.322231	78.10062	87.99015	-99.90092	630.6	3.821985	18.101124	51.95654	-43.24713	496000	-0.032574084	744.1925	0.0	-35.611725	0.88695216	2.7865172e-09	234.85804796218872
124	79.65865	65.51466	154.44585	-6.703993	703.6	0.85461414	17.533283	52.14953	-53.65903	500000	-0.03641761	274.58273	0.0	-36.312904	0.8147367	7.1525574e-10	236.84307098388672
125	132.4188	88.37741	229.97981	-10.954124	762.5	3.1743617	17.329664	52.093395	-51.050556	504000	-0.030304108	421.4803	0.0	-71.230484	0.78407884	-4.4703485e-10	238.9640336036682
126	115.65457	51.40042	177.79639	41.195766	1000.0	4.9535527	17.609838	52.88292	-49.743828	508000	-0.09287211	235.4314	0.0	-63.784042	0.7710422	2.8312206e-09	241.09888172149658
127	190.41022	58.64503	271.46573	121.60836	849.0	6.0997396	15.106894	52.33257	-6.950908	512000	-0.0640464	383.636	0.0	-137.31732	0.77851367	-2.0712614e-09	242.9285228252411
128	228.84256	22.60743	255.19788	195.06912	646.5	20.684353	11.36088	52.87751	-29.007607	516000	-0.109776616	438.661	0.0	-67.346985	0.85524386	2.667308e-09	244.9178488254547
129	132.70831	104.18923	265.77524	-15.870553	581.1667	24.047663	7.606186	51.76655	-23.537815	520000	-0.05351104	799.6146	0.0	-55.128967	0.832537	2.1010638e-09	246.91079378128052
130	185.37367	92.22265	251.22668	2.2646415	614.2	21.236116	8.689628	47.645695	-38.054287	524000	-0.06906369	597.9245	0.0	-149.87088	0.7944068	-2.2947788e-09	248.6765387058258
131	229.59744	21.843252	266.07147	204.46965	527.8571	14.477907	22.311878	52.26639	-32.763756	528000	-0.11164614	1519.691	0.0	-928.7899	0.7851896	-5.513429e-10	250.37688493728638
132	234.03825	16.212334	259.8165	207.35533	405.42856	30.296608	5.6158338	49.244057	16.516134	532000	-0.14249334	662.7435	0.0	-77.591064	0.8819016	1.1026859e-09	252.0208146572113
133	161.35434	142.67877	273.6326	-86.317825	467.42856	34.523857	7.5513783	54.23117	-22.661123	536000	-0.04698437	1443.9783	0.0	-551.7694	0.84682226	4.768372e-10	253.6412296295166
134	167.27008	97.43838	248.95856	-23.258154	443.625	25.861172	20.932575	51.286842	-28.110117	540000	-0.121897504	1371.7532	0.0	-268.50623	0.84595776	-6.854534e-10	255.34569478034973
135	195.77649	97.951904	281.6231	-14.0675745	358.3	25.945578	12.934344	50.860966	-30.973467	544000	-0.1645402	1028.8591	0.0	-294.64542	0.84204245	1.1473893e-09	256.9735128879547
136	140.2429	121.52214	294.25458	-42.36029	362.2	35.908165	11.697022	54.573257	-26.756859	548000	-0.10318366	1482.6453	0.0	-250.45319	0.8828454	2.577901e-09	258.47682189941406
137	149.53528	145.85307	279.892	-147.30943	370.44446	20.994785	21.243511	50.224926	-35.265903	552000	-0.08497397	1569.6637	0.0	-265.8241	0.8889818	1.8626451e-09	259.96186804771423
138	219.06477	82.09671	293.6275	-17.731152	338.3	35.995186	8.391044	54.276836	-28.760689	556000	-0.20166126	801.5231	0.0	-146.86702	0.8803201	8.4936613e-10	261.49655866622925
139	227.97733	63.21535	281.05753	46.013348	377.4	39.046837	9.608565	56.09169	14.2553215	560000	-0.14387786	680.8864	0.0	-107.29837	0.83820045	9.0897084e-10	263.0798089504242
140	174.06003	118.92612	262.9737	-71.573524	372.22223	41.45247	9.933316	61.633343	-26.730215	564000	-0.10130356	1050.5564	0.0	-219.31639	0.92098856	9.834766e-10	264.836238861084
141	111.42654	140.38788	278.69434	-56.542263	302.83334	36.242867	18.895689	63.733204	-33.653793	568000	-0.042363245	2179.7253	0.0	-675.0163	0.8976026	5.5134297e-10	266.23671674728394
142	169.60664	128.56381	310.08832	-53.322372	344.0	31.17992	24.58087	58.721634	-36.90393	572000	-0.09134452	1107.4175	0.0	-89.89142	0.86868703	1.7732381e-09	267.9417636394501
143	174.60593	114.86909	276.80264	-74.68775	364.44446	32.945374	23.411402	65.87443	-35.84594	576000	-0.08155416	1211.5782	0.0	-205.8881	0.8658124	-7.8976153e-10	269.6249978542328
144	129.62093	128.05878	269.9961	-51.938076	407.33334	35.51257	19.05367	64.96488	-30.165144	580000	0.001384031	1239.7372	0.0	-333.2025	0.8525367	6.4075e-10	271.2412247657776
145	193.22665	89.65591	270.3731	9.189354	356.1	26.935297	19.786724	59.594193	-26.544907	584000	-0.099975966	1347.039	0.0	-453.84003	0.8920397	-2.1010635e-09	272.7312808036804
146	137.56972	122.71076	281.11017	-37.410366	325.0909	39.81394	11.721077	65.891365	-21.923784	588000	-0.02896329	1752.2623	0.0	-315.1271	0.9257202	1.952052e-09	274.1747100353241
147	204.65344	81.22484	267.06967	-21.256687	388.77777	31.12812	16.473656	58.836727	-20.881313	592000	-0.13645336	651.59033	0.0	-145.69789	0.87208664	-1.8328429e-09	275.8685209751129
148	185.21756	100.58939	251.56798	-2.1473765	391.55554	40.15742	12.206077	63.41239	-0.6471073	596000	-0.07618731	927.09143	0.0	-97.67334	0.86932635	2.5331972e-09	277.5112509727478
149	213.8447	93.74139	271.1906	-39.69356	429.44446	39.96287	12.918583	65.73479	-17.11873	600000	-0.054587573	807.75726	0.0	-131.19681	0.83037215	2.4288893e-09	279.35090684890747
150	224.0646	39.43554	276.85764	140.81229	442.875	37.592945	12.778179	67.20222	8.897109	604000	0.009132206	531.00024	0.0	-73.684875	0.8159791	2.7418137e-09	281.07316875457764
151	185.56511	93.602745	283.9459	-16.762472	507.0	36.27865	14.202362	68.29952	-16.08472	608000	0.023866003	980.5558	0.0	-187.76721	0.7875973	-1.0728836e-09	283.1557137966156
152	240.1064	20.443108	265.19153	206.01495	473.125	32.976368	12.628066	66.21111	8.018312	612000	-0.12561432	391.93372	0.0	-185.00087	0.87698203	-1.7881393e-09	284.9991397857666
153	152.01628	112.04643	243.96193	-48.143402	455.125	31.573198	14.715049	64.53069	10.294104	616000	-0.031406417	921.0816	0.0	-78.71008	0.939463	-3.2931564e-09	286.847669839859
154	180.42725	125.67529	261.7951	-115.51785	484.2857	33.08975	16.858215	66.755714	1.2912185	620000	-0.011414859	871.2407	0.0	-128.76572	0.8318829	3.2782554e-10	288.44309282302856
155	232.26633	16.456816	257.25143	201.19589	449.0	27.496973	16.99143	66.69572	5.8441668	624000	-0.1263483	462.16025	0.0	-265.78348	0.867903	-2.95043e-09	290.13796377182007
156	207.8448	69.59526	246.62546	16.856022	402.66666	37.72285	14.825028	65.39166	9.414061	628000	-0.097912304	402.4249	0.0	-26.71785	0.89518714	7.4505804e-11	291.7883698940277
157	224.80629	20.147688	269.28003	206.09084	417.625	42.196148	14.26718	67.52993	12.858512	632000	-0.08392784	158.51302	0.0	-24.282951	0.85085475	-2.0414592e-09	293.4807198047638
158	171.51085	112.686554	257.65414	-43.393757	394.44446	40.306282	16.043467	69.38821	-15.291414	636000	0.012655461	1280.3195	0.0	-329.48883	0.82011306	8.3446505e-10	295.1908507347107
159	159.37688	112.96954	256.7517	-11.456954	379.8889	40.43683	13.636171	70.30773	-9.353059	640000	-0.0064928792	1229.0122	0.0	-381.29694	0.9043566	3.606081e-09	296.9418387413025
160	186.04997	106.95012	272.72433	-24.84379	355.33334	37.117954	15.974253	69.4795	5.507529	644000	0.01393896	1085.4568	0.0	-219.5614	0.80286807	9.834766e-10	298.6217129230499
161	163.59079	108.48204	265.97986	-20.328714	363.2	36.133198	18.242716	69.38046	-18.73049	648000	-0.028995123	1012.78784	0.0	-260.75955	0.85402584	7.4505807e-10	300.07993173599243
162	136.8087	122.27167	260.1607	-20.33474	336.0	31.211826	26.023516	68.50126	-33.772102	652000	-0.012111535	1143.2231	0.0	-155.42789	0.88146687	5.066395e-10	301.55534076690674
163	190.03925	87.96131	260.28238	0.42852366	358.0	25.320107	25.424698	65.4634	-33.246326	656000	-0.10478106	1482.9556	0.0	-724.5758	0.8442595	-5.8114524e-10	303.10348081588745
164	158.92361	104.43718	263.66998	-13.915508	342.7	41.41776	15.387015	65.85483	-7.7483773	660000	0.032683194	1349.54	0.0	-316.73297	0.84031594	-7.599592e-10	304.6723458766937
165	88.94848	111.54529	253.69922	-26.724968	310.0	31.269196	17.898424	69.01555	-26.79814	664000	-0.015867282	1574.7618	0.0	-606.8871	0.8896141	6.6161157e-09	306.12736678123474
166	216.57613	78.0213	276.0986	-10.317537	373.7	25.499117	24.370398	64.26906	-37.619373	668000	-0.04474448	1456.4011	0.0	-803.89	0.8162941	5.5134297e-10	307.70356583595276
167	178.9096	106.20607	275.86942	-54.26751	378.3	43.804867	12.165473	66.34856	-23.370857	672000	0.033066735	1274.7538	0.0	-362.57745	0.7384745	8.642674e-10	309.24273681640625
168	191.73033	95.00613	259.24036	-34.83972	366.6	37.941803	17.422964	70.21785	-23.822296	676000	-0.03723608	947.64594	0.0	-437.51086	0.79538417	2.0861629e-10	310.7995126247406
169	228.15495	21.664822	251.94496	185.3211	423.375	33.726475	24.935394	73.98145	-35.74094	680000	0.054037254	778.71924	0.0	-299.3988	0.76313233	1.3411044e-10	312.41654777526855
170	113.12139	121.75485	269.50345	-35.741985	311.58334	40.347813	16.956802	70.82423	-20.73337	684000	-0.050056532	1921.1301	0.0	-610.8115	0.8657176	1.2367964e-09	313.82752084732056
171	126.59717	118.67104	257.8941	-23.9465	295.5	31.673082	25.803818	73.37125	-30.733313	688000	0.033590004	1515.117	0.0	-259.82904	0.8497429	-1.847744e-09	315.435467004776
172	156.0857	116.00937	262.9519	-58.158993	333.27274	29.963926	24.348888	68.03908	-35.59035	692000	-0.040023685	1224.8063	0.0	-293.53214	0.8717023	5.960465e-10	316.94149565696716
173	180.84415	98.39527	280.05627	-22.490646	381.3	35.68575	23.165878	70.95243	-24.237434	696000	0.03641736	1294.3701	0.0	-321.27893	0.747894	1.1771918e-09	318.49055004119873
174	95.305046	105.06296	234.16963	-16.210773	364.7	34.16621	18.626194	68.83523	-28.10609	700000	-0.03639283	1682.2466	0.0	-669.5502	0.8165314	8.4936613e-10	320.1707377433777
175	126.84375	117.86975	259.69583	-15.392158	324.63635	21.652624	24.437876	66.94162	-29.356733	704000	-0.06722705	1497.9022	0.0	-407.12668	0.83238196	-7.301569e-10	321.6764347553253
176	109.76217	136.5711	253.75829	-75.37608	325.58334	33.847446	26.9728	70.09808	-36.46579	708000	0.051392857	2249.8127	0.0	-645.3911	0.8564772	1.847744e-09	323.21010088920593
177	158.0788	122.22643	283.05066	-21.502544	339.81818	26.797972	27.4032	69.51513	-39.882473	712000	-0.006944187	1593.2361	0.0	-385.12897	0.7857096	1.4901164e-10	324.7175178527832
178	185.78813	104.937904	279.93216	-13.786657	313.91666	29.132294	24.361412	67.95671	-27.57092	716000	-0.05970598	1578.848	0.0	-828.70496	0.8244655	8.940698e-11	326.1776556968689
179	138.70473	134.16278	285.5316	-117.8549	356.1	41.168373	20.099403	70.52915	-26.035501	720000	-0.023906589	1359.0186	0.0	-342.3053	0.8284863	-4.082918e-09	327.75512766838074
180	150.35878	123.21424	256.4868	-32.164448	330.9091	33.196423	22.996761	70.48284	-25.863468	724000	-0.0069551133	1035.195	0.0	-211.58199	0.84254766	-4.470352e-11	329.2720320224762
181	113.41294	117.88326	310.12598	-31.560839	355.8	28.088072	27.085375	71.3945	-29.253662	728000	-0.0120452605	1588.3599	0.0	-360.9511	0.8398479	8.0466267e-10	330.9766128063202
182	155.07404	127.86715	280.01877	-54.597294	325.9091	19.783695	28.81125	68.19818	-43.787716	732000	-0.009234635	1155.0988	0.0	-262.7591	0.88488835	2.1755695e-09	332.48178577423096
183	169.61736	105.64484	236.06078	-106.251396	430.625	25.93859	27.209612	71.87324	-37.070644	736000	-0.04283573	779.32935	0.0	-342.19458	0.8634831	1.296401e-09	334.0911087989807
184	134.92102	146.7048	284.28177	-112.678	392.33334	24.302273	27.475922	73.00721	-41.60925	740000	-0.00802093	981.77466	0.0	-293.92764	0.83518314	-1.5795231e-09	335.68314385414124
185	113.54382	112.0434	211.94868	-67.80739	512.2857	11.046575	34.898304	72.66618	-55.327873	744000	0.038375225	1372.7972	0.0	-361.10876	0.8099972	1.4901161e-10	337.66006088256836
186	87.16147	153.92847	261.3303	-108.54731	414.33334	22.508938	21.58519	71.336716	-25.692163	748000	-0.0051810136	1829.3685	0.0	-631.6377	0.8467379	-4.917383e-10	339.19275975227356
187	132.94548	171.59764	307.08194	-170.00786	356.9	28.587864	33.757217	72.88438	-51.893986	752000	-0.018887233	1090.1238	0.0	-250.491	0.83924437	-9.983778e-10	340.6245708465576
188	177.13817	95.11131	273.52304	-11.317777	394.3	25.40804	30.36752	74.4973	-44.623318	756000	-0.04203991	971.71	0.0	-324.90836	0.8232053	-1.3858079e-09	342.38292479515076
189	160.00085	123.918655	273.76096	-50.981304	375.6	32.783875	26.857235	74.911964	-40.106483	760000	-0.015953	1219.1532	0.0	-172.94598	0.84226114	-3.606081e-09	344.05413579940796
190	153.64658	134.45796	292.34238	-82.30028	394.8	30.931742	25.578876	74.43889	-27.60958	764000	-0.025354259	1016.3187	0.0	-181.39172	0.88929564	-1.296401e-09	345.7701518535614
191	203.02548	115.16153	273.45105	-113.851494	414.22223	31.575191	30.527887	75.478874	-31.927149	768000	-0.011112634	564.3165	0.0	-111.498405	0.8454306	-2.0116566e-09	347.397362947464
192	99.16431	140.14494	273.99548	-48.66313	415.25	20.745205	25.709888	76.50838	-36.240223	772000	0.03316747	1131.7241	0.0	-251.34644	0.9040957	-1.1324882e-09	349.05270075798035
193	165.88936	93.39699	267.8619	-28.967146	431.66666	27.394472	29.131355	76.30393	-39.44086	776000	-0.019856151	1221.9907	0.0	-431.51163	0.81172657	-4.6193593e-10	350.8546350002289
194	207.37704	104.526375	290.64758	-25.54903	364.4	35.343773	19.948277	73.91599	-12.197685	780000	0.011332894	701.5941	0.0	-172.03818	0.8223342	-6.258488e-10	352.55376267433167
195	181.00098	90.11306	247.93541	-5.3755846	364.5	40.14028	21.251427	76.43635	-30.23961	784000	-0.019906554	699.4044	0.0	-193.6145	0.83998954	-2.5182962e-09	354.2187588214874
196	106.306114	140.22542	265.9711	-128.71378	366.2	36.275383	22.214657	76.08044	-28.19304	788000	0.080145925	1889.8608	0.0	-700.0673	0.8163303	-1.8924475e-09	355.96303367614746
197	211.91966	78.50273	274.47598	-3.0834448	355.77777	33.014267	20.360155	73.34145	-29.005423	792000	-0.043163877	713.3673	0.0	-361.75375	0.8475933	-1.7881396e-10	357.7213776111603
198	194.95218	97.712135	273.93997	-8.148755	349.5	42.891457	17.777617	77.284515	-28.893482	796000	-0.015999127	821.0174	0.0	-335.3169	0.85973316	-1.0430812e-10	359.31669187545776
199	153.17155	119.000046	280.08963	-3.4448416	303.58334	48.33893	22.56391	78.208115	-30.544415	800000	-0.0485015	1081.471	0.0	-405.9583	0.826245	-2.0861626e-10	360.91102266311646
200	163.3965	126.40359	278.34094	-50.0543	343.66666	43.60042	24.471123	78.885956	-16.153711	804000	0.101296246	1343.7299	0.0	-429.8164	0.71705866	-1.9073485e-09	362.5416347980499
201	183.03801	107.91482	261.07962	-54.917355	352.9	36.659508	20.249006	78.696724	-17.78932	808000	-0.10689989	739.7352	0.0	-160.84575	0.8206607	9.685753e-10	364.7680377960205
202	164.5071	145.80809	275.52267	-154.18651	349.36365	38.276337	27.603468	80.782425	-18.463694	812000	0.013143461	1427.5027	0.0	-281.15903	0.7793715	1.0430812e-10	366.5303707122803
203	169.74507	122.235664	282.29422	-31.480602	298.08334	41.987038	23.956207	78.57146	-21.20401	816000	-0.03749777	1141.6997	0.0	-297.55008	0.82769	1.3262034e-09	368.7771158218384
204	157.31386	109.15658	264.5466	-11.686519	317.9091	37.00932	24.405058	80.234314	-21.814388	820000	0.0135432575	1177.215	0.0	-191.83359	0.82016253	8.940698e-11	371.01302576065063
205	146.60204	130.51524	286.6204	-48.30974	307.83334	37.361176	26.406012	78.62506	-44.19582	824000	-0.011716943	924.68555	0.0	-196.98389	0.83242357	3.710389e-09	373.1079616546631
206	190.77022	111.22745	278.7543	-11.459307	322.33334	30.851816	30.732605	79.734	-25.929996	828000	0.0073436014	1329.3452	0.0	-327.5201	0.7450559	-1.1026859e-09	375.1880338191986
207	210.80486	89.02618	290.05264	0.6571523	321.33334	50.243492	24.190073	80.9682	-27.479555	832000	-0.03420122	1011.17804	0.0	-324.76645	0.7821019	3.1292438e-10	377.1508128643036
208	175.273	125.843475	297.10248	-42.40894	307.66666	49.04746	24.837011	84.45145	-31.152863	836000	0.0071511064	1635.2611	0.0	-406.38904	0.7843305	-1.4901164e-11	379.3520829677582
209	168.88257	119.93061	280.93695	-30.388802	290.91666	37.43875	26.297388	79.803764	-49.622643	840000	-0.02553216	1306.176	0.0	-344.5675	0.8162502	-1.4901191e-11	380.82878065109253
210	201.51872	107.79567	286.56775	-11.510671	310.5	45.765892	25.951326	81.388336	-57.42552	844000	-0.0015340634	1119.4431	0.0	-367.7655	0.7858833	-7.0035455e-10	382.29253673553467
211	225.05298	96.84101	293.7444	-8.059493	318.5	47.802773	23.914717	83.89971	-52.634243	848000	0.026112076	1606.1084	0.0	-882.2583	0.7027598	6.705523e-10	383.8073148727417
212	172.566	106.24917	291.46973	-10.777568	308.33334	52.936283	20.014841	83.241875	-29.455738	852000	0.040455814	1676.4104	0.0	-494.25244	0.77333814	-2.3841862e-10	385.67334485054016
213	161.65575	112.8005	265.79147	-9.799582	291.84616	35.15147	28.74346	78.49879	-51.26043	856000	-0.022308407	1350.2803	0.0	-576.1364	0.80991143	-1.5050172e-09	387.72452664375305
214	148.48558	123.75885	270.66525	-59.453205	316.75	38.875843	23.792654	77.60152	-57.14141	860000	0.030175358	1347.6555	0.0	-446.9455	0.7904413	-1.5497208e-09	389.78484296798706
215	240.81593	19.540922	270.36646	208.74155	321.45456	42.99418	24.835564	76.719604	-72.19155	864000	-0.06362646	772.213	0.0	-615.0906	0.73888767	2.4437903e-09	391.80456590652466
216	217.69463	105.01708	288.25375	-55.411488	319.91666	57.732662	17.647263	82.91032	-34.344788	868000	-0.04732749	788.66614	0.0	-349.46664	0.7837274	-2.9355287e-09	394.117360830307
217	165.01523	122.50203	277.5127	-95.41451	329.9	51.939186	22.499308	80.58255	-39.438534	872000	0.119409636	2293.5273	0.0	-1305.938	0.7752844	1.7732382e-09	396.0112748146057
218	264.7717	16.471607	288.08484	240.605	346.33334	44.48172	20.448845	80.77517	-33.372284	876000	-0.096539125	679.13403	0.0	-352.32947	0.72255754	-1.8775463e-09	397.5559277534485
219	223.43315	82.924614	273.28445	-5.7746983	388.66666	44.745506	23.131428	81.561646	-31.28025	880000	-0.054793417	936.3218	0.0	-412.70923	0.77851945	3.874302e-10	399.33246779441833
220	175.9674	107.56131	279.26056	-10.904243	346.5	44.80644	18.673977	82.70068	-26.615028	884000	-0.020359196	1246.1362	0.0	-351.86298	0.80165887	-1.013279e-09	400.905339717865
221	255.40616	16.984768	294.08447	231.44194	343.6	42.707085	22.913305	82.13588	-28.34484	888000	-0.05853659	436.91336	0.0	-317.35776	0.7858819	2.2649767e-09	402.47196793556213
222	223.68912	76.05998	285.96677	3.8154535	346.7	51.661304	15.81579	83.30676	-20.670366	892000	-0.03903183	459.0591	0.0	-137.60329	0.8220892	1.6391277e-09	404.0598258972168
223	201.76372	88.84206	283.8725	6.3617587	337.63635	48.39123	16.546665	82.22451	-19.10122	896000	-0.032089144	980.0265	0.0	-225.78079	0.83649075	-2.5331974e-09	405.623486995697
224	219.83284	76.015816	292.29504	-0.5074026	344.9	46.94246	16.538565	81.05005	-9.900859	900000	-0.043068476	505.25305	0.0	-65.503685	0.8641773	2.30968e-09	407.172700881958
225	194.41998	90.005936	291.9887	21.366781	335.1111	47.24285	20.89745	83.373535	-15.218637	904000	0.015735194	886.94934	0.0	-316.03986	0.81939644	-6.1094757e-10	408.8101918697357
226	229.47514	76.80287	279.05402	-8.282848	326.72726	43.78976	20.342913	82.59578	-28.876064	908000	0.00025705993	505.35992	0.0	-185.70483	0.83619726	7.0035455e-10	410.36120867729187
227	211.13004	122.14142	276.88766	-150.061	363.2	48.34229	21.87837	83.58164	-27.1258	912000	0.06289994	1117.2484	0.0	-339.07928	0.7684366	-4.0233133e-10	412.05173087120056
228	257.42596	20.336088	284.61063	217.06314	366.9	54.109215	15.595378	84.8976	-17.132807	916000	-0.072223194	379.43066	0.0	-120.01581	0.7987186	3.7252906e-10	413.5994198322296
229	211.54541	93.14051	279.16693	7.575196	338.0	54.726048	17.28653	85.47298	-8.362476	920000	0.04382073	806.4128	0.0	-190.2363	0.81508195	1.6838312e-09	415.07513070106506
230	222.79706	87.60415	280.30774	20.96841	329.63635	52.18554	17.467756	85.221695	-32.057	924000	-0.016426522	779.3085	0.0	-340.23663	0.7137362	2.2351743e-10	416.5409326553345
231	228.84775	59.641624	273.49243	46.54317	319.36365	52.462414	16.204782	85.557365	-11.23249	928000	-0.019376036	530.72546	0.0	-111.92771	0.7925938	-9.0897084e-10	418.03264689445496
232	178.1619	114.529274	283.1132	-2.266752	296.69232	52.66661	16.880444	84.0202	-16.191359	932000	-0.02169833	1135.8188	0.0	-411.11227	0.83248115	-1.8328428e-09	419.46918392181396
233	232.66338	65.007324	274.32626	52.35502	350.8	46.217632	25.295296	85.77463	-26.02121	936000	0.10736817	1161.8036	0.0	-718.2291	0.67625064	-5.960464e-11	421.12036299705505
234	193.8523	93.4167	276.2766	20.729958	312.66666	48.26396	21.568705	80.695076	-27.415022	940000	-0.044364132	1152.7064	0.0	-209.50021	0.80524004	1.2218953e-09	422.6083528995514
235	256.64636	22.751625	293.05533	209.67366	333.9091	45.877476	23.54708	82.87875	-24.383072	944000	-5.953014e-05	659.1597	0.0	-469.9124	0.74635524	2.8312208e-10	424.07304763793945
236	210.85822	98.80655	303.69174	-9.825157	312.63635	57.870556	18.785685	90.95755	-16.24717	948000	0.001975298	815.51166	0.0	-202.6315	0.77291614	1.9222497e-09	425.60232877731323
237	206.92523	102.06388	302.89362	-23.992817	336.18182	47.94861	20.002958	85.83799	-26.452309	952000	-0.033223394	776.69604	0.0	-181.37749	0.7608628	6.4075e-10	427.11691188812256
238	199.59834	95.46767	271.29327	-20.383863	334.18182	42.584965	24.876757	86.32921	-22.176022	956000	-0.0036083087	614.47986	0.0	-83.38318	0.83349645	-2.9802324e-10	428.6632797718048
239	253.23697	20.250269	280.21304	221.13028	335.5	47.517258	26.29229	88.51545	-31.063839	960000	0.020548724	496.8929	0.0	-428.36536	0.7768557	1.7434358e-09	430.19341492652893
240	239.29118	33.398727	298.36813	183.9357	379.44446	55.84539	16.85311	88.36737	-2.14776	964000	0.04037852	530.7816	0.0	-157.9822	0.764902	-3.0696392e-09	431.9263198375702
241	200.9593	98.72707	278.8832	11.893182	401.55554	48.96889	19.56752	87.169586	-17.945639	968000	0.03324908	788.62244	0.0	-313.04346	0.7675503	-2.0563602e-09	433.65556383132935
242	229.69243	60.323177	298.69394	43.105312	330.16666	49.878716	18.747765	87.1607	-29.685963	972000	-0.064643286	374.74994	0.0	-164.52037	0.798711	-1.847744e-09	435.2239558696747
243	192.54222	107.13124	283.39236	-1.0971521	305.18182	55.630928	18.594484	89.70115	-27.492144	976000	0.031021215	1186.7173	0.0	-316.82544	0.8162172	1.92225e-09	436.7247097492218
244	201.29941	108.30532	289.75607	-7.2736735	334.0909	44.412945	26.469646	83.55104	-30.599205	980000	-0.015130608	1423.6531	0.0	-414.1075	0.7112057	1.0430814e-09	438.12167596817017
245	239.02785	78.6473	287.08652	-3.8738275	344.0909	43.346874	21.401083	83.46485	-31.141186	984000	-0.03575346	733.46643	0.0	-259.47522	0.72680473	-3.144145e-09	439.52958488464355
246	123.733284	124.57828	265.04025	-35.057438	270.6154	54.93193	19.33577	92.20309	-21.523977	988000	0.001992762	2017.661	0.0	-837.88934	0.8441503	-2.384186e-09	440.951810836792
247	233.32422	62.555935	288.2935	36.397152	302.41666	31.7813	23.549114	78.212326	-18.515026	992000	-0.1164264	1662.1671	0.0	-1263.6313	0.81358534	1.4901136e-11	442.3378167152405
248	171.52492	104.92863	285.70135	-3.0365515	349.45456	49.00511	21.821722	92.157845	-29.50275	996000	0.026218584	1666.8335	0.0	-648.3057	0.7321793	-2.6077032e-09	443.8992519378662
249	210.75505	89.411804	265.59366	1.3048258	307.25	41.216953	19.63002	78.74845	-31.251322	1000000	-0.05636511	1042.9325	0.0	-307.26447	0.80306923	2.8908251e-09	445.3299949169159
250	190.39735	104.126785	271.6316	-28.370087	292.75	53.137226	16.20686	88.76713	-25.450153	1004000	0.010978423	1055.3547	0.0	-179.43353	0.81622326	1.6391278e-09	446.7450807094574
251	211.63576	97.076035	278.89386	-2.543528	303.83334	48.887592	21.796587	98.75793	-25.998322	1008000	-0.03173569	619.8991	0.0	-138.1464	0.8047573	7.0035455e-10	448.195280790329
252	245.83398	26.895655	288.60947	180.92917	351.63635	55.760258	16.516745	93.367195	-20.830961	1012000	0.07920116	404.38733	0.0	-190.27655	0.72825456	2.6226044e-09	449.85101985931396
253	219.64282	99.17992	295.54404	2.1432202	322.25	56.923306	15.554382	88.81606	-23.60071	1016000	-0.047280747	757.1733	0.0	-216.76868	0.7908825	-4.9173826e-10	451.3441388607025
254	247.26775	26.568659	283.23108	187.63725	353.5	51.001686	22.661644	87.63621	-37.550327	1020000	0.01165694	497.54266	0.0	-173.21233	0.77327776	-4.2617323e-09	452.7820258140564
255	240.86998	63.713425	286.86438	35.004982	326.25	57.630352	14.968796	82.39794	6.1921396	1024000	0.007256761	487.88934	0.0	-131.75253	0.76495475	8.3446505e-10	454.2477056980133
256	241.77107	23.216667	274.63232	202.87761	361.7	57.314827	14.431354	92.78063	23.63678	1028000	0.016898226	303.21887	0.0	-94.721725	0.7880374	1.0430813e-09	455.75984263420105
257	227.96277	75.13773	295.7817	22.30455	349.8	51.32353	14.46005	83.63801	-8.48956	1032000	0.055417918	998.37	0.0	-226.39822	0.76811016	-3.0249359e-09	457.18319177627563
258	247.89229	65.44303	294.87146	36.92249	327.0	51.22878	13.895726	79.223114	-18.9899	1036000	-0.084799185	530.4855	0.0	-127.46681	0.7981006	-1.7285348e-09	458.60547375679016
259	227.0545	74.74388	299.39664	60.798183	319.58334	58.031	16.20621	91.55735	0.39613676	1040000	-0.01662806	679.59406	0.0	-289.14496	0.81126153	3.2782554e-10	460.0872666835785
260	255.3553	18.20242	281.07797	215.46451	314.25	58.178883	13.588039	81.53227	-0.5038879	1044000	-0.017620431	145.38199	0.0	-95.59345	0.7594214	5.9604643e-10	461.5552568435669
261	251.22008	26.929926	292.54272	211.47632	334.72726	61.11475	17.362276	91.97394	-4.787594	1048000	-0.026619595	330.88324	0.0	-107.3956	0.73865557	1.1026859e-09	462.9888827800751
262	249.64136	34.17428	291.30292	164.39986	329.91666	56.128468	17.970814	87.68847	-13.50987	1052000	0.016819123	378.7126	0.0	-119.10162	0.7704214	-2.667308e-09	464.47285079956055
263	253.62442	25.420454	286.5506	214.2133	316.27274	62.408638	17.082094	89.47175	-10.910156	1056000	0.10272607	506.74982	0.0	-166.16852	0.7178079	6.8545336e-10	465.8891568183899
264	217.75873	93.51349	301.2886	4.326432	323.25	55.001507	21.05291	88.336075	-8.211671	1060000	-0.025076639	978.7903	0.0	-300.92303	0.68921375	-3.5762787e-10	467.2834367752075
265	193.90019	116.80868	292.60214	-4.6936574	259.85715	55.53046	23.609377	92.69892	-35.744877	1064000	-0.005675813	843.53845	0.0	-435.88843	0.7575936	-3.5762787e-10	468.5637798309326
266	169.96605	111.81052	281.18747	6.670954	260.86667	53.844894	35.72054	91.8259	-45.38928	1068000	0.022722512	1612.1548	0.0	-685.37146	0.76017356	1.3858079e-09	469.8763756752014
267	205.74344	98.318405	281.51077	19.642492	280.42856	49.521534	22.725811	89.127716	-36.444542	1072000	-0.0062771887	1349.3668	0.0	-534.9299	0.73060495	-1.3262034e-09	471.23391795158386
268	174.29446	120.87307	287.4584	-32.448048	246.0	51.921993	24.547564	90.65652	-28.229797	1076000	0.018543104	1324.4514	0.0	-525.2042	0.75766885	-8.34465e-10	472.5713186264038
269	173.52547	111.392136	264.53732	-22.496744	281.76923	44.642906	34.84394	93.643105	-53.904423	1080000	-0.029386127	1152.4242	0.0	-244.34872	0.75579286	-9.834766e-10	473.90243196487427
270	220.71764	93.17012	281.00363	-42.225216	275.42856	52.68966	28.17488	95.335175	-46.386295	1084000	0.011050828	957.7198	0.0	-422.1047	0.7226415	1.8775463e-09	475.24867582321167
271	236.36794	70.37678	284.1801	22.984573	326.9091	54.097305	26.876896	95.13347	-27.015451	1088000	0.050256707	796.69543	0.0	-325.09967	0.6582511	-1.4901158e-10	476.5642397403717
272	224.05147	65.15766	286.4014	40.960667	371.0	49.403996	26.026114	92.12543	-24.911974	1092000	0.00070680305	749.89905	0.0	-404.80225	0.70236236	7.0035455e-10	478.06704688072205
273	198.5278	106.71164	286.11563	23.466599	283.07693	56.5666	21.904808	93.000206	-44.858185	1096000	-0.067939855	1244.5413	0.0	-338.1403	0.7427447	1.3858079e-09	479.37254190444946
274	187.92278	119.55073	293.81934	-28.737516	287.53845	55.29129	19.887323	90.34022	-41.2739	1100000	-0.07525149	1298.7008	0.0	-243.2742	0.77637094	-3.2782554e-10	480.7760488986969
275	213.4746	85.589195	276.90152	7.368763	295.5	52.419003	17.609938	82.49597	-20.074095	1104000	0.010779768	727.72656	0.0	-116.65967	0.7561292	-2.9802272e-11	482.1105659008026
276	219.32002	83.9273	293.98602	39.340054	295.33334	54.598736	19.654427	89.57382	-27.91654	1108000	-0.026334137	742.80994	0.0	-139.92093	0.7892855	2.786517e-09	483.47783184051514
277	234.90077	70.393745	271.90308	3.7725358	310.5	53.61396	21.286873	90.05423	-24.65523	1112000	-0.012375552	417.6883	0.0	-246.01581	0.76122326	-1.8924475e-09	484.8872528076172
278	253.9477	21.730932	282.43765	218.03606	310.91666	63.118767	14.450832	95.3073	-20.133997	1116000	-0.065334484	115.08816	0.0	-46.233246	0.80625767	1.9073485e-09	486.34062480926514
279	259.40927	20.99879	294.33316	224.60457	324.16666	62.676907	17.795107	96.55299	-4.9563856	1120000	-0.019940533	136.01666	0.0	-65.96762	0.7571813	1.5795231e-09	487.8003809452057
280	244.4899	21.674494	287.6142	208.64323	353.0	56.38217	21.502914	90.54707	-14.507858	1124000	0.036176767	593.8563	0.0	-260.08185	0.75994486	-1.7285348e-09	489.43370270729065
281	206.7832	96.39124	277.2789	-15.753547	341.36365	53.689022	17.243988	89.22276	-18.334898	1128000	0.03376422	838.1316	0.0	-308.5989	0.7367933	6.258488e-10	490.9922478199005
282	266.41003	23.1143	298.19846	227.0742	329.72726	48.560608	21.364351	87.86669	-18.296925	1132000	-0.030081578	391.4822	0.0	-260.09906	0.7722417	-2.5182962e-09	492.49322271347046
283	219.83879	85.52621	289.01147	17.78001	298.25	60.89585	13.932917	85.25886	-3.886653	1136000	-0.003681818	743.9258	0.0	-209.3314	0.80096924	-1.1026858e-09	493.8830199241638
284	242.36317	62.69509	305.39374	47.68165	304.25	60.768116	16.624634	94.42056	7.201222	1140000	-0.055367574	456.17526	0.0	-98.526245	0.76619	-2.7418137e-09	495.24473881721497
285	258.09964	21.911201	292.82834	225.1721	310.25	55.525387	20.066145	90.47079	2.7611763	1144000	0.01930331	397.04462	0.0	-291.3362	0.77842855	-2.6077032e-09	496.6678626537323
286	248.81787	59.687317	289.92215	49.43708	283.76923	65.44919	14.258296	93.26775	12.4446125	1148000	-0.01836991	481.529	0.0	-67.07233	0.74347377	-2.8312203e-10	498.037713766098
287	237.45746	64.450676	292.18228	47.43533	336.45456	63.13156	15.654095	93.03869	-18.48784	1152000	0.037140194	823.227	0.0	-434.65387	0.66881675	-3.7550927e-09	499.41756081581116
288	244.08035	60.042156	288.6232	34.002556	272.2857	56.91102	18.503006	90.46605	-32.502853	1156000	-0.10162221	599.4553	0.0	-233.69833	0.73940015	6.854534e-10	500.7498757839203
289	243.22037	68.90479	297.55322	9.195937	274.6154	65.715614	15.042337	97.37199	-6.145095	1160000	-0.0054255947	548.3463	0.0	-109.07344	0.73072445	3.2782554e-09	502.1286747455597
290	264.09256	15.31896	283.5497	221.19812	294.0	64.395874	14.569462	89.22019	-22.135027	1164000	0.048457958	479.7173	0.0	-139.83679	0.696144	2.115965e-09	503.5242109298706
291	201.98772	98.07389	278.7389	16.899351	281.69232	63.491524	18.004547	94.63987	-18.54602	1168000	-0.04695376	1386.2084	0.0	-368.04868	0.71631765	2.115965e-09	505.0533187389374
292	184.23772	109.399315	287.00964	20.368063	266.7143	55.664948	19.05624	83.49315	-31.454857	1172000	-0.008849423	1289.5499	0.0	-193.97867	0.71223694	2.6375055e-09	506.31419801712036
293	236.88531	80.205284	292.94983	32.004425	252.4	50.598843	21.636444	87.4629	-66.94657	1176000	-0.022896595	1225.2954	0.0	-521.6632	0.69469976	-3.799796e-09	507.6126847267151
294	209.82352	95.64907	294.90347	24.080248	248.21428	67.50606	15.526365	90.75374	-34.81397	1180000	-0.026330322	1143.7166	0.0	-290.13614	0.6961162	1.3411039e-10	508.9110097885132
295	158.02081	112.2505	260.46317	-1.9813704	248.53334	58.580757	19.959808	94.93566	-33.046112	1184000	0.00566379	1672.4502	0.0	-641.17334	0.7345389	-1.1324883e-09	510.2062647342682
296	193.89594	107.04981	278.68796	-6.2197485	249.13333	54.03991	20.623337	83.49489	-35.155296	1188000	-0.02085302	1038.8597	0.0	-280.99762	0.69756013	2.5928022e-09	511.45595479011536
297	215.16856	107.209724	314.3417	-34.42129	265.30768	48.27232	31.143417	88.19559	-45.100346	1192000	0.036496628	1024.374	0.0	-311.6961	0.70778346	8.1956386e-10	512.8386266231537
298	243.05754	57.857697	305.059	46.106895	267.7857	64.51558	20.769875	96.193275	-19.603361	1196000	-0.04267802	642.7709	0.0	-268.26862	0.67500657	-1.5348196e-09	514.1935727596283
299	216.70697	86.40875	304.83594	-0.61948	346.54544	50.877625	25.165987	89.799416	-47.546005	1200000	-0.0025693122	868.6956	0.0	-326.6823	0.6856823	5.811453e-10	515.9636957645416
300	207.15958	103.13553	284.64584	-77.36621	346.2	57.35319	25.43191	96.13425	-30.187914	1204000	-0.08672364	1129.8826	0.0	-409.88104	0.6681266	3.4272668e-10	517.5159087181091
301	220.08342	102.76694	307.1254	-15.6814575	271.3846	48.67213	28.239511	88.684875	-57.3838	1208000	-0.062905274	958.16254	0.0	-217.5924	0.6757311	-2.577901e-09	518.8845388889313
302	173.25163	100.553185	278.37112	1.099435	401.22223	37.58655	30.580685	93.05607	-42.364014	1212000	-0.0043418873	563.25977	0.0	-173.29166	0.6906056	-2.2649764e-09	520.4727799892426
303	234.14307	58.092197	278.43253	56.308258	345.45456	42.96014	30.512836	92.00901	-44.779427	1216000	-0.03811104	701.7678	0.0	-261.18915	0.7026806	1.0877848e-09	522.0062577724457
304	209.8981	102.08764	278.54135	-11.272203	314.9091	52.507725	26.066273	91.69575	-39.22715	1220000	-0.0032186694	1136.4464	0.0	-486.31696	0.7011928	2.0563602e-09	523.334413766861
305	203.81328	115.717255	287.19373	-45.6064	274.14285	56.815117	19.375137	88.72122	-51.873547	1224000	-0.020072982	1196.5588	0.0	-619.26196	0.7308665	-9.536743e-10	524.6796517372131
306	264.8978	20.141104	294.79694	226.44864	289.58334	57.01539	29.627605	97.11892	-45.273075	1228000	-0.024930594	275.60794	0.0	-160.76178	0.7128172	2.9802323e-09	526.0115518569946
307	255.06038	68.78661	301.74576	32.36562	290.23077	67.83783	18.165625	99.801186	16.279324	1232000	-0.027882658	453.61777	0.0	-144.79407	0.738039	9.983778e-10	527.4127306938171
308	201.54349	95.62786	287.19928	3.8551772	385.75	50.85052	24.25072	97.753784	-11.742235	1236000	0.04137121	941.474	0.0	-597.8834	0.7600652	-1.4901157e-11	529.2838399410248
309	205.3412	95.47456	303.7076	10.877928	331.54544	41.655117	27.511461	91.85776	-33.059113	1240000	0.009806313	433.4866	0.0	-117.809875	0.6726764	-7.45058e-10	530.7059347629547
310	265.01648	11.64264	282.93588	247.06648	300.66666	56.07289	22.612083	91.04231	-37.664997	1244000	-0.034400456	517.6113	0.0	-448.5588	0.71766573	6.4075e-10	532.2257149219513
311	246.11401	78.66698	299.11038	-4.645962	305.91666	66.351295	15.646563	97.40584	-33.791157	1248000	-0.04091445	436.9616	0.0	-264.10657	0.76954186	-2.2351743e-10	533.6489987373352
312	247.24202	79.25982	301.8479	-18.561522	280.0	60.00453	23.601118	93.04076	-36.677826	1252000	0.003065275	478.83923	0.0	-145.30579	0.7153485	9.685754e-10	534.9528377056122
313	258.8489	15.477834	284.2107	233.47633	283.0909	64.19021	18.921171	95.633644	-13.545663	1256000	0.08814656	353.83713	0.0	-251.67267	0.758465	-6.705524e-10	536.3117868900299
314	269.57132	15.776975	303.0304	246.12866	324.72726	65.560936	15.50786	94.25211	-15.685432	1260000	-0.020000666	465.40378	0.0	-323.72354	0.7327735	2.9802327e-11	537.7325298786163
315	230.70432	94.4964	294.79166	-36.46129	275.57144	65.0262	15.8786	95.71848	-32.746223	1264000	0.011478899	884.62	0.0	-614.4147	0.7631813	1.9371509e-09	539.0726218223572
316	239.82011	73.92624	281.9345	10.6222105	305.36365	59.573837	22.250963	93.84057	-37.317726	1268000	-0.0044815037	572.234	0.0	-216.50665	0.73096114	-8.642673e-10	540.6139447689056
317	206.43118	103.449974	293.31418	-22.913301	264.64285	54.2208	23.79058	92.428154	-37.92235	1272000	-0.014260951	728.4429	0.0	-147.89445	0.7300044	7.8976153e-10	541.9155919551849
318	207.93462	104.1233	281.25784	-29.811956	313.58334	55.77461	24.65334	95.91991	-39.221413	1276000	0.053465225	754.70654	0.0	-353.1734	0.6908275	2.3692843e-09	543.4104228019714
319	240.03401	79.5497	313.92764	10.1278715	256.7	49.17057	30.856186	92.253525	-43.27213	1280000	-0.003281463	616.1757	0.0	-227.20555	0.6675295	-2.2202729e-09	545.0789189338684
320	246.92345	58.418514	290.75287	45.458565	282.85715	63.315304	17.810152	99.42525	-14.254436	1284000	-0.060061224	526.542	0.0	-170.23553	0.7476502	-1.0728836e-09	546.4352948665619
321	219.63063	93.00518	295.2852	-10.348939	288.6154	66.405594	17.572632	96.424706	-37.639957	1288000	0.009643234	814.04333	0.0	-450.14456	0.71475255	-8.940698e-11	547.7933876514435
322	225.26813	79.67849	289.83685	48.87989	362.77777	48.043446	29.830364	93.789375	-23.801477	1292000	0.048837844	833.47595	0.0	-439.67438	0.6465737	-2.0116566e-09	549.5296177864075
323	204.71317	87.55355	278.7739	21.51657	273.2143	57.582706	20.614216	92.85956	-43.132805	1296000	-0.086010344	906.4894	0.0	-306.6047	0.7715284	1.5497208e-09	550.8571467399597
324	244.22844	59.18889	293.177	48.705936	284.23077	57.141865	25.497307	99.390945	-81.99387	1300000	-0.03242873	743.4431	0.0	-314.76508	0.75859606	8.34465e-10	552.2079899311066
325	246.72142	75.144264	303.61667	14.958703	337.9091	62.701603	17.283512	100.32936	-28.296505	1304000	0.004487347	812.46277	0.0	-479.4281	0.72914255	2.4586915e-09	553.6186017990112
326	247.55843	50.91171	291.45282	107.28528	369.3	50.617897	28.75856	97.43294	-3.9781036	1308000	0.013778381	190.52837	0.0	-107.40196	0.7592452	1.0877848e-09	555.3462598323822
327	265.571	23.43407	302.1619	224.78592	301.9091	61.7755	18.741306	96.44074	-27.417673	1312000	0.050627876	352.24847	0.0	-228.84245	0.7163627	2.041459e-09	556.8093979358673
328	250.88225	17.223011	275.43457	216.76134	313.83334	63.48396	14.379115	98.57541	23.304104	1316000	-0.073316574	77.86348	0.0	-15.771233	0.7607549	-1.8328429e-09	558.2520596981049
329	256.2043	21.601427	294.88943	217.16548	320.5	63.731182	15.106168	96.88735	20.797407	1320000	-0.0037744772	91.24583	0.0	-18.463585	0.747169	1.1920925e-10	559.7040588855743
330	243.58098	77.294266	309.3492	-2.954004	310.16666	61.129295	17.396408	93.725006	-37.9699	1324000	-0.04687749	505.21332	0.0	-164.54997	0.7551105	-1.4901136e-11	561.186904668808
331	230.83365	73.46483	284.20398	5.256289	317.0909	54.191288	27.255789	94.04353	-37.0261	1328000	-0.05059833	809.83813	0.0	-380.29282	0.76680267	2.9802327e-11	562.7453088760376
332	250.51268	15.856594	268.45584	216.01054	310.41666	58.624813	18.461645	93.93599	-11.58657	1332000	0.052994266	201.56793	0.0	-89.96127	0.7624918	-2.5331975e-10	564.0989019870758
333	263.3184	20.873661	292.27042	229.92528	294.23077	65.118355	15.716787	97.8419	2.6113577	1336000	-0.061724357	119.27701	0.0	-73.33034	0.74340236	-1.9371509e-09	565.4554047584534
334	235.44997	70.523705	291.29572	-7.971013	273.7857	69.50384	15.72985	101.00161	-9.179928	1340000	0.045193277	396.7153	0.0	-126.88243	0.7255541	-1.952052e-09	566.8478536605835
335	226.48308	90.94126	304.48828	-5.604151	287.23077	65.20217	15.088299	93.963524	-50.317757	1344000	-0.010918872	915.2153	0.0	-285.8055	0.7235296	3.3378602e-09	568.2207999229431
336	211.01231	90.82437	307.90762	22.165876	282.18182	46.593204	32.41139	95.48084	-46.35007	1348000	0.058902156	732.8719	0.0	-262.777	0.62899935	-3.5911798e-09	569.7356488704681
337	231.0603	69.50797	284.80637	38.11314	339.9091	48.894073	33.215385	97.61139	-46.99639	1352000	-0.012101948	527.71405	0.0	-177.93088	0.6243895	7.450579e-11	571.1660478115082
338	227.39052	78.93304	285.93045	26.000437	264.64285	63.118267	22.613127	94.64964	-66.75765	1356000	-0.04223008	1064.7528	0.0	-334.68927	0.6931795	-2.8312208e-10	572.4622447490692
339	234.41136	78.601105	288.23727	19.147638	243.625	68.75908	16.603083	93.31689	-48.765335	1360000	-0.044301793	824.6909	0.0	-168.63441	0.64477706	-2.861023e-09	573.7017726898193
340	111.51358	97.956955	269.28903	4.641299	317.41666	53.374596	30.719862	93.14502	-38.468628	1364000	0.0217738	2183.6287	0.0	-1480.9117	0.6587596	2.8312206e-09	575.1228957176208
341	218.55034	96.76155	296.41513	8.862268	246.13333	34.460056	32.673214	85.684105	-64.64402	1368000	-0.03262325	2108.5063	0.0	-1350.7732	0.6098674	1.0728836e-09	576.3352739810944
342	212.08781	90.98365	299.6545	-1.4631957	295.0	61.439766	24.492537	89.73459	-37.32965	1372000	0.07599265	845.9227	0.0	-336.09677	0.6290238	1.4901158e-10	577.654572725296
343	186.07724	126.037865	290.683	-39.770947	222.11765	63.13783	23.736996	95.88641	-39.190964	1376000	0.012416043	1130.091	0.0	-417.51694	0.62945414	-2.3841856e-10	578.8584387302399
344	226.04434	96.52898	291.50208	17.056292	231.0625	64.82876	24.31539	98.442085	-45.771133	1380000	0.01638757	1068.8687	0.0	-181.70093	0.67609876	4.0233137e-09	580.0598027706146
345	224.56793	92.312805	306.63336	30.317469	232.6875	71.093575	18.649914	97.71669	-47.27266	1384000	-0.015682474	1027.7655	0.0	-155.07849	0.6306061	1.9967556e-09	581.266569852829
346	223.35864	85.42888	301.0338	40.47935	288.76923	57.311897	31.134481	99.57713	-48.785217	1388000	0.056067776	979.69727	0.0	-277.46353	0.66947675	-3.7252904e-10	582.6837687492371
347	171.59239	116.7607	318.0021	-4.85378	292.23077	46.556538	34.06885	99.693695	-75.71543	1392000	-0.029663473	1008.89014	0.0	-335.87943	0.6415683	1.5050173e-09	584.0735669136047
348	221.72237	99.48598	300.84747	-24.36315	247.91667	50.000004	34.180935	97.679665	-26.287167	1396000	0.030759279	1076.0698	0.0	-275.29382	0.55363005	-2.3543834e-09	585.6120607852936
349	192.57982	110.178276	296.66168	12.107756	236.5625	63.50437	23.565172	98.97132	-48.629585	1400000	-0.04926955	1576.069	0.0	-507.49863	0.6532846	1.6540289e-09	586.8401918411255
350	231.88954	89.439415	290.3373	-27.687857	255.06667	57.43235	25.514915	96.01515	-62.59362	1404000	0.060588192	591.78125	0.0	-257.9494	0.6486008	-1.2516975e-09	588.1494016647339
351	142.51965	127.67511	302.91385	-13.403959	305.7	34.938366	37.114746	99.12621	-50.91866	1408000	0.042533997	1203.7874	0.0	-509.7365	0.6463322	-4.246831e-09	589.7638306617737
352	227.62196	79.29275	310.7218	21.14793	275.64285	49.335037	30.625738	95.28701	-64.4574	1412000	-0.10832767	1534.8203	0.0	-1006.39044	0.61967504	-1.6093255e-09	591.0540909767151
353	187.9932	109.56561	302.99683	1.7806469	233.9375	64.08127	17.542145	97.84571	-17.257132	1416000	-0.009005408	1657.456	0.0	-569.87726	0.67635393	-1.66893e-09	592.3044009208679
354	165.94	113.32074	288.52402	-15.7369175	305.91666	42.70086	32.88784	98.310165	-54.93082	1420000	-0.0018739821	1568.4224	0.0	-490.6379	0.66841	6.705523e-10	593.865526676178
355	176.27576	96.67567	269.36893	-5.77496	457.375	30.674227	30.98932	92.1413	-48.19917	1424000	0.035096582	536.8167	0.0	-123.05494	0.667213	-1.0281801e-09	595.8420779705048
356	159.3795	114.015274	280.4305	-34.663082	324.8	31.969135	29.969946	93.68433	-62.06289	1428000	-0.026070567	927.1127	0.0	-251.54242	0.6843233	6.1541794e-09	597.5129458904266
357	227.27356	87.1857	314.51727	16.513506	348.7	42.863213	28.528067	96.12775	-45.745293	1432000	0.008710952	998.5056	0.0	-322.34033	0.6065906	1.341105e-10	599.3308777809143
358	188.51527	122.41457	291.88382	-6.775459	276.23077	51.835423	23.116426	94.976715	-51.834427	1436000	-0.06001404	1266.2998	0.0	-323.5828	0.7149296	-2.4139881e-09	600.724761724472
359	232.44939	90.10261	298.04834	14.195822	380.55554	42.453632	31.962051	98.41772	-50.74626	1440000	0.057814196	600.08624	0.0	-204.75034	0.5854631	2.1755695e-09	602.1379337310791
360	240.7523	14.07113	269.5561	221.7104	325.18182	52.42415	22.141651	97.97	-46.663467	1444000	-0.09588787	458.65533	0.0	-234.87361	0.7429737	-2.5480986e-09	603.6828668117523
361	229.69647	69.71394	274.2065	13.589147	333.63635	62.705658	15.207659	98.83618	-45.59723	1448000	-0.07543356	648.8092	0.0	-180.07826	0.7406893	4.768372e-10	605.1680886745453
362	267.1498	17.312155	294.1244	243.14146	310.27274	52.320484	20.272366	89.16913	10.386851	1452000	0.07075349	500.36057	0.0	-177.0726	0.6895371	-1.1920931e-10	606.7669219970703
363	264.77615	22.09789	301.52206	229.44812	304.33334	63.76193	17.076912	97.16582	21.669016	1456000	-0.07135372	108.263596	0.0	-26.807426	0.70624256	8.940698e-11	608.1431708335876
364	261.5548	20.268303	297.5834	233.43633	309.4	57.617233	24.413553	100.02883	-0.5937376	1460000	0.005236905	192.11163	0.0	-105.8246	0.7478796	1.4454127e-09	609.6700358390808
365	256.9108	25.836916	302.94073	222.32709	296.5	66.01088	17.37632	100.39003	-1.1411319	1464000	-0.042505294	147.82715	0.0	-60.963688	0.7239291	-2.3543834e-09	611.0333948135376
366	253.66722	19.80561	284.5498	219.25699	279.6154	65.65541	15.276343	92.48337	26.099731	1468000	0.06564389	74.71626	0.0	-27.34845	0.7200136	2.5331974e-09	612.3885128498077
367	247.80962	69.29697	295.2239	50.806446	304.8	68.29816	17.302034	100.49217	8.487183	1472000	0.08936784	1172.1392	0.0	-496.792	0.59551936	2.4139881e-09	613.9170989990234
368	224.23271	82.71935	308.9682	49.89565	311.08334	54.907	23.552425	100.69707	-34.920307	1476000	-0.10734616	968.7895	0.0	-312.2956	0.6704527	-4.395843e-09	615.4078207015991
369	218.67818	93.58007	301.4572	11.342145	260.91666	44.082676	28.13032	100.730255	-54.405586	1480000	-0.04077322	944.13794	0.0	-304.34177	0.66126865	-7.599592e-10	616.8291215896606
370	195.18636	108.66081	303.7972	-17.90195	240.66667	62.09261	24.31118	101.97381	-24.31983	1484000	-0.015962554	692.52026	0.0	-206.72519	0.6590594	-3.2633545e-09	618.1327149868011
371	195.56161	109.426796	287.53403	-19.943556	336.2	52.9921	29.169899	102.68112	-47.91912	1488000	-0.021148816	949.9127	0.0	-395.9708	0.67136663	2.9802322e-10	619.7521307468414
372	183.30838	122.60443	313.17847	-19.042986	222.625	51.86804	32.76534	102.66483	-53.239086	1492000	-0.034504138	955.24585	0.0	-153.24155	0.63683075	9.834766e-10	620.9981987476349
373	156.26192	124.48845	304.11954	-6.440176	246.26666	53.904057	32.566425	104.309326	-58.01128	1496000	-0.010941436	1321.2997	0.0	-447.71103	0.63931584	-1.5199184e-09	622.2871477603912
374	157.21477	114.215485	291.39307	-12.078187	275.2857	37.435165	36.76439	104.07053	-57.921085	1500000	-0.033479705	2078.931	0.0	-531.14087	0.5865768	-3.3527612e-09	623.6687469482422
375	191.59906	122.49586	305.24286	-20.00322	240.6	41.762814	31.948656	102.35136	-55.443314	1504000	-0.046350043	1305.6328	0.0	-321.15668	0.66545475	3.0696392e-09	624.9707038402557
376	147.82097	121.34913	301.36508	-19.773918	255.21428	54.038094	32.32594	105.48054	-47.53354	1508000	0.02305077	1138.6675	0.0	-411.63123	0.618015	-3.278256e-10	626.355970621109
377	256.9838	21.113564	295.69623	212.11813	256.26666	53.152992	29.215672	104.18928	-53.183617	1512000	-0.040678196	1103.9126	0.0	-947.34424	0.6326099	1.8328429e-09	627.611850976944
378	205.47746	120.073654	303.4976	-36.06906	270.57144	73.71902	16.079493	105.60061	-53.414413	1516000	-0.042482235	2146.268	0.0	-1169.4003	0.6358566	-1.937151e-10	628.9809358119965
379	210.89232	108.07005	295.72662	-20.01783	235.6	60.322384	28.269487	104.340744	-61.294903	1520000	-0.004877545	1040.3115	0.0	-153.74594	0.6630242	-2.682209e-10	630.2547798156738
380	151.25838	130.40079	304.3312	-39.943882	227.3077	46.649025	32.72221	105.70958	-61.17988	1524000	-0.02844539	1304.3116	0.0	-275.31824	0.6352217	-2.9504301e-09	631.7802770137787
381	179.80019	138.37442	313.8062	-93.18576	259.93332	50.944298	37.04452	105.24067	-62.098022	1528000	0.026112247	1373.3684	0.0	-398.03522	0.5962028	-8.1956386e-10	633.0149078369141
382	248.0822	66.12738	298.9651	13.251019	250.4	51.05406	37.120865	105.84838	-63.221504	1532000	-0.016343705	1517.0403	0.0	-1139.3662	0.6330226	-5.990267e-09	634.2727987766266
383	242.71736	69.83408	310.74646	16.010996	294.07693	70.84126	18.112204	109.45362	-18.05435	1536000	-0.026843347	600.5938	0.0	-230.28583	0.6504126	-1.564622e-09	635.6543867588043
384	205.5083	111.27826	294.81274	-13.512977	248.92857	63.09006	20.650879	106.49758	-46.257557	1540000	0.005327275	922.8676	0.0	-254.01308	0.6160363	2.1457671e-09	636.9788098335266
385	229.40489	70.519745	273.69498	2.3665922	303.46155	56.948273	29.129778	106.49728	-47.862137	1544000	0.011218214	1072.4663	0.0	-356.99915	0.6265175	2.2351743e-10	638.4207890033722
386	208.44353	105.57923	301.2755	-4.0148797	261.64285	52.719852	27.594837	106.07771	-40.87133	1548000	-0.033798948	1269.1946	0.0	-158.41653	0.6851957	3.2782554e-09	639.7330577373505
387	217.4181	95.575455	304.0463	16.51046	273.54544	51.43118	25.781487	107.453094	-46.092537	1552000	0.031075709	1149.4401	0.0	-317.48843	0.6619262	-2.7716158e-09	641.2944867610931
388	267.09647	24.067085	309.04846	224.33041	263.2857	64.10149	18.842459	106.33216	-12.562168	1556000	-0.036926102	218.99506	0.0	-132.00426	0.69007075	1.475215e-09	642.6199088096619
389	241.9485	63.83847	283.60675	27.173628	277.53845	68.202896	19.810976	107.697845	-58.233803	1560000	-0.0014023222	355.87607	0.0	-56.000847	0.69488347	-2.9802323e-09	644.0310137271881
390	249.19655	69.557724	299.8094	24.202686	298.75	62.753033	21.51466	107.20401	-41.698856	1564000	0.033210345	560.13403	0.0	-125.34442	0.6849667	-1.0579825e-09	645.4265279769897
391	238.3605	70.392746	284.06558	-0.97695845	266.84616	65.06304	20.513306	107.24438	-29.48891	1568000	-0.012398377	537.8446	0.0	-264.25827	0.6655247	5.5134297e-10	646.7271597385406
392	226.76823	93.8286	286.31268	5.1933975	253.53847	59.33112	28.932991	107.560814	-49.356083	1572000	0.00023171864	696.6184	0.0	-173.59734	0.648073	-3.1143428e-09	648.0626888275146
393	221.8503	95.8084	293.85727	-7.0665727	250.8	62.548122	27.201546	108.04429	-54.323025	1576000	0.0156239495	640.5573	0.0	-152.39627	0.6928984	1.5944241e-09	649.3917346000671
394	150.41792	123.215904	300.8864	-0.67743856	240.78572	52.32622	34.942497	108.2238	-57.946922	1580000	-0.029740918	1263.127	0.0	-634.5834	0.6487112	3.2037497e-09	650.6573748588562
395	263.90265	14.447029	282.35788	227.78333	263.42856	47.246773	40.441196	107.04263	-60.715427	1584000	-0.0018155463	1779.0618	0.0	-1703.2106	0.6594077	-2.1010638e-09	652.0142829418182
396	166.59238	132.04068	301.87018	-41.790535	245.625	69.75911	21.742695	108.65731	-37.808792	1588000	-0.011974055	2302.8247	0.0	-1367.7123	0.68852067	3.129244e-10	653.2968719005585
397	189.55583	104.98944	295.6881	4.2039747	386.1	26.029997	37.488205	107.553795	-73.2513	1592000	0.028592253	545.988	0.0	-272.2309	0.6089891	8.4936624e-10	654.9259746074677
398	233.84254	88.35334	306.43976	-15.340558	262.73334	52.683662	39.384876	107.70724	-51.713245	1596000	-0.04633976	1428.7278	0.0	-701.1693	0.6536193	-2.5629996e-09	656.2284348011017
399	178.03462	107.26952	291.98132	-18.723846	308.75	58.01472	29.52616	107.58938	-47.657154	1600000	-0.009967241	1296.0759	0.0	-667.17554	0.6612536	1.2069941e-09	657.7534205913544
400	229.83183	97.366684	299.27954	-14.491318	245.73334	64.223495	31.707937	107.24424	-62.46626	1604000	0.03926102	623.17017	0.0	-206.69887	0.61211103	-1.5050173e-09	659.0693109035492
401	230.63417	90.51905	304.2346	11.616096	259.92856	67.42322	26.379454	117.443306	-47.027054	1608000	0.02163869	869.74243	0.0	-247.02806	0.64103675	-3.054738e-09	660.3380198478699
402	215.70508	87.87843	295.96594	40.34117	255.92857	57.83882	31.837921	108.02731	-63.512127	1612000	-0.0029383786	1239.605	0.0	-365.69928	0.6570798	1.1920929e-09	661.6834769248962
403	256.17175	70.90163	296.48196	8.031893	253.0	65.5123	22.098228	104.30252	-36.843433	1616000	0.042713184	397.412	0.0	-147.29922	0.6764097	1.0579824e-09	662.9474008083344
404	203.83806	93.59335	299.34357	-1.9674076	303.08334	58.943382	29.537643	108.747	-56.995808	1620000	-0.004317646	825.82715	0.0	-269.00806	0.703336	-7.152558e-10	664.5078136920929
405	191.48306	111.19542	296.96255	10.613255	288.76923	49.129925	35.42068	109.11558	-57.582317	1624000	0.0076142475	1094.4071	0.0	-257.72662	0.6284635	-4.470348e-11	666.1774578094482
406	205.14882	108.87097	292.16068	-15.789281	231.625	57.949883	28.749844	107.82172	-74.98102	1628000	0.0316293	1281.1257	0.0	-244.6962	0.68317056	-5.9604655e-11	667.4057469367981
407	248.08992	45.04609	293.05936	114.42243	316.41666	60.683655	31.084505	108.78064	-15.7483225	1632000	0.07616504	287.3587	0.0	-110.87222	0.635265	9.685754e-10	668.8365998268127
408	241.09738	84.275635	301.5857	26.411444	245.8	67.716	28.230032	108.10797	-72.783066	1636000	-0.04660198	735.04407	0.0	-167.3864	0.6463715	-1.296401e-09	670.150664806366
409	236.4764	87.194534	308.069	7.974037	314.66666	59.40501	32.016327	108.79668	-55.662773	1640000	0.03442614	530.87604	0.0	-129.26907	0.6097894	-2.2798776e-09	671.9130117893219
410	258.119	13.30845	279.84967	233.87741	243.6	67.31525	22.28909	108.56831	-20.437052	1644000	0.04736304	309.138	0.0	-211.81197	0.6392236	-3.1590464e-09	673.2067747116089
411	264.40427	21.698847	295.64563	228.7212	275.0	68.59171	23.078722	108.61027	-33.273563	1648000	-0.009769015	218.41212	0.0	-101.10541	0.6248976	3.7252903e-09	674.6415247917175
412	234.94249	92.256996	306.4126	4.2340484	265.14285	71.7194	19.880568	108.9641	-54.682495	1652000	0.04365799	1032.7126	0.0	-473.4519	0.59633505	9.387732e-10	675.9697978496552
413	239.68892	76.667274	288.37277	43.972153	250.2	63.396595	27.51532	108.675545	-35.734035	1656000	-0.029461399	838.67596	0.0	-333.17645	0.61025393	-1.2069941e-09	677.2007439136505
414	183.82726	121.04183	303.2492	-13.663165	240.1875	62.304188	30.841372	110.93187	-62.1621	1660000	-0.027334623	1044.9363	0.0	-233.93118	0.649091	3.5017729e-09	678.4868259429932
415	215.543	102.01655	305.0173	-1.7180904	251.4	54.03764	36.879562	110.812065	-65.628334	1664000	0.0079618	1451.2809	0.0	-452.3611	0.61088234	-1.3411044e-10	679.8650166988373
416	194.03757	106.25652	281.01263	-21.406843	237.26666	56.149906	32.78805	111.75689	-63.12892	1668000	-0.021916963	1433.9845	0.0	-219.00377	0.6005174	2.7269125e-09	681.1777505874634
417	171.13765	115.3818	286.0081	-10.39021	222.17647	59.209316	29.374655	110.56846	-62.55646	1672000	-0.014210353	1239.3082	0.0	-410.89853	0.65671396	2.2649767e-09	682.380934715271
418	191.1058	102.24416	317.74304	-15.484833	230.11765	53.74704	37.598457	110.456635	-65.43376	1676000	0.035529308	1806.843	0.0	-506.3413	0.5961245	1.1175871e-09	683.6336858272552
419	166.85515	116.66738	280.51712	-31.476852	244.53334	59.434593	28.63312	110.77289	-63.71632	1680000	0.023244683	1364.2273	0.0	-489.66782	0.6160265	2.5182962e-09	684.9255638122559
420	159.31659	127.27984	315.0895	-27.767986	235.5	42.551964	40.97356	110.24183	-67.58467	1684000	-0.08649394	1341.8159	0.0	-504.46802	0.6234886	-3.799796e-09	686.1537568569183
421	205.4546	94.38969	296.8694	23.030624	236.5625	65.67626	31.316797	110.66848	-64.46083	1688000	-0.012705836	1572.888	0.0	-432.6201	0.62861884	3.1292435e-10	687.3793399333954
422	150.66208	124.19104	288.67487	-28.127518	246.25	48.438946	33.201145	109.13407	-73.93943	1692000	-0.012978546	1986.9513	0.0	-315.86456	0.64536905	-4.768371e-10	688.731363773346
423	184.42941	128.24889	313.93695	-26.921768	232.375	42.365444	36.0101	106.69667	-70.562935	1696000	-0.013767973	1292.3843	0.0	-525.35645	0.6237977	-1.0728836e-09	689.948796749115
424	142.70894	137.57425	321.04074	-49.02434	221.29411	54.50042	40.730656	110.999504	-69.316956	1700000	0.0015711635	1186.6069	0.0	-467.00546	0.6297269	1.564622e-09	691.176029920578
425	127.63575	129.12604	317.26935	-34.05213	231.78572	45.397156	42.766037	110.44682	-73.37101	1704000	0.023886014	1641.5173	0.0	-488.1221	0.5921868	-3.4868717e-09	692.7118787765503
426	209.7117	116.81448	313.9986	-32.535748	254.73334	38.31857	44.331203	108.73873	-78.78558	1708000	-0.048318136	1427.2402	0.0	-601.8628	0.63020176	-1.2814998e-09	694.025143623352
427	136.66083	123.2897	290.57315	-54.20446	247.2	48.997757	40.583694	110.58651	-73.2893	1712000	-0.02389343	1635.4363	0.0	-532.4754	0.65423965	-9.685754e-10	695.3882648944855
428	197.85696	95.26217	291.995	-27.566248	284.3846	42.018055	31.02958	105.53331	-72.01414	1716000	0.05357184	1254.3499	0.0	-413.52078	0.6529025	-3.4272671e-09	696.7790367603302
429	208.26207	108.49574	312.40808	-25.017752	268.57144	53.215897	30.945456	110.2265	-76.4841	1720000	0.03250133	575.0752	0.0	-294.07315	0.56200373	5.5134297e-10	698.078290939331
430	175.38898	103.258865	275.85086	-20.270622	296.15384	42.895164	39.427155	111.80398	-76.57696	1724000	-0.031294625	877.40125	0.0	-211.27774	0.62300044	1.4752151e-09	699.5685896873474
431	233.22984	61.129158	302.72772	29.383644	258.73334	57.579685	32.01555	111.984955	-59.204254	1728000	-0.016665969	546.9302	0.0	-334.98993	0.6393234	1.2665987e-09	700.8568208217621
432	160.6738	135.18571	311.90775	-30.253258	272.7143	62.858707	27.215034	112.213264	-52.760136	1732000	-0.01002273	1911.4558	0.0	-992.4127	0.63173604	-1.4901191e-11	702.2110688686371
433	229.04085	84.42614	294.54395	26.288136	248.71428	53.035435	37.952435	111.14594	-71.169014	1736000	0.0041751354	1038.8032	0.0	-314.57794	0.64792705	-1.9818545e-09	703.5693037509918
434	173.41331	112.62558	307.97913	-41.31371	279.69232	44.029964	41.20777	111.06988	-76.22353	1740000	-0.066242546	1735.3174	0.0	-363.8407	0.6352354	5.9604643e-10	704.8776817321777
435	208.44385	104.52528	305.01392	4.54269	265.0	49.145897	30.344292	108.91549	-71.99577	1744000	-0.054439824	701.5284	0.0	-222.27657	0.6464717	-5.5134297e-10	706.1084957122803
436	264.1874	19.338482	298.32257	227.5743	254.5	69.37388	25.387526	111.21648	-42.671215	1748000	0.070290305	264.47144	0.0	-136.77548	0.642545	5.066395e-10	707.3953487873077
437	186.20726	119.3203	304.06284	-17.327175	228.82353	67.0041	23.963684	111.55514	-71.097595	1752000	-0.012370372	1544.0474	0.0	-509.54315	0.686664	4.7385695e-09	708.6964757442474
438	242.99818	72.50954	306.53995	23.236233	267.2143	64.95976	28.332224	111.61706	-71.21677	1756000	0.053242058	909.6348	0.0	-367.53577	0.60652876	-1.1920929e-09	710.1420059204102
439	208.10101	90.582954	280.83105	11.547581	290.30768	53.694492	34.308636	112.357376	-72.028404	1760000	0.06502799	1601.3381	0.0	-836.65894	0.5637634	-2.4884939e-09	711.5289587974548
440	249.83284	61.100098	295.31046	21.357769	241.5625	69.547195	25.017988	113.266594	-73.619835	1764000	-0.034816816	446.63458	0.0	-88.75099	0.63378656	3.2931564e-09	712.7704808712006
441	234.41324	79.95717	312.32297	0.4602311	283.76923	61.948143	36.98978	113.93238	-42.50953	1768000	0.005512869	461.6544	0.0	-128.86835	0.6664085	5.3197144e-09	714.2604649066925
442	232.46214	82.75586	298.19104	15.46675	247.46666	73.567795	22.339725	111.54047	-67.434456	1772000	0.029185908	692.9569	0.0	-200.06148	0.61216104	-1.5199184e-09	715.5637218952179
443	211.46407	89.07691	289.79712	-13.7351465	233.53334	65.73761	25.760035	110.89296	-49.70586	1776000	0.015748318	1118.6553	0.0	-297.91885	0.6803203	8.9406965e-10	716.8793869018555
444	238.81784	77.107735	292.3595	28.08419	262.85715	56.699436	29.714474	112.30163	-70.72558	1780000	0.012338467	969.8153	0.0	-371.04498	0.57859766	-9.834766e-10	718.1583926677704
445	219.67915	94.529976	285.23734	-4.404689	235.0625	76.50992	22.450762	113.59864	-54.401897	1784000	-0.041637674	1080.6448	0.0	-271.36273	0.6261518	2.0116568e-09	719.4274628162384
446	197.64522	116.0197	293.05997	3.64713	302.75	50.252735	36.681034	110.38835	-64.747375	1788000	0.026285145	1203.6519	0.0	-347.19373	0.6321856	-1.7881396e-10	720.9790058135986
447	262.94284	19.604288	290.76456	216.01187	274.7143	52.823654	26.56816	109.364296	-44.73451	1792000	0.027051706	744.51807	0.0	-471.11215	0.630175	1.8328429e-09	722.2877507209778
448	217.71935	93.32117	317.3556	15.866505	291.92307	61.573334	35.36154	112.206505	-38.253345	1796000	-0.012376782	923.2007	0.0	-214.31305	0.664002	2.6226044e-09	723.8008308410645
449	251.57616	59.838444	283.7575	46.58798	235.38461	57.389187	32.776455	112.2616	-47.426678	1800000	0.004380867	692.0243	0.0	-229.90715	0.6312327	-1.6391277e-10	725.3713507652283
450	229.71541	85.0102	310.12814	-54.352036	301.92307	57.755005	34.212276	112.9328	-53.790493	1804000	-0.03403322	725.01965	0.0	-270.29626	0.58112603	-4.4703463e-11	726.7336688041687
451	240.11644	82.74969	302.5256	29.295128	249.26666	69.25946	23.222391	112.424545	-49.92468	1808000	-0.041178353	663.9048	0.0	-203.74826	0.620044	-1.3113022e-09	728.0039608478546
452	182.37134	121.02833	294.2584	3.1071558	227.70589	65.707375	28.927052	114.050354	-42.900326	1812000	-0.03892748	1669.6194	0.0	-506.91315	0.6632852	-2.4884939e-09	729.2312037944794
453	265.81934	23.511314	302.3605	223.19443	254.0	67.36552	24.645203	114.157	-58.853428	1816000	-0.018894307	305.67242	0.0	-157.43497	0.64777565	-1.7285346e-09	730.5236768722534
454	259.68704	68.8099	309.66837	14.982299	243.4	66.07216	30.694872	115.07952	-39.833004	1820000	0.09504553	584.65955	0.0	-410.02875	0.63075525	-7.45058e-10	731.8145399093628
455	251.56787	59.518627	293.81955	41.960304	263.2143	73.61074	22.9745	115.52108	-51.527935	1824000	0.0056922995	256.11807	0.0	-74.771484	0.63100207	-1.6391277e-09	733.0773077011108
456	274.9043	15.252602	306.05847	245.58281	261.2857	77.698044	16.381752	115.23353	-4.3239565	1828000	-0.0056151096	137.77654	0.0	-43.66434	0.6691636	-2.771616e-09	734.341588973999
457	233.71039	72.25586	282.4124	35.436367	247.0	71.80175	21.470839	114.07591	-45.618744	1832000	-0.023814805	583.54517	0.0	-196.69775	0.68651426	-7.599592e-10	735.6034460067749
458	238.09349	82.59985	296.06964	22.0322	259.6	67.61856	23.49877	110.63557	-50.92471	1836000	0.002767522	475.0561	0.0	-215.55623	0.6807715	-3.9488075e-09	736.9034056663513
459	237.22186	68.13883	293.58447	-9.318592	260.46667	69.42871	24.324743	113.872086	-64.75378	1840000	-0.012936965	366.42996	0.0	-74.45024	0.66394156	3.9488075e-09	738.18718791008
460	244.52689	74.56153	298.40692	-7.2375355	263.15384	72.04285	18.348791	114.42636	-48.48247	1844000	0.013521728	488.24115	0.0	-111.1745	0.63137686	-3.2037497e-09	739.4927606582642
461	214.68195	97.23211	287.13303	-12.70001	241.53334	64.21443	27.924126	113.69796	-60.2929	1848000	-0.010649979	684.2459	0.0	-151.31535	0.67958987	1.564622e-09	740.7688958644867
462	265.07916	17.488123	296.02045	242.15097	274.5	71.398	22.044092	114.32373	-35.914787	1852000	0.052464943	698.4336	0.0	-475.3807	0.61789167	-1.2069941e-09	742.2862627506256
463	264.5712	19.354998	290.47952	229.50798	247.21428	72.48735	18.759243	114.89772	-1.0473028	1856000	-0.045436602	231.29259	0.0	-115.31675	0.64969057	8.9406926e-11	743.6487817764282
464	195.08116	86.74218	265.19955	32.029507	368.7	50.579838	36.698723	115.58093	-53.981007	1860000	-0.010146521	1230.1746	0.0	-792.1629	0.61156976	1.7285346e-09	745.3497779369354
465	248.69826	56.27188	286.74213	42.983604	237.46666	61.56655	25.114964	112.438286	-56.9346	1864000	-0.058845114	435.68365	0.0	-291.61124	0.63230085	-2.5331974e-09	746.574805021286
466	263.13104	18.35868	292.11282	215.1719	282.69232	70.15509	27.041971	115.82561	-9.580135	1868000	0.03326843	308.5304	0.0	-122.905106	0.5830313	5.364418e-10	747.8897836208344
467	226.92921	97.45347	305.29214	20.786602	285.6154	62.005592	31.43005	115.225334	-63.514324	1872000	-0.048682064	639.5798	0.0	-513.2545	0.6310129	-3.0398368e-09	749.2301247119904
468	257.3451	36.515125	291.27737	152.53183	337.72726	55.307648	37.146236	117.86753	-40.162292	1876000	0.036388207	356.7096	0.0	-197.41505	0.6203555	9.685756e-10	750.6529338359833
469	224.64082	69.48035	292.32495	53.86611	379.3	56.412216	35.438423	117.272896	-55.286636	1880000	-0.001662083	949.44635	0.0	-627.4153	0.5771396	-3.4570693e-09	751.9735608100891
470	234.2898	46.58125	275.14484	148.58183	458.57144	43.78517	31.548164	115.58775	-24.27136	1884000	0.010077819	416.44653	0.0	-253.50505	0.60477626	-2.041459e-09	753.5793797969818
471	266.52502	26.095774	310.50137	199.84328	325.0909	47.067017	36.097546	114.84661	-55.328335	1888000	-0.07533952	864.77576	0.0	-753.063	0.57220745	-1.1026859e-09	755.0164549350739
472	233.9625	77.96401	314.4555	38.233524	355.4	68.92277	24.607388	116.56238	-78.28958	1892000	-0.038502168	1324.7084	0.0	-802.9445	0.59172267	-4.2766333e-09	756.6480948925018
473	243.302	71.459625	291.4428	33.920895	299.25	48.905655	35.546505	114.48201	-44.370903	1896000	0.02388075	702.6549	0.0	-304.2124	0.6031667	4.6938657e-09	758.1924288272858
474	258.0709	35.798035	307.1373	175.45422	447.375	54.710953	33.262493	115.43962	-13.303108	1900000	-0.031987473	667.1392	0.0	-406.15723	0.56922305	6.854534e-10	759.8210706710815
475	267.22675	19.734236	304.30988	238.27849	244.46666	65.1911	26.502972	115.13408	-67.74083	1904000	-0.13263173	444.13818	0.0	-322.4643	0.5986199	-2.6375055e-09	761.0432507991791
476	226.37239	97.68638	287.45334	1.1317023	276.75	70.33892	21.277752	116.13804	-8.99476	1908000	-0.0043794587	1217.8185	0.0	-537.3135	0.5961461	6.4074995e-10	762.3615050315857
477	262.38834	19.368103	301.88495	229.71797	240.93333	63.37644	24.360441	115.685326	-36.88922	1912000	-0.020767663	448.81433	0.0	-271.7896	0.6029985	2.1457671e-09	763.5989048480988
478	274.1983	15.928676	304.59503	251.83128	253.93333	76.580345	21.444115	117.032135	27.343973	1916000	0.05663063	170.42018	0.0	-39.466362	0.59095514	4.3213366e-10	764.8374378681183
479	271.95392	19.307701	303.79816	241.23602	238.66667	76.10597	24.682316	117.96889	1.6598929	1920000	-0.066867605	238.27872	0.0	-83.86028	0.5296312	5.5581335e-09	766.0809836387634
480	254.24919	73.534065	290.88345	-7.617812	257.5	72.862045	24.490307	117.665764	-55.248863	1924000	-0.013857383	373.32654	0.0	-151.62938	0.5576609	-2.6226044e-09	767.2748558521271
481	269.4316	13.183831	292.59494	233.93394	221.0	78.768486	22.081106	118.39943	-25.864056	1928000	0.03809215	334.8757	0.0	-251.9705	0.58427143	-8.7916846e-10	768.4541118144989
482	268.79935	15.492873	299.7454	236.22098	237.92308	79.30008	21.249018	119.32303	32.2376	1932000	0.05331516	540.9612	0.0	-376.46848	0.54720783	2.7269125e-09	769.7241296768188
483	230.93233	98.64611	292.94708	6.2645626	217.11765	77.562256	25.43468	118.67645	-68.426285	1936000	-0.074921235	1134.291	0.0	-483.3208	0.5478639	-2.2649764e-09	770.9124338626862
484	233.48082	88.69883	306.1282	19.331984	213.66667	75.81861	22.733013	119.48676	-38.077946	1940000	0.0026293714	962.3805	0.0	-180.8135	0.5568273	4.1723247e-10	772.110851764679
485	208.62936	110.46177	295.94867	-17.915728	259.7857	68.92187	27.160566	119.71423	-61.764984	1944000	0.013959523	1336.2979	0.0	-523.10034	0.5618472	1.0579824e-09	773.5948958396912
486	213.24284	87.39765	284.9721	31.458298	308.08334	51.051594	38.451263	120.09057	-48.066917	1948000	0.04671215	709.21893	0.0	-269.627	0.52241707	-5.3644184e-10	774.9893188476562
487	223.96257	84.629524	292.45575	31.94252	205.55556	73.31129	27.968918	120.661995	-59.005013	1952000	-0.036054034	1298.7399	0.0	-568.03516	0.5419471	-6.407499e-10	776.1391558647156
488	245.09677	72.72048	293.8789	31.662992	282.30768	59.29946	37.18669	120.61676	-29.27664	1956000	0.013687655	448.79605	0.0	-258.14105	0.5677396	4.917383e-10	777.8820197582245
489	249.7236	59.63479	295.11224	31.581474	226.5	85.4427	22.206514	121.49688	-59.927113	1960000	-0.041000582	403.54364	0.0	-200.83746	0.5425664	2.0861626e-09	779.0389068126678
490	186.75156	117.069534	309.38916	-16.555573	202.52942	74.334175	33.448776	121.3757	-65.88468	1964000	0.0021748506	1671.9045	0.0	-733.3618	0.53605604	-2.5182962e-09	780.2127187252045
491	227.9168	79.415726	282.51697	8.376235	314.5	49.626266	39.125572	120.55243	-77.21454	1968000	-0.008078419	703.17804	0.0	-328.81656	0.5846082	-6.4224004e-09	781.8406128883362
492	189.27264	115.06284	301.9516	6.753456	192.55556	62.74315	39.61703	120.48802	-111.04089	1972000	0.02226417	1034.0132	0.0	-254.36649	0.5703517	-5.364418e-10	783.0098078250885
493	221.97552	98.336655	291.42792	-10.334322	223.58824	68.67722	31.793297	121.620544	-79.21137	1976000	-0.05217342	801.41895	0.0	-401.98743	0.55601394	-1.4901161e-09	784.1718018054962
494	245.41951	58.93299	298.4981	94.08506	278.35715	62.681713	41.863308	122.89389	-56.924553	1980000	-0.011113217	304.78918	0.0	-76.64215	0.5779384	-3.3676624e-09	785.5599749088287
495	257.92697	61.380016	292.9826	29.09044	231.625	76.2045	26.07992	122.655685	-33.21776	1984000	-0.03826239	759.0633	0.0	-302.77924	0.5582091	-8.940697e-11	786.7938408851624
496	202.07787	105.29543	301.04745	-7.3184743	202.4	62.57244	41.603683	121.82747	-68.41851	1988000	0.01760918	1037.7904	0.0	-750.5001	0.59371686	3.7550927e-09	788.3152678012848
497	213.51277	110.931755	300.4918	-10.124139	216.94444	68.00561	38.205246	122.8915	-79.774475	1992000	-0.044699356	1984.292	0.0	-990.6341	0.5477114	-2.6375055e-09	789.4783217906952
498	216.4721	110.43722	312.72516	-16.740036	215.61111	72.23572	24.215096	121.90228	-79.18372	1996000	-0.021231081	1188.5546	0.0	-303.07883	0.55723596	-2.220273e-09	790.6963746547699
499	271.57986	19.108763	304.05685	230.91335	235.08333	72.94924	21.503376	123.17251	21.10464	2000000	0.09197022	736.4792	0.0	-625.1972	0.56421417	-3.427267e-09	792.0449087619781
