Epoch	AverageEpRet	StdEpRet	MaxEpRet	MinEpRet	EpLen	AverageVVals	StdVVals	MaxVVals	MinVVals	TotalEnvInteracts	LossPi	LossV	DeltaLossPi	DeltaLossV	Entropy	KL	Time
0	-240.85304	140.21948	3.2711353	-551.4044	85.521736	-0.08955033	0.03476512	0.09861755	-0.30860186	4000	0.0166919	23301.246	0.0	-1079.6045	1.3499324	7.7486034e-10	0.9611871242523193
1	-185.27644	108.821045	-12.219913	-575.7177	92.809525	-3.7033517	0.8986024	2.6355944	-4.55493	8000	-0.015229493	13293.739	0.0	-809.3384	1.3473682	7.450579e-11	1.8971891403198242
2	-112.63157	58.71331	35.838093	-331.37137	89.704544	-7.8666573	0.16225341	-5.8058085	-7.967753	12000	-0.0050801113	4391.729	0.0	-230.0791	1.3103136	-4.917383e-10	2.834622859954834
3	-122.682495	56.61132	-41.62159	-310.9324	99.89744	-9.987455	0.18154773	-7.2685122	-10.06848	16000	-0.007298328	4536.212	0.0	-256.89673	1.302968	1.1622906e-09	3.7903099060058594
4	-105.559555	67.059235	-15.259232	-348.88412	117.757576	-12.214379	0.11585597	-10.263277	-12.27108	20000	-0.00044547953	3004.915	0.0	-123.99939	1.2603041	6.705523e-10	4.794373035430908
5	-86.084	46.620514	12.375382	-227.1609	124.870964	-13.862213	0.06553152	-12.80878	-13.909976	24000	-0.014575147	1889.1582	0.0	-71.76459	1.23027	1.4305115e-09	5.80067777633667
6	-90.790016	70.088455	30.699154	-267.8114	159.16667	-15.145908	0.11119563	-13.370803	-15.201158	28000	-0.0010965457	2155.3438	0.0	-59.05182	1.1609066	9.2387203e-10	6.869433164596558
7	-105.454414	71.31266	-0.32326782	-255.82515	274.2143	-16.071672	0.7092133	-13.050317	-16.391603	32000	0.016008142	1533.1711	0.0	-23.655151	1.1293969	2.9802327e-11	8.689884901046753
8	-232.62772	154.05089	-12.42671	-518.93146	393.55554	-16.934528	0.4703791	-14.723397	-17.213516	36000	0.050169025	3378.59	0.0	-96.73865	1.0641512	-2.6524067e-09	10.874873161315918
9	-133.48085	70.09167	-8.890568	-252.90674	353.0	-18.468939	0.98823184	-11.28875	-18.796978	40000	0.055522934	1826.2966	0.0	-48.859802	1.0543536	-2.771616e-09	12.759778022766113
10	-27.07761	51.331432	55.67947	-122.00112	448.2857	-19.682447	0.23298153	-18.753849	-19.85384	44000	0.014431834	1289.6831	0.0	-23.09021	1.1139235	-2.3841862e-10	14.55768084526062
11	-46.63686	57.029488	48.557476	-158.63547	239.11111	-18.946976	0.24627484	-17.7295	-19.10864	48000	0.031573474	1473.7745	0.0	-6.7025146	1.0879829	3.4719707e-09	16.858690977096558
12	-81.07634	106.20197	58.801556	-183.34384	570.6667	-18.451189	0.25512043	-16.053156	-18.64244	52000	0.006873226	1686.4524	0.0	-4.5410767	1.0967028	-4.6193602e-10	19.05770182609558
13	21.717054	46.5687	68.87256	-52.053932	1000.0	-18.222504	0.17861852	-17.302328	-18.414616	56000	0.03690775	784.1498	0.0	-32.88678	1.0729756	2.2053719e-09	21.47216510772705
14	0.053338688	29.696709	49.865307	-51.767254	296.33334	-17.26689	0.13412781	-16.673979	-17.356474	60000	0.04971081	1319.8638	0.0	-41.99176	0.9723711	2.384186e-10	24.008988857269287
15	45.772396	78.68826	211.08405	-20.823425	273.9091	-15.952579	0.20855616	-15.029713	-16.063679	64000	0.03733444	2097.9783	0.0	-89.94916	0.8739071	4.4703574e-11	26.227763891220093
16	4.2563963	72.985756	226.86206	-81.399765	165.7	-14.040918	0.22993493	-12.831102	-14.191601	68000	0.038723435	2315.7354	0.0	-37.153076	0.8730962	1.1920928e-10	27.584661960601807
17	1.2303723	121.698875	261.38904	-203.48294	219.63637	-12.714324	0.27286628	-11.403497	-12.888117	72000	0.0415029	1975.263	0.0	-60.161255	0.763448	1.04308145e-10	29.174158096313477
18	33.052322	109.24282	234.79646	-71.86628	237.76923	-11.105079	0.4442314	-8.41966	-11.368868	76000	0.023378074	2067.0134	0.0	-148.99548	0.6557324	-1.6242265e-09	30.970829963684082
19	8.8091345	107.57269	214.66463	-97.851715	312.72726	-7.4850426	1.2698979	-3.1191058	-9.210902	80000	-0.0069644023	2037.3235	0.0	-123.282104	0.7589619	-8.1956386e-10	32.67153000831604
20	5.2531476	86.72417	208.21117	-76.273994	181.04546	-5.645462	3.9413345	6.604297	-7.8323083	84000	0.016569156	2128.1824	0.0	-57.065918	0.73416746	-1.4454127e-09	33.908944845199585
21	10.216802	96.61724	211.47363	-104.549286	282.64285	-3.2832148	5.0256486	7.348101	-6.7325587	88000	-0.012215375	1936.493	0.0	-22.002441	0.8734875	-1.5795231e-09	35.582019090652466
22	50.32567	89.952515	246.24731	-59.37094	219.41667	-3.9136567	4.542356	7.4693265	-6.6189733	92000	-0.0014419588	1526.1334	0.0	-55.805725	0.75899494	-4.917383e-10	37.312955141067505
23	62.56335	67.75444	124.89776	-58.484184	543.8333	1.5870483	4.838503	7.1081624	-5.1694193	96000	-0.02728397	1052.8032	0.0	-43.47052	0.8463268	-2.7120113e-09	39.55314779281616
24	61.92304	37.36601	113.08407	14.155593	433.0	2.4933176	3.0929725	6.6519732	-3.7145305	100000	0.042387076	786.4245	0.0	-81.5426	0.81823486	-1.1622906e-09	41.74385690689087
25	22.144821	69.44954	127.467316	-91.7027	441.625	3.1508203	1.0037029	6.095096	-3.388749	104000	0.02259055	1119.825	0.0	-69.58276	0.8387487	-3.1441452e-09	44.24987292289734
26	-34.53524	121.55535	42.64286	-275.5011	607.2	3.0222254	2.570067	6.4470906	-6.080241	108000	-0.038845062	960.54767	0.0	-145.7965	0.94634056	2.9802322e-10	47.28998899459839
27	-253.69876	124.1503	-104.75772	-385.66434	935.75	-4.9370403	0.6115851	0.16682297	-5.7525477	112000	-0.028416835	1373.804	0.0	-134.0831	0.97032905	9.834766e-10	50.214370012283325
28	-34.34358	182.89566	144.47308	-340.2476	755.75	-8.093719	1.3379879	1.0243392	-9.1254225	116000	-0.062465087	920.09375	0.0	-118.32895	0.94486296	4.2766333e-09	52.771761894226074
29	-97.15188	214.03598	227.16165	-310.5328	528.7143	-6.272686	4.7862363	9.393622	-10.115607	120000	-0.089727685	2111.484	0.0	-282.33405	0.852156	1.5795231e-09	54.80981492996216
30	-118.11996	129.35849	20.354364	-327.3218	487.8	-8.678027	7.692696	12.90387	-13.435321	124000	0.029715378	888.714	0.0	-136.38461	0.9243622	2.1904707e-09	57.41132998466492
31	77.81625	93.76131	251.24951	-29.086899	597.6667	-2.527893	10.670553	14.689722	-15.27244	128000	-0.016822934	682.3971	0.0	-116.929054	0.83002853	-7.1525574e-10	59.765867948532104
32	108.44084	56.6475	201.18352	27.625645	731.2	1.186509	9.642654	15.36117	-15.682518	132000	0.0053193644	459.4914	0.0	-53.78737	0.78552866	1.2665987e-09	62.782816886901855
33	95.38076	56.844845	198.67517	34.45802	616.0	5.8072414	8.776716	16.036177	-16.563107	136000	0.030993463	501.8271	0.0	-30.289566	0.7216778	-2.6673077e-09	65.19757199287415
34	119.86057	92.35669	246.99527	-12.574414	569.4286	6.2170367	8.425313	16.660065	-16.46426	140000	0.0102088135	796.34717	0.0	-28.846443	0.592195	-2.3841862e-10	67.40952706336975
35	101.01612	15.157052	117.94878	77.28656	1000.0	7.991086	6.3793893	17.525503	-13.833494	144000	0.07214195	415.03796	0.0	-84.65465	0.56402874	-1.9818545e-09	69.84805083274841
36	63.996643	59.564842	153.0138	-14.685644	415.83334	3.772828	10.863798	18.200079	-18.248316	148000	0.043934476	525.6924	0.0	-23.608551	0.60958165	4.0233133e-10	71.87294578552246
37	115.840065	101.68552	267.54602	-48.891613	519.3333	3.8479545	10.489745	18.789354	-17.407799	152000	-0.016177984	1015.5399	0.0	-44.68129	0.53736377	0.0	74.03839111328125
38	90.56676	80.58575	201.89609	-23.164028	379.9	10.656129	9.143338	19.53999	-19.298357	156000	-0.030552357	1476.908	0.0	-125.51727	0.5984032	-2.9206275e-09	75.75431704521179
39	73.87726	108.59455	253.95013	-28.903358	281.25	12.798098	6.4351683	20.276836	-20.384775	160000	0.024609728	1216.0164	0.0	-84.995636	0.53153837	2.1159647e-09	77.56572794914246
40	15.34899	120.12764	211.8438	-212.58237	263.15384	18.726547	4.337568	21.532639	-21.729477	164000	0.06036267	1856.8164	0.0	-23.613281	0.5982101	-6.4074995e-10	79.64495301246643
41	20.166252	95.72899	138.82097	-111.44755	591.0	15.954336	3.2081826	20.934397	-18.91999	168000	0.00406608	950.5144	0.0	-342.50317	0.68010885	4.3064357e-09	82.07601404190063
42	109.337166	100.95637	260.11737	-23.953173	821.75	0.20672876	10.370835	20.857422	-19.991137	172000	-0.13394469	617.01587	0.0	-137.04976	0.7742715	7.897616e-10	84.4922080039978
43	-23.421497	120.75845	169.92299	-248.0821	370.4	3.1807935	14.682715	21.867832	-22.135662	176000	0.0076047983	1639.8387	0.0	-301.85083	0.7286818	-3.4272671e-09	87.0226821899414
44	-82.51693	148.41632	186.33078	-247.99733	464.16666	0.34612554	11.036836	20.92722	-21.201283	180000	0.029565774	1377.449	0.0	-70.45862	0.81651086	-3.531575e-09	89.19361400604248
45	-17.470518	111.32885	152.28848	-207.3859	519.8333	3.766642	13.098727	20.614319	-20.658411	184000	0.03316445	878.6381	0.0	-57.9449	0.7174363	2.8461218e-09	90.97276282310486
46	-7.207217	125.12602	176.90314	-142.65982	370.375	7.0895724	12.197995	20.282516	-20.663948	188000	-0.031327542	1039.7284	0.0	-68.051895	0.77735025	4.4256447e-09	93.31516098976135
47	-52.589966	138.96477	180.84409	-269.62292	348.6	9.492278	11.257178	20.117687	-20.540932	192000	0.035944223	2046.9414	0.0	-78.2345	0.6609652	7.897615e-10	95.18316793441772
48	-31.282715	75.39599	90.377144	-133.08951	632.8333	5.14068	9.94187	19.045557	-19.517673	196000	0.03681282	816.02856	0.0	-176.58008	0.7843949	-2.5779008e-09	97.59705185890198
49	-36.137035	85.6605	84.500916	-193.44467	473.57144	0.6057328	13.463123	19.625023	-20.19934	200000	0.033880852	731.0873	0.0	-41.37021	0.7176439	3.3080578e-09	99.74536490440369
50	-38.180843	72.81696	45.099106	-146.56255	770.25	-4.5546427	12.784696	20.199024	-20.686855	204000	-0.0068363897	363.84787	0.0	-9.43256	0.8212951	-3.3080578e-09	103.07553887367249
51	72.14529	62.040207	164.55371	-9.292027	910.75	-0.80858815	11.052227	20.670904	-16.73061	208000	-0.13504072	279.81067	0.0	-49.330486	0.75918496	5.7667493e-09	105.45625400543213
52	-23.564928	64.96922	42.686195	-129.49634	997.25	-1.1985846	9.604182	21.352955	-20.745913	212000	-0.06183628	260.11618	0.0	-41.53582	0.84849286	9.834767e-10	107.8539810180664
53	-34.45349	30.063372	13.867559	-67.358315	795.5	-1.0552883	10.888744	22.057312	-13.779345	216000	-0.062205918	207.74966	0.0	-53.858738	0.8488624	3.3378602e-09	110.25488305091858
54	-73.25574	75.23036	24.851715	-167.6778	492.2	0.5690924	12.071213	22.423712	-23.015497	220000	0.06256539	935.41614	0.0	-172.38403	0.77906346	-2.041459e-09	113.56232810020447
55	-10.257689	20.459414	19.778406	-33.619278	1000.0	0.24656183	12.334481	23.272299	-20.62518	224000	-0.113635	161.06795	0.0	-52.04074	0.8380405	-2.8163194e-09	117.26737880706787
56	-14.802009	5.050661	-9.599216	-23.112825	1000.0	5.321756	10.8190975	23.600758	-13.46512	228000	-0.15929869	203.42877	0.0	-161.5776	0.8557136	2.324581e-09	120.4498188495636
57	-5.5523796	13.406363	11.426083	-23.327936	1000.0	2.131856	9.520892	23.717976	-11.093937	232000	-0.16557136	154.57268	0.0	-92.26956	0.8540101	4.2170285e-09	124.11723494529724
58	-19.766125	23.440287	12.467864	-49.82756	1000.0	7.7061357	10.083332	24.098347	-8.541728	236000	-0.16507372	298.55896	0.0	-247.34602	0.85747856	2.4437905e-09	127.48480296134949
59	-23.596249	10.021622	-11.795158	-39.07049	1000.0	0.11409509	9.324838	23.699284	-23.265614	240000	-0.09723842	247.25812	0.0	-100.2939	0.825893	4.3213355e-10	130.69641590118408
60	-35.602634	40.536274	36.311596	-83.65807	685.6	2.7233481	13.621549	23.428038	-24.81945	244000	-0.029759873	417.53516	0.0	-183.4321	0.7369778	-3.889203e-09	133.6198170185089
61	-91.035995	26.316515	-53.732628	-122.54444	1000.0	5.3923984	6.0925837	18.498816	-10.691065	248000	-0.05950469	322.38208	0.0	-248.36256	0.83985317	1.4901164e-10	136.2466390132904
62	-90.85099	15.651318	-73.612335	-116.20321	1000.0	-6.778491	2.0544848	7.143761	-11.194733	252000	-0.06645491	74.31888	0.0	-23.250122	0.84740984	-1.2964011e-09	139.09281301498413
63	-70.43318	17.781137	-41.560215	-88.27099	1000.0	-10.344848	3.0303485	12.266034	-13.409177	256000	-0.08639395	67.97481	0.0	-24.821413	0.8382969	-4.4554476e-09	142.26595401763916
64	-56.097015	13.760684	-45.100254	-79.22311	1000.0	-11.33933	7.3409605	21.94619	-15.88215	260000	-0.066720426	88.06856	0.0	-29.578312	0.80561614	-1.4454127e-09	145.31030702590942
65	-58.32429	15.507612	-41.045208	-76.91652	798.0	-9.321136	10.664006	24.246435	-24.908133	264000	-0.016914476	97.1794	0.0	-3.8608913	0.7831487	-5.960464e-09	148.24121594429016
66	-102.206345	58.66428	-30.217384	-211.7925	461.0	-3.4972155	13.81742	24.125101	-24.73642	268000	0.061578445	1042.296	0.0	-192.17679	0.69508576	3.1739473e-09	150.27127599716187
67	-70.67874	110.20637	100.72094	-214.92363	709.8	-13.704597	11.19588	19.518372	-26.501196	272000	-0.010360375	961.7412	0.0	-43.409973	0.7089145	-6.0498717e-09	152.591166973114
68	-106.44588	129.27101	104.10947	-370.41748	349.875	-10.587918	14.329505	22.58378	-26.080101	276000	0.052849904	1911.7806	0.0	-305.54456	0.6618049	2.1457673e-09	154.39198207855225
69	-20.483486	150.15034	199.57245	-245.7307	527.4286	-6.5975313	16.193586	24.40582	-26.970686	280000	-0.06106963	2085.719	0.0	-122.89502	0.6990563	4.3362376e-09	156.63761496543884
70	-57.603504	119.542564	166.18497	-189.71704	468.2	-9.705787	15.464082	21.473661	-24.645706	284000	-0.025639255	639.606	0.0	-32.517845	0.75853324	1.4305115e-09	158.8448030948639
71	-13.299291	169.21272	186.42197	-257.35342	651.0	-15.003427	11.484375	20.17894	-23.724607	288000	-0.032383226	1673.7148	0.0	-266.17456	0.58997154	-3.129244e-10	161.36571788787842
72	-81.61224	63.00669	-20.409323	-173.53708	851.5	-1.9022443	10.949027	17.088814	-18.763	292000	-0.020083934	475.95477	0.0	-68.95279	0.77621114	2.503395e-09	163.75673007965088
73	-137.66019	125.15894	47.189465	-302.38864	609.0	-7.387082	12.255748	18.852638	-20.478241	296000	0.048470475	961.4886	0.0	-89.44235	0.72242916	-3.889203e-09	166.61732697486877
74	-78.42494	152.93198	123.89005	-350.33722	697.8	-9.311	13.765332	20.197817	-22.901548	300000	-0.019819554	1215.6501	0.0	-34.368958	0.6731962	2.1755695e-09	169.04355192184448
75	-124.71271	99.56818	-45.119534	-289.94412	664.0	-6.7979217	12.823218	20.061504	-23.61664	304000	0.038449675	767.6308	0.0	-40.515297	0.7446212	5.5730345e-09	172.1989049911499
76	-130.15602	93.18037	-57.386627	-290.08325	797.25	-7.878085	11.134636	19.361664	-25.721487	308000	-0.03537091	439.67914	0.0	-39.642414	0.7573205	-4.0978194e-09	174.82113695144653
77	-100.23543	97.65219	-31.818594	-268.67722	789.5	-8.8393135	10.957422	19.03816	-25.996428	312000	-0.03338948	325.3409	0.0	-14.090908	0.75722873	-5.558133e-09	177.3030698299408
78	-26.375614	133.53386	218.21686	-179.44647	713.2	-9.482392	10.691091	22.928991	-28.065165	316000	-0.09281501	1222.3019	0.0	-151.3031	0.6991035	-2.1606685e-09	180.08889484405518
79	-84.018814	42.79591	-39.56193	-151.06047	606.75	-2.599792	12.339968	26.173246	-27.435837	320000	0.0025475866	286.32343	0.0	-102.417046	0.66770965	-4.2915342e-09	182.797611951828
80	-235.17863	174.59625	-56.777687	-580.5567	532.5714	-9.396701	10.742082	24.061884	-27.929472	324000	0.08315574	3365.6567	0.0	-248.614	0.6522062	-4.440546e-09	185.30575585365295
81	-221.50554	160.78273	-73.65467	-499.7575	654.6	-11.212161	9.216194	20.540846	-33.7645	328000	0.03963882	1767.9534	0.0	-82.11528	0.70516455	-1.0430812e-10	187.73081707954407
82	-171.21584	96.17029	-90.39549	-352.13715	706.8	-10.075054	10.113963	19.568638	-37.776936	332000	0.03155398	801.3206	0.0	-44.652454	0.70016795	2.2202729e-09	190.36792016029358
83	-167.11201	68.267105	-91.728096	-252.22333	485.0	-15.273738	11.979644	21.971329	-40.356014	336000	0.04793396	507.9862	0.0	-45.369026	0.65641165	5.3346154e-09	192.73040008544922
84	-169.62877	40.641376	-91.310074	-239.21394	416.0	-21.077099	15.311464	15.691947	-42.385635	340000	0.04722468	759.16876	0.0	-113.21907	0.5834476	-9.432435e-09	194.91548705101013
85	-204.03348	68.08356	-142.21568	-318.52063	887.5	-17.164183	9.273801	3.1687376	-45.29327	344000	0.016211772	386.38022	0.0	-27.673267	0.7223686	-5.0365925e-09	197.981055021286
86	-157.69574	35.351383	-109.15873	-223.17221	550.3333	-27.305597	12.76102	4.0932655	-46.763756	348000	0.000473734	458.0121	0.0	-103.66678	0.6154083	-6.7055224e-09	200.47310996055603
87	-198.68127	81.16293	-68.38851	-285.41333	503.83334	-19.545889	12.143725	32.180157	-48.258923	352000	0.07377827	1040.4526	0.0	-141.99725	0.61655235	-1.2218951e-09	202.91673111915588
88	-194.12256	45.58132	-164.93996	-273.00165	846.5	-23.616476	6.167421	-21.220997	-51.01327	356000	0.018111303	288.34042	0.0	-15.9887295	0.68566906	7.808208e-09	206.52470803260803
89	-163.36874	65.17622	-107.23247	-281.0099	574.6	-28.02029	12.584902	-19.547106	-52.098022	360000	0.033363175	929.6022	0.0	-20.704239	0.5919124	6.258487e-10	209.16038489341736
90	-241.052	124.96113	-129.86038	-401.1684	672.4	-21.460016	7.2668166	-15.146734	-51.072197	364000	0.055124868	1613.5942	0.0	-164.66312	0.6757653	-1.2814999e-09	212.38052988052368
91	-282.50534	114.564804	-113.010574	-408.96936	421.14285	-29.481514	13.08675	-15.831827	-54.3972	368000	0.069356345	2734.1023	0.0	-263.54572	0.63116974	3.695488e-09	215.63723993301392
92	-194.70294	98.94719	-132.41948	-365.9903	791.75	-25.072058	6.9277177	-21.72818	-60.973118	372000	0.0062055886	696.04175	0.0	-53.216118	0.6677798	-1.4901191e-11	218.94786190986633
93	-256.3961	132.80962	-137.67639	-458.3055	567.8	-25.762035	13.604171	-15.479105	-62.03939	376000	0.04223445	1557.2411	0.0	-120.15457	0.6464561	-3.919005e-09	221.61011600494385
94	-179.65157	68.16732	-124.85733	-296.49216	801.25	-21.48184	9.215619	-16.69612	-64.65424	380000	-0.031713985	284.95047	0.0	-20.739662	0.7039455	9.536743e-10	224.74006700515747
95	-263.06992	136.64003	-111.524895	-466.45148	556.7143	-29.509027	18.422735	-14.729973	-65.76784	384000	0.0398771	2209.6294	0.0	-169.49565	0.5970385	6.1094757e-10	229.22432208061218
96	-287.05988	114.4982	-135.0643	-437.9441	472.7143	-30.675093	21.907503	-11.248857	-70.345276	388000	0.055235192	1933.428	0.0	-180.48145	0.57641995	-4.4703485e-10	231.5261571407318
97	-224.67627	97.334206	-113.598976	-356.30325	453.57144	-32.593674	22.854439	-7.655205	-74.937836	392000	0.02209466	922.9723	0.0	-44.34645	0.58215225	-1.8030405e-09	233.89684104919434
98	-305.40298	103.858765	-108.00806	-473.94492	322.6	-46.14074	28.68588	-11.587501	-77.16406	396000	0.03048281	2638.8403	0.0	-244.38806	0.52509785	3.7550927e-09	235.98005294799805
99	-225.56714	78.56789	-145.44753	-386.14798	452.14285	-36.77181	25.623812	-10.153347	-82.31303	400000	0.03398122	734.8754	0.0	-49.994766	0.60175204	6.556512e-10	238.7236008644104
100	-140.59583	21.326746	-110.21585	-161.53618	547.2	-27.667984	22.696505	-5.2439175	-84.00396	404000	-0.06730871	240.76863	0.0	-97.25958	0.6128921	-9.819866e-09	241.51253819465637
101	-220.54639	115.88949	-90.6219	-415.56693	462.42856	-30.74402	25.527178	2.6937628	-83.69232	408000	0.034103658	1215.6052	0.0	-93.42917	0.55736613	8.776784e-09	243.92877388000488
102	-112.08795	13.23884	-90.314735	-125.64241	813.25	-19.619644	13.234308	-10.923254	-85.262436	412000	-0.097785205	131.07164	0.0	-33.619873	0.6545794	2.2351743e-09	246.90037608146667
103	-99.16034	42.40056	-65.79521	-171.95691	826.25	-21.653816	14.310827	-11.164047	-85.045654	416000	-0.08999157	236.30899	0.0	-85.40622	0.6399282	3.5315753e-09	250.05747413635254
104	-125.20141	74.434715	-11.008667	-256.17688	440.25	-33.144993	28.557781	-1.7611465	-85.075386	420000	0.014510658	1427.3209	0.0	-374.89432	0.51066303	-4.4703463e-11	253.65231895446777
105	-90.90081	49.262283	-39.127243	-169.53423	597.0	-23.539524	19.116493	-8.008491	-83.99361	424000	-0.062350392	768.7778	0.0	-331.47684	0.53106725	-1.385808e-09	256.3872780799866
106	-149.64478	76.0355	-62.973663	-260.69217	594.4	-15.789976	11.752717	-8.551623	-82.99056	428000	-0.007065499	1015.7853	0.0	-270.6587	0.53128856	1.5348195e-09	259.37738013267517
107	-142.28726	72.23825	-40.783985	-245.65263	513.0	-17.776588	13.680909	-8.2445545	-83.72642	432000	0.03132564	1027.7925	0.0	-336.6364	0.5143321	-8.881091e-09	261.34954285621643
108	-113.641945	25.062197	-80.86052	-156.8867	655.8	-14.935376	9.976552	-8.68944	-84.93002	436000	-0.004458732	221.76822	0.0	-26.580791	0.63701046	1.4305116e-09	264.4799859523773
109	-125.65151	58.48816	-45.41591	-226.72589	683.4	-21.48028	19.799545	-7.0553246	-85.337975	440000	-0.02492061	916.56305	0.0	-380.4905	0.59713316	9.566545e-09	268.1943130493164
110	-80.1241	21.182844	-50.656845	-107.63969	796.0	-14.861989	8.415041	14.998669	-79.514046	444000	-0.07040604	275.56824	0.0	-67.74808	0.58506393	6.5565103e-10	271.7944869995117
111	-158.7869	81.27269	-21.700052	-265.2413	505.0	-12.383922	12.454699	35.050484	-78.05324	448000	0.055017978	1444.7317	0.0	-678.5465	0.52780616	-5.0514943e-09	274.867604970932
112	-190.67776	62.538906	-75.19785	-266.5864	363.0	-27.51416	23.776604	5.8266344	-86.191345	452000	0.06893695	1080.2289	0.0	-234.02872	0.47936693	1.6391288e-10	277.4721210002899
113	-117.387596	48.82895	-64.13601	-209.41808	526.4	-17.912703	18.591778	6.9883423	-88.2624	456000	-0.014655396	266.3163	0.0	-53.81769	0.6064699	-3.039837e-09	279.9112010002136
114	-112.98305	78.20484	-31.16851	-262.29	492.4	-19.597134	17.993761	10.109054	-88.6871	460000	-0.024650842	382.31226	0.0	-66.30094	0.57238126	8.046627e-09	282.7441840171814
115	-186.21564	108.40571	-24.818207	-338.83615	395.0	-18.31414	20.85017	12.348124	-88.41751	464000	0.048482638	1227.2471	0.0	-282.64282	0.55462265	4.3809414e-09	285.1083571910858
116	-206.34308	108.09935	-83.4624	-385.95337	330.27274	-31.444387	30.32255	9.483197	-90.56467	468000	0.04047592	1813.9421	0.0	-176.7331	0.5317137	4.6193596e-10	287.45335388183594
117	-258.3639	141.73831	-64.3092	-429.09406	477.66666	-26.358294	24.386438	1.7454417	-93.85162	472000	0.023462161	1691.5146	0.0	-211.81592	0.54526925	-6.0498717e-09	290.3700499534607
118	-395.43686	167.50235	-65.7574	-605.75055	208.27777	-54.72342	39.12766	5.8089533	-97.92964	476000	0.083754405	12852.589	0.0	-1907.4595	0.44120878	-3.412366e-09	292.68598985671997
119	-477.9144	181.59546	-104.213	-666.00116	228.16667	-61.113834	38.11919	-2.4868994	-107.77515	480000	0.123440556	13037.63	0.0	-1042.863	0.43004122	3.7252903e-09	294.6580159664154
120	-448.3972	199.29659	-103.88995	-731.9126	208.46666	-63.792156	45.115376	-8.5581665	-115.27472	484000	0.1291053	12771.578	0.0	-778.58154	0.41616383	7.838011e-09	297.3743669986725
121	-474.69223	165.09065	-86.05469	-645.46375	288.84616	-67.748116	48.878674	-4.5157547	-120.57516	488000	0.13888448	11569.289	0.0	-805.8728	0.40113345	3.1292435e-09	299.62009596824646
122	-474.79172	162.13307	-124.25021	-667.2915	215.41667	-59.010742	51.18223	-2.9251072	-126.12267	492000	0.11744663	9558.633	0.0	-609.2649	0.4445027	-3.5762793e-10	302.63549995422363
123	-492.2935	197.57533	-39.093533	-706.13416	227.29411	-93.967	47.396305	-5.829703	-130.3151	496000	0.12269912	18673.254	0.0	-865.7544	0.3331072	7.867813e-09	304.79482793807983
124	-544.3991	114.72722	-255.57576	-732.88574	196.75	-117.40194	34.407486	-7.856859	-135.80797	500000	0.09904517	19704.107	0.0	-1413.3506	0.26129013	7.599592e-10	306.12871193885803
125	-398.2573	211.63388	-76.326294	-632.4477	357.0	-74.91791	52.587456	-5.127365	-142.37901	504000	0.07217226	6541.895	0.0	-833.8685	0.46915337	2.69711e-09	309.434072971344
126	-430.3623	223.73734	-21.93821	-671.7353	289.0	-64.31337	58.95699	9.019173	-143.89499	508000	0.10050324	8990.696	0.0	-416.0005	0.45123717	-2.384184e-10	312.14392709732056
127	-418.09375	189.78806	-48.97262	-617.26605	267.15384	-57.19652	57.776165	12.207378	-145.59846	512000	0.121470526	7579.228	0.0	-737.751	0.4457131	-1.6093255e-09	314.7235200405121
128	-492.37616	162.7273	13.640852	-791.319	166.17392	-123.035934	44.912567	9.8640995	-147.68517	516000	0.11211502	17638.65	0.0	-807.04785	0.27630895	3.9339065e-09	316.2982888221741
129	-375.7418	221.5242	-48.18847	-695.04785	244.25	-87.26272	56.39741	9.638685	-152.20128	520000	0.08649961	9618.424	0.0	-1003.28564	0.42018926	6.9737434e-09	318.4695019721985
130	-410.79922	248.73868	9.274921	-707.2478	322.5	-50.22509	58.754425	13.627855	-153.68082	524000	0.097440116	7634.819	0.0	-439.04004	0.479416	1.02818e-09	321.1022698879242
131	-463.08267	173.55403	-51.935482	-731.12366	183.15384	-65.9827	65.27568	13.53927	-155.34804	528000	0.10727185	8934.055	0.0	-580.9009	0.41921622	4.664064e-09	323.51460814476013
132	-447.80893	205.76735	-37.013927	-698.61084	184.11111	-85.413124	64.2717	15.823723	-157.4363	532000	0.102058075	12991.134	0.0	-1609.6841	0.38193065	-5.8412555e-09	325.56602001190186
133	-399.86548	179.58804	-46.330452	-624.9107	173.65	-87.6664	64.78244	21.536985	-160.20366	536000	0.09967583	9110.536	0.0	-1118.208	0.3596519	8.136034e-09	327.9071319103241
134	-362.79187	189.19244	-49.24003	-698.67163	180.38095	-83.56784	63.684315	109.79739	-162.82056	540000	0.092896834	7615.8066	0.0	-671.66736	0.3710944	-2.4139881e-09	329.8291268348694
135	-235.21631	216.18431	-48.10199	-574.641	522.6	-27.27841	37.26776	23.711033	-165.18445	544000	-0.0012248866	1108.4216	0.0	-200.9903	0.53903544	6.2435865e-09	333.0708999633789
136	-367.2264	220.69312	-42.342777	-623.3909	284.1	-32.973038	53.689327	25.410084	-165.75304	548000	0.07274701	3158.0518	0.0	-273.8069	0.47130165	-3.5911798e-09	336.2395689487457
137	-389.38956	149.25082	-37.213593	-628.1115	138.91304	-68.15922	71.23335	54.142715	-166.82594	552000	0.08302545	5377.1343	0.0	-890.1644	0.36674684	4.1425228e-09	338.1303360462189
138	-335.75647	126.51013	-111.27091	-526.3234	182.66667	-94.34905	60.06584	31.746336	-169.02255	556000	0.030446086	5093.6504	0.0	-1029.5537	0.2749809	3.4868717e-09	339.7122859954834
139	-370.64136	164.71214	-17.73534	-596.85236	175.63637	-84.73903	61.98634	22.696306	-170.39449	560000	0.08022353	6460.971	0.0	-506.96216	0.3404711	6.407499e-10	341.6007399559021
140	-320.52396	154.48929	-45.35642	-613.03656	185.0	-70.41388	62.51712	24.560476	-172.62819	564000	0.07895246	3790.3765	0.0	-1505.0045	0.32565972	1.4901161e-09	344.2176659107208
141	-381.0534	198.3433	240.98729	-624.94604	147.5	-77.644775	74.46061	44.063198	-173.75539	568000	0.07195664	8972.885	0.0	-1660.3557	0.27299398	1.2367963e-09	345.59084582328796
142	-257.0515	158.96262	-20.74411	-536.60675	311.9091	-56.531025	56.93452	151.42511	-176.60826	572000	0.03782128	2807.5642	0.0	-1034.4055	0.27099332	3.5613774e-09	347.58322620391846
143	-384.28598	166.15077	-30.925127	-613.6647	134.07692	-81.28552	71.80882	37.38456	-177.15665	576000	0.055114456	5677.6997	0.0	-493.7373	0.2592801	-3.4272671e-09	349.3331980705261
144	-291.37708	177.6253	-16.335411	-573.00055	184.0	-61.76875	61.86983	106.320465	-179.49649	580000	0.05068587	3234.978	0.0	-332.12964	0.25210267	3.963709e-09	351.21533703804016
145	-353.1284	198.8849	-51.41897	-642.97784	171.31818	-69.70653	68.162964	64.59687	-180.75945	584000	0.063165925	4921.1562	0.0	-414.26343	0.25489303	3.3378602e-09	352.8148009777069
146	-310.56583	190.19733	225.22198	-617.18567	150.52	-81.21742	65.60661	33.791473	-182.72629	588000	0.034870304	4569.302	0.0	-762.2538	0.24724123	-2.3841857e-09	354.94982504844666
147	-281.43524	271.64325	203.62325	-624.44617	274.07693	-46.02982	66.25591	67.24747	-184.54085	592000	0.028052468	4337.9727	0.0	-1244.8748	0.25408226	-2.8312204e-09	356.92324709892273
148	-355.84097	179.88417	15.1858	-590.29675	145.92592	-64.24884	85.3375	68.85584	-185.68431	596000	0.07166709	5758.34	0.0	-1005.4614	0.22922346	5.066395e-09	358.58299708366394
149	-295.7533	167.39293	-45.524002	-574.5598	147.83333	-71.51552	74.21248	66.022675	-188.12578	600000	0.06859194	3161.955	0.0	-384.93213	0.26370442	5.3346154e-09	360.4574201107025
150	-306.29886	213.02032	227.98149	-563.96045	119.51852	-72.22025	72.11426	39.28172	-189.50482	604000	0.04837186	5061.597	0.0	-848.85175	0.24707893	-4.7385686e-09	362.04427909851074
151	-196.74681	265.24142	219.06773	-565.2147	212.76471	-32.57518	77.211784	117.5801	-191.49704	608000	0.02681097	3555.4385	0.0	-1165.5599	0.2393628	-2.577901e-09	364.3439419269562
152	-222.22856	235.06683	180.52519	-579.1026	156.18182	-26.82677	76.96731	54.05811	-192.44966	612000	0.040056847	3661.8198	0.0	-618.215	0.23924142	1.8328429e-09	365.9880349636078
153	-232.62344	198.92078	195.52158	-574.963	157.75	-47.717632	70.558334	54.441772	-193.7625	616000	0.053921476	2203.2292	0.0	-266.71857	0.2677884	2.9802338e-10	367.6326777935028
154	-216.87383	202.49232	238.202	-559.17755	132.88889	-50.334526	73.32153	52.150406	-194.65506	620000	0.058254138	2898.1306	0.0	-284.7826	0.2501868	6.258487e-10	369.03136110305786
155	-211.41037	174.64192	142.32872	-567.5745	175.25	-44.8726	69.3127	51.83186	-196.03171	624000	0.044754863	2006.4779	0.0	-359.5691	0.25997597	-3.412366e-09	370.63919591903687
156	-220.70163	227.40594	145.1976	-534.92145	220.14285	-43.127644	62.644184	49.657024	-196.80531	628000	0.012836965	2118.6284	0.0	-1017.9985	0.2794987	-1.0132789e-09	373.2764558792114
157	-181.85516	220.77756	136.50577	-546.87256	269.18182	10.691246	70.32446	114.00448	-197.48825	632000	0.04731223	3150.415	0.0	-1864.687	0.20939673	5.8114524e-10	375.1612811088562
158	-114.72827	165.86667	176.84195	-341.6037	261.2	-28.841042	58.709625	59.650734	-197.90814	636000	0.02669423	1414.4792	0.0	-439.56345	0.3294286	4.7683715e-09	377.7865951061249
159	-182.53258	136.93399	16.207958	-453.63828	227.84616	-30.06723	58.85632	65.01306	-197.9635	640000	0.025294183	974.47266	0.0	-414.59436	0.32322848	-4.6193593e-10	380.57744884490967
160	-158.115	147.0207	233.5952	-377.1287	143.96297	-39.717735	69.2949	66.347	-197.87785	644000	0.018468324	1345.1436	0.0	-437.00592	0.29242975	2.30968e-09	382.4337079524994
161	-114.219635	89.17869	-20.357405	-242.76515	279.66666	-18.596243	34.642452	65.70789	-185.56357	648000	-0.036211006	141.84607	0.0	-65.7615	0.49993902	-4.1574237e-09	385.5509738922119
162	-74.08537	143.6485	243.95837	-224.17514	212.0	-22.66167	50.597843	66.69703	-188.36948	652000	-0.045957215	951.1986	0.0	-390.16812	0.4179662	-1.2218953e-09	388.0852909088135
163	-101.411156	119.88001	142.38383	-295.19965	174.80952	-10.438418	55.848747	67.88736	-182.6388	656000	0.06686601	832.6156	0.0	-410.51605	0.37403595	1.3411044e-10	390.1399209499359
164	-56.983078	124.623695	268.7688	-248.91922	156.53334	-15.376199	40.254105	66.394585	-186.74918	660000	-0.027763119	751.00464	0.0	-206.70146	0.46546102	-6.660819e-09	392.50781989097595
165	-55.566345	115.59542	253.83223	-240.30472	223.66667	-12.073457	38.519886	67.840904	-173.98442	664000	-0.022316901	709.8203	0.0	-284.74692	0.4499444	2.1904707e-09	394.7807469367981
166	-5.2333436	60.077213	148.43532	-101.980606	318.75	-0.6816057	31.467525	80.29851	-117.454865	668000	0.042555116	715.72406	0.0	-450.48203	0.3907289	1.7732382e-09	397.3138391971588
167	-22.55662	46.630882	54.1784	-142.60243	215.86667	1.5158293	32.84686	91.53952	-138.77185	672000	0.052903477	553.23724	0.0	-224.74422	0.46949998	1.4305115e-09	399.88657307624817
168	-46.71079	68.82341	37.81856	-190.37817	197.17647	-10.554564	37.428066	90.68914	-160.18578	676000	-0.0060063154	257.082	0.0	-77.7911	0.44921234	-1.3113022e-09	402.39899492263794
169	-3.7155263	129.75246	271.55896	-192.39796	224.18182	-5.9217234	31.223392	90.376236	-152.46019	680000	-0.031956762	702.36993	0.0	-216.93565	0.47309914	3.442168e-09	405.23082184791565
170	-4.4615083	83.34048	168.07568	-229.13234	204.21053	2.4271688	33.888557	91.80907	-151.00157	684000	0.056370214	635.9927	0.0	-212.53746	0.39481232	5.722046e-09	407.38508009910583
171	30.004883	64.07233	184.86595	-41.153996	269.2	8.527269	30.009394	95.10765	-135.93811	688000	0.013236729	633.8406	0.0	-232.45145	0.3534034	1.5795231e-09	409.6584858894348
172	8.125312	52.27916	92.32031	-123.85941	224.8125	11.336825	31.287737	102.62002	-131.09714	692000	0.002763426	450.04938	0.0	-180.49518	0.3454525	-5.811453e-10	411.4003598690033
173	19.631609	116.59024	247.56303	-155.07957	219.92857	0.9606546	35.409092	108.42446	-156.8657	696000	-0.023381364	801.14465	0.0	-188.18527	0.27894276	-1.1324883e-09	413.43496012687683
174	18.1498	74.4509	142.52882	-109.02425	252.3	7.6555576	28.434845	102.43332	-115.23233	700000	0.017101554	374.19028	0.0	-119.52323	0.25388363	6.854534e-10	415.71879291534424
175	42.161808	93.51785	210.39517	-89.60709	249.86667	9.634327	30.94505	102.967674	-145.57878	704000	-0.049424358	522.7184	0.0	-159.9356	0.26393068	3.0696392e-09	417.6648178100586
176	61.581078	84.75226	201.28185	-115.150604	341.72726	15.896466	25.442099	98.07388	-159.8109	708000	-0.0031345626	392.92902	0.0	-80.77025	0.25161165	1.2218953e-09	419.54612398147583
177	45.131214	97.70514	244.74075	-84.31869	320.5	8.529553	26.433548	92.87639	-129.60136	712000	0.00010959586	473.87314	0.0	-120.45747	0.27585638	-1.3709069e-09	421.76583909988403
178	65.118774	116.166626	243.918	-171.60696	247.8125	13.866984	27.780382	83.936714	-145.75961	716000	-0.032599274	1165.6956	0.0	-218.39284	0.33136734	-4.0978194e-09	423.43064284324646
179	18.134151	51.31977	119.61132	-48.909348	292.9	18.510809	27.859777	98.90914	-128.91794	720000	-0.031273667	508.989	0.0	-259.78833	0.21348307	-1.0877848e-09	426.1466019153595
180	6.9879227	70.30749	141.69525	-75.96337	499.75	5.6413574	19.969553	87.01607	-100.57009	724000	0.03627199	702.3151	0.0	-152.94446	0.3707586	3.0845402e-09	428.10238003730774
181	44.63674	87.60749	241.64958	-52.000515	174.73334	1.7081597	29.230991	92.563545	-128.60193	728000	-0.010540493	1167.2736	0.0	-419.62558	0.32559592	5.8710574e-09	429.66270303726196
182	84.98711	116.61836	239.97775	-108.96313	239.625	15.196432	27.612913	94.86819	-125.07487	732000	-0.064484835	1289.5333	0.0	-326.9052	0.35495195	-6.407501e-10	431.1770191192627
183	66.959854	91.57354	264.29193	-57.069122	252.53334	28.359322	29.452566	97.43605	-101.10356	736000	-0.010274124	1083.4006	0.0	-380.9887	0.32215616	-6.9737434e-09	432.96512508392334
184	203.90364	36.007034	259.49765	144.01492	566.3333	21.523375	22.210974	105.64873	-61.60196	740000	-0.0048295623	537.6454	0.0	-95.37761	0.28662962	1.9669533e-09	434.9835000038147
185	80.72613	93.74131	245.22205	-74.27447	302.83334	30.053972	22.559422	109.234825	-91.24047	744000	-0.018317232	903.82983	0.0	-236.66298	0.32516885	-5.915761e-09	436.79429388046265
186	61.043335	93.25859	253.76132	-78.200745	182.3	18.498837	36.282963	102.956406	-125.460846	748000	-0.044165622	1302.4019	0.0	-321.8694	0.34824204	-4.4256447e-09	438.15314507484436
187	26.084463	86.54637	196.16289	-75.83312	276.46155	19.798859	29.09655	101.18023	-118.96581	752000	0.034225963	1310.2622	0.0	-420.39624	0.3831402	4.4703485e-10	439.9483640193939
188	51.914112	123.40702	238.627	-97.040794	294.45456	6.3270063	27.852901	94.96752	-147.66185	756000	-0.05990844	1142.0638	0.0	-401.58627	0.35698628	5.811453e-09	441.91622495651245
189	51.102642	81.312096	224.73256	-55.288906	360.77777	13.970725	26.999514	97.058556	-127.69727	760000	0.011540696	635.3021	0.0	-161.67798	0.4883106	4.6789648e-09	444.1662929058075
190	82.33928	98.53135	259.5334	-61.685913	292.76923	10.736632	33.594	101.73672	-132.03278	764000	-0.062072493	858.05646	0.0	-232.81882	0.5036631	-1.6689301e-09	445.9866449832916
191	70.5977	113.168945	267.11325	-45.78513	182.5238	26.890444	32.004444	109.149734	-105.099525	768000	-0.06374962	1853.0457	0.0	-511.88116	0.38726705	6.705523e-10	447.2379140853882
192	125.20806	127.0152	265.7902	-87.92574	239.53334	27.190918	29.865446	108.96445	-98.759094	772000	-0.022455648	1364.6006	0.0	-430.23975	0.37181953	-1.1503697e-08	448.52892899513245
193	142.02019	110.7215	262.56073	-51.328705	233.0	35.699116	29.737226	108.119835	-108.42522	776000	-0.059655264	475.55133	0.0	-249.9403	0.31819487	-7.0631505e-09	449.8404281139374
194	87.52308	128.63252	285.35565	-121.87136	172.04347	36.27231	38.161694	110.1997	-108.73211	780000	-0.016904855	1149.207	0.0	-176.62787	0.2853045	-5.200505e-09	451.02260184288025
195	54.388817	136.93488	272.15298	-176.78827	164.27272	34.999706	36.438946	109.997955	-127.30252	784000	0.002067024	1453.3611	0.0	-445.6486	0.2924595	-1.4603138e-09	452.2618160247803
196	60.042404	146.41519	274.1488	-191.20508	223.0	34.31599	46.378323	107.938194	-122.45665	788000	0.05756659	2181.724	0.0	-1035.8859	0.21556324	5.9604646e-09	453.65877294540405
197	74.32603	166.58028	303.77344	-235.6941	186.0	24.250109	43.673546	105.54825	-134.99141	792000	-0.04776486	1956.2878	0.0	-828.67145	0.23842436	6.6161157e-09	454.91535091400146
198	105.76504	135.6703	295.72565	-136.3829	174.10527	46.103226	37.09583	109.20217	-109.894806	796000	-0.017415643	1012.86084	0.0	-285.24704	0.3033008	-1.2516975e-09	456.2444920539856
199	63.687733	129.59114	264.88583	-200.32266	153.54167	35.844208	50.04989	112.06984	-138.60612	800000	0.0055575217	1156.9473	0.0	-503.50842	0.25213397	0.0	457.2976770401001
200	33.671993	130.68091	265.74927	-219.151	137.75	20.298239	49.813423	104.6599	-136.78555	804000	-0.028083391	1725.1218	0.0	-556.379	0.22556156	-4.053116e-09	458.37293887138367
201	52.304276	130.89908	273.00214	-188.72769	153.36	35.08082	48.568375	114.92027	-148.13089	808000	-0.0087459795	915.11664	0.0	-218.93564	0.2646237	3.4868717e-09	459.4918689727783
202	31.347681	151.899	280.69528	-220.74571	160.58333	20.789442	58.236782	102.09976	-142.4404	812000	-0.0024342965	1410.9562	0.0	-175.05743	0.2604689	-4.649162e-09	460.573606967926
203	-10.418341	131.96777	299.23727	-191.18416	143.7037	7.6088123	54.275063	100.972694	-139.40921	816000	-0.034892756	1919.1229	0.0	-827.6805	0.23273471	4.053116e-09	461.63264298439026
204	32.15286	120.59269	270.097	-235.33127	168.60869	12.866574	45.991352	105.52659	-143.98535	820000	0.0013309848	1224.3398	0.0	-214.33212	0.3001145	-1.0132789e-09	462.7333838939667
205	9.703381	128.02554	267.71295	-273.66275	143.77777	-5.753119	58.576664	108.72725	-149.72797	824000	0.00903541	1834.862	0.0	-789.1127	0.25317466	5.0067896e-09	463.85893201828003
206	114.94341	143.19992	299.9035	-136.09874	192.6842	26.890162	40.78866	104.49832	-155.56494	828000	0.029348534	1838.7249	0.0	-749.48517	0.24853112	1.4007091e-09	465.01697993278503
207	120.5653	151.85239	278.86298	-154.54703	208.05263	44.911938	42.412037	110.99745	-148.6515	832000	0.013181741	1053.4847	0.0	-137.70578	0.2721315	-3.0696392e-09	466.215185880661
208	88.540405	154.71165	283.48325	-220.08119	207.05556	45.161655	41.884445	112.707886	-148.2361	836000	-0.019668674	934.32666	0.0	-416.04642	0.25881332	-1.8179416e-09	467.4473989009857
209	183.62503	141.53221	270.27002	-183.5619	279.6154	52.683044	30.199879	111.102684	-143.5848	840000	0.001315908	465.01706	0.0	-254.70418	0.27736443	-4.7683724e-10	468.7690408229828
210	95.22777	155.4822	270.17905	-172.37161	231.13333	44.116188	42.211143	103.98184	-153.0721	844000	0.0025993101	615.86505	0.0	-229.6568	0.27739507	3.9041046e-09	470.1878719329834
211	106.703156	170.81245	302.96912	-222.41194	258.06668	34.000275	45.585842	95.86818	-155.49557	848000	-0.0046560997	988.32263	0.0	-344.16943	0.2606364	-1.5199184e-09	471.7331688404083
212	65.3658	171.68063	258.7341	-218.32326	235.0625	32.59012	42.533916	96.43048	-145.24698	852000	0.010153079	353.46188	0.0	-171.6073	0.2706952	2.0563602e-09	473.162761926651
213	202.65703	125.73198	281.1978	-146.85881	370.33334	43.542217	28.464937	98.63409	-152.17358	856000	-0.030530345	368.3997	0.0	-225.03032	0.2970525	-2.965331e-09	474.83653712272644
214	27.022186	206.14314	266.04337	-230.32721	249.6	29.763206	48.071743	104.86433	-164.58614	860000	0.026138715	1434.9156	0.0	-871.1256	0.2629879	-3.2782554e-10	476.51615500450134
215	11.074285	196.0708	278.69727	-227.88751	249.21428	16.653364	53.987328	90.755135	-163.93874	864000	-0.0384481	888.0665	0.0	-514.62964	0.29432464	2.503395e-09	478.17728996276855
216	64.28451	179.26599	260.6607	-207.27702	336.54544	23.420198	42.602608	100.712944	-151.64299	868000	-0.008356601	148.58661	0.0	-53.66685	0.30663323	4.9918887e-09	480.01283407211304
217	145.3944	118.09493	254.93922	-42.850937	407.0	35.56765	22.446728	99.84109	-77.256905	872000	0.0055901874	205.66885	0.0	-114.91472	0.29768008	3.0994414e-09	481.8099958896637
218	103.22611	196.70468	271.20117	-293.91147	340.66666	29.714016	33.62854	90.13177	-161.25285	876000	-0.024766698	195.2211	0.0	-76.8333	0.28674254	-4.2170285e-09	483.6103811264038
219	69.4922	151.45923	244.12163	-172.01001	265.92307	26.911398	40.400875	103.22366	-169.44653	880000	-0.0100508435	125.85208	0.0	-51.392715	0.2873974	-2.1606685e-09	485.27451491355896
220	86.652054	171.7227	278.74582	-204.45808	261.2	28.960642	41.337425	102.87041	-157.47786	884000	-0.006829587	144.43362	0.0	-59.34112	0.26922274	-6.5863133e-09	486.79457783699036
221	160.95663	132.15813	262.65182	-143.11954	368.0	44.54613	29.725105	103.4197	-146.67546	888000	0.046710417	753.78314	0.0	-379.98904	0.25690013	-6.8545325e-10	488.38008189201355
222	223.25365	87.66566	273.48822	-51.0107	332.45456	38.216885	26.532963	107.575485	-138.09651	892000	-0.060145073	834.52844	0.0	-598.8532	0.2651976	7.3015693e-10	489.8795020580292
223	54.823776	173.70398	273.57172	-212.18234	209.0	39.126694	43.18174	114.49985	-142.26888	896000	0.032097172	1116.2052	0.0	-533.5218	0.2524995	3.4719707e-09	491.2038850784302
224	116.534966	131.5987	237.31662	-206.76851	327.5	42.668163	34.4198	105.68146	-158.38576	900000	0.0012235567	1921.6213	0.0	-867.38727	0.29507655	1.3560058e-09	492.6797389984131
225	114.90607	174.09879	285.47095	-166.90918	271.07144	25.825851	30.715128	90.636536	-128.39009	904000	-0.020492267	983.6383	0.0	-460.46304	0.23576866	-1.1622906e-09	494.1455228328705
226	105.737625	142.05138	284.10568	-208.84007	188.10527	42.265327	37.37409	107.11961	-146.27684	908000	0.0069379658	685.49194	0.0	-392.95557	0.26452804	8.955598e-09	495.4105370044708
227	62.78166	130.73029	290.2393	-184.18422	178.33333	35.559563	48.513515	93.61396	-136.52509	912000	0.006491962	1828.4572	0.0	-666.96545	0.26544088	2.7269125e-09	496.63895082473755
228	98.25637	143.77328	281.11743	-168.76599	185.2	30.139011	34.764225	85.50997	-141.34389	916000	-0.005511214	1377.4216	0.0	-382.06683	0.26282254	2.861023e-09	497.7957618236542
229	126.568306	146.52144	274.29147	-144.92625	204.52632	40.695114	39.21301	97.958916	-137.108	920000	0.022703707	570.5558	0.0	-265.40735	0.23611465	-2.4735929e-09	499.0683388710022
230	67.181435	135.93747	261.35776	-270.5733	161.25	44.07626	47.86125	106.608505	-146.72552	924000	0.013868072	1207.3477	0.0	-353.77023	0.24695992	-2.7418137e-09	500.2859709262848
231	135.45464	137.84721	268.13882	-119.593414	206.36842	46.4965	39.107426	95.24145	-139.20486	928000	-0.01329277	1060.0807	0.0	-128.8063	0.2814925	1.6987325e-09	501.50756883621216
232	47.53549	118.74165	275.59445	-160.08847	155.52	26.887562	45.03909	91.93407	-138.4572	932000	0.0024270944	1587.4639	0.0	-510.14136	0.23371184	-2.577901e-09	502.73429894447327
233	110.102455	134.2261	271.97375	-73.81114	176.80952	35.70233	33.108543	92.68035	-113.38576	936000	0.0057359654	1237.4348	0.0	-512.33606	0.23987684	4.7683715e-09	503.86459398269653
234	69.06697	148.88666	274.41223	-185.78793	169.04546	46.076435	46.1753	95.792755	-132.7103	940000	-0.054425232	1100.2214	0.0	-221.45761	0.27200007	-6.6012147e-09	505.02757596969604
235	96.8416	135.53453	271.94232	-136.4924	181.3158	38.21457	40.372177	85.8395	-127.26902	944000	0.011652054	1091.7244	0.0	-186.25761	0.2647239	-3.1888483e-09	506.2269880771637
236	108.101	110.81373	292.60556	-43.90088	157.08	32.6908	39.143215	89.86788	-126.3832	948000	-0.009295989	1680.0825	0.0	-775.69507	0.23216721	7.7784055e-09	507.37072110176086
237	85.464676	144.47293	269.50006	-185.38515	163.52174	51.343063	33.227505	94.44556	-123.21855	952000	-0.0030535972	1098.8009	0.0	-588.07947	0.25365198	5.2899125e-09	508.54237699508667
238	47.400406	130.79443	271.69614	-171.24574	148.03847	25.579292	52.536026	95.51435	-137.22887	956000	-0.022222234	1087.8835	0.0	-246.39221	0.2513461	-4.8726796e-09	509.7055859565735
239	86.75496	138.6307	299.4016	-119.63524	172.86363	33.548576	38.846294	86.90497	-129.66266	960000	-0.0037176977	704.7081	0.0	-238.44992	0.2107663	1.3172626e-08	511.0044138431549
240	67.4392	107.39324	271.02225	-127.94171	137.67857	36.4558	39.880436	94.38035	-124.04409	964000	-0.014167944	866.6124	0.0	-219.07858	0.23787344	-2.6822078e-10	512.1335527896881
241	174.27182	129.4801	282.05414	-165.40135	210.88889	56.402782	40.231934	92.34997	-146.00046	968000	0.002588158	465.51242	0.0	-186.9844	0.25577044	-2.3841856e-10	513.3290948867798
242	116.19182	145.92088	286.76025	-157.71591	170.13043	50.112274	42.87527	101.18705	-146.00377	972000	0.007933324	531.46344	0.0	-101.06384	0.22669089	3.6507846e-09	514.4681541919708
243	148.73846	133.98262	276.83945	-188.3021	197.6842	67.2483	35.624405	106.39727	-143.71136	976000	0.003531905	895.79816	0.0	-326.2661	0.27142763	1.3411044e-10	515.659411907196
244	137.15044	119.16239	281.974	-13.655603	191.3	54.34698	35.169167	98.03707	-128.65146	980000	-0.03871073	984.2846	0.0	-147.78741	0.26572862	-4.798174e-09	516.8275020122528
245	95.58044	143.36449	280.9311	-165.39317	168.31818	36.431156	50.718323	97.98949	-164.60347	984000	-0.002223731	429.02478	0.0	-187.93306	0.22636513	-7.3313715e-09	518.0490119457245
246	163.5018	129.67847	278.62164	-167.47125	253.71428	58.080914	34.545216	106.396805	-152.21315	988000	-0.04799223	617.1649	0.0	-244.5202	0.27840966	8.642673e-10	519.5210690498352
247	121.121414	133.46628	265.50854	-169.19194	226.625	52.425175	35.745945	107.456085	-150.56818	992000	-0.00022259727	662.4166	0.0	-254.30621	0.2491543	1.1175869e-09	521.0303831100464
248	179.10477	117.10409	285.93274	-113.43119	273.2143	49.48653	29.884094	104.907745	-138.70808	996000	-0.003927516	730.7162	0.0	-258.04675	0.21220572	-9.775162e-09	522.3559489250183
249	154.20895	100.08387	280.01566	11.880636	223.06667	49.808056	28.041353	100.60703	-120.34313	1000000	-0.021440344	530.5086	0.0	-147.78047	0.25860208	-1.1473893e-09	523.8683860301971
250	122.671326	133.75217	268.31335	-103.20807	266.25	39.32006	37.543594	105.90269	-152.9236	1004000	-0.035848875	912.3367	0.0	-293.6027	0.2849636	-7.078051e-09	525.3908040523529
251	121.476326	87.879845	226.97441	-21.12248	560.0	31.427742	22.874092	107.25137	-97.538666	1008000	0.049714394	949.2633	0.0	-473.51727	0.29428887	-7.2419644e-09	527.7886300086975
252	120.87122	136.66241	278.2196	-167.5088	271.3846	23.876785	30.63507	114.61888	-129.41559	1012000	-0.02022229	734.46985	0.0	-275.55347	0.2386238	6.213784e-09	529.2649819850922
253	93.88845	112.737366	264.7247	-48.368305	296.41666	31.125435	28.62584	88.95964	-105.91908	1016000	-0.057630885	482.0483	0.0	-217.78305	0.2898952	8.404255e-09	530.8640289306641
254	5.575082	135.7532	202.05472	-175.70935	263.57144	20.345379	33.41655	97.999504	-126.66997	1020000	-0.0134009905	920.87646	0.0	-361.70645	0.25305483	-4.2617323e-09	532.5977640151978
255	94.09857	104.9087	294.31406	-107.10615	276.25	23.773922	27.558233	96.50445	-106.41352	1024000	-0.010512503	246.96391	0.0	-81.61237	0.26211044	-4.0531156e-09	534.5413959026337
256	90.884926	94.09832	233.93011	-40.222515	504.42856	32.892384	29.068083	103.161545	-107.75468	1028000	-0.0632018	630.1571	0.0	-432.03033	0.31117076	-5.185604e-09	537.2985270023346
257	50.291695	14.750327	74.80403	35.33379	775.0	24.656086	22.116844	102.53267	-89.681046	1032000	-0.08122535	474.11792	0.0	-371.06952	0.36505708	-5.185604e-09	540.5192399024963
258	116.93112	61.14563	191.68935	32.91081	745.75	19.421728	22.994377	98.801605	-131.65254	1036000	-0.07316627	429.18213	0.0	-268.59833	0.32411835	8.3446494e-10	543.7410371303558
259	12.435423	14.362126	27.998894	-3.5636709	776.25	5.429736	15.799568	97.3456	-134.97064	1040000	-0.009887767	110.346466	0.0	-68.937805	0.32559848	-2.0563602e-09	547.1779818534851
260	14.3188925	58.377975	111.32315	-41.09413	1000.0	0.40789953	17.739914	85.118225	-56.742973	1044000	-0.03279892	157.42542	0.0	-106.76586	0.31458443	1.2516974e-09	550.9527878761292
261	16.361923	23.677202	41.176926	-17.199686	564.8333	0.91131926	22.200737	76.44743	-125.423546	1048000	0.0070278803	97.206375	0.0	-40.188046	0.32732606	-8.776784e-09	553.9332630634308
262	54.599567	52.823944	162.18054	4.818682	516.0	-4.3533134	24.128624	97.294426	-136.69116	1052000	-0.031539682	392.6479	0.0	-236.6783	0.32034367	4.23193e-09	557.0342028141022
263	0.4163543	8.274089	10.87536	-11.575625	1000.0	-3.4485366	16.954327	82.68129	-14.223935	1056000	-0.030251037	22.96877	0.0	-4.5727315	0.3685671	4.6640634e-09	560.9976179599762
264	-30.551819	44.436714	1.9552786	-106.88681	767.5	-5.0769134	14.962515	71.95976	-81.57744	1060000	-0.0037794737	58.58876	0.0	-43.749332	0.37090072	-4.2021275e-09	564.3862180709839
265	42.870617	67.306015	160.26248	-44.914146	468.5	1.9037503	26.028658	92.120865	-107.20535	1064000	0.0074245697	451.25195	0.0	-306.94495	0.29978672	-1.2218953e-09	566.806704044342
266	-11.915745	120.92069	126.342514	-205.67737	909.0	4.268495	22.8037	105.54092	-52.26307	1068000	0.03635934	1748.3627	0.0	-1327.4109	0.32594705	-1.5944243e-09	569.231693983078
267	8.59982	102.48425	177.55806	-144.38037	623.0	-5.706271	30.091087	93.48243	-181.02286	1072000	0.010136861	508.58478	0.0	-144.14381	0.2950502	4.2617323e-09	573.0396339893341
268	58.551926	61.926205	160.0429	-1.6206013	972.25	-2.3890977	22.70381	63.153366	-145.81386	1076000	-0.028768834	504.64224	0.0	-283.6503	0.31474647	1.0728836e-09	575.4814870357513
269	29.05822	115.36378	225.49063	-169.88002	401.22223	1.6756313	29.820442	97.25581	-143.20802	1080000	-0.03434795	891.19104	0.0	-398.53494	0.27784693	4.246831e-09	577.8372521400452
270	20.134398	72.294075	170.4628	-92.01523	409.625	5.391037	22.437695	90.17597	-100.85788	1084000	-0.0029568956	149.1654	0.0	-76.55937	0.31710893	-2.9504301e-09	580.3801729679108
271	67.71483	87.860146	197.59262	-79.151245	508.85715	7.9387226	24.092077	86.624695	-118.64136	1088000	-0.068264894	221.54216	0.0	-120.11107	0.341109	-6.9886448e-09	583.5254280567169
272	50.37378	110.72811	212.1476	-115.77019	446.75	17.698036	28.710405	89.742004	-94.99852	1092000	0.03018943	657.89496	0.0	-330.2555	0.24640056	-6.2286856e-09	585.8366498947144
273	49.616604	72.52824	167.14003	-67.77781	535.1667	8.172969	20.393087	89.483215	-115.31177	1096000	-0.034571536	155.09206	0.0	-40.54354	0.27792642	-7.510185e-09	588.6197910308838
274	133.41072	26.376637	167.56465	94.23872	810.25	12.233531	24.274517	91.002525	-79.096	1100000	-0.014173296	262.5794	0.0	-111.85804	0.26490027	-5.39422e-09	591.3642559051514
275	83.58959	53.64315	162.05415	4.254403	797.8	11.429582	19.266663	89.219925	-138.19589	1104000	-0.011892657	121.13237	0.0	-62.337433	0.344419	1.1235476e-08	594.8560440540314
276	83.19578	118.41744	228.04457	-135.4237	413.77777	11.813289	26.270828	93.26035	-122.80308	1108000	-0.018231893	536.10876	0.0	-262.4126	0.28272375	2.8908251e-09	596.906142950058
277	85.21096	104.73775	261.98926	-66.57415	443.0	24.145296	25.694735	89.11956	-100.153366	1112000	-0.014091146	860.68933	0.0	-567.54767	0.24621883	3.2633543e-09	599.0642580986023
278	153.0948	109.76782	273.901	-22.928368	412.42856	13.429772	23.877033	96.78164	-84.71943	1116000	-0.015700083	561.8185	0.0	-291.5583	0.27767497	-4.61936e-09	601.2980930805206
279	115.54696	134.04022	245.51176	-83.064285	459.33334	22.407585	19.629568	86.25772	-90.59113	1120000	-0.026226407	346.32648	0.0	-157.61292	0.31478924	5.5432317e-09	603.3366777896881
280	135.37198	29.150534	179.7248	98.0624	861.5	23.965462	14.224184	96.967255	-3.1270866	1124000	-0.056774385	303.32928	0.0	-215.65163	0.40248138	-9.745359e-09	605.7463109493256
281	137.88765	70.12686	210.33081	14.110148	603.0	16.536335	19.27286	93.28998	-113.48093	1128000	-0.049084432	415.7663	0.0	-260.17447	0.3881016	-3.8146974e-09	607.6048030853271
282	118.28131	138.71979	281.62576	-71.85992	454.0	18.715366	25.295147	101.69075	-72.980804	1132000	0.0034427745	315.81696	0.0	-150.03444	0.41077054	-5.5134297e-09	609.9580578804016
283	179.93878	64.84481	270.26175	114.65947	725.4	17.630322	21.520714	102.40061	-0.70484304	1136000	-0.041918978	269.47318	0.0	-27.760437	0.4129212	1.5199185e-09	612.2670729160309
284	86.28214	142.5144	291.10977	-110.488304	186.45	25.734365	32.842056	102.16373	-111.04256	1140000	-0.03324976	1093.6385	0.0	-845.6833	0.22376321	9.834766e-10	613.7025158405304
285	139.68405	123.80781	278.56033	-55.61429	277.92307	48.70739	27.297941	102.478035	-119.4497	1144000	0.0013331389	427.5655	0.0	-214.24469	0.24091205	2.4735929e-09	615.3266408443451
286	177.58807	101.38361	276.20572	-52.65234	367.0	39.264137	25.35329	97.8181	-88.59359	1148000	-0.015530173	199.55345	0.0	-58.637817	0.24648407	2.3543834e-09	617.1971809864044
287	164.08527	118.0319	267.45605	-99.65867	386.55554	33.420338	27.06502	100.24367	-89.63686	1152000	-0.006968116	170.84818	0.0	-77.87033	0.24560289	-1.0251998e-08	618.8863940238953
288	149.47621	170.15216	286.15543	-192.48187	310.54544	38.38824	33.52406	103.94404	-109.75944	1156000	0.025066033	461.28293	0.0	-265.45364	0.2351236	-1.6093255e-09	620.4057238101959
289	160.55394	141.79906	294.63055	-137.0524	254.46666	40.98367	41.132626	106.57439	-138.5012	1160000	-0.00050162803	829.3345	0.0	-491.5809	0.22203943	4.708767e-09	621.9221749305725
290	206.74136	72.99208	262.259	-2.9288158	371.0	48.773315	24.502054	100.95268	-113.09145	1164000	-0.02990727	297.77118	0.0	-111.27777	0.22746074	-2.9206275e-09	623.6867730617523
291	182.25356	112.53108	284.75107	-39.313843	328.4	44.88915	24.702663	110.92841	-92.01187	1168000	0.009958869	412.9609	0.0	-117.273026	0.26732394	6.9141386e-09	625.3785169124603
292	176.10587	129.18228	301.9852	-75.10286	234.5	53.167282	28.281584	111.081154	-81.02253	1172000	0.01664648	580.81213	0.0	-279.76843	0.20159718	2.9206277e-09	626.6736571788788
293	130.94702	147.76408	285.29608	-129.21588	229.64706	47.222908	35.613388	105.8875	-107.30373	1176000	0.029550582	372.1383	0.0	-211.08856	0.21973272	2.235174e-09	628.034107208252
294	129.9883	131.67291	297.67487	-76.18777	223.0	56.409397	35.426636	117.398186	-112.60018	1180000	-0.01525833	1608.4849	0.0	-679.26416	0.22494237	-5.185604e-09	629.2449181079865
295	119.08149	126.12746	283.0192	-110.03475	212.33333	40.899647	35.52619	102.254875	-115.51858	1184000	-0.022139397	1588.6172	0.0	-301.29767	0.22548006	2.2649767e-09	630.3818318843842
296	112.12235	150.12646	282.8543	-98.927414	195.89473	40.82186	31.568502	102.79941	-96.53441	1188000	0.0005381373	1245.3794	0.0	-357.383	0.21901274	-4.172325e-09	631.5375468730927
297	97.108154	135.37059	290.3414	-82.09175	210.94444	42.682316	32.358	92.85098	-104.38751	1192000	-0.0040036757	1213.2881	0.0	-521.64014	0.2678295	2.026558e-09	632.909786939621
298	90.86117	130.04987	282.22067	-89.74256	176.04762	33.495773	36.501213	110.36982	-134.89986	1196000	-0.012800688	1323.1366	0.0	-261.42694	0.20445034	-5.7816507e-09	633.9803431034088
299	70.7019	155.64514	293.9156	-148.74457	171.90909	28.657824	46.807026	109.58129	-133.44438	1200000	0.02929527	1257.556	0.0	-476.15967	0.1891307	4.1723247e-10	635.1067981719971
300	104.305176	125.17932	279.83768	-96.84559	196.4	48.393494	35.49354	105.03804	-112.699875	1204000	-0.0044763703	1234.079	0.0	-320.7978	0.18302754	5.9604655e-11	636.3234729766846
301	157.75156	130.40417	280.95978	-90.63307	280.64285	44.04198	32.567	103.86904	-110.73213	1208000	-0.016209329	329.74066	0.0	-118.84653	0.26348567	-8.225441e-09	637.7409219741821
302	73.04081	134.67455	282.83862	-100.23755	189.17647	37.239613	40.284775	107.49142	-116.10078	1212000	0.0032137618	1637.7333	0.0	-534.853	0.2028858	-4.4107438e-09	638.9580180644989
303	147.22882	130.37793	264.73734	-116.909874	311.5	34.357212	30.480843	96.23838	-124.28577	1216000	-0.029059384	603.6309	0.0	-135.04593	0.26146212	8.702278e-09	640.676894903183
304	111.543045	121.251595	236.73062	-95.26926	429.75	29.254002	24.866812	104.642006	-94.84276	1220000	2.820976e-05	649.14	0.0	-161.52676	0.30275795	8.940697e-10	642.5991261005402
305	180.36313	84.024025	263.46503	5.298704	460.5	32.09983	19.28152	98.89069	-100.45519	1224000	-0.027745806	569.1863	0.0	-190.1759	0.26384443	1.4007092e-09	644.3687269687653
306	197.50882	75.46792	267.18076	13.951758	482.5	29.945461	23.497507	95.97382	-120.41205	1228000	0.0019113743	471.7448	0.0	-106.104095	0.30243224	-4.5001505e-09	646.2047538757324
307	180.46841	97.59774	248.26846	-53.669044	352.63635	35.151413	29.483086	100.013084	-128.39766	1232000	-0.0038035288	837.0512	0.0	-439.99878	0.2198439	-4.8279762e-09	647.8275520801544
308	135.62619	159.33566	295.60214	-181.6538	285.84616	41.237396	23.469793	99.974045	-89.67148	1236000	0.01924668	776.16815	0.0	-562.29736	0.20802316	2.980232e-09	649.3182032108307
309	160.81781	148.51427	273.46274	-173.35591	367.77777	39.237305	31.926296	113.270195	-137.55956	1240000	-0.016423255	335.7208	0.0	-119.49775	0.23528837	5.4240226e-09	650.9732060432434
310	163.11954	122.086075	306.93417	-62.04173	334.0	36.62208	32.79654	107.73157	-133.528	1244000	0.00026697945	438.2293	0.0	-216.76202	0.24079378	4.7087667e-09	652.5542709827423
311	166.5714	128.43716	318.07156	-152.31384	286.66666	42.33774	30.580458	118.65774	-135.64648	1248000	0.025418468	476.5072	0.0	-176.1441	0.22285804	5.2452087e-09	654.0070788860321
312	140.1704	127.35171	248.58449	-121.944496	650.0	61.673794	32.072887	97.634155	-135.28333	1252000	-0.15042764	2928.922	0.0	-2519.0864	0.3961758	5.1856044e-09	656.1900799274445
313	96.999855	100.7644	260.01056	-46.965733	580.8333	21.618305	20.727667	73.697914	-127.98644	1256000	-0.09723313	391.41022	0.0	-240.26282	0.41058904	-9.477139e-09	658.1298038959503
314	85.6177	47.317142	143.51038	2.302694	551.0	13.475582	19.90915	88.30995	-106.83061	1260000	-0.017305478	92.25618	0.0	-61.737354	0.4082216	1.7881394e-09	660.3845360279083
315	60.92748	63.285954	115.72092	-20.907673	648.8	8.268646	18.316076	76.38314	-113.36744	1264000	0.023787102	49.782024	0.0	-28.898428	0.4345312	2.4437905e-09	663.0532150268555
316	126.80779	21.517353	157.66336	106.52542	1000.0	7.8570666	16.295183	85.871376	-20.840755	1268000	-0.02172459	9.122793	0.0	-1.2423556	0.49070585	-1.2397766e-08	665.2278299331665
317	183.01405	52.21034	262.55713	122.34099	740.0	12.276394	20.944157	95.42556	-18.5099	1272000	-0.053423863	295.42993	0.0	-70.368126	0.40261012	1.7881394e-09	667.3566000461578
318	184.2981	93.55939	270.48895	19.320831	336.0909	28.153082	25.042053	102.90588	-104.662476	1276000	-0.05910649	818.94556	0.0	-345.81256	0.28365788	2.0265578e-09	669.1059670448303
319	220.0701	116.31021	302.74338	-69.0679	266.85715	49.49352	24.428925	104.59936	-89.84725	1280000	-0.044783115	740.3687	0.0	-645.8071	0.20001084	-2.7120113e-09	670.4200057983398
320	149.96301	159.39027	305.26843	-206.34471	232.70589	56.59125	36.287132	119.690796	-95.61125	1284000	0.031252652	466.98578	0.0	-249.80469	0.20570263	2.2649764e-09	671.6562230587006
321	151.88799	154.63924	287.5335	-151.333	222.23529	52.81434	41.259804	117.38631	-139.25272	1288000	0.0005387105	369.1221	0.0	-134.96852	0.1987284	2.861023e-09	672.8652539253235
322	220.9592	106.71293	302.39105	-54.77528	249.85715	67.89022	25.70718	103.377815	-114.16614	1292000	0.0046713026	187.82568	0.0	-98.90087	0.21377563	2.6822078e-10	674.0553977489471
323	115.8832	125.671936	275.52744	-52.479877	188.85	60.73742	31.604115	105.94607	-109.43607	1296000	0.019451775	977.40155	0.0	-812.594	0.1941522	7.1227553e-09	675.2417368888855
324	227.0158	73.89855	301.16028	38.1448	263.2	66.11293	22.752087	101.077484	-104.77004	1300000	0.020719543	721.09155	0.0	-336.05936	0.1754137	-3.695488e-09	676.4491472244263
325	238.7822	60.412495	289.89325	31.29692	258.2143	71.255615	12.779685	104.874794	-90.818825	1304000	-0.017089343	494.37225	0.0	-121.750786	0.20540431	2.8610234e-09	677.62353515625
326	109.570915	130.68002	270.70166	-144.39594	195.8421	51.4662	42.60904	113.03379	-132.48868	1308000	0.013688868	1030.4741	0.0	-509.5788	0.1763467	5.841255e-09	678.8502368927002
327	136.42902	126.63641	278.83066	-62.87038	218.38889	53.804665	33.22305	98.707825	-119.395515	1312000	0.00032326765	885.95715	0.0	-199.24968	0.17636356	-4.4107438e-09	680.0072419643402
328	142.59901	114.828514	294.9678	-5.5304065	206.94444	40.13271	36.692432	98.412964	-133.5557	1316000	0.0006274571	968.78784	0.0	-237.00467	0.20557624	-3.8146974e-09	681.1612210273743
329	130.8162	125.57026	288.2366	-13.621249	234.26666	53.329014	24.124332	98.2517	-101.01629	1320000	-0.025679277	1743.0491	0.0	-390.016	0.20851399	7.748604e-10	682.386323928833
330	145.53139	122.93873	288.674	-0.63521004	254.8	36.495945	32.296055	90.17442	-107.04088	1324000	0.0019069302	2110.8076	0.0	-814.26904	0.19305532	-6.0796737e-09	683.5325779914856
331	186.13551	107.930305	281.5027	-5.0684547	258.86667	41.812016	29.457901	101.61439	-146.9926	1328000	0.0035050563	1094.9001	0.0	-623.9761	0.18103404	-1.3172627e-08	684.7293629646301
332	126.72859	135.0352	285.4978	-121.120705	229.1875	56.452686	22.37007	92.08865	-117.1393	1332000	0.000109855086	2244.3926	0.0	-714.4881	0.20938069	6.556511e-09	685.9203791618347
333	180.0737	111.457596	285.50574	-0.84810823	245.46666	42.189358	26.076422	91.33346	-107.694374	1336000	-0.00021447567	1308.5481	0.0	-204.02197	0.19009067	-6.9737434e-09	687.1433641910553
334	162.68054	112.25399	270.32394	-28.856249	327.4	44.11923	24.354746	84.149666	-125.010826	1340000	0.0181046	874.87354	0.0	-242.87685	0.14867242	7.987023e-09	688.8061199188232
335	211.07127	125.63219	286.3423	-120.60466	268.85715	48.283398	22.33881	91.03907	-126.14895	1344000	-0.0066009043	726.18787	0.0	-495.87476	0.19626558	1.0430814e-09	690.0648729801178
336	229.21861	70.133224	293.2122	29.065422	338.0	60.813354	23.725853	100.27102	-67.51694	1348000	0.02242431	977.53973	0.0	-554.0693	0.17527398	4.2915342e-09	691.46506690979
337	219.01616	103.86049	292.4117	-114.314766	304.66666	57.22196	21.193316	91.362045	-122.13316	1352000	-0.022745889	457.52164	0.0	-139.53078	0.18405402	-2.9206277e-09	692.8438520431519
338	225.34724	77.54896	270.37762	-24.14489	318.25	58.692	21.777216	113.40509	-70.00351	1356000	0.013198945	472.58124	0.0	-112.41644	0.19049624	5.6028364e-09	694.2323849201202
339	210.05212	71.80992	263.77838	-22.81975	312.25	56.618435	20.568645	116.69518	-73.44684	1360000	0.03302349	179.6619	0.0	-101.40439	0.20524362	2.2947786e-09	695.5834391117096
340	229.02023	90.3354	296.4532	-14.410929	284.6154	55.57803	28.176289	99.020004	-74.94381	1364000	-0.018009756	689.3632	0.0	-464.36337	0.18733256	-1.2814999e-08	696.8628520965576
341	254.96504	26.704874	302.78543	211.72095	338.45456	61.963833	16.324213	99.18046	17.601543	1368000	-0.017770568	196.9743	0.0	-100.67229	0.20736142	7.331371e-09	698.342453956604
342	241.66806	21.172913	276.63794	214.51115	367.4	58.58568	19.01969	103.85671	15.934017	1372000	0.0032887668	68.56673	0.0	-30.964495	0.20357469	-5.126e-09	699.821328163147
343	231.08813	76.48108	278.55487	6.152394	344.3	53.180534	20.49324	93.20792	-70.37919	1376000	0.008901066	156.6795	0.0	-85.74263	0.21047637	-1.9967556e-09	701.3312590122223
344	220.27585	51.178043	278.70428	79.491196	369.7	48.073544	19.824192	96.31908	-34.50446	1380000	-0.0072751334	107.11188	0.0	-29.959795	0.21012604	-3.7252903e-09	702.9010670185089
345	248.01016	22.475548	272.27487	205.05128	348.9	53.470844	19.025616	101.34396	20.689854	1384000	-0.00082316203	97.48073	0.0	-34.234474	0.20740509	4.7683715e-09	704.3917398452759
346	206.39249	101.515144	303.08862	-10.340872	315.0	53.966408	21.525171	110.260765	-66.851364	1388000	0.0022109877	799.25977	0.0	-312.44742	0.20798475	-5.066392e-10	705.7863070964813
347	116.84319	137.19513	287.3915	-112.456566	339.0909	53.519554	19.14622	96.33007	-92.7145	1392000	0.018323407	2179.4307	0.0	-1062.8297	0.19363391	-5.125999e-09	707.2798719406128
348	105.18252	124.29254	271.58063	-57.02833	260.7857	23.756235	32.063683	79.83356	-144.13033	1396000	-0.021106541	1705.4269	0.0	-420.49963	0.20964286	-1.0579824e-08	708.5066061019897
349	130.359	123.85404	248.75972	-71.888115	286.07693	33.221825	27.989283	95.769424	-129.39572	1400000	-0.004504255	1357.8276	0.0	-162.60675	0.20765798	2.8014182e-09	709.7707681655884
350	90.507965	140.3532	268.32773	-98.83082	303.08334	39.97767	34.47229	96.5167	-139.7592	1404000	0.014298367	1618.5767	0.0	-536.07385	0.1713522	-7.0333477e-09	711.3465349674225
351	52.9784	157.35631	250.2999	-223.17697	233.0	19.20821	30.580479	73.82549	-115.64836	1408000	-0.025927713	2256.4307	0.0	-742.40485	0.20720167	-1.0848046e-08	712.5141658782959
352	78.36472	123.98831	249.68347	-61.98038	277.07144	23.155434	35.057358	82.84978	-128.6955	1412000	-0.018732047	1499.905	0.0	-472.65598	0.24233365	-3.9935113e-09	713.8342981338501
353	139.30092	134.38039	288.6849	-74.808464	281.84616	25.815569	30.206295	81.51239	-112.6683	1416000	-0.01768061	1510.477	0.0	-635.0829	0.18894501	8.165836e-09	715.088408946991
354	59.411766	166.22247	260.06668	-215.10776	231.0625	32.38207	31.641634	103.45473	-103.93019	1420000	0.0029574335	2141.912	0.0	-665.8321	0.18344165	4.529953e-09	716.2982981204987
355	98.73009	143.84631	278.04065	-91.66645	225.70589	38.535366	31.716972	100.41962	-93.797874	1424000	-0.00045716483	1554.687	0.0	-436.57474	0.2027086	9.1195105e-09	717.5103039741516
356	36.13511	149.3013	280.46298	-238.75189	212.76471	36.607662	32.371685	95.09614	-110.66134	1428000	0.011225913	2342.023	0.0	-741.16315	0.21479532	-5.36442e-10	718.7662179470062
357	33.122814	95.82088	244.4703	-74.76589	194.85	23.370176	32.41111	90.46579	-114.644005	1432000	-0.0012457818	1356.1335	0.0	-267.56717	0.22783291	1.0609627e-08	719.8609998226166
358	15.128227	132.87976	275.66287	-171.02866	193.21053	13.271307	38.219753	82.41503	-148.85786	1436000	-0.02791167	1607.2603	0.0	-262.08548	0.21676137	9.775162e-09	721.0301439762115
359	-18.429705	88.49451	248.39923	-131.0825	168.60869	4.117395	39.54586	85.46259	-163.5864	1440000	0.0004216917	1297.2969	0.0	-464.2072	0.20819761	3.9339065e-09	722.1334309577942
360	-21.228542	85.7788	297.25034	-210.41423	167.86957	-3.7572246	33.02736	83.04321	-118.53557	1444000	-0.0052853525	1098.2361	0.0	-349.24377	0.22743183	-1.001358e-08	723.2279560565948
361	-18.887505	103.80203	268.285	-174.34355	183.35	-7.321549	36.546482	94.44951	-134.20857	1448000	-0.012730503	2220.1594	0.0	-559.7623	0.19517942	2.4437905e-09	724.4805710315704
362	-31.878778	95.69741	226.11589	-206.51007	161.54167	-4.491104	39.381535	92.40709	-150.95108	1452000	0.021755677	1165.3806	0.0	-287.84766	0.21756196	-1.7285346e-09	725.6395080089569
363	58.135166	113.04001	249.35007	-67.07367	209.16667	-2.4077368	37.240852	83.438835	-132.73547	1456000	-0.002178052	2248.2651	0.0	-987.13513	0.19641364	-3.9339065e-09	726.7840261459351
364	94.50301	122.09087	265.57843	-61.221336	214.61111	32.215176	30.860188	86.87346	-113.77567	1460000	-0.044374935	1380.9521	0.0	-283.5774	0.21824075	4.8279762e-09	727.8999059200287
365	95.19082	112.30398	265.47372	-31.108856	226.17647	30.761164	30.056152	93.29289	-105.56613	1464000	-0.0018233182	1054.1956	0.0	-192.79352	0.21812809	-1.5497208e-09	729.1373770236969
366	47.931767	89.09108	254.61507	-39.477352	192.26315	26.58689	28.104048	85.96928	-115.002556	1468000	0.012776792	983.4081	0.0	-179.80185	0.226183	8.642674e-09	730.2729070186615
367	71.50221	120.79657	289.5012	-69.6279	208.66667	23.285645	33.09087	87.487946	-143.44617	1472000	-0.010911167	1279.0033	0.0	-190.41864	0.2175293	3.3378602e-09	731.3914380073547
368	31.897608	119.821945	271.77515	-167.85841	178.22728	18.27262	32.67939	84.44409	-120.207886	1476000	0.0051642163	1495.3293	0.0	-516.56885	0.22602066	-7.1525577e-09	732.4716448783875
369	16.380684	66.136	249.05966	-151.08336	176.81818	1.6075886	41.13868	85.03346	-156.81226	1480000	0.00384018	1059.3706	0.0	-634.6078	0.24567252	8.46386e-09	733.5601871013641
370	64.03254	104.54046	270.24	-34.831615	213.0	9.669938	33.01882	82.11594	-131.43251	1484000	-0.0033629313	1335.7136	0.0	-405.3496	0.23807539	-2.6822091e-09	734.8182351589203
371	100.506226	125.907745	268.85278	-138.80707	214.16667	23.360249	34.13597	86.59373	-148.60199	1488000	-0.019892357	1305.9717	0.0	-355.8615	0.21989918	3.9935113e-09	736.0900709629059
372	97.78875	137.86194	277.29126	-163.31601	246.0	36.088665	32.97439	83.23759	-151.81606	1492000	-0.015867969	1896.0358	0.0	-588.108	0.22210096	-8.642674e-09	737.3766739368439
373	157.56802	131.341	269.5144	-84.7574	276.6154	33.896954	30.667208	92.09616	-124.05771	1496000	-0.0111399675	1161.3184	0.0	-419.42996	0.2281636	-4.11272e-09	738.7749509811401
374	174.05775	137.99023	268.72644	-148.24254	300.91666	45.184593	29.968847	95.12491	-148.49849	1500000	0.01347718	723.60815	0.0	-217.6425	0.21849537	-4.5299533e-09	740.1253638267517
375	247.68636	21.349087	283.01642	213.6837	377.44446	49.343365	18.152945	95.80038	-22.688837	1504000	-0.0042505516	296.90686	0.0	-161.89413	0.2141225	3.576277e-10	741.6148390769958
376	198.31085	97.99174	262.18872	-76.1037	403.77777	51.243515	25.147602	107.373184	-102.155334	1508000	-0.005433738	245.06734	0.0	-104.30846	0.22555745	1.07288365e-08	743.3016450405121
377	176.84773	120.59524	272.58127	-64.95289	396.55554	43.43124	25.923786	100.79893	-112.364365	1512000	0.004072124	627.48157	0.0	-120.843994	0.21128532	9.953975e-09	744.9869160652161
378	246.48676	30.540152	307.64844	220.29807	413.75	42.105453	20.720192	89.51023	-0.87964296	1516000	0.0074369297	281.60138	0.0	-110.283966	0.20458852	1.0550022e-08	746.5880210399628
379	210.3805	79.145424	300.325	18.643627	417.0	45.621532	24.085302	98.728386	-25.419617	1520000	0.00024293491	444.10513	0.0	-174.18127	0.19968197	-9.953975e-09	748.3667740821838
380	198.26547	102.45421	287.2682	-66.79178	429.625	45.33731	25.200712	99.1882	-100.59586	1524000	0.01610243	409.87488	0.0	-193.84663	0.19825387	-4.0531156e-09	750.0268001556396
381	217.92365	25.686268	254.09392	178.41005	487.875	38.445114	22.729546	100.78845	4.9585533	1528000	-0.0076500997	146.91411	0.0	-28.027237	0.20572448	1.4424325e-08	751.808346748352
382	216.76428	18.035984	253.7153	190.88525	481.375	41.765358	23.865084	116.58282	1.6823611	1532000	0.016995834	188.35968	0.0	-43.398018	0.20677134	-5.3048135e-09	753.5803048610687
383	204.37776	86.42002	281.3425	-31.332699	415.33334	42.82147	25.084002	102.213326	-38.59541	1536000	-0.0122719165	234.77908	0.0	-82.34973	0.20325989	-9.179115e-09	755.2274188995361
384	203.54411	64.01184	246.66896	25.440271	395.0	40.05382	21.232206	91.424355	-82.38778	1540000	0.0010612519	198.51266	0.0	-87.43957	0.19863604	-8.702278e-09	756.7764201164246
385	243.48817	17.522738	269.09152	217.85068	388.55554	47.29446	21.300436	100.63206	13.857634	1544000	0.009397249	90.4716	0.0	-29.465351	0.18868797	8.8214875e-09	758.4438629150391
386	234.88716	63.663437	278.73502	37.030884	345.9091	52.06642	21.05256	98.04737	-9.2855625	1548000	0.0098788515	213.63452	0.0	-119.98446	0.18729286	6.079673e-09	759.8466789722443
387	211.63837	101.09719	308.8602	12.332726	289.30768	48.958096	31.13507	94.730286	-102.67751	1552000	0.008216219	324.2849	0.0	-194.5773	0.17981254	0.0	761.2625861167908
388	236.12561	74.90709	284.71933	-8.260463	322.66666	58.348083	21.345644	98.28525	-77.07261	1556000	-0.0039727893	183.35396	0.0	-70.326866	0.18205738	-1.3113022e-09	762.6159880161285
389	253.86966	84.74586	319.2164	-40.973965	264.85715	60.729374	25.413055	98.40863	-99.25936	1560000	0.008800617	685.50867	0.0	-528.8767	0.17540647	2.771616e-09	763.9468531608582
390	204.4786	113.20191	290.87708	-52.01043	242.86667	67.01971	26.406982	114.68051	-60.779633	1564000	0.008462736	220.61746	0.0	-124.309296	0.16288233	1.0251999e-08	765.1551470756531
391	153.10799	122.137	285.06866	-14.401099	213.0	65.31429	33.465256	107.13636	-89.07932	1568000	-0.0051451437	1285.7075	0.0	-983.1794	0.16873264	2.6226044e-09	766.3422689437866
392	115.792114	135.134	289.61533	-151.81761	204.5	48.16976	40.13666	95.87974	-121.179016	1572000	-0.0054537267	799.6195	0.0	-277.48608	0.17343736	-1.6629695e-08	767.5413911342621
393	82.01346	110.51536	268.8616	-144.93611	238.8125	39.67782	41.262634	95.41618	-151.21779	1576000	-0.019153975	1264.6981	0.0	-817.5028	0.22544342	1.8775463e-09	769.2377419471741
394	17.61536	64.25131	99.13747	-135.8086	287.53845	10.447694	41.39413	99.814606	-138.55289	1580000	0.010320389	653.0144	0.0	-437.41425	0.3139987	-2.3841853e-09	770.7588107585907
395	51.39191	115.529686	263.71918	-142.12065	151.65384	2.847802	45.55648	87.65589	-147.7155	1584000	-0.010263013	1549.0735	0.0	-974.0552	0.14341229	-1.1920909e-10	771.8108420372009
396	176.08157	110.32314	293.19492	-1.2860909	258.33334	41.12079	35.798862	96.0584	-119.4463	1588000	-0.021583749	1664.7836	0.0	-942.5469	0.18711115	-1.4871359e-08	773.1682198047638
397	61.397175	112.3419	292.45953	-88.47217	157.70833	40.40624	46.65298	102.8879	-141.3906	1592000	-0.0065874583	1368.1641	0.0	-893.771	0.15290679	8.0466265e-09	774.1861219406128
398	12.195039	89.395065	308.68484	-90.543915	131.78572	9.193657	49.433952	93.267235	-126.53487	1596000	-0.016015267	898.5807	0.0	-321.181	0.14309344	1.3530254e-08	775.1980929374695
399	46.10583	101.086365	292.3782	-60.011772	151.60869	13.440524	39.782436	81.4172	-138.16106	1600000	0.0025810627	2006.0261	0.0	-602.5923	0.14560878	7.45058e-10	776.2946979999542
400	30.858032	126.7177	288.22818	-134.6813	129.0	14.624191	41.200672	82.95976	-129.54027	1604000	-0.004119519	2000.4851	0.0	-1342.4807	0.114999905	3.5762784e-09	777.3011620044708
401	-9.678708	84.02245	254.16113	-169.40887	108.741936	19.590897	50.19353	109.94548	-128.718	1608000	-0.00029804092	2103.4321	0.0	-996.61896	0.1537678	1.9669533e-09	778.3557591438293
402	-19.687906	49.73422	66.06321	-136.22281	110.0	-1.9727584	38.908924	85.1902	-129.23413	1612000	-0.012945233	958.2728	0.0	-352.7351	0.18300833	1.7285346e-09	779.4108800888062
403	0.33706573	106.426956	273.43768	-162.59172	111.57143	-11.172471	38.786488	53.22229	-141.29317	1616000	0.015514631	2229.462	0.0	-1156.0793	0.11581297	4.4703476e-09	780.3479170799255
404	76.44442	111.375244	280.0487	-61.66908	219.16667	41.446087	32.925377	92.911194	-141.06558	1620000	-0.072185025	2189.996	0.0	-1066.0276	0.25436983	-4.7087667e-09	781.5003080368042
405	0.49467424	113.77782	289.33453	-120.91264	111.91428	9.8852625	45.20058	83.902664	-118.37009	1624000	-0.004957475	1534.6445	0.0	-400.40598	0.11133301	-1.1652707e-08	782.5663270950317
406	-25.897799	98.374306	258.40228	-177.95033	101.13333	16.45866	45.22037	92.25778	-122.476814	1628000	-0.027406108	1681.4355	0.0	-749.78796	0.19831151	2.1025539e-08	783.7450518608093
407	-39.309525	86.19729	242.31433	-130.71228	94.80488	-12.26958	40.960915	86.25438	-124.392006	1632000	0.0057486407	1210.0715	0.0	-396.98972	0.11764164	1.2814999e-08	784.6837019920349
408	-59.045506	58.10016	264.44415	-140.52457	85.08696	-22.402224	40.342064	84.65069	-117.96712	1636000	-0.0043309936	797.3441	0.0	-267.80112	0.09344981	3.1590461e-09	785.5790920257568
409	-67.75128	67.02476	278.998	-241.53123	94.309525	-32.495186	32.064297	47.793953	-141.40419	1640000	0.0027785297	3024.1897	0.0	-1512.1348	0.106842324	9.2387187e-10	786.5099439620972
410	-66.5711	27.333344	31.658884	-109.64533	82.82609	-34.217716	25.099873	22.519876	-125.04731	1644000	0.025111243	389.34634	0.0	-81.813416	0.122361384	-1.490116e-09	787.4190378189087
411	-77.565704	31.163332	5.1167674	-151.49295	85.45652	-36.60628	23.782259	15.635902	-116.82693	1648000	-0.00050125516	412.1336	0.0	-85.2221	0.08787438	-5.9604655e-11	788.3117198944092
412	-82.60116	26.058617	-15.501787	-145.46959	77.21568	-47.274612	22.32533	1.3682404	-109.71625	1652000	0.013998585	160.92865	0.0	-23.894512	0.093333855	-7.3313715e-09	789.1826338768005
413	-77.85226	49.93398	227.33966	-123.357605	81.3125	-38.41083	23.49384	53.380215	-105.6575	1656000	0.0070916405	822.6678	0.0	-116.01273	0.0743246	-1.1324883e-09	790.0726010799408
414	-80.39419	22.405367	-1.7036172	-125.09152	77.62745	-44.622692	20.412842	6.68996	-99.45785	1660000	0.013815152	259.3811	0.0	-37.345284	0.071840584	3.2484533e-09	790.9872050285339
415	-84.961365	22.213606	1.7006792	-117.37902	79.53061	-44.53569	19.308458	-4.424295	-103.64435	1664000	0.009259943	199.69452	0.0	-37.21972	0.080197304	6.4074994e-09	791.9012668132782
416	-89.70871	32.317345	10.810989	-219.16467	76.73077	-46.431335	18.872206	-6.206017	-105.115944	1668000	-0.01235307	573.8389	0.0	-88.512726	0.063929796	3.6954881e-09	792.7975161075592
417	-78.79597	27.42729	26.625546	-122.981926	77.37255	-47.454975	19.565035	-5.2029877	-120.43243	1672000	0.010209577	388.16388	0.0	-50.443077	0.07428643	7.56979e-09	793.6719570159912
418	-85.24476	31.433367	5.4128013	-211.16315	79.34694	-45.05451	20.664272	-1.1391754	-120.19383	1676000	-0.026912412	500.85995	0.0	-54.606636	0.0799396	-1.4811754e-08	794.5593719482422
419	-80.55906	24.548758	5.3320074	-124.716805	79.83673	-45.671555	19.490152	-1.5697699	-109.57235	1680000	0.012056223	251.93791	0.0	-23.095528	0.081843615	0.0	795.4311668872833
420	-86.392395	19.20993	-8.154731	-116.06775	80.061226	-44.915756	18.306139	-12.146061	-110.34202	1684000	0.021330874	160.98695	0.0	-13.664822	0.07922588	2.9802322e-10	796.3039238452911
421	-77.234276	20.380539	1.7396017	-110.99724	78.88	-45.222538	20.017214	0.086535454	-111.530624	1688000	-0.011955317	192.03506	0.0	-34.73696	0.06885651	1.0788441e-08	797.1844940185547
422	-78.01226	21.042183	-22.170227	-133.17334	81.791664	-44.01597	20.730726	6.3886256	-117.14325	1692000	0.01782465	99.461655	0.0	-13.517735	0.11335132	-5.2452087e-09	798.051903963089
423	-67.10464	31.617443	7.7302265	-198.65143	80.041664	-43.241783	22.527325	4.3749156	-134.95343	1696000	0.010682791	561.0897	0.0	-75.429535	0.10347788	3.4868717e-09	798.9452350139618
424	-59.320194	22.083548	39.319576	-98.67592	77.68	-36.249367	23.822634	9.02052	-117.17644	1700000	0.0033190702	241.15163	0.0	-31.402763	0.090703376	-5.960464e-09	799.8225898742676
425	-68.73302	20.231333	-20.344105	-131.2998	85.08696	-34.943054	23.279617	9.742615	-122.785446	1704000	-0.0061605247	256.04865	0.0	-32.65001	0.09916511	-9.715557e-09	800.700798034668
426	-62.84573	33.59526	39.39943	-169.52725	80.708336	-38.10236	24.466934	3.574768	-132.17186	1708000	-0.0023129643	463.92352	0.0	-38.090866	0.08864587	-1.4215708e-08	801.5962080955505
427	-62.26362	36.473488	28.431236	-211.54987	85.5	-34.448875	25.735746	19.594051	-140.78966	1712000	-0.0010072468	534.53955	0.0	-64.50714	0.10183801	1.490116e-09	802.4793128967285
428	-62.918705	46.128716	23.239794	-196.7181	85.22222	-37.348007	29.636198	12.1813545	-147.60541	1716000	0.0014382002	1017.2299	0.0	-41.833984	0.09353752	-1.9073487e-09	803.3769860267639
429	-51.5349	29.362883	46.2351	-169.73553	81.93617	-29.51701	25.976458	15.898649	-146.54617	1720000	-0.004586662	301.11935	0.0	-55.25116	0.09397413	2.5033953e-09	804.2548480033875
430	-66.05141	59.94347	28.344746	-321.23102	85.58696	-32.22775	28.756962	13.316334	-147.26706	1724000	0.0028913813	1212.5132	0.0	-332.10156	0.11281334	-9.834766e-10	805.1649458408356
431	-67.04128	57.007942	18.373625	-238.21825	89.318184	-43.50257	34.389618	13.548433	-162.85384	1728000	0.00305622	924.5779	0.0	-106.29971	0.11007328	-1.9788743e-08	806.0739798545837
432	-55.88493	61.6005	9.742737	-298.08304	87.933334	-34.44356	34.61186	15.230732	-163.00755	1732000	0.00042885682	714.9519	0.0	-124.58374	0.10897893	7.510185e-09	806.9803268909454
433	-46.43428	60.424458	51.495956	-206.95905	88.61364	-35.712376	38.7973	30.557775	-163.71451	1736000	-0.0064132633	810.0464	0.0	-199.3855	0.10558799	1.0937452e-08	808.0400068759918
434	-31.4065	47.23294	56.135307	-197.84537	89.60465	-26.305902	34.806892	31.10353	-148.18251	1740000	-0.0133112455	582.7876	0.0	-108.77347	0.12609893	6.854534e-10	809.0284779071808
435	-19.748497	48.51276	37.53747	-246.50334	92.65854	-19.187487	34.990257	34.922405	-158.31	1744000	-0.022219706	578.494	0.0	-185.86899	0.122585714	7.033348e-09	809.97704911232
436	-15.998363	36.836445	30.518991	-174.07452	92.2619	-13.26289	35.748734	36.960472	-157.51443	1748000	-0.00071583025	258.22137	0.0	-39.457817	0.11685416	7.33137e-09	810.9878971576691
437	-25.699955	37.195248	30.099056	-192.89807	94.60976	-16.520037	36.448425	36.904488	-154.60999	1752000	-0.008267332	568.12714	0.0	-107.04224	0.11788307	1.758337e-09	811.8987009525299
438	-25.185762	49.936565	50.709057	-243.6534	92.190475	-13.187649	36.107243	37.862957	-154.71817	1756000	-0.024433194	619.67303	0.0	-213.12291	0.1317705	6.824732e-09	812.7998459339142
439	-13.7663555	36.388897	34.27356	-148.68701	99.861115	-14.178914	39.832264	77.463554	-141.68147	1760000	-0.020714216	677.00586	0.0	-240.9179	0.13697171	-1.5288592e-08	813.7475798130035
440	-5.8513575	44.488243	189.51454	-69.86298	112.47059	-9.488765	35.26066	48.910126	-117.512	1764000	-0.014645084	781.93475	0.0	-388.24078	0.14521675	-1.6093256e-09	814.7161138057709
441	-12.763744	59.35831	212.10757	-167.09834	115.27273	-10.911674	38.38012	110.90317	-128.87944	1768000	0.0017920207	1061.315	0.0	-385.2721	0.14979973	4.172325e-09	815.6637749671936
442	12.875686	54.611515	211.84021	-51.073734	124.58064	-7.09598	36.218037	75.82339	-114.24984	1772000	-0.010870376	783.77673	0.0	-388.1685	0.1719314	-1.01923945e-08	816.6940999031067
443	37.190414	94.86238	250.17226	-133.8958	147.4	12.401366	43.221046	112.47548	-112.86804	1776000	0.009073924	1785.1836	0.0	-643.0383	0.14821494	-1.0043383e-08	817.7872030735016
444	24.842531	65.96949	207.02074	-48.751564	155.91667	19.10598	38.53026	113.05165	-125.54417	1780000	-0.013811856	1423.7571	0.0	-828.5528	0.14533171	-4.1723247e-10	818.8673579692841
445	22.608454	78.00156	242.42383	-51.74811	145.4	2.2643323	31.944017	67.24482	-111.508064	1784000	-0.00888207	1139.8696	0.0	-340.80966	0.15923357	-1.5318394e-08	819.8568098545074
446	32.284676	86.23599	256.53296	-57.933887	141.07143	13.044652	34.92868	78.15233	-130.59842	1788000	0.004709824	1454.8005	0.0	-368.45438	0.14714044	3.2782554e-09	820.8574011325836
447	23.437304	82.98722	251.29483	-42.62988	141.67857	2.6854932	36.7978	80.87615	-138.72826	1792000	-0.015030563	1330.0889	0.0	-390.33725	0.15908569	-3.695488e-09	821.8447768688202
448	56.833164	102.30951	261.62338	-47.862545	159.4	13.229527	38.324055	103.7153	-120.190506	1796000	0.013249741	1516.7454	0.0	-450.13184	0.15008616	-5.4240226e-09	822.8384320735931
449	64.169426	123.4354	275.49066	-194.1523	181.0	29.293331	43.80179	108.50821	-135.0816	1800000	-0.0026020594	1669.9464	0.0	-566.4099	0.13647279	-9.1195105e-09	823.960119009018
450	23.2669	48.75617	196.39534	-42.226353	172.91304	12.776847	39.188618	100.75696	-108.64116	1804000	0.0033501666	1461.6748	0.0	-1031.5017	0.16618918	-1.5497207e-08	825.047553062439
451	68.929184	109.4938	282.62396	-94.22771	226.76471	6.003047	37.15669	80.61103	-139.784	1808000	-0.0056683905	1765.5093	0.0	-1104.2415	0.14224182	7.152554e-10	826.1932339668274
452	68.44915	95.7907	270.70477	-29.43153	205.36842	12.365181	36.738335	88.124306	-114.49177	1812000	-0.004891281	1219.0396	0.0	-415.92947	0.15992862	-1.1742116e-08	827.3433878421783
453	145.96016	120.24988	280.08215	-38.560146	262.33334	30.177752	33.007107	101.84227	-125.66789	1816000	-0.011326797	1724.67	0.0	-589.52795	0.13490237	-1.1622905e-08	828.64182305336
454	141.71675	109.22063	268.37067	-19.545372	304.25	40.43866	26.745188	109.686134	-87.35075	1820000	0.02156512	1782.765	0.0	-638.07043	0.13022572	5.3644182e-09	829.9913940429688
455	209.4411	60.469654	267.04654	41.017662	327.9091	34.605663	22.92357	79.80034	-102.14923	1824000	0.006861328	1015.22546	0.0	-601.24805	0.1267528	2.0265576e-09	831.2751150131226
456	200.13806	70.64585	266.58997	16.882858	373.3	53.17707	20.53945	107.07175	-29.143454	1828000	0.03080066	1523.8077	0.0	-911.3789	0.11032839	-3.1590464e-09	832.6320638656616
457	185.87015	68.64416	253.66791	49.93117	394.1	38.34113	19.089548	75.685486	-108.212204	1832000	-0.048499327	1000.14233	0.0	-477.63968	0.17824791	2.5719405e-08	834.2047328948975
458	177.89821	76.494606	243.88745	-9.852081	433.33334	41.08157	16.163115	86.314156	-15.490433	1836000	-0.0201967	958.505	0.0	-306.62085	0.1800128	1.2159348e-08	835.8690087795258
459	214.82785	41.61789	262.45728	136.45209	511.7143	30.808989	18.610416	77.244194	-49.64187	1840000	-0.007545296	470.7041	0.0	-80.40236	0.17356063	-6.020069e-09	837.5215260982513
460	196.80862	60.704132	259.7203	51.07107	365.2	36.32645	17.310673	79.99396	-86.5288	1844000	0.004681352	513.68896	0.0	-197.79527	0.12898499	8.940695e-10	839.0469470024109
461	209.77481	67.538734	263.31824	18.60802	366.9	46.14717	16.492573	93.61746	-20.56901	1848000	-0.0056524696	482.86594	0.0	-82.344955	0.14684984	-1.013279e-09	840.5784239768982
462	188.56609	67.786736	259.3639	34.286205	506.7143	44.521847	13.8160305	91.12085	-50.27134	1852000	-0.09408685	692.49493	0.0	-406.83646	0.24749751	-3.2156706e-08	842.4886109828949
463	233.85027	26.170774	261.69617	184.79886	439.375	39.883865	17.486696	82.14429	-3.7569442	1856000	-0.008514253	319.94638	0.0	-79.008995	0.18675329	1.3887883e-08	844.1683011054993
464	231.59789	32.858562	253.6898	152.93494	507.57144	45.51193	15.083432	81.286064	-16.687254	1860000	0.0125381285	440.24768	0.0	-116.68573	0.15257004	-2.3543834e-09	845.9049949645996
465	130.06007	104.81881	235.1856	3.46268	684.2	38.613773	15.197083	84.36045	9.0916195	1864000	-0.014986737	1200.2037	0.0	-771.0997	0.20109187	1.7881394e-09	848.2954428195953
466	125.95201	117.956474	253.5354	-48.716713	704.8	22.792158	17.789677	65.58816	-35.701458	1868000	-0.044100255	645.0514	0.0	-228.06502	0.20637134	-9.477138e-09	850.5815999507904
467	114.381165	80.58853	201.4627	22.735569	837.0	10.066679	20.049007	61.815907	-42.188347	1872000	-0.029587649	224.12881	0.0	-77.49344	0.23366153	-9.000301e-09	853.048318862915
468	175.60849	49.42867	224.91159	83.351456	644.6	15.866047	12.829993	62.57806	-23.125273	1876000	-0.021671288	324.49228	0.0	-131.99368	0.25194478	-5.39422e-09	855.2743289470673
469	218.44884	22.233744	242.222	178.21988	597.8333	25.51515	16.748014	85.039825	-21.188078	1880000	-0.015272776	243.9458	0.0	-61.897232	0.2625581	-4.5001505e-09	857.3418600559235
470	186.22002	64.90198	240.57666	63.77007	679.0	32.43717	17.46104	86.166466	-13.110418	1884000	-0.060144678	330.67072	0.0	-204.11699	0.31721115	1.0430814e-09	859.5376329421997
471	216.98059	26.958395	249.20915	175.49887	603.3333	26.826496	17.219143	81.34012	-18.017433	1888000	-0.015110917	132.59871	0.0	-92.10422	0.3107203	1.1920926e-09	861.4122140407562
472	219.38686	28.087305	255.01672	178.51845	533.5	34.72043	21.161179	102.06502	6.6147475	1892000	0.019009609	41.787056	0.0	-13.771845	0.35541415	4.7832733e-09	863.3237161636353
473	221.42659	10.952866	238.019	210.72855	534.1667	30.24814	21.33972	106.35109	-10.028795	1896000	0.0011394704	72.386314	0.0	-37.833527	0.35960436	3.7550927e-09	865.2210690975189
474	227.54395	29.029596	274.8724	187.06038	502.14285	35.527206	23.218752	94.78063	-2.752673	1900000	0.0059330766	86.50281	0.0	-58.18943	0.37745053	2.0861625e-08	867.0610680580139
475	239.04547	18.02262	263.0621	214.54211	441.25	44.528137	24.399965	101.33682	-8.72752	1904000	0.025406769	98.39435	0.0	-50.856926	0.36880538	-1.1920929e-09	868.7170600891113
476	181.34789	85.395874	267.26428	14.883504	421.77777	50.796036	26.987398	121.18816	-8.832354	1908000	0.043638587	1254.261	0.0	-619.44604	0.32273924	-2.2947788e-09	870.3280470371246
477	139.04706	125.83932	268.88992	-45.232044	411.1111	30.350214	17.983154	86.93675	-46.30661	1912000	-0.031616	1253.0303	0.0	-382.0619	0.29842237	-2.861023e-09	872.0321559906006
478	93.920906	112.49651	270.13223	-31.33042	350.63635	28.432573	15.3706455	86.57831	-53.418972	1916000	-0.003823025	1261.3038	0.0	-375.19867	0.31869364	9.715556e-09	873.5525760650635
479	108.498795	116.4311	236.40868	-31.043877	362.2	20.90739	20.246098	96.69406	-82.9029	1920000	-0.018609967	994.7614	0.0	-106.09613	0.30487156	2.0861624e-10	875.0758640766144
480	178.75455	106.573555	265.98187	-39.75503	369.7	26.84423	26.067673	98.72867	-103.24879	1924000	-0.01651879	1272.7915	0.0	-432.9309	0.28144342	-7.420778e-09	876.6188759803772
481	84.307236	121.12459	236.00302	-93.420944	346.9	31.889477	20.876387	99.90397	-100.32804	1928000	0.00044124015	1309.3196	0.0	-521.15686	0.28879803	-7.3015687e-09	878.1618838310242
482	104.281006	120.09712	273.1627	-42.91271	352.7	18.661058	22.004025	95.45733	-103.47728	1932000	0.0067440807	830.5089	0.0	-137.3078	0.2842614	-1.1742115e-08	879.7239470481873
483	11.982913	93.04982	217.36302	-65.64273	335.0909	15.30882	20.762928	71.897064	-113.724396	1936000	0.0011450578	1184.8789	0.0	-458.97937	0.32200873	2.1159647e-09	881.2142689228058
484	66.93054	118.479805	238.78284	-65.32406	544.0	27.49055	40.34445	92.15984	-140.88094	1940000	-0.07681735	2234.3662	0.0	-1416.4661	0.40458536	-1.9669532e-08	883.3918011188507
485	35.382103	122.03402	286.8683	-85.45104	329.0909	10.026245	22.890963	76.22404	-141.45003	1944000	-0.03600668	959.9453	0.0	-207.52411	0.31000137	-1.4096498e-08	884.893697977066
486	31.486897	112.80388	246.68268	-67.1655	341.45456	4.4441338	24.77676	116.66875	-120.383804	1948000	-0.017793875	818.4765	0.0	-90.27205	0.31387952	-8.881092e-09	886.4744410514832
487	207.26306	37.580883	270.69974	147.3507	399.0	16.034414	26.138023	97.77486	-70.53513	1952000	-0.0015326736	1341.669	0.0	-1242.9911	0.29061174	-1.26361845e-08	888.3183391094208
488	164.8263	104.187325	277.2441	-12.721611	457.125	42.176533	22.663473	105.151794	-22.15975	1956000	-0.019897215	784.7811	0.0	-338.5912	0.2910471	-8.970499e-09	890.0490911006927
489	175.36841	80.90104	257.27182	22.86111	490.57144	30.598278	17.742722	90.63089	3.6476607	1960000	-0.024791429	1000.2036	0.0	-556.66406	0.3568278	3.8444994e-09	891.7776801586151
490	188.72433	84.81583	259.34418	21.144745	414.77777	40.546375	15.777622	91.12291	-1.5053482	1964000	-0.012713202	550.4314	0.0	-100.5755	0.33195674	-2.9206277e-09	893.5045540332794
491	224.48242	31.877642	271.92572	186.94313	463.375	41.65589	22.18122	99.32547	-8.603218	1968000	-0.00049394276	116.088776	0.0	-69.295746	0.34558618	-3.5166743e-09	895.3344597816467
492	233.10204	24.478111	277.91904	206.09142	487.875	42.11835	21.559517	97.68263	6.8611417	1972000	-0.036464393	53.517292	0.0	-25.76347	0.31887263	4.61936e-09	897.1467881202698
493	222.92738	21.176958	249.28123	183.87514	487.625	39.827827	24.363295	101.79206	4.2599726	1976000	0.001400541	39.26487	0.0	-17.349833	0.32742852	1.4126301e-08	898.9253680706024
494	222.749	20.85668	253.4113	194.67357	468.375	39.68527	22.646503	112.220024	9.079832	1980000	-0.0018953634	36.52011	0.0	-11.638948	0.3288144	2.5331972e-09	900.7594289779663
495	230.9613	23.725355	265.8592	196.47554	471.0	43.26036	21.64199	97.96788	6.45276	1984000	-0.024686644	176.80472	0.0	-61.009197	0.34871957	1.1473894e-08	902.6775350570679
496	226.51096	16.645325	245.14134	204.02872	459.0	36.28948	21.444143	88.31192	1.3188896	1988000	-0.036766004	71.20749	0.0	-35.148735	0.31011847	-2.5331974e-09	904.4629528522491
497	206.34714	39.26607	251.43507	119.007	522.7143	46.02361	21.473389	91.02675	2.0886836	1992000	-0.07656644	734.0884	0.0	-615.11096	0.3527482	9.581447e-09	906.2392251491547
498	206.61269	12.77266	221.15063	184.29669	515.4286	35.078976	20.481255	88.055405	-21.223509	1996000	0.00031207502	329.26263	0.0	-112.4419	0.30860737	8.344649e-09	908.4454388618469
499	206.85017	25.054888	251.30646	182.25351	515.7143	31.604609	17.75113	85.02497	-4.6110644	2000000	-0.015476599	372.8974	0.0	-63.490982	0.3102122	5.8710574e-09	910.352697134018
