Epoch	AverageEpRet	StdEpRet	MaxEpRet	MinEpRet	EpLen	AverageVVals	StdVVals	MaxVVals	MinVVals	TotalEnvInteracts	LossPi	LossV	DeltaLossPi	DeltaLossV	Entropy	KL	ClipFrac	StopIter	Time
0	-231.41484	139.62535	3.7664926	-508.50635	87.62222	-0.08631441	0.033281825	0.05534096	-0.2831572	4000	-9.131431e-08	45696.48	-0.009591861	-1513.0703	1.3498855	0.0143136615	0.24575	79.0	5.372827053070068
1	-171.95114	99.04994	10.008023	-493.97775	85.91304	-4.2080703	0.33462435	-0.017078474	-4.6225233	8000	2.7418137e-08	22289.38	-0.011528371	-863.9258	1.3628607	0.012765438	0.1075	79.0	10.691307067871094
2	-163.16559	96.78046	26.308624	-452.04575	95.53658	-7.7367306	0.28599828	1.26193	-7.917707	12000	-5.811453e-08	20856.617	-0.006933209	-711.5156	1.3771061	0.009002357	0.07725	79.0	16.356497049331665
3	-172.29121	117.20835	46.962303	-492.92664	103.52631	-10.681504	0.4612257	-2.970704	-10.8007145	16000	-9.7453594e-08	27422.117	-0.009175846	-812.4219	1.3702	0.010781795	0.07975	79.0	22.228758811950684
4	-163.60454	96.99659	-33.76616	-406.36777	93.61905	-13.742508	0.26053047	-9.82592	-13.80913	20000	4.673004e-08	21622.16	-0.009571213	-671.31055	1.35867	0.01233735	0.1205	79.0	28.209892988204956
5	-140.16739	98.064575	12.256945	-432.4282	113.08572	-16.465176	0.27686003	-11.4537945	-16.544102	24000	-1.7642975e-08	17331.088	-0.00892882	-464.5332	1.3413372	0.008666984	0.07375	79.0	34.11229991912842
6	-106.07304	66.313065	13.499749	-297.47116	99.9	-18.820147	0.06930354	-17.34036	-18.844072	28000	3.1232833e-08	8297.949	-0.01203999	-227.5127	1.3324776	0.013546784	0.12575	79.0	39.97892785072327
7	-125.54079	93.38685	51.250046	-363.81375	108.138885	-20.507996	0.03687247	-19.70355	-20.529636	32000	-3.2663344e-08	14039.645	-0.009319639	-368.91992	1.3142104	0.011627639	0.13975	79.0	46.06887698173523
8	-107.42042	56.10796	-18.482822	-286.29483	113.74286	-22.606434	0.23208892	-19.094378	-22.648718	36000	7.033348e-09	7449.1836	-0.009846203	-249.47949	1.2897766	0.010839076	0.1545	79.0	52.129003047943115
9	-91.70563	52.858967	17.169426	-217.49829	115.67647	-24.442024	0.04735249	-23.607086	-24.45631	40000	-1.090765e-08	4548.802	-0.0077548637	-146.66113	1.2802166	0.015389233	0.12225	22.0	55.36703085899353
10	-119.80068	74.45067	-11.15259	-392.06073	178.22728	-25.80806	0.18665925	-24.818583	-25.89382	44000	-6.2584875e-09	14388.548	-0.008786789	-446.38672	1.2320235	0.00713282	0.074	79.0	62.13236904144287
11	-68.37639	63.097977	19.45984	-230.84505	144.2	-28.24702	0.07771469	-26.58531	-28.269913	48000	-2.0742416e-08	5281.437	-0.00875536	-79.02783	1.2142706	0.011581511	0.0775	79.0	68.88248205184937
12	-66.223045	67.37097	8.30236	-270.85663	205.8421	-29.398806	0.05440089	-28.93082	-29.424908	52000	-9.775162e-09	3626.3086	-0.009258158	-50.307617	1.2023693	0.005736702	0.094	79.0	75.89572215080261
13	-70.39614	73.362885	35.73675	-203.68224	198.5	-30.28898	0.05675244	-29.97549	-30.312712	56000	-6.556511e-10	4937.985	-0.009714538	-92.83545	1.1977811	0.011444464	0.143	79.0	83.2435941696167
14	-50.980724	61.038597	44.496914	-234.01363	261.2	-31.490524	0.053160794	-31.137215	-31.5213	60000	1.6689301e-09	2946.0422	-0.012445427	-49.248535	1.1976392	0.011360209	0.13425	79.0	91.22406196594238
15	-34.35747	69.57489	73.3339	-169.80434	277.0	-32.445988	0.02650129	-32.283382	-32.457634	64000	1.6093255e-09	3621.1724	-0.009551931	-1.2907715	1.1596875	0.0031080619	0.06625	79.0	99.18093299865723
16	-62.465446	92.23134	121.780426	-225.2997	261.0	-32.644096	0.034982223	-32.05487	-32.659107	68000	3.0994416e-09	5239.324	-0.007982079	-42.595703	1.1363345	0.0085723335	0.05475	79.0	107.65578889846802
17	-33.13989	84.350494	37.740005	-218.41566	376.1	-33.42257	0.27251497	-31.932753	-33.5122	72000	1.26361845e-08	3020.903	-0.011055135	-13.094482	1.1825927	0.00790163	0.0725	79.0	117.91077208518982
18	2.871904	69.21034	120.288475	-130.9574	442.85715	-34.0263	0.05677379	-33.354084	-34.048977	76000	-5.00679e-09	2689.3364	-0.011218496	-4.157959	1.1478873	0.010214281	0.186	79.0	128.95632791519165
19	35.214348	16.88323	62.746983	16.747364	808.5	-33.785137	0.083726674	-32.92713	-33.805878	80000	-6.6757204e-09	1723.1173	-0.005534258	-21.6156	1.1665138	0.015089046	0.19375	25.0	138.79632186889648
20	11.824259	37.773285	76.719795	-59.989994	459.85715	-33.128376	0.03154755	-32.86936	-33.140583	84000	1.6212464e-08	1939.929	-0.007833214	-6.0722656	1.1688049	0.007975788	0.08675	79.0	149.24305701255798
21	-17.320158	56.218136	108.177475	-82.802605	385.6	-32.733696	0.024557604	-32.45766	-32.746006	88000	-9.953975e-09	1978.3242	-0.009906095	-2.5827637	1.118485	0.007768135	0.1185	79.0	158.9603521823883
22	1.4351465	97.949394	115.78753	-204.89252	471.85715	-32.448772	0.42787406	-22.775372	-32.491955	92000	-4.351139e-09	3807.1135	-0.007316564	-6.715576	1.0864289	0.00760043	0.13975	79.0	169.70530104637146
23	-4.299772	78.21167	115.181206	-133.04398	541.1429	-32.34411	0.055984758	-31.890253	-32.35914	96000	-1.4305114e-08	2873.8838	-0.0071785864	-6.4467773	1.1113136	0.015541864	0.12075	34.0	178.12351179122925
24	14.176417	85.484055	105.304855	-120.08407	756.8	-32.720768	0.083822235	-31.672678	-32.74372	100000	8.046627e-09	2242.5542	-0.008691621	-1.2055664	1.1263084	0.015395558	0.207	26.0	183.72442507743835
25	12.480034	63.843304	109.57109	-78.34824	722.0	-32.58685	0.09943942	-30.966484	-32.601448	104000	-1.1205673e-08	1523.1838	-0.0066912626	-4.349365	1.120621	0.008352542	0.102	79.0	193.10823488235474
26	-4.013125	79.2797	86.4641	-117.70346	657.1667	-32.242035	0.032856714	-31.939295	-32.254116	108000	-1.5795231e-09	2284.1536	-0.008954886	-0.17016602	1.1403916	0.015003682	0.179	37.0	199.66813397407532
27	39.249363	27.734182	79.752846	1.4561579	1000.0	-32.146465	0.14062868	-30.91568	-32.177994	112000	9.059906e-09	1194.5297	-0.007652277	-25.686523	1.0615181	0.008460348	0.10075	79.0	208.99235701560974
28	32.90853	66.75636	109.40283	-74.29637	887.5	-31.310383	0.023647798	-31.162313	-31.32177	116000	1.45435335e-08	1958.0455	-0.0056656674	-23.857544	1.1298846	0.006291622	0.04375	79.0	217.95963716506958
29	-92.15777	82.82393	24.358574	-192.15224	641.6667	-30.415606	0.028286302	-29.796194	-30.426859	120000	8.404255e-09	5331.091	-0.0075796517	-170.13135	1.0769442	0.01071872	0.08975	79.0	226.47781109809875
30	-39.491425	95.288734	136.03699	-151.35535	566.4286	-32.635475	0.017397603	-32.350307	-32.643	124000	1.2397766e-08	4500.5146	-0.008210879	-0.22802734	1.024866	0.007116312	0.07125	79.0	236.12593483924866
31	-44.11353	125.61907	154.73758	-164.96281	635.0	-32.93679	0.04445386	-31.795807	-32.94587	128000	5.3644182e-09	6390.159	-0.010696123	-3.4487305	1.0179754	0.00559686	0.11025	79.0	248.78567099571228
32	-42.193443	65.80238	41.9536	-119.1776	767.75	-33.181602	0.04289991	-32.69278	-33.19851	132000	0.0	1765.1725	-0.006545147	-3.800171	1.0167477	0.0047449186	0.048	79.0	259.1769149303436
33	-71.64338	83.97782	81.584885	-163.25308	735.6	-33.555565	0.024563095	-33.355244	-33.569614	136000	-4.053116e-09	2659.0203	-0.005199498	-107.846924	1.0370063	0.0069177058	0.059	79.0	268.5633189678192
34	-74.13861	63.2336	85.28361	-130.36754	491.5	-35.51412	0.015065585	-35.243507	-35.521515	140000	8.8214875e-09	5494.5957	-0.0044022645	-144.68457	1.0297253	0.0065315235	0.0725	79.0	277.56290912628174
35	-69.350845	58.2593	33.438892	-127.36641	736.0	-37.880733	0.021472184	-37.613968	-37.890347	144000	9.775162e-09	2305.075	-0.009519735	-51.628662	1.057801	0.0077231447	0.08175	79.0	288.0059390068054
36	62.602814	28.880491	105.80259	24.699108	865.5	-39.37368	0.010893869	-39.253742	-39.378445	148000	3.0994416e-09	4489.286	-0.006433278	-242.8628	0.99987775	0.012600341	0.1065	79.0	300.51128792762756
37	11.501848	64.23143	80.88304	-92.98058	892.75	-36.49957	0.0125549715	-36.39651	-36.50552	152000	6.9141386e-09	1059.5723	-0.007891307	-40.70508	1.0901345	0.007247625	0.14175	79.0	311.3620219230652
38	23.827927	48.004467	63.172688	-56.01876	893.5	-35.09903	0.010714836	-34.957607	-35.105026	156000	-1.0848045e-08	1488.4222	-0.009326043	-27.157104	1.0623977	0.009802466	0.111	79.0	319.95805406570435
39	92.24049	38.833157	145.78305	36.75662	964.5	-34.02959	0.011240509	-33.911613	-34.03515	160000	-2.193451e-08	4183.2134	-0.011697783	-366.77686	1.0526145	0.007897011	0.14725	79.0	328.6113669872284
40	6.0902133	70.28849	72.24923	-106.26575	792.0	-30.309427	0.012492029	-30.20278	-30.316483	164000	-9.775162e-09	1622.2438	-0.0056991456	-114.418335	1.0488157	0.00768061	0.071	79.0	338.5574290752411
41	30.302872	13.527749	47.354507	11.583556	1000.0	-28.057907	0.019757273	-27.823755	-28.067038	168000	1.7881393e-09	981.6129	-0.008367131	-84.29596	1.0441433	0.011741041	0.12975	79.0	349.17474603652954
42	-0.6892195	60.96788	66.54885	-75.52529	833.5	-26.184826	0.01641869	-26.040417	-26.195892	172000	-1.5735626e-08	1156.9515	-0.008300347	-4.234375	1.0156965	0.012206717	0.09825	79.0	359.05930495262146
43	65.56552	22.684416	91.068085	29.710049	1000.0	-25.672928	0.019141644	-25.47929	-25.68428	176000	-3.5762786e-09	1295.1836	-0.0070033125	-94.69006	1.0092275	0.0040664235	0.05675	79.0	371.7560729980469
44	51.572388	78.01609	146.94244	-70.468605	793.25	-23.732199	0.01917532	-23.551628	-23.745455	180000	1.013279e-08	2690.405	-0.0046230555	-220.13818	0.93303895	0.0064518033	0.0395	79.0	381.62187099456787
45	-8.662434	84.3674	76.38547	-146.82259	979.0	-20.690506	0.02918171	-20.543055	-20.713057	184000	7.987023e-09	2500.5679	-0.010320037	-1.234375	0.9511981	0.013873827	0.13275	79.0	391.4665307998657
46	-15.316849	92.80827	128.6281	-146.16302	762.8	-20.783684	0.037487272	-20.528433	-20.810452	188000	-1.1563301e-08	4671.0786	-0.005261706	-11.5703125	0.951105	0.006282393	0.04775	79.0	400.03837490081787
47	68.82962	42.536263	139.30727	32.775852	967.0	-21.46988	0.02034764	-21.293737	-21.482576	192000	-1.9311905e-08	2643.0764	-0.004697773	-220.78174	0.96795833	0.006227271	0.037	79.0	412.35629391670227
48	-32.07485	74.37766	55.732582	-139.41853	924.0	-18.489845	0.03591523	-18.170687	-18.513536	196000	-8.34465e-09	2727.373	-0.0080154585	-48.395996	0.89751405	0.005308871	0.0675	79.0	422.3595128059387
49	-26.093277	42.833935	19.20327	-77.283714	818.25	-19.727253	0.020819668	-19.57814	-19.741213	200000	9.23872e-10	592.7797	-0.007912473	-14.69989	0.98076093	0.011302896	0.10425	79.0	432.16517305374146
