Epoch	AverageEpRet	StdEpRet	MaxEpRet	MinEpRet	EpLen	AverageVVals	StdVVals	MaxVVals	MinVVals	TotalEnvInteracts	LossPi	LossV	DeltaLossPi	DeltaLossV	Entropy	KL	Time
0	-215.5625	119.6963	-61.752583	-483.45905	99.425	-0.15962908	0.023932343	-0.03528151	-0.22094989	4000	-0.0012564808	17099.99	0.0	-1035.7866	1.3789492	-6.2584876e-10	1.0225286483764648
1	-223.35092	123.988014	-45.02964	-527.651	97.3	-3.9288874	1.0409517	3.6061783	-5.084734	8000	0.0012656003	16260.363	0.0	-1137.1816	1.3232727	1.4901161e-10	2.082927942276001
2	-210.72688	101.039536	-58.216	-445.14032	111.57143	-9.049186	0.13669635	-7.5083904	-9.18298	12000	0.0041776337	11513.186	0.0	-557.9634	1.2806604	1.4454126e-09	3.119699001312256
3	-162.69897	101.80774	51.44962	-349.22504	118.30303	-12.050973	0.16688399	-6.9455066	-12.1380205	16000	-0.015987176	7188.616	0.0	-305.22485	1.2836471	-1.3113022e-09	4.1889238357543945
4	-99.944405	64.90862	-15.414006	-252.29039	115.79412	-14.24027	0.524224	-7.7772903	-14.368326	20000	-0.0009943545	3268.9116	0.0	-124.60217	1.2597904	1.2367963e-09	5.306220769882202
5	-93.50081	65.25587	-6.464833	-297.83148	139.07143	-15.7321005	0.12110861	-13.498167	-15.787617	24000	-0.015852343	2119.5146	0.0	-51.60199	1.2276328	4.61936e-10	6.5030059814453125
6	-60.470215	62.8393	19.137154	-193.51735	326.18182	-16.113075	0.97677445	-11.204195	-16.790651	28000	0.0063446397	1241.2952	0.0	-2.8912964	1.186918	5.6624416e-10	8.697587966918945
7	-40.748672	38.567287	39.574406	-142.27165	148.64	-16.87336	0.031532414	-16.629126	-16.906103	32000	-0.008786272	1021.0902	0.0	-1.0575867	1.1263369	-1.3709068e-09	9.82922077178955
8	-13.8206625	35.86815	22.390617	-107.47999	224.46666	-16.826431	0.3528294	-14.912829	-17.043324	36000	-0.02704719	1255.645	0.0	-8.47168	1.0658224	-8.791685e-10	12.071806907653809
9	-28.474775	11.310339	-5.5826025	-40.865654	571.5	-16.302011	0.3770332	-15.094722	-16.639498	40000	-0.050933644	853.97595	0.0	-5.8470764	1.0304277	2.9802316e-10	15.19365668296814
10	-99.92267	86.73254	48.645103	-200.13225	441.2857	-16.163261	0.11158591	-15.071198	-16.25716	44000	-0.04347346	1408.4285	0.0	-3.3729858	1.007571	4.4703485e-10	17.48311185836792
11	-78.30752	60.774685	8.579716	-189.70334	512.0	-16.253822	0.19073279	-15.468932	-16.393969	48000	-0.012278404	838.10266	0.0	-0.61798096	1.0139992	-3.2782554e-10	19.958965063095093
12	-147.9969	53.11659	-60.00493	-202.59355	718.0	-16.265272	0.17008652	-15.462736	-16.399015	52000	-0.005705055	1369.3772	0.0	-1.1589355	0.9683356	8.493662e-10	22.90461802482605
13	-38.70862	43.81461	16.074112	-89.16514	851.75	-16.253933	0.19301304	-15.638314	-16.444506	56000	0.008875257	679.1479	0.0	-6.9563293	0.96760124	4.4703477e-11	26.24149465560913
14	15.854613	35.102695	67.627335	-31.328306	567.25	-15.830912	0.20805965	-15.143256	-15.979288	60000	0.03122991	741.2926	0.0	-23.26178	0.8596363	2.5033953e-09	29.42816996574402
15	49.694057	85.57708	237.82082	-34.699192	225.0	-15.01952	0.1629507	-13.623749	-15.091817	64000	-0.037473362	2685.8076	0.0	-66.449585	0.82716316	2.2351743e-09	31.021577835083008
16	76.9256	100.55368	230.28366	-8.867557	258.76923	-13.4531555	0.13903229	-12.454019	-13.519827	68000	-0.06294658	2568.3213	0.0	-118.50647	0.78148973	-8.1956386e-10	32.63366460800171
17	48.710583	123.6285	260.4925	-118.2927	401.75	-11.193867	0.533451	-5.5160346	-11.378286	72000	-0.056987636	1896.9623	0.0	-33.513245	0.82462776	-1.5050173e-09	34.47759485244751
18	-139.33926	79.201645	-33.166767	-224.58646	966.5	-9.818455	0.8153502	-4.826151	-10.150138	76000	-0.0525667	608.48956	0.0	-33.084747	0.90972745	1.937151e-10	37.84680676460266
19	-200.60756	13.191241	-179.64986	-213.22806	964.0	-10.341264	0.008992657	-10.306843	-10.349322	80000	0.010870751	323.26102	0.0	-19.694038	0.9210968	5.513429e-10	40.476929664611816
20	-91.753685	9.418259	-81.6265	-105.24644	1000.0	-11.228579	0.037281644	-11.017902	-11.262733	84000	-0.06643424	129.0727	0.0	-0.13646507	0.93118805	2.95043e-09	43.3424608707428
21	89.54922	110.014175	221.77806	-98.13079	614.0	-11.3308325	0.097594574	-10.53373	-11.401003	88000	-0.12319726	1616.9609	0.0	-36.02887	0.73891604	-1.9818545e-09	45.70112061500549
22	149.89258	102.20747	230.3064	-45.33154	655.0	-10.079216	0.1188678	-9.159597	-10.142982	92000	-0.0875779	1476.511	0.0	-110.36368	0.68154067	-1.490116e-09	48.20107078552246
23	34.361145	125.00405	182.41374	-213.14957	463.57144	-7.7175636	0.40500644	-5.4242845	-7.9505644	96000	0.027830085	2072.4324	0.0	-33.45117	0.7100862	-1.7434358e-09	50.141562938690186
24	163.94698	14.973795	181.21712	135.64587	615.8333	-6.379867	1.395827	0.055268563	-6.97745	100000	0.0038399436	1617.0752	0.0	-182.09851	0.5553762	-1.8030406e-09	52.24589800834656
25	179.30476	38.380245	246.8997	129.18335	591.2	-2.7118363	3.839213	5.056482	-5.3207135	104000	-0.008340942	1377.7908	0.0	-68.60968	0.62660325	-1.0430812e-10	54.578431844711304
26	32.366722	91.846306	167.72655	-61.045105	618.4	-0.7770465	3.7829294	4.093671	-4.1022005	108000	0.052604686	1320.2803	0.0	-30.008423	0.56963336	8.1956386e-10	56.60967302322388
27	74.96472	126.957115	235.44946	-65.31202	700.0	-1.0728774	2.4925892	3.104673	-3.1000993	112000	0.022213532	1090.0032	0.0	-15.225616	0.6170269	-3.5762782e-10	58.94519281387329
28	0.42506456	87.411835	128.68024	-99.855644	751.75	-0.9859481	1.7205362	2.2504046	-2.188471	116000	0.015846813	1056.2607	0.0	-8.14856	0.7058389	7.4505807e-10	61.26893496513367
29	26.255934	49.559303	106.06781	-21.84532	996.25	-1.3510141	0.9477688	1.7722834	-1.8746203	120000	-0.07633886	330.46927	0.0	-1.3084335	0.7238691	-7.897616e-10	64.69948291778564
30	-67.15994	15.144847	-47.438255	-88.43217	1000.0	-1.9953285	0.006000732	-1.9622227	-2.00263	124000	-0.05454932	164.26202	0.0	-9.062187	0.8569628	-3.2633543e-09	68.08362174034119
31	-24.19198	50.23737	40.28185	-87.621864	648.2	-2.7337453	0.057260226	-1.8346119	-2.7569444	128000	-0.0327503	321.698	0.0	-2.2162857	0.8103965	-2.503395e-09	71.12084579467773
32	-46.252502	72.437	58.984848	-142.83788	914.75	-2.906338	0.8203189	1.8177212	-3.168748	132000	-0.043448843	696.42676	0.0	-3.4110413	0.73262686	2.026558e-09	73.56388783454895
33	5.120783	77.73109	137.27347	-63.05229	1000.0	-2.9848068	1.2293535	-0.21792817	-3.5990167	136000	-0.07732067	350.9403	0.0	-0.57725525	0.7702675	1.8030406e-09	76.24651885032654
34	-60.676563	105.756546	119.70235	-140.6584	816.0	-3.3408184	0.6685229	-1.4524938	-3.692327	140000	-0.002265837	1077.3843	0.0	-11.482574	0.75347435	-1.0430812e-10	78.49413871765137
35	-3.3047886	21.987326	29.610807	-23.795511	1000.0	-4.44379	0.20601492	-2.8121064	-4.544156	144000	-0.05568567	251.09692	0.0	-0.062171936	0.74922675	-1.4156103e-09	81.37069964408875
36	83.897415	96.329124	202.37614	-81.59496	746.0	-4.455903	0.26683176	-3.1902246	-4.621436	148000	-0.076207414	948.86945	0.0	-36.48651	0.6701765	1.5348196e-09	83.84935879707336
37	112.66919	109.00745	257.94122	-63.766354	689.8	-2.657218	0.55811274	-0.94648296	-3.0044992	152000	-0.09354435	1058.7372	0.0	-32.57376	0.7161968	-1.5497208e-09	86.83786082267761
38	52.556484	122.23025	157.38751	-154.84517	841.5	-1.1948969	0.2251855	-0.6627015	-1.3500444	156000	-0.048911586	949.5282	0.0	-5.717346	0.71943784	4.6938657e-09	89.89320087432861
39	85.30997	68.27512	164.74355	-2.7033856	926.0	-0.51575404	0.1437921	-0.17577632	-0.6134141	160000	-0.097226165	652.9938	0.0	-6.4320984	0.73293436	-1.7434358e-09	92.44350790977478
40	-16.22634	75.36253	132.83502	-104.16624	651.1667	0.16295642	0.02324486	0.22467756	0.082803056	164000	-0.011831953	1015.2449	0.0	-6.796524	0.7011419	-3.7550927e-09	94.75145673751831
41	-7.134857	43.068756	100.17242	-66.65663	394.5	-0.5376535	0.08509596	-0.090954475	-0.5926791	168000	0.011491433	1016.173	0.0	-7.876114	0.7692194	9.387732e-10	97.87414574623108
42	2.7534964	79.17043	209.85762	-104.08352	299.4	-1.4537563	0.070544705	-0.23199718	-1.478989	172000	-0.023061741	1244.5514	0.0	-0.685791	0.689446	6.4522028e-09	100.13029670715332
43	-47.592594	33.10807	19.092243	-93.102905	266.9091	-1.3871499	0.047516823	-0.3041179	-1.396415	176000	0.027934343	962.2396	0.0	-29.199738	0.70454574	-1.7881394e-09	103.10416269302368
44	-44.03677	35.559227	25.82916	-98.01601	180.40909	-3.059449	0.06592831	-1.8660928	-3.0789523	180000	0.0795019	1360.5538	0.0	-37.348694	0.5978642	-8.374453e-09	105.60079169273376
45	-52.48025	42.617783	15.935456	-203.85262	194.66667	-5.079245	0.016917983	-4.81739	-5.087602	184000	0.06431105	1160.496	0.0	-21.780426	0.6250614	1.8179416e-09	107.15012884140015
46	-47.02542	42.38527	7.082738	-146.87956	229.14285	-6.6697783	0.04191191	-5.79633	-6.684956	188000	0.046544515	1018.8042	0.0	-7.781769	0.6609144	-1.0430813e-09	109.37962603569031
47	-44.923138	35.03026	13.232781	-115.57136	245.5	-7.6445365	0.02303878	-7.256033	-7.6573143	192000	0.028099433	855.8227	0.0	-0.6181946	0.6898587	4.082918e-09	111.6810896396637
48	-25.527159	28.000559	24.776398	-75.55758	125.333336	-7.933753	0.031082107	-7.5832877	-7.950836	196000	0.08207847	1565.21	0.0	-3.1133423	0.5582061	-5.64754e-09	113.9431586265564
49	-6.6599526	56.883904	221.03114	-69.61451	184.66667	-7.363925	0.04070819	-6.3339176	-7.3830824	200000	0.037511427	1590.9438	0.0	-19.048645	0.61782455	-5.960463e-10	116.1854989528656
50	-12.457147	25.135511	17.012415	-89.87729	192.0	-5.835277	0.021556225	-5.4805384	-5.847721	204000	0.037779402	1332.2551	0.0	-2.6309204	0.6256821	2.7120115e-09	118.11211276054382
51	5.1970415	38.15841	117.85723	-54.44164	203.6875	-5.190452	0.02263247	-5.020772	-5.205709	208000	0.017137337	1415.9033	0.0	-35.680847	0.6527569	-1.8328429e-09	120.1371579170227
52	5.407179	31.958515	37.701378	-50.853687	382.75	-3.0461085	0.009451675	-2.9733095	-3.058162	212000	-0.058276523	1352.2732	0.0	-0.39678955	0.71501297	-5.438924e-09	121.9921817779541
53	56.74626	63.80858	211.33257	1.7291281	247.3077	-2.6848483	0.02157737	-2.5909941	-2.71128	216000	-0.0033539683	1605.2793	0.0	-72.179504	0.58487844	-2.8312206e-09	123.8698558807373
54	84.84978	115.101364	265.96823	-28.20285	252.53847	0.3548224	0.002221867	0.35669702	0.34578165	220000	-0.017916651	2402.798	0.0	-114.69873	0.52436	-4.3213366e-10	125.48532271385193
55	150.44533	97.033104	284.4214	29.915508	475.375	4.250318	0.040970854	4.280539	3.8114676	224000	-0.068235636	2066.5073	0.0	-124.40402	0.5748213	-1.475215e-09	127.54395294189453
56	187.27382	118.32029	312.76468	-10.517934	176.22728	8.227741	0.0741433	8.27612	7.579942	228000	-0.01185908	6736.2695	0.0	-1138.8572	0.389866	-2.6077032e-09	128.64319491386414
57	153.92859	130.12677	282.70187	-12.167872	166.73914	17.585121	0.09428098	17.629332	17.046183	232000	0.006698044	4718.3223	0.0	-456.48767	0.37529078	1.1324882e-09	129.74010968208313
58	118.86226	122.8224	288.80817	-23.856922	178.19048	23.091934	0.03342418	23.10726	22.64917	236000	0.013675174	3596.8838	0.0	-96.43115	0.45203733	-6.526709e-09	131.07922387123108
59	149.93959	131.51285	285.19766	-53.277653	231.82353	25.580107	0.21227084	25.647087	23.946533	240000	-0.032908678	2877.2336	0.0	-76.53021	0.46842247	8.940696e-10	132.55574870109558
60	69.57823	137.43811	265.1193	-109.35923	159.61111	27.595142	0.32750195	27.79611	24.898548	244000	0.023577722	2926.7175	0.0	-548.02515	0.3881966	-1.1324883e-09	134.0565688610077
61	60.000412	127.63888	259.12885	-133.17786	207.55556	22.540459	13.319464	28.997091	-27.14333	248000	0.02483198	2717.0847	0.0	-187.68921	0.36969405	-4.768371e-10	135.3983118534088
62	130.16365	136.9047	261.5269	-114.826775	240.8	22.783182	14.33756	29.140799	-27.27993	252000	0.029305471	2339.6995	0.0	-171.60089	0.43200523	-2.4884939e-09	136.62655067443848
63	48.086765	107.494934	248.97403	-131.95978	213.72223	27.703362	10.671281	30.81928	-28.732496	256000	0.013110101	2258.1948	0.0	-332.05145	0.50625706	6.109476e-10	138.2298219203949
64	72.17043	119.438896	257.39496	-67.31769	207.06667	15.053416	19.198568	30.46778	-28.544426	260000	-0.008966623	1695.0742	0.0	-298.45007	0.48979628	-2.682209e-10	139.73806977272034
65	61.484848	137.10292	263.5754	-140.72955	376.66666	12.351584	24.643808	31.311203	-29.353025	264000	-0.053631935	1551.684	0.0	-373.95615	0.59318477	-3.2931564e-09	142.03893184661865
66	-34.26477	20.12759	-8.290957	-56.951805	1000.0	30.478367	0.21218514	30.580496	27.96158	268000	-0.067666866	1561.3109	0.0	-266.6681	0.73528016	-1.66893e-09	145.57563591003418
67	-15.931348	21.260511	0.35475063	-52.06949	1000.0	25.258986	5.6989307	26.474854	-22.124817	272000	-0.061756395	1253.9921	0.0	-198.75201	0.698242	1.3411044e-09	149.20739674568176
68	-63.43573	40.352993	-24.953554	-131.04161	776.75	22.087233	4.025759	22.894634	-21.431654	276000	-0.012237038	1139.0276	0.0	-700.4903	0.6963081	-3.3825636e-09	152.60138583183289
69	-48.26735	6.8710036	-40.256886	-59.233562	1000.0	-4.505188	7.920005	19.482391	-18.949732	280000	-0.04768315	378.25433	0.0	-227.81152	0.7162794	-3.2037497e-09	156.21104788780212
70	-66.14752	67.64322	-2.9014838	-180.15466	775.75	-8.527068	10.542406	20.26224	-19.096077	284000	0.03522035	515.4983	0.0	-46.565872	0.68430555	-3.1292435e-10	159.55243396759033
71	-120.559456	100.0887	-17.633324	-235.52516	558.75	-8.682479	11.9369335	20.386784	-19.273373	288000	0.084515154	907.0845	0.0	-59.84555	0.68936276	-3.3974648e-09	162.75083088874817
72	-138.92142	82.21304	-56.273895	-233.77762	564.5	-8.639479	12.553651	20.552488	-19.76355	292000	0.0584119	812.8988	0.0	-33.275482	0.6797912	-5.0663945e-10	165.32346773147583
73	-39.35047	18.609955	-22.124125	-70.68279	1000.0	-9.199018	12.090904	20.320938	-19.891993	296000	0.0046040975	89.32553	0.0	-26.467373	0.69413805	1.7881393e-09	168.2205457687378
74	-141.21259	97.69387	-20.59885	-266.35486	575.8333	-6.671691	13.105706	21.4101	-20.415352	300000	0.08318535	1309.6786	0.0	-71.11894	0.65531945	1.3709068e-09	170.7273280620575
75	-88.29785	49.94333	-54.28125	-174.56691	783.5	-12.233889	8.341783	15.968151	-21.109621	304000	-0.008230161	286.92755	0.0	-64.00752	0.67248434	-9.685754e-10	173.65127563476562
76	-103.13344	78.455894	-48.061657	-237.9324	788.75	-7.7133136	12.5613785	19.222824	-21.442863	308000	0.0533238	403.3372	0.0	-19.03703	0.6723381	1.1920931e-10	177.0527367591858
77	-94.28891	63.992104	-46.04321	-204.3203	792.25	-11.151955	11.262262	17.00674	-21.847305	312000	0.026505522	312.765	0.0	-15.65815	0.6704414	-2.6971103e-09	179.77734780311584
78	-35.419033	23.909204	-1.4146717	-59.72507	1000.0	-9.373329	12.889527	21.210138	-20.280535	316000	-0.052967235	43.663765	0.0	-7.9545193	0.6705241	-8.1956397e-10	182.62563681602478
79	-34.849426	9.700741	-23.62467	-48.027157	1000.0	-12.078693	13.42574	21.822762	-21.530262	320000	-0.032780226	47.977623	0.0	-19.076988	0.6473541	-2.7865172e-09	185.63843083381653
80	18.399172	121.87472	259.18213	-60.59442	739.0	-10.971131	13.238354	22.90799	-22.277098	324000	-0.050833754	663.336	0.0	-357.56168	0.5789964	-2.592802e-09	189.39961886405945
81	41.56383	117.05664	274.27777	-28.687653	771.6	-4.5417957	18.448023	23.828247	-21.767828	328000	0.0017821528	433.81198	0.0	-19.280687	0.6389328	3.3080578e-09	192.8798258304596
82	54.42862	119.10809	235.99135	-70.6969	310.91666	10.868404	12.291293	24.101059	-22.444397	332000	-0.0138869975	2120.2153	0.0	-318.88458	0.52759004	4.1723247e-10	194.3813877105713
83	71.27378	109.42977	243.45473	-65.59313	324.66666	7.1615586	19.145903	25.132215	-23.909782	336000	-0.039767273	2186.4868	0.0	-184.55469	0.48197013	-1.5199185e-09	196.13821578025818
84	133.3421	118.59142	252.89418	-34.589287	292.63635	6.734077	15.340051	24.73467	-22.620947	340000	-0.020612687	1791.8601	0.0	-624.25854	0.38204455	-1.3709067e-09	197.77178192138672
85	7.2761254	87.3457	231.75389	-96.665726	179.42857	20.916954	8.749277	26.68901	-23.89179	344000	0.02293618	3235.31	0.0	-1042.8779	0.42573702	-9.834765e-10	198.9506208896637
86	41.33902	108.56364	262.78558	-45.80159	190.8	2.7515292	21.375772	27.308413	-25.912321	348000	0.003360834	2328.9082	0.0	-195.52222	0.3969558	3.725289e-10	200.09543561935425
87	44.818813	113.09837	271.40662	-57.958122	177.4762	5.506355	23.985611	28.982801	-27.52005	352000	0.015573356	2127.021	0.0	-177.11755	0.39308095	-2.3394824e-09	201.29773783683777
88	26.058031	103.39516	249.21695	-73.00067	169.69565	5.93445	25.759539	31.032488	-29.53179	356000	-0.021896467	2557.2786	0.0	-204.51782	0.40383655	-6.705523e-10	202.41354084014893
89	56.58844	131.5487	288.82632	-86.91175	175.1	5.753009	26.017399	31.69401	-30.15702	360000	0.009089723	2901.6138	0.0	-399.61682	0.35302776	-1.8179416e-09	203.60679578781128
90	35.62994	110.380226	284.05975	-91.947815	157.44	6.983494	26.89951	33.393654	-31.740452	364000	-0.023509573	2245.2297	0.0	-298.2519	0.3809414	-1.8775463e-09	204.75908303260803
91	-5.030666	57.56444	213.73619	-58.07323	139.39285	5.146731	29.27037	36.66107	-34.99939	368000	0.011820088	1593.9252	0.0	-354.7549	0.390948	5.066394e-10	205.88132286071777
92	75.535904	127.26793	282.46262	-48.352547	177.54546	5.4939814	31.942297	37.246456	-35.739025	372000	0.01681142	2580.835	0.0	-688.4921	0.3299951	-1.5348197e-09	207.11605978012085
93	20.339964	100.772934	243.37357	-98.48147	160.4	13.278207	30.34363	39.18252	-37.576843	376000	-0.04189948	2264.8145	0.0	-384.4568	0.43371785	7.7486035e-09	208.5280418395996
94	40.031197	119.67038	262.05945	-101.070526	172.08696	18.12087	26.421923	38.779076	-37.22676	380000	-0.028422154	2019.7	0.0	-151.14929	0.3111972	1.952052e-09	209.6828978061676
95	10.393823	97.129524	262.7249	-87.797455	160.79167	3.1929083	32.904984	40.663692	-39.14645	384000	-0.0457032	2137.9148	0.0	-314.29584	0.3803473	4.5150514e-09	210.8341817855835
96	13.095319	123.31461	264.13724	-115.24375	191.47368	2.8928916	35.184196	42.319996	-40.8651	388000	-0.021657614	1790.1191	0.0	-202.82849	0.38687027	-4.6491624e-09	212.04775667190552
97	62.574646	145.776	269.89804	-99.36699	217.77777	19.645597	31.14473	44.60347	-43.211357	392000	-0.04553134	1990.3875	0.0	-227.59143	0.32352495	-2.682209e-10	213.29678893089294
98	-13.743283	96.907555	262.95935	-102.54895	195.1	-1.9429132	36.7852	46.192055	-44.81478	396000	-0.01843179	1507.5564	0.0	-223.92981	0.43260443	-3.4123662e-09	214.50692081451416
99	-10.049794	90.15988	174.60301	-75.76513	218.22223	-5.402674	35.728718	47.366146	-46.088326	400000	0.0020964425	1728.6282	0.0	-375.31604	0.432595	1.8328428e-09	215.86156272888184
100	-37.6068	79.08947	190.05254	-166.23488	191.52632	-13.393349	32.957798	48.03249	-46.806362	404000	-0.0070024277	1213.1539	0.0	-103.63461	0.4369418	-8.1956386e-10	217.04272174835205
101	-30.100187	112.0414	200.42712	-133.36871	243.53334	-17.070728	33.083534	50.492233	-49.38338	408000	-0.008406907	1739.262	0.0	-463.35022	0.4619891	-1.5050172e-09	218.32599091529846
102	-61.4238	66.52737	185.13458	-116.33599	218.38889	-16.377275	35.099834	52.50004	-51.620728	412000	-0.0047726533	1074.9153	0.0	-223.89331	0.47480214	-6.809831e-09	219.55866765975952
103	-29.576107	120.77065	222.30295	-130.8347	264.0	-17.542747	38.330875	55.103848	-54.27634	416000	-0.0012201322	1221.5338	0.0	-167.58865	0.43672925	1.385808e-09	220.92405891418457
104	-68.62206	70.98933	165.2771	-166.61475	265.5	-20.459398	35.125816	56.420853	-55.689713	420000	0.0134340115	802.4962	0.0	-115.66695	0.48702714	4.23193e-09	222.254234790802
105	11.6417465	131.36519	226.56285	-125.43262	305.41666	-15.944383	38.098625	58.013496	-57.59327	424000	-0.019092482	1899.689	0.0	-307.80066	0.44708037	-2.2947788e-09	223.67187094688416
106	-46.732224	97.41387	170.50021	-174.81242	281.23077	-12.098924	27.979004	57.79433	-56.58838	428000	0.0011353996	1321.2571	0.0	-190.57251	0.50443625	1.2814999e-09	225.06707787513733
107	-66.00875	80.033646	182.01361	-132.60484	302.16666	-19.4023	32.012524	58.845585	-58.303474	432000	0.017272215	898.5968	0.0	-128.40143	0.508697	1.2814999e-09	226.510400056839
108	-51.634384	124.65992	176.11835	-163.6445	445.625	-18.080582	36.417786	60.62335	-60.52766	436000	0.05337008	1366.7286	0.0	-667.7451	0.44350338	7.852911e-09	228.22260189056396
109	-7.713134	93.50665	195.89957	-81.31307	379.4	-10.132384	31.792639	58.87065	-61.649586	440000	-0.058354974	1502.5087	0.0	-479.89612	0.51153636	-2.0712614e-09	229.82895374298096
110	67.82735	111.64604	179.2017	-151.1037	447.0	-1.860243	31.776503	62.96917	-62.42224	444000	-0.04574736	1102.731	0.0	-254.78018	0.44845986	1.475215e-09	231.6437578201294
111	72.90467	130.37051	234.95735	-47.577686	456.57144	8.4940195	24.983868	62.70379	-47.87511	448000	-0.048695147	840.95447	0.0	-134.6911	0.44988227	-3.9935113e-09	233.4805257320404
112	43.422295	80.19714	125.346794	-91.70619	620.8	2.6101284	26.664621	63.01277	-52.003098	452000	-0.05603885	556.1623	0.0	-182.71497	0.50161916	-5.632639e-09	235.476824760437
113	-17.979366	144.4146	177.81306	-225.70175	636.2	0.28825366	25.5268	63.76507	-61.400932	456000	-0.031182626	958.9734	0.0	-267.9509	0.49662617	-5.736947e-09	237.86614990234375
114	-6.408529	112.33853	159.47673	-106.50309	566.8333	-0.74433005	23.696611	63.08096	-63.444145	460000	-0.04764797	1008.3262	0.0	-72.601776	0.5026226	-6.8992376e-09	240.38641166687012
115	81.03806	135.38498	200.53664	-148.65852	740.0	2.1685092	25.837633	64.43927	-63.885757	464000	-0.049239226	655.87103	0.0	-125.910904	0.48954797	-1.192093e-09	243.00403094291687
116	-65.89424	59.014977	16.185438	-144.43164	792.75	2.759478	18.375135	64.54031	-63.31692	468000	-0.015067253	613.16943	0.0	-200.63193	0.5177058	1.9073487e-09	245.39765667915344
117	27.829195	95.45825	115.599075	-118.21868	897.75	-2.8922215	23.64553	64.43808	-62.723408	472000	-0.0161167	574.7217	0.0	-126.06169	0.4757498	5.275011e-09	248.8186228275299
118	-45.51699	31.85414	-21.370035	-100.16496	1000.0	-3.0860264	14.678364	43.776485	-63.173485	476000	-0.028411467	184.41284	0.0	-114.274826	0.52637964	-1.4007092e-09	252.0264027118683
119	-71.37605	27.49247	-24.109676	-92.184586	1000.0	-2.2740557	12.397325	30.890434	-13.963812	480000	-0.068550006	76.27514	0.0	-48.369335	0.5540694	-1.0728837e-09	255.1342577934265
120	-109.14926	12.159966	-92.05697	-126.056496	1000.0	-7.551377	10.359851	36.48671	-13.189269	484000	-0.009099493	66.336426	0.0	-28.035744	0.54241204	3.6209822e-09	257.750825881958
121	-100.06895	28.545084	-57.334778	-129.99667	1000.0	-10.309486	9.628564	25.729376	-15.557341	488000	-0.025347589	46.004898	0.0	-14.11803	0.550353	2.8908251e-09	260.6407287120819
122	-157.19942	76.01311	-49.523457	-261.49564	881.75	-8.29965	13.136563	32.43307	-17.462204	492000	0.0031696092	304.06152	0.0	-70.57827	0.5332156	3.1143426e-09	263.320330619812
123	-197.37006	26.904352	-160.25806	-235.22171	725.5	-10.749328	15.091871	45.391182	-20.479418	496000	0.005830948	496.0277	0.0	-152.25507	0.5123539	-6.750226e-09	265.5888247489929
124	-159.02777	42.328083	-91.869446	-208.49141	826.5	-16.027779	17.19284	37.16521	-27.450676	500000	0.022668932	214.27364	0.0	-21.381355	0.5062189	-3.874302e-09	268.1108908653259
125	-191.30058	69.888756	-82.916954	-275.70258	947.25	-19.15462	16.058498	31.907888	-29.371717	504000	0.027882053	159.20432	0.0	-12.573242	0.4965877	-1.5497207e-09	270.39245080947876
126	-99.29587	44.011044	-26.32945	-142.34955	1000.0	-17.072054	15.224742	41.261986	-29.878792	508000	-0.0007881345	49.95439	0.0	-19.204767	0.51116323	9.000301e-09	273.83991384506226
127	-65.33148	17.762716	-52.718227	-95.99219	1000.0	-16.297688	10.956799	32.92043	-28.04439	512000	-0.01052318	76.53113	0.0	-45.75952	0.4914259	-1.4901147e-10	277.07813787460327
128	-25.589508	14.633843	-1.6331636	-40.337997	1000.0	-10.314394	12.697321	29.844715	-25.286152	516000	-0.090423405	42.752262	0.0	-17.210594	0.52572626	-1.1920928e-10	281.2355988025665
129	-39.17903	12.883914	-18.795807	-52.10345	1000.0	-10.193221	11.9888735	29.39251	-27.556953	520000	-0.11600447	24.851517	0.0	-6.365325	0.53290766	-5.111098e-09	285.5644748210907
130	-27.674263	14.030943	-9.50925	-43.693306	1000.0	-8.8801775	12.374598	47.565628	-28.430233	524000	-0.11131537	27.878948	0.0	-4.0933	0.51593643	3.5017729e-09	288.0521957874298
131	3.141195	11.085474	10.506211	-15.97927	1000.0	-7.710899	16.714693	33.23912	-29.635468	528000	-0.08860345	57.204865	0.0	-21.092266	0.5073433	-7.584691e-09	291.50138878822327
132	-18.933735	6.962923	-9.730782	-26.206587	1000.0	-8.429027	14.113731	51.027832	-29.21926	532000	-0.09932913	32.064514	0.0	-8.321748	0.49886015	-3.397465e-09	294.5330879688263
133	-5.7998567	31.54579	24.377584	-51.365456	1000.0	-4.7434654	15.915089	32.449844	-25.86742	536000	-0.07931939	38.65679	0.0	-6.6419115	0.5121603	-5.3346154e-09	297.4336986541748
134	-45.024216	12.937759	-25.009682	-61.129734	1000.0	-6.6617246	12.542194	49.927883	-19.41594	540000	-0.085422024	26.082756	0.0	-6.7021084	0.51021636	-1.6391288e-10	300.76619601249695
135	-34.579185	10.213229	-22.025837	-45.707764	1000.0	-6.1280456	14.241358	43.05586	-23.523735	544000	-0.090644464	21.63755	0.0	-6.0356064	0.5119051	1.952052e-09	304.670423746109
136	-42.151592	20.537083	-18.891878	-74.40518	1000.0	-6.96085	13.204105	45.299267	-21.90041	548000	-0.103447214	26.648466	0.0	-11.159613	0.52073765	-5.096197e-09	308.3301079273224
137	-42.14968	34.73831	4.3367915	-88.924545	1000.0	-5.6510053	13.279335	43.459717	-18.88396	552000	-0.06125583	31.865105	0.0	-13.370692	0.5235989	6.4075e-10	312.34957695007324
138	-54.176674	24.611225	-19.644154	-89.15765	1000.0	-6.485224	13.210372	39.97662	-17.121157	556000	-0.036007717	29.193281	0.0	-9.76495	0.5202709	-7.0780515e-09	316.14040088653564
139	-75.45776	14.524963	-59.04278	-96.3609	1000.0	-7.7687697	9.403353	41.323467	-18.613855	560000	-0.059342414	29.479187	0.0	-13.967453	0.5075281	-6.258488e-10	319.65463972091675
140	-48.6528	20.820608	-23.576017	-77.87596	1000.0	-9.48408	12.570939	40.28378	-19.892025	564000	-0.05017377	21.980032	0.0	-3.0198545	0.5188969	7.450581e-09	322.91522002220154
141	-70.14568	13.686504	-49.957027	-85.03844	1000.0	-9.2663145	11.755947	38.640465	-20.594612	568000	-0.0337254	18.992542	0.0	-3.4927707	0.5056541	4.0233132e-09	326.53658294677734
142	-74.69348	10.259172	-64.720665	-88.31908	1000.0	-9.219846	11.048915	34.897484	-18.038986	572000	-0.03474498	14.184843	0.0	-3.5050774	0.5077772	-1.0430801e-10	329.85938572883606
143	-97.734726	18.13122	-68.74392	-115.300644	1000.0	-7.591845	9.101348	27.636896	-18.60748	576000	-0.015779307	41.726696	0.0	-26.572235	0.50977296	5.826354e-09	333.6581027507782
144	-92.689384	28.285124	-69.881645	-140.50778	1000.0	-6.786462	10.5168085	29.40157	-16.066431	580000	-0.01444447	37.770245	0.0	-21.926517	0.5099579	-4.8130753e-09	337.2060778141022
145	-124.174774	22.750704	-101.22597	-160.91754	1000.0	-6.6411004	7.812064	27.796284	-23.87815	584000	0.044416234	68.15271	0.0	-54.71917	0.51907253	-4.2766333e-09	340.4515128135681
146	-137.37424	24.053371	-99.05137	-161.12987	1000.0	-13.4520645	8.196831	22.195799	-21.349012	588000	0.03771404	22.049004	0.0	-7.2857375	0.51664007	-1.41114e-08	344.27247285842896
147	-126.59168	18.468237	-106.81757	-149.91277	1000.0	-16.898731	7.841059	21.366058	-25.729012	592000	0.03542227	16.723347	0.0	-3.2982998	0.5196056	-1.0281801e-09	346.94885873794556
148	-86.48899	13.122804	-78.23951	-109.20648	1000.0	-15.754389	9.683793	21.962765	-22.736141	596000	-0.03564187	33.967922	0.0	-18.404251	0.53258693	-2.399087e-09	350.346825838089
149	-73.40614	31.469395	-45.214737	-124.46829	1000.0	-13.930492	11.062528	25.402552	-21.609678	600000	-0.05810953	36.87442	0.0	-19.736279	0.53037906	-1.9818542e-09	353.4023959636688
150	-70.96759	3.622184	-66.15226	-76.01112	1000.0	-14.596224	9.629263	18.529722	-23.486956	604000	-0.090109944	25.54271	0.0	-15.747044	0.4947621	-5.00679e-09	356.86081171035767
151	-35.471176	18.423233	-7.4828787	-55.25727	1000.0	-15.71292	12.710201	32.088764	-25.058151	608000	-0.05339308	75.99989	0.0	-56.104134	0.43797624	-6.213784e-09	359.5386428833008
152	-59.526855	24.626516	-21.851364	-85.617676	1000.0	-13.190749	14.8192215	43.714893	-25.584505	612000	-0.07967696	31.834194	0.0	-18.26115	0.43102884	1.6391266e-10	362.4867079257965
153	-15.272318	11.259274	-2.9627912	-28.621698	1000.0	-11.394221	16.603882	28.846684	-25.063921	616000	-0.027854111	48.223305	0.0	-25.987461	0.38656574	8.791685e-10	365.92448377609253
154	-22.17736	31.341703	12.528443	-72.973335	1000.0	-10.782398	17.173685	32.23847	-25.288443	620000	-0.04399168	36.096443	0.0	-16.100998	0.37928933	-2.503395e-09	368.7129726409912
155	-13.646207	7.158831	-6.3136687	-24.511827	1000.0	-10.750408	17.162214	42.745876	-23.720531	624000	-0.051709507	42.57953	0.0	-22.325788	0.36241776	-4.0233132e-09	371.5063798427582
156	-25.711178	23.938993	8.664103	-55.534	774.6	-4.217671	20.316067	55.244072	-30.479708	628000	0.0026582938	208.36263	0.0	-44.16203	0.35329103	-1.0877848e-09	374.04691672325134
157	-16.947842	19.585455	6.9892755	-47.23184	766.6	-8.410321	22.358171	57.421307	-69.743904	632000	-0.017056366	166.44072	0.0	-19.850302	0.3418933	4.23193e-09	376.48470878601074
158	124.87754	135.09938	271.55588	-67.787674	503.5	-8.540572	27.968552	54.5893	-69.7957	636000	-0.091930434	2131.888	0.0	-1277.959	0.31045824	-3.4272671e-09	378.4635498523712
159	7.79603	79.14389	183.3113	-73.63343	425.8889	12.477391	21.173365	68.11532	-54.741325	640000	0.037806407	1535.2789	0.0	-596.82214	0.35692602	2.2500752e-09	380.3679897785187
160	57.023655	116.127396	217.35735	-69.52735	374.8889	2.2333746	20.86618	55.946743	-62.760696	644000	-0.010415914	1336.3152	0.0	-229.84735	0.3438413	2.4139881e-09	382.35635685920715
161	90.03892	142.61688	213.92026	-160.61476	411.875	9.527694	25.83388	68.27017	-50.232082	648000	0.022646211	1807.8499	0.0	-874.3662	0.31478938	-2.861023e-09	384.0847249031067
162	49.817593	108.85373	208.42899	-73.79643	465.0	4.631382	26.247562	70.87579	-68.50631	652000	-0.0050348397	1223.6044	0.0	-326.4736	0.33086777	-2.9057263e-09	385.96860790252686
163	64.37102	123.40946	252.87735	-112.14694	302.0	14.18215	27.031265	69.86561	-52.108414	656000	0.01718014	1349.7524	0.0	-147.2984	0.32011414	7.301569e-10	387.4972348213196
164	50.281784	118.011734	188.71094	-145.76747	478.25	7.5413923	23.96787	67.27988	-62.43245	660000	-0.014550162	905.09436	0.0	-112.18353	0.34343898	3.0845404e-09	389.7992000579834
165	-0.78473663	86.94895	187.84306	-71.91583	484.66666	0.97633934	19.40907	63.05967	-52.976746	664000	-0.008212883	588.00507	0.0	-110.137184	0.38035613	3.0845402e-09	392.4285378456116
166	115.78362	151.69147	239.4809	-176.77844	472.57144	8.331657	25.841331	64.246574	-68.113976	668000	-0.008370682	1121.4956	0.0	-411.20898	0.3443042	-9.953976e-09	394.2123758792877
167	34.349346	103.34057	167.37392	-57.387657	633.2	4.055326	22.092438	62.02929	-70.68117	672000	-0.029554812	587.0995	0.0	-235.88321	0.4206987	2.4437905e-09	396.9299488067627
168	22.071472	115.43033	224.15424	-78.64789	416.875	6.9391828	22.750988	70.24966	-64.43844	676000	0.017032625	1075.7725	0.0	-139.54556	0.43543494	1.04606155e-08	398.75707173347473
169	65.50048	138.83183	235.27827	-81.854385	472.14285	2.7320883	23.038536	71.50761	-21.34823	680000	-0.017906554	799.9641	0.0	-137.5445	0.40757114	5.155802e-09	401.27103996276855
170	-60.483387	36.438477	-19.285288	-114.24256	727.6	-3.5568614	18.826218	63.682682	-26.682526	684000	0.0054338165	563.5762	0.0	-139.36052	0.46690834	3.3974648e-09	403.9802119731903
171	-40.101326	14.541015	-27.108793	-63.398804	786.25	-8.351258	17.215714	43.83506	-50.490025	688000	0.00040701218	170.574	0.0	-45.04942	0.47887862	3.0398368e-09	406.3233458995819
172	-34.39552	18.995825	-3.5173922	-53.882675	789.75	-5.7529855	15.351681	44.030773	-48.749687	692000	-0.0024237833	69.12957	0.0	-14.163501	0.46585864	-1.4901191e-11	409.2178268432617
173	-55.021	8.6456785	-42.898014	-65.78952	1000.0	-5.032083	15.309028	44.992134	-15.75666	696000	-0.014164549	55.698574	0.0	-21.664268	0.45984554	2.577901e-09	412.29477286338806
174	-45.94125	8.019189	-32.677963	-53.70302	1000.0	-5.1975813	15.782836	46.48553	-16.895512	700000	-0.009062041	82.960846	0.0	-31.710009	0.4442346	-4.2170285e-09	415.4684338569641
175	-53.982132	2.8966212	-52.11979	-58.98445	1000.0	-6.4449406	16.709866	50.9015	-17.736645	704000	-0.015574569	36.03466	0.0	-12.876776	0.4351732	-1.4901169e-10	418.3785967826843
176	-57.005856	20.099144	-35.390823	-81.37756	1000.0	-7.677126	16.125626	44.23962	-18.246696	708000	0.002228042	36.229702	0.0	-4.723295	0.42623508	-5.811449e-10	420.88694190979004
177	-58.77713	18.515316	-34.875793	-78.798676	1000.0	-9.025686	16.050085	41.286034	-18.800573	712000	-0.0064275856	32.48751	0.0	-2.8813677	0.41216624	-2.0861624e-09	423.3785469532013
178	-53.170654	15.816783	-33.566418	-77.19633	1000.0	-9.989321	14.850365	42.078396	-19.137339	716000	-0.025841806	18.634935	0.0	-3.6064634	0.42540932	-7.599592e-10	426.7926867008209
179	-63.918884	11.312629	-49.763046	-79.75171	1000.0	-10.401342	16.241407	46.674026	-19.826542	720000	-0.03932478	16.446001	0.0	-1.9095616	0.42530817	2.7269125e-09	430.833420753479
180	-46.710724	17.386871	-22.226748	-67.62261	1000.0	-10.843704	15.385654	45.533054	-20.275995	724000	-0.034287404	20.020359	0.0	-3.9288793	0.41542917	-1.4454127e-09	434.1670506000519
181	-44.33578	7.9517574	-32.104324	-54.247482	1000.0	-10.32376	16.73671	59.974277	-20.416718	728000	-0.060461544	14.140772	0.0	-2.9199324	0.42575872	-1.1622905e-09	437.50217390060425
182	-0.30662513	9.2738285	15.550111	-7.733406	1000.0	-8.189393	17.450125	56.858677	-20.392126	732000	-0.05485675	83.60923	0.0	-54.1575	0.41057882	-2.2500755e-09	440.73907470703125
183	-29.405748	26.769764	-1.4082016	-61.233437	1000.0	-6.6484704	21.603401	73.061035	-19.583284	736000	-0.026313711	43.963554	0.0	-17.451387	0.40746123	2.4139881e-09	444.183287858963
184	-28.009706	17.290827	1.910983	-39.201244	1000.0	-7.8407497	17.549992	56.9235	-18.879644	740000	-0.066720374	42.83791	0.0	-17.23115	0.4189099	-2.5331975e-10	448.45962500572205
185	-20.61311	16.613934	2.0200102	-41.73159	1000.0	-7.231271	17.852823	52.219486	-18.997763	744000	-0.029340984	31.522491	0.0	-7.5974126	0.41966352	-3.6060812e-09	452.01171374320984
186	-21.609312	16.707077	-3.6936796	-48.972717	1000.0	-7.5716386	17.445267	57.488266	-19.027508	748000	-0.049001783	25.737373	0.0	-6.8998175	0.42017424	3.799796e-09	456.3224198818207
187	-48.000458	14.354804	-33.60703	-71.91123	1000.0	-7.460588	16.558954	45.09986	-18.680552	752000	-0.06271787	24.07494	0.0	-12.037183	0.4219423	8.776784e-09	459.719429731369
188	-32.237617	10.034815	-23.792467	-49.102325	1000.0	-8.775994	16.515001	58.16748	-19.278608	756000	-0.05598436	23.729626	0.0	-7.75235	0.4177523	2.2798778e-09	463.20494389533997
189	-15.323761	11.305353	3.5282845	-26.046915	1000.0	-8.7378235	18.854658	59.89718	-20.300573	760000	-0.05475477	58.15319	0.0	-14.00965	0.42933798	-3.4719703e-09	466.37840270996094
190	-39.593876	20.96571	-6.5560336	-64.795944	1000.0	-6.9484377	20.237448	61.573177	-20.546423	764000	-0.045399528	43.271637	0.0	-18.639555	0.4215854	1.2814999e-09	470.23467779159546
191	-7.6103497	2.1721187	-4.4593325	-9.981426	1000.0	-9.384279	18.567274	58.223286	-20.201561	768000	-0.07132657	28.21922	0.0	-8.650504	0.42373794	-1.3858079e-09	473.57974886894226
192	-31.409704	24.973242	-2.7059703	-71.31447	1000.0	-8.3224945	19.498753	64.07039	-20.561533	772000	-0.0609181	29.019367	0.0	-6.0066566	0.43351611	3.9786103e-09	476.80400800704956
193	-52.494576	21.05923	-22.094307	-75.96751	1000.0	-9.365408	17.980236	59.573364	-20.727352	776000	-0.042293303	14.1276455	0.0	-4.0238447	0.43451646	-1.7881394e-09	480.3680477142334
194	-37.659515	21.737652	-11.975718	-68.8036	1000.0	-9.284863	17.58256	61.141693	-21.837713	780000	-0.04844651	43.862015	0.0	-9.997926	0.4344772	5.066395e-09	483.25520491600037
195	-36.923447	17.121662	-10.648186	-58.131992	1000.0	-8.839709	18.941914	63.332546	-20.531416	784000	-0.05851064	38.809193	0.0	-10.420132	0.44238734	8.6426744e-10	485.88815474510193
196	-44.022797	13.667341	-23.244322	-59.456966	1000.0	-8.454658	18.087221	60.991257	-19.957043	788000	-0.081890896	13.445557	0.0	-2.576375	0.43440044	4.991889e-09	488.8053388595581
197	4.836847	87.035446	153.88405	-90.989655	598.3333	1.3598323	25.879374	67.335625	-45.13755	792000	-0.0050939163	736.73334	0.0	-492.60333	0.39539278	-5.364418e-10	491.5659568309784
198	14.177155	74.87727	159.60323	-41.7996	602.6	-2.4013948	22.713057	59.958206	-82.82868	796000	-0.03856553	239.05313	0.0	-99.14983	0.41012156	-1.5795232e-09	493.97770071029663
199	-4.383299	84.501854	180.58496	-75.375916	640.5	-3.4061255	25.310867	57.122692	-73.37342	800000	-0.03808969	243.76447	0.0	-77.05309	0.40044144	-8.642674e-10	496.45721077919006
200	93.208206	117.284386	198.83456	-56.772724	669.0	-1.1379998	28.618778	75.78591	-83.3165	804000	-0.03675894	497.17664	0.0	-233.81334	0.39472497	3.874301e-10	498.93056082725525
201	-31.82548	95.94917	169.82077	-115.71555	580.1667	3.2284746	25.578203	79.255974	-85.37359	808000	-0.005635444	741.9684	0.0	-299.0939	0.42023093	7.092953e-09	501.3989977836609
202	-29.80014	21.512035	10.059522	-49.004616	669.0	-11.65141	21.343575	61.226498	-67.44639	812000	-0.020561561	137.54704	0.0	-28.136791	0.43871886	5.155802e-09	503.5242807865143
203	-1.0464579	94.9118	190.70805	-90.2505	524.0	-5.76401	23.525652	76.57292	-83.29672	816000	0.0077646784	613.2809	0.0	-148.31204	0.39954606	1.7434358e-09	505.8297076225281
204	-9.786025	94.031425	173.68411	-89.713326	672.8	-7.4333744	24.586775	61.78054	-87.72605	820000	-0.010319843	376.23358	0.0	-23.050102	0.4086244	-1.8179417e-09	508.2819609642029
205	92.20359	127.74302	229.12556	-72.415375	662.6	-0.8224711	28.855585	74.235344	-63.130882	824000	-0.032223705	602.906	0.0	-289.1584	0.37997365	8.642673e-10	510.4349539279938
206	-0.93329525	78.93972	173.34004	-61.824623	395.125	14.188143	27.502708	69.40973	-88.91954	828000	0.0017117567	779.02747	0.0	-508.60138	0.4162976	8.314848e-09	513.171642780304
207	24.20902	89.4345	149.13579	-69.16716	520.0	-5.0158634	23.428156	59.419716	-88.9573	832000	-0.021188548	432.40277	0.0	-115.7952	0.3887416	-1.2546778e-08	515.5804867744446
208	37.64631	110.554146	162.6177	-124.91651	699.0	-0.93486464	21.729288	58.565517	-88.98906	836000	-0.040905435	628.32434	0.0	-289.87463	0.38726038	-4.738569e-09	517.9684927463531
209	-14.653001	99.748184	206.97853	-81.6684	492.0	-1.6778026	21.35302	57.04148	-70.828445	840000	0.021533007	387.06277	0.0	-116.55249	0.38166678	2.592802e-09	520.0595078468323
210	-70.58158	73.0087	35.16145	-201.35753	460.83334	-1.6918148	22.959518	56.336155	-84.852104	844000	0.031774085	964.8905	0.0	-506.12302	0.42585802	0.0	522.1582548618317
211	-23.31255	93.188576	149.99205	-104.58203	741.2	-17.327938	19.791075	52.612473	-90.31694	848000	-0.08644548	352.73907	0.0	-261.2243	0.4050621	2.0861624e-10	524.3000228404999
212	-23.725697	64.6455	130.51843	-74.25217	382.5	-3.4302366	28.020084	82.86248	-90.66695	852000	0.04460941	286.30658	0.0	-89.73726	0.3794186	7.450581e-09	526.3355948925018
213	-42.475727	110.81434	250.02127	-142.89537	293.69232	-7.4905252	30.690424	57.48768	-91.46866	856000	-0.021626066	1753.6663	0.0	-716.56116	0.28507912	-9.685754e-09	527.9701859951019
214	11.140322	100.51916	207.33395	-124.66049	268.76923	-7.586161	38.738377	57.536568	-94.427216	860000	-0.018934522	1489.9987	0.0	-572.89417	0.22944787	-2.9504301e-09	529.6729688644409
215	1.6343441	97.051125	193.894	-115.100716	230.4375	5.50463	32.86822	67.00675	-95.157814	864000	-0.0048015425	1306.2959	0.0	-457.23624	0.25269553	-1.192093e-09	531.1275537014008
216	41.873306	95.08962	181.25824	-96.39841	323.83334	7.0857334	35.52323	80.77848	-95.974	868000	-0.02686048	1069.8251	0.0	-476.15082	0.29976654	1.9967556e-09	532.8991138935089
217	-31.956617	93.865105	172.1151	-173.75896	252.6923	3.1341681	27.16651	64.63548	-95.06171	872000	-0.0030994366	1288.3436	0.0	-520.86304	0.30574566	5.558133e-09	534.7406938076019
218	-4.335613	126.54828	205.66832	-164.03413	308.9091	-0.52364576	31.08461	81.30182	-94.36793	876000	-0.03563624	927.17865	0.0	-346.04745	0.27920958	-5.081296e-09	536.2663998603821
219	8.991816	111.48004	223.18639	-125.7164	230.4375	6.3269277	33.833656	68.72291	-95.93196	880000	-0.026087306	1301.6553	0.0	-325.79633	0.23845017	5.2452087e-09	537.9074878692627
220	-5.1690984	105.17069	196.18698	-134.44109	288.16666	1.1725839	35.56263	91.05435	-96.18185	884000	0.0029738047	921.1744	0.0	-189.06898	0.2680248	-5.453825e-09	539.9517970085144
221	1.7505355	119.3246	213.75517	-180.49396	287.18182	9.047942	42.175373	92.51473	-98.16808	888000	0.0004742433	1101.9548	0.0	-507.71457	0.23516166	-2.220273e-09	541.6143867969513
222	-38.232376	83.720406	152.36972	-153.8316	257.81818	-15.844835	36.83706	64.05174	-98.78095	892000	0.028527183	781.4887	0.0	-224.8198	0.30377853	-2.428889e-09	543.4734389781952
223	-10.781605	113.354004	216.60388	-108.91446	372.25	-14.411802	28.477707	64.49609	-98.820595	896000	-0.03485076	842.11743	0.0	-291.7783	0.30179113	-6.3478947e-09	545.5789639949799
224	-24.648558	106.41578	175.38411	-152.65878	378.25	-3.8675065	32.63842	97.06885	-98.37259	900000	0.012653105	578.17444	0.0	-173.59016	0.2763951	-2.6822078e-10	547.9484298229218
225	-49.92123	91.99766	141.44998	-121.31059	644.1667	-11.467602	26.04269	66.73904	-100.380775	904000	0.0019706006	282.86975	0.0	-64.1146	0.30248022	5.662441e-09	550.9418797492981
226	20.064554	123.077995	255.08676	-79.46355	577.4	-14.157198	32.35262	97.55478	-100.53849	908000	0.059958175	734.5366	0.0	-433.91882	0.34708	9.6559525e-09	553.3691637516022
227	-0.12633133	124.19089	213.41437	-95.64577	862.0	-7.7024193	27.815691	93.950584	-24.610111	912000	0.0068029584	65.98362	0.0	-16.579094	0.29606158	-6.3478947e-09	556.0152215957642
228	-24.30466	71.64848	74.32881	-102.90495	619.2	-3.3747377	27.1977	81.52863	-22.474504	916000	0.026970867	342.7116	0.0	-121.938736	0.30552056	-8.791686e-09	559.1039528846741
229	-52.08085	59.475933	47.846344	-104.696106	859.75	-8.574916	19.70943	69.297035	-35.28966	920000	0.04608492	180.7501	0.0	-45.047073	0.34267932	-1.2189149e-08	561.572075843811
230	90.13284	141.93066	235.1488	-51.855812	644.25	-1.9514577	30.413939	99.35008	-23.44515	924000	-0.00567259	278.0084	0.0	-84.89198	0.27527237	2.8163196e-09	563.8395059108734
231	-57.09471	31.491064	-17.743895	-89.41503	1000.0	-7.1665134	21.49746	74.91246	-21.38913	928000	-0.0011501112	91.801056	0.0	-47.962746	0.30376095	5.945563e-09	566.8161039352417
232	-77.92079	10.821693	-63.819828	-93.55978	1000.0	-11.441319	15.285268	63.460567	-21.894234	932000	-0.0070613273	18.92942	0.0	-5.534297	0.2994038	-4.1127204e-09	570.293054819107
233	-38.506516	1.453219	-36.159496	-40.127254	1000.0	-9.197502	18.309772	74.97158	-20.285072	936000	-0.0038062532	34.85213	0.0	-15.563053	0.2833119	-4.7683724e-10	574.0971939563751
234	-84.51083	110.70789	-10.0519	-304.02133	659.2	-4.332961	24.457167	100.49439	-21.81735	940000	0.00855409	1524.525	0.0	-638.4613	0.28873292	6.4074994e-09	577.3072688579559
235	-164.22006	187.20883	-22.955845	-525.0861	646.4	-10.928554	11.654516	80.45478	-48.77483	944000	-0.0011897478	2607.4407	0.0	-1072.4053	0.29107687	-6.3478947e-09	581.1539258956909
236	-126.37348	143.69136	-28.717915	-374.27768	778.5	-12.74192	17.346375	55.3552	-99.29633	948000	0.0021186434	765.9495	0.0	-112.44507	0.27446246	5.6028364e-09	584.527706861496
237	-171.48404	166.7606	-47.16308	-476.97522	647.8	-11.6121235	19.95927	54.77826	-104.43989	952000	0.01743231	1275.2976	0.0	-153.75731	0.28886098	-7.688999e-09	587.5022337436676
238	-104.03472	114.435524	-11.89076	-300.1322	776.5	-11.48122	19.82686	59.115124	-104.24123	956000	-0.02575163	193.78151	0.0	-44.674004	0.2891203	9.417533e-09	590.6940259933472
239	-186.9312	175.11101	-26.200003	-447.18674	643.4	-15.006903	25.470781	61.29056	-109.960556	960000	0.01742173	1193.1248	0.0	-146.76503	0.28717875	-4.246831e-09	594.7590029239655
240	-202.92604	166.54485	-6.969087	-555.79517	295.27274	-16.274506	36.46337	64.92971	-113.669685	964000	0.04273371	2728.8518	0.0	-687.0154	0.27808076	3.0994414e-09	597.2366478443146
241	-138.28412	178.04774	2.0052607	-443.94733	781.0	-13.406977	21.821129	65.793884	-119.88736	968000	-0.0076147905	731.42975	0.0	-78.064804	0.2882715	-8.940704e-11	600.7535717487335
242	-267.9994	200.32597	-5.799373	-551.8789	397.83334	-17.49922	36.778416	70.93483	-122.93071	972000	-0.004463975	1661.1128	0.0	-308.43604	0.281618	-2.69711e-09	603.5352976322174
243	-137.30588	144.47809	-12.217502	-362.34143	643.2	-16.383076	29.420837	74.429985	-129.05383	976000	-0.02840644	268.56018	0.0	-42.551556	0.28695914	-7.927418e-09	606.7788670063019
244	-125.19238	111.71654	-21.719778	-298.15714	641.2	-16.088005	32.09483	80.43776	-130.90503	980000	-0.01943283	286.75668	0.0	-151.06033	0.2920479	9.194016e-09	609.9613649845123
245	-116.27777	124.564186	-18.367273	-330.8955	638.4	-14.01765	31.716776	83.22365	-130.86722	984000	-0.019166198	310.55237	0.0	-104.51227	0.28786933	6.4373014e-09	613.4556498527527
246	-95.54191	78.777695	-8.734808	-243.14664	474.8	-12.249784	29.467962	85.703224	-129.93663	988000	0.013229841	262.67093	0.0	-149.29163	0.28778183	3.5464764e-09	616.5027089118958
247	-87.35176	73.847244	-15.233699	-210.80307	770.25	-11.769011	23.504595	66.410934	-127.388275	992000	-0.007907761	30.394718	0.0	-10.638605	0.29303527	-6.2584876e-10	620.5521259307861
248	-169.75891	176.92313	-16.367943	-460.73874	407.83334	-17.3551	30.430464	81.0715	-126.56949	996000	0.01885575	1289.956	0.0	-386.76593	0.28750885	-1.296401e-08	623.9081997871399
249	4.8326206	95.61533	167.33989	-64.94027	1000.0	-18.235434	22.822153	74.39066	-111.613594	1000000	0.013928201	753.9051	0.0	-632.0222	0.3334086	4.6491624e-09	627.8987829685211
250	-42.197803	23.519236	-2.643508	-76.61781	649.8	-8.5443125	25.941887	84.48064	-120.46854	1004000	0.0063279364	192.03052	0.0	-138.19807	0.29857337	9.834766e-10	631.7424688339233
251	-39.34426	28.099667	7.5393944	-67.17525	779.5	-10.055426	19.999866	73.831505	-22.705126	1008000	-0.00027476717	115.03363	0.0	-73.41479	0.30518267	3.4272671e-09	634.8924849033356
252	-15.026419	27.045763	19.78508	-49.220245	655.6	-9.814185	20.444647	85.897385	-67.83885	1012000	-0.0056054536	91.94321	0.0	-41.59312	0.27977437	-4.4703485e-10	639.2349870204926
253	-46.364998	25.4912	-13.685108	-83.222145	776.25	-10.191059	18.341738	79.125046	-92.47125	1016000	-0.005719762	96.33823	0.0	-31.106884	0.29443944	-3.904104e-09	643.3695938587189
254	-48.71557	14.38662	-27.388908	-66.85927	1000.0	-10.289125	18.192657	56.493347	-21.010983	1020000	-0.008441344	38.51715	0.0	-5.1289015	0.30218717	-2.2053717e-09	647.0552577972412
255	-34.59912	16.366974	-10.618856	-51.135303	770.5	-9.734597	20.563852	87.66406	-94.2594	1024000	-0.025987027	56.76249	0.0	-12.291538	0.3006329	-4.9769877e-09	650.3316307067871
256	-20.825462	23.166168	10.887499	-47.232323	1000.0	-8.496617	22.871183	87.03677	-22.104706	1028000	-0.0052059595	21.440132	0.0	-6.9932613	0.30510187	8.1956375e-10	653.8292737007141
257	-29.861734	15.754514	-14.929858	-52.972412	1000.0	-10.561157	19.758345	87.9237	-22.250092	1032000	-0.04796507	11.457243	0.0	-1.198154	0.31281227	1.1473895e-09	657.9098320007324
258	-16.691769	30.472975	42.057934	-39.943142	645.2	-8.363467	22.582	89.39268	-97.54624	1036000	0.011585443	103.378876	0.0	-53.484787	0.30684146	1.5348196e-09	661.3340759277344
259	-33.018856	53.394665	72.23044	-83.926674	396.83334	-7.23903	23.85072	90.47124	-129.72389	1040000	0.00723355	251.6648	0.0	-75.13979	0.29812035	-7.659197e-09	664.1885008811951
260	-32.919075	58.288906	52.273285	-105.777954	457.6	-8.314656	24.156221	92.83032	-125.51954	1044000	0.011762315	305.25394	0.0	-53.30287	0.29905722	3.710389e-09	667.2563707828522
261	-22.433039	31.608347	27.568815	-59.722614	1000.0	-8.970506	21.733713	97.354385	-20.629969	1048000	-0.023951849	28.010092	0.0	-6.4589343	0.30190438	8.195639e-09	670.9291338920593
262	-37.48194	19.4443	-14.390538	-63.435417	774.75	-8.268156	21.783607	92.07037	-59.7611	1052000	0.00768317	42.107464	0.0	-18.323355	0.30080724	2.95043e-09	674.5752530097961
263	-31.164286	6.4609575	-24.50121	-40.46475	546.25	-7.594053	23.078865	91.41926	-101.79164	1056000	0.014385199	36.522972	0.0	-18.273012	0.30128038	5.066394e-10	678.2839889526367
264	-12.366058	22.978056	21.659037	-44.147194	547.0	-6.2256923	24.528692	95.595924	-106.74876	1060000	0.010099625	53.556835	0.0	-18.280472	0.30360368	-8.0168245e-09	681.852157831192
265	10.630649	15.580188	33.60513	-8.687353	779.0	-4.7343826	25.528936	100.00952	-98.17131	1064000	-0.010900816	30.388643	0.0	-14.232697	0.3172	2.324581e-09	685.1359577178955
266	-13.5264225	27.075197	20.215754	-43.90816	771.25	-9.325397	20.197073	97.330986	-100.725235	1068000	-0.008189421	83.41279	0.0	-48.101124	0.32236093	4.351139e-09	688.3890087604523
267	53.977562	122.73731	226.1113	-90.19954	371.55554	5.1348867	31.21627	98.839325	-106.189384	1072000	-0.0130477	1090.3152	0.0	-458.48154	0.37562454	-6.556511e-09	691.6182239055634
268	33.711395	106.363686	242.64825	-61.619923	335.85715	10.068527	23.766838	86.35163	-108.02753	1076000	-0.029397335	571.84235	0.0	-165.27623	0.45465654	-9.417533e-09	693.4005818367004
269	10.394642	105.32431	249.41959	-163.10268	196.625	13.789842	28.703934	92.41471	-127.65697	1080000	0.0023976564	1483.1611	0.0	-406.34198	0.40958875	7.450581e-09	695.0609788894653
270	-24.409513	97.1229	268.30713	-293.73218	118.454544	-4.0002537	38.307537	78.52841	-134.99292	1084000	0.0066825757	1497.9185	0.0	-668.937	0.3192054	2.9206277e-09	696.2561328411102
271	12.9373865	90.15254	245.02075	-131.25594	176.57143	11.402682	43.822838	85.20963	-137.52037	1088000	-0.024459029	1598.816	0.0	-489.37244	0.3688152	3.9339065e-09	697.6436159610748
272	40.74196	125.52123	273.8362	-158.01234	159.41667	6.522981	36.895317	75.58263	-123.197235	1092000	-0.035797138	1879.7612	0.0	-762.93054	0.2540887	1.9371509e-09	698.9025728702545
273	50.821487	120.62758	256.79697	-92.28665	152.0	30.851528	36.167877	97.0076	-115.72465	1096000	-0.025065903	1792.0327	0.0	-353.68896	0.3377187	9.536744e-10	700.0866267681122
274	76.79709	130.98587	256.82312	-97.12981	160.95833	26.616863	43.35383	95.6141	-128.54977	1100000	0.00324977	1734.022	0.0	-349.80048	0.27809662	6.735325e-09	701.2403290271759
275	22.903526	111.39708	269.64185	-171.76604	130.79167	22.152367	44.652145	88.06342	-116.97424	1104000	0.005150592	2199.1165	0.0	-689.6549	0.30974013	5.7816507e-09	702.7391560077667
276	66.34867	111.078835	268.9745	-72.34919	154.41667	23.077778	41.36856	87.36595	-116.83357	1108000	0.005789467	1956.7537	0.0	-200.50183	0.26574415	1.6093256e-09	703.8338696956635
277	28.724157	98.124596	271.8645	-98.58364	122.791664	22.700418	39.21586	86.85121	-131.86119	1112000	-0.038599815	1443.096	0.0	-642.7334	0.3302529	-1.0728836e-09	705.2267127037048
278	90.05217	137.47491	282.74957	-202.02219	148.88461	26.289867	41.661182	88.034744	-135.75949	1116000	0.006645981	1959.4368	0.0	-701.5868	0.21847638	8.5830685e-09	706.3177478313446
279	93.00107	122.48782	281.28067	-74.56838	159.5	46.267063	42.405758	106.99016	-129.15271	1120000	-0.024578732	1671.636	0.0	-259.45322	0.23612627	-6.020069e-09	707.5678207874298
280	64.32827	115.04934	275.66483	-84.347084	167.82608	34.74843	39.014233	98.20783	-131.45149	1124000	-0.030170847	1625.4209	0.0	-493.72357	0.30525595	-5.722046e-09	709.123019695282
281	138.95494	127.116325	284.8484	-38.671116	194.35	43.66705	35.300648	99.96299	-116.33622	1128000	0.006872398	1562.6277	0.0	-252.9372	0.19747469	3.0398368e-09	710.2799167633057
282	113.151794	131.6039	283.02283	-65.73565	144.96	45.57618	35.433964	106.788414	-115.019264	1132000	-0.015182052	1157.1848	0.0	-304.22345	0.21057199	3.218651e-09	711.3681988716125
283	145.7528	127.31428	284.05048	-29.371538	197.15	61.177666	36.47505	109.63583	-102.56383	1136000	-0.018916974	2129.4824	0.0	-537.6096	0.1930643	3.1590464e-09	712.6690108776093
284	120.848045	127.55254	284.93097	-32.258167	152.04	54.150032	37.459843	107.00806	-118.44516	1140000	-0.02164932	1629.8512	0.0	-276.489	0.19996741	3.8743018e-09	713.728973865509
285	182.8953	121.83524	287.1183	-16.38866	170.34782	60.931183	34.179607	107.874756	-122.71388	1144000	-0.0063276133	1605.6431	0.0	-380.6834	0.18002976	-1.3113022e-08	714.818336725235
286	156.76721	124.132095	294.17264	-35.516987	161.45833	75.06075	31.366253	111.55987	-114.37662	1148000	-0.00086439867	1244.2911	0.0	-503.83508	0.17891806	-5.00679e-09	715.894859790802
287	167.0981	128.36066	301.41513	0.2878225	158.04167	55.71864	42.527527	112.732735	-136.36475	1152000	-0.0004959791	1385.2852	0.0	-628.7466	0.17149842	-3.695488e-09	716.9791870117188
288	225.30453	92.48392	288.38934	-17.653429	186.5	85.5192	23.99931	115.363754	-76.56991	1156000	0.023170749	519.8963	0.0	-124.056274	0.16783205	1.7881394e-09	718.0548849105835
289	135.3011	128.52913	286.81055	-45.864334	150.76	70.982346	43.948284	117.19855	-144.02112	1160000	0.007073978	1129.312	0.0	-333.5853	0.16084155	-5.632639e-09	719.1034708023071
290	217.64859	108.98386	299.35385	-18.982462	183.3125	78.101585	28.366463	115.712456	-126.208275	1164000	-0.09806189	1828.4932	0.0	-1234.8999	0.24916814	1.0341406e-08	720.5802917480469
291	190.88304	120.11189	287.5872	-7.228222	181.5238	72.25841	31.061712	112.33805	-141.49127	1168000	-0.02785865	1169.2816	0.0	-148.7348	0.19981508	4.1127204e-09	721.6535439491272
292	156.52869	120.362686	285.93488	-19.62319	212.23529	72.016106	31.039333	113.36087	-141.54323	1172000	-0.0036428496	1571.477	0.0	-914.89484	0.17289464	-3.516674e-09	722.9428927898407
293	133.59457	123.986465	295.15604	-65.164345	228.4	54.222965	31.977743	112.008484	-129.45969	1176000	-0.04389285	1404.924	0.0	-339.14944	0.28025353	5.662441e-09	724.3118288516998
294	183.61482	122.089066	301.8262	-32.83014	184.3	55.684013	31.929556	108.13412	-133.53897	1180000	-0.0053004036	942.34033	0.0	-502.63913	0.13846408	1.8775463e-09	725.429995059967
295	119.65022	107.32016	280.6408	-16.135885	353.27274	64.899376	23.180405	110.590004	-110.059715	1184000	-0.06804681	3027.1475	0.0	-2127.0881	0.36364746	-1.308322e-08	727.0818319320679
296	159.28842	124.26245	278.0868	-17.31144	184.1	40.718872	34.550545	103.832375	-117.47134	1188000	-0.00940837	1685.1934	0.0	-660.479	0.17129096	-9.059906e-09	728.2370338439941
297	120.49791	128.89159	312.61124	-21.752802	224.75	50.71329	31.90759	106.771996	-125.58681	1192000	-0.02456188	1990.3839	0.0	-461.89105	0.27083513	-1.12652785e-08	729.8345868587494
298	93.133705	124.84688	293.0551	-40.752415	158.08333	45.55536	34.348633	104.25474	-125.90977	1196000	-0.008705202	2281.457	0.0	-342.89032	0.14354175	5.5730345e-09	730.879145860672
299	178.09842	107.98291	280.48712	18.210445	202.53334	47.678658	29.82187	103.8644	-113.17332	1200000	-0.036174133	1072.1814	0.0	-312.1655	0.22806557	-4.768368e-10	732.308789730072
300	65.748314	103.03461	287.55637	-27.765871	212.5	39.603985	35.02558	107.54205	-125.24265	1204000	-0.02560326	2152.025	0.0	-858.96106	0.3092395	-1.0043383e-08	733.7905128002167
301	102.18128	122.36426	267.03958	-42.997154	158.43478	25.45929	35.18928	94.41608	-114.06979	1208000	-0.023887021	2386.0066	0.0	-873.6143	0.14073643	7.033348e-09	734.9165608882904
302	101.33626	121.0619	273.8234	-49.933105	149.61539	48.922832	35.510445	105.35547	-102.75477	1212000	-0.005720417	1582.4529	0.0	-235.98035	0.13002253	-3.7550927e-09	736.0277218818665
303	64.23415	113.88616	267.78137	-42.807697	137.41379	42.12544	39.483322	106.727806	-112.67535	1216000	-0.007967722	1802.3384	0.0	-467.706	0.13479677	-1.3411045e-08	737.1157667636871
304	24.636913	91.93672	274.72415	-155.49411	115.96154	26.814985	46.00859	105.45923	-142.71013	1220000	-0.044527244	2065.058	0.0	-799.3293	0.22316164	8.5830685e-09	738.2647659778595
305	53.601	103.4635	280.15775	-57.862064	120.5	16.803015	43.99499	101.27644	-141.19785	1224000	-0.006824103	1831.6143	0.0	-405.58157	0.13380522	-1.3709068e-08	739.2635989189148
306	43.485367	98.79274	288.2237	-44.691616	123.064514	24.348827	37.382103	94.8269	-131.90482	1228000	-0.008897626	1672.6539	0.0	-517.2776	0.14039421	-1.29342075e-08	740.2716739177704
307	80.677956	119.23877	285.78403	-33.087204	130.89655	31.100111	41.163246	103.53433	-133.42737	1232000	-0.015882649	1179.9094	0.0	-479.48416	0.1253588	1.2993812e-08	741.2607779502869
308	84.90139	114.91229	277.6303	-45.64019	136.10345	42.936565	41.99003	108.099335	-126.013435	1236000	-0.021097474	1397.2744	0.0	-197.13373	0.12468849	-1.3977289e-08	742.2906448841095
309	85.12959	120.75717	277.021	-41.229683	136.81482	39.243397	44.446476	108.81249	-136.83263	1240000	-0.02928096	1278.366	0.0	-245.47363	0.12683663	4.053116e-09	743.303760766983
310	149.70444	128.67802	283.4691	-27.431007	167.39131	52.463108	40.209385	110.21034	-123.71904	1244000	-0.0103655	1498.4731	0.0	-588.30145	0.12136589	6.67572e-09	744.373566865921
311	121.52858	125.09375	281.28516	-15.31269	172.19048	49.167095	40.395123	112.055	-127.896385	1248000	-0.00058192946	1366.315	0.0	-266.43942	0.12324044	1.4305115e-09	745.4577248096466
312	212.03697	86.78509	286.6943	-7.965163	256.66666	64.958664	31.600414	112.23282	-112.298904	1252000	-0.11780631	2059.6787	0.0	-1074.94	0.22407609	5.9902665e-09	746.8964328765869
313	120.23864	122.03945	282.48416	-11.957177	208.89473	62.49569	25.910295	109.48536	-66.47624	1256000	0.0019350647	2871.6978	0.0	-1389.078	0.14015535	-7.450581e-09	748.1120557785034
314	225.07286	67.21913	292.48114	31.974586	328.81818	41.966892	30.38731	105.32939	-75.919685	1260000	-0.009943026	1708.9072	0.0	-583.1635	0.1673335	7.718802e-09	749.4786818027496
315	222.832	90.309235	285.41574	-7.1412735	242.26666	56.733795	22.628952	106.22427	-66.463974	1264000	-0.030559115	889.46643	0.0	-236.87097	0.13406746	-7.748606e-10	750.7363409996033
316	207.7842	90.02577	299.7148	11.059071	277.57144	55.760494	24.943485	103.39121	-42.90201	1268000	-0.010759992	1525.5059	0.0	-542.78735	0.12544402	-7.942319e-09	752.10919880867
317	222.64381	89.63505	289.03784	0.4643163	286.6154	58.09827	16.328262	100.66844	-49.10797	1272000	-0.008692264	1208.9661	0.0	-222.3736	0.1404751	-6.7055224e-09	753.4707999229431
318	243.75357	29.435875	290.94775	172.85153	281.92307	56.331554	22.330715	101.85361	-34.248974	1276000	-0.01906175	475.99615	0.0	-126.20795	0.14885443	-8.3148475e-09	754.7826137542725
319	233.37198	83.786316	297.96857	-16.883104	317.0	60.00151	18.759823	102.74357	-110.62673	1280000	-0.0045555546	851.83606	0.0	-185.9434	0.14935759	4.2915342e-09	756.140950679779
320	207.74411	71.7156	279.8152	44.604908	446.375	56.18494	15.966269	102.90488	-9.13798	1284000	-0.054743543	1156.5609	0.0	-644.6991	0.23452333	7.1525585e-10	758.024425983429
321	199.68094	77.11101	257.27847	32.385815	532.8571	32.829723	19.715565	92.498245	-49.851517	1288000	-0.04302814	585.48706	0.0	-105.68414	0.21228704	-3.054738e-09	759.9257717132568
322	181.20976	41.262	235.45752	102.84261	546.8571	31.757786	21.947117	93.510124	-41.48008	1292000	-0.023213927	708.78284	0.0	-111.55551	0.16408059	4.5001505e-09	762.2343847751617
323	42.577076	101.47669	215.92723	-42.345856	935.0	22.572807	14.257657	83.42851	9.456326	1296000	-0.045835406	806.51263	0.0	-441.1629	0.20599505	5.2154063e-09	765.522451877594
324	78.17459	92.70232	175.54964	-31.984364	902.75	11.829933	19.571686	87.10261	-34.529266	1300000	-0.030121805	391.53952	0.0	-168.60562	0.20550399	-9.685756e-10	769.1508507728577
325	132.06503	64.041275	187.60008	25.154799	856.75	10.5389595	29.016357	90.14534	-11.777014	1304000	-0.0071211266	281.79694	0.0	-45.418594	0.19173089	-5.200505e-09	772.5411117076874
326	47.389526	72.00413	171.25487	-7.3602815	929.25	8.8426695	25.508732	89.04875	-47.948624	1308000	-0.00589052	132.47699	0.0	-42.45331	0.19414198	1.6242265e-09	775.9612267017365
327	118.804535	64.24249	167.06454	10.172648	781.0	5.9015236	27.954473	89.93294	-27.159685	1312000	-0.0013915626	415.4881	0.0	-121.99985	0.18983397	5.2750107e-09	779.1188497543335
328	197.61421	36.300724	253.0402	129.51662	534.5714	22.171972	27.562824	80.20285	-27.493294	1316000	-0.0005397971	503.6309	0.0	-150.94589	0.15830398	-2.3841857e-09	781.1831786632538
329	226.80469	24.54059	272.19388	192.62445	433.125	28.357876	25.144156	88.13072	-2.1543617	1320000	-0.010545209	460.88794	0.0	-152.4108	0.1692422	-8.106231e-09	782.9072098731995
330	213.1849	70.953606	272.50632	11.8958235	364.1	35.234287	21.819294	90.54994	-29.300058	1324000	-0.012258204	606.6887	0.0	-116.6613	0.16359907	-6.1094765e-09	784.419154882431
331	250.6274	27.32121	296.6546	190.11317	336.27274	41.23803	20.85617	92.196526	-26.063175	1328000	-0.029418511	552.7445	0.0	-302.03833	0.15460368	7.793307e-09	785.9087648391724
332	253.6202	21.30642	279.2829	212.60014	312.91666	55.55151	19.097885	96.09682	-11.335991	1332000	0.0012040045	274.92346	0.0	-146.92538	0.14069684	1.3858081e-09	787.237596988678
333	263.3795	11.606531	276.9697	233.67802	305.25	61.68552	16.93565	96.78538	35.102024	1336000	-0.035521902	89.48163	0.0	-25.988506	0.15272127	6.4671037e-09	788.6040308475494
334	262.03378	18.431494	286.63968	217.08124	300.16666	65.09703	15.627438	96.97241	38.96458	1340000	-0.010220112	103.34477	0.0	-24.091003	0.14081123	4.4405457e-09	789.9218308925629
335	238.22078	68.22256	294.9517	25.447964	298.0	68.23778	14.957666	98.27111	35.898754	1344000	-0.007607545	361.56158	0.0	-125.85437	0.14346471	-1.0758638e-08	791.3197689056396
336	264.1619	16.617142	291.72803	237.08185	302.41666	63.432014	17.958347	97.82895	4.5590672	1348000	-0.00847663	204.78435	0.0	-91.34341	0.13849947	7.987023e-09	792.5830976963043
337	241.80574	71.1401	295.46063	15.0328045	299.75	66.74778	14.87943	97.9387	33.05394	1352000	-0.011833369	335.85504	0.0	-129.9393	0.14374416	-8.121133e-09	793.8962178230286
338	243.24348	66.17141	287.51978	30.7402	309.0	60.25115	21.031996	97.09807	-4.1662917	1356000	-0.0026620862	499.71603	0.0	-82.110214	0.14217046	3.7550922e-09	795.2810099124908
339	257.25528	19.849287	288.96292	217.93233	322.0909	63.93995	16.38567	96.86895	25.759455	1360000	-0.019103453	77.50511	0.0	-13.662598	0.1379231	-3.6358832e-09	796.7032268047333
340	235.07404	77.62653	280.78262	-27.562681	304.69232	62.022892	20.37389	95.479256	-33.322723	1364000	-0.021362755	298.711	0.0	-70.44908	0.14722499	8.955597e-09	798.0668349266052
341	252.17079	19.904696	293.62943	229.07669	334.0909	61.474583	16.79788	93.16975	35.51612	1368000	-0.02995171	48.150284	0.0	-8.326662	0.14776564	3.0845402e-09	799.5405859947205
342	238.74098	68.52368	292.57364	36.56502	340.54544	61.216274	18.815016	90.35998	-63.6544	1372000	-0.064137466	646.15424	0.0	-270.7751	0.18343699	8.3446494e-10	800.9638516902924
343	255.17853	21.688808	284.21515	217.09305	330.54544	55.50696	18.96639	98.34762	-11.160058	1376000	-0.019562552	136.64737	0.0	-79.66846	0.14550662	-4.529953e-09	802.4168817996979
344	254.95746	20.895115	285.29037	219.7297	331.9091	61.309753	18.12157	93.1992	35.359005	1380000	-0.025667857	52.529617	0.0	-12.027773	0.14920592	-1.7538667e-08	803.9247307777405
345	257.01657	24.379734	295.19962	214.42465	317.25	59.554024	17.874126	90.461624	34.748028	1384000	-0.012637265	71.89812	0.0	-22.530222	0.14775863	-1.1324882e-08	805.3516459465027
346	262.67087	14.77655	292.1315	245.53793	313.91666	63.931484	17.165184	94.76293	36.642933	1388000	-0.019047357	59.07345	0.0	-6.57209	0.14617227	8.136034e-09	806.7579357624054
347	263.15515	25.638655	290.17728	216.92828	313.58334	63.991116	17.531368	97.78366	35.286114	1392000	-0.010324834	87.26195	0.0	-16.047174	0.13873982	2.8312197e-10	808.1442577838898
348	269.36734	17.244648	289.6359	226.55661	314.25	63.496235	17.326025	92.79084	37.742252	1396000	-0.028142445	49.407433	0.0	-5.7229614	0.14968106	1.1920931e-10	809.6615009307861
349	263.7812	16.79552	292.33328	235.38069	333.18182	63.044537	17.313791	94.09341	38.212452	1400000	-0.028697718	46.101288	0.0	-6.1229477	0.14279881	-7.420778e-09	811.2190937995911
350	267.35608	13.678682	288.08853	239.61728	322.16666	64.99945	17.186554	94.4228	38.040558	1404000	-0.016268905	32.18226	0.0	-3.0710297	0.13567616	6.1392784e-09	812.6339468955994
351	240.22676	75.94212	293.11356	-4.7678676	303.08334	62.10173	20.47348	131.37935	-60.072666	1408000	-0.0053677512	204.18533	0.0	-77.17865	0.14551054	9.417533e-09	814.0267379283905
352	258.5626	16.266903	293.5505	233.39163	312.58334	62.350437	18.690723	97.34121	37.575237	1412000	-0.02046044	46.313747	0.0	-5.11499	0.15411189	1.2755393e-08	815.5017910003662
353	234.04219	84.16877	292.29077	-38.34651	306.58334	60.3571	20.018656	93.588135	-107.55893	1416000	-0.022980858	158.78662	0.0	-32.059162	0.14136943	6.139278e-09	816.9443938732147
354	249.9566	29.327944	283.54413	168.11606	331.41666	60.69381	19.390886	115.180954	37.093983	1420000	-0.00016104802	261.37912	0.0	-84.96142	0.14280823	-2.4437905e-09	818.4911959171295
355	255.3081	13.434805	274.4456	233.2291	322.33334	57.463684	18.885294	90.49364	-15.111704	1424000	-0.023845788	150.8219	0.0	-105.174095	0.14921698	3.4272671e-09	819.9669077396393
356	254.36314	17.474916	285.50763	225.56885	331.0909	60.598217	18.190077	91.30207	18.778717	1428000	-0.02587612	53.802643	0.0	-12.097462	0.14268532	6.5565064e-10	821.4519827365875
357	254.06143	15.805717	286.9317	234.23775	333.36365	58.632156	18.530334	94.21749	36.36859	1432000	-0.03927259	63.74025	0.0	-13.171486	0.14814937	4.5597552e-09	823.0433058738708
358	257.97803	16.764404	281.5043	227.50978	347.2	58.575977	17.179577	93.85782	35.74519	1436000	-0.022849884	74.47935	0.0	-17.382465	0.14291954	-4.9471853e-09	824.7193920612335
359	197.74046	120.52112	279.17145	-70.20164	315.58334	56.849274	18.277748	99.874214	-45.401703	1440000	-0.0060348464	692.5954	0.0	-517.69556	0.14565879	-1.9624828e-08	826.1696856021881
360	244.07675	15.557309	282.67093	223.11623	356.5	52.76957	17.364914	94.20331	33.423027	1444000	-0.035620596	68.48703	0.0	-26.990625	0.15379295	-4.1723247e-10	827.6857578754425
361	220.18764	71.8151	275.0242	1.29277	349.54544	53.290348	21.430862	99.92222	-39.76602	1448000	-0.0038570599	621.2603	0.0	-304.77182	0.14888316	9.268522e-09	829.1709277629852
362	219.52074	75.77382	277.69855	-14.96919	339.54544	49.526978	19.994728	98.82048	-68.0253	1452000	-0.028994136	455.2672	0.0	-60.5127	0.14517713	-3.2931566e-09	830.6279349327087
363	202.02774	109.70677	273.6959	-103.035934	364.2	50.534576	23.62392	92.27871	-104.9647	1456000	0.0042333854	885.9657	0.0	-481.6994	0.12671164	1.0877848e-08	832.2907090187073
364	254.8066	20.940859	286.14713	219.70708	329.27274	52.888138	18.106773	87.94726	-61.80174	1460000	-0.03923384	129.37314	0.0	-93.93987	0.14687964	-6.5267085e-09	833.6975796222687
365	197.71333	86.04882	266.3764	11.326936	332.27274	53.116764	20.367973	92.79686	-77.80078	1464000	-0.0066786027	626.8561	0.0	-373.8911	0.1355606	-3.144145e-09	835.2833497524261
366	234.59486	21.731236	266.2638	201.25847	336.0	49.70747	18.622831	93.36454	-11.128312	1468000	-0.042304996	152.9368	0.0	-111.705345	0.14121965	8.195639e-09	836.8022799491882
367	243.15736	17.187243	267.34326	219.59169	330.0	56.130886	18.188784	98.70653	12.166237	1472000	-0.0035495367	124.266815	0.0	-80.907745	0.14075132	1.1473894e-09	838.2453896999359
368	226.20863	89.38414	296.1753	-45.00225	337.36365	56.289616	23.62386	94.01581	-104.713974	1476000	0.013473457	540.8983	0.0	-234.15327	0.12845148	6.824732e-09	839.8389358520508
369	254.1292	21.678577	282.82327	202.33464	306.66666	54.80814	16.3677	89.75337	-2.2025094	1480000	-0.044115327	112.96687	0.0	-87.536285	0.14983907	2.7418134e-09	841.2365126609802
370	210.6737	96.85972	286.39188	-26.96478	298.58334	60.132877	18.752699	106.42429	-48.506996	1484000	-0.0005963214	639.79694	0.0	-477.2508	0.13257678	5.2154063e-09	842.6550788879395
371	233.96712	60.22483	282.96277	43.37799	302.5	55.21751	21.513647	97.853546	-99.78209	1488000	-0.008222181	187.19952	0.0	-129.59315	0.14020208	-3.874302e-09	843.9991858005524
372	209.31279	126.88414	289.88794	-119.317154	290.33334	58.45894	29.998295	100.15043	-111.85131	1492000	0.0010393908	338.15674	0.0	-124.12422	0.13068783	3.97861e-09	845.4296357631683
373	207.06038	129.5161	287.07193	-159.6492	302.16666	56.56827	26.024435	95.58426	-98.10619	1496000	0.013099879	835.4356	0.0	-259.30804	0.12262502	-4.1723256e-09	846.8948359489441
374	188.60773	130.19698	284.79062	-115.53885	296.33334	43.58742	32.655537	91.56347	-111.69423	1500000	-0.0027094558	532.0537	0.0	-171.26328	0.13450523	-1.2814999e-09	848.3176536560059
375	250.10596	26.848446	297.97247	209.34952	294.5	55.69901	25.997683	94.49237	-93.3945	1504000	-0.0064719436	250.19511	0.0	-127.14108	0.13632967	-8.8214875e-09	849.6557297706604
376	254.19414	14.035504	287.57086	237.2323	307.91666	62.685806	17.348713	99.72993	-6.921217	1508000	-0.0030730953	101.10834	0.0	-60.892197	0.13609892	6.3180923e-09	851.0279529094696
377	251.69948	19.573551	292.9189	227.81178	289.75	65.008026	16.350403	100.5	37.87018	1512000	0.002705637	34.99995	0.0	-10.023662	0.13746712	-2.7120113e-09	852.4198808670044
378	261.3776	26.840008	299.68988	201.43001	297.92307	70.4464	15.58494	98.79839	11.668997	1516000	0.009696728	158.44962	0.0	-80.60832	0.13327372	6.1392784e-09	853.8391890525818
379	261.94302	20.060757	307.52942	237.96346	287.15384	68.93268	14.099489	98.796394	39.22203	1520000	-0.005025226	38.307392	0.0	-10.938405	0.13096821	3.3676626e-09	855.244188785553
380	266.02023	20.21777	290.69647	224.3683	270.5	70.696236	13.627367	98.56895	41.32408	1524000	0.017875573	60.42188	0.0	-18.736834	0.13037157	-5.6028364e-09	856.5861508846283
381	267.03522	30.183083	317.33148	219.90652	269.85715	74.18772	13.3905115	102.60653	45.044476	1528000	0.0015725158	72.95261	0.0	-6.5505295	0.12806569	2.1755695e-09	857.909393787384
382	259.3591	30.324572	313.26923	198.95065	281.53845	73.42779	13.928577	98.95558	37.08811	1532000	0.02014554	349.02618	0.0	-75.62945	0.122026324	-2.2947788e-09	859.2422428131104
383	230.85258	69.22467	286.76654	34.107487	311.58334	69.33513	15.618573	131.45485	-99.867676	1536000	0.03465654	1324.9546	0.0	-583.7069	0.11041846	-6.6757204e-09	860.7105438709259
384	265.16635	19.332857	305.2047	233.15945	265.2143	60.756035	18.163643	94.24534	15.137103	1540000	-0.050937645	506.7038	0.0	-396.19568	0.12197934	-1.2367964e-08	862.0424158573151
385	216.67923	91.98842	310.23788	42.279366	288.76923	74.616394	14.0198145	109.62944	40.51991	1544000	0.013273965	2105.8337	0.0	-1006.6697	0.1109163	-1.0669231e-08	863.3499226570129
386	264.71442	23.155586	305.78174	230.29048	251.14285	59.392265	17.478731	94.68945	-43.645813	1548000	-0.032890044	563.1388	0.0	-395.32294	0.11809845	1.1026859e-09	864.6127338409424
387	260.61758	61.198418	312.19263	50.54974	251.13333	75.71469	12.270605	98.16851	26.288942	1552000	-0.007952436	453.43585	0.0	-242.20233	0.108776145	-7.659197e-09	865.8174059391022
388	239.20987	86.98687	309.22113	19.81906	258.92856	73.4837	16.879646	100.97576	-4.404748	1556000	0.008413314	1448.5984	0.0	-467.63818	0.11580244	6.6310166e-09	867.1081159114838
389	225.42274	91.61614	298.10483	36.652946	240.4	68.98128	18.4432	99.17462	-7.740898	1560000	-0.005953351	1188.9044	0.0	-426.99097	0.12048991	-7.450578e-10	868.3508076667786
390	270.0959	21.576925	305.74408	229.89119	263.64285	71.44489	14.894509	98.682915	1.0180094	1564000	-0.005665332	299.94412	0.0	-191.51926	0.11222097	1.7881407e-10	869.5806679725647
391	276.6694	19.442862	304.27338	244.28447	269.64285	77.8347	11.87756	99.57527	26.425821	1568000	0.003040615	96.69322	0.0	-17.482857	0.11212255	5.6922436e-09	870.7987718582153
392	245.64233	99.46742	304.47037	-104.82153	262.2143	73.61438	22.869358	101.37839	-113.08764	1572000	-0.0046258043	395.3123	0.0	-174.75247	0.118215136	-1.013279e-09	872.0333466529846
393	237.58861	101.67485	307.95007	-80.7107	248.06667	73.956314	22.622694	101.625114	-78.079926	1576000	-0.013102032	534.9916	0.0	-151.96983	0.11835663	2.8908254e-09	873.252034664154
394	231.95198	108.20425	294.8969	-109.555824	244.2	69.3648	23.779581	102.38956	-108.70274	1580000	-0.007478641	542.4215	0.0	-105.06326	0.11455312	1.0132792e-09	874.530259847641
395	222.90312	116.45902	308.55246	-102.5368	240.06667	67.601	28.589348	103.30145	-98.77701	1584000	0.0053158565	795.5514	0.0	-388.18652	0.11356807	-6.169081e-09	875.75732588768
396	249.91269	52.841507	293.89178	71.68077	258.14285	73.336105	14.232027	103.71236	-52.060284	1588000	0.0066279224	456.7953	0.0	-229.81781	0.11154419	-6.020069e-09	877.050265789032
397	252.08385	54.6726	299.36868	58.07392	254.6	74.71655	11.805234	104.30356	19.702372	1592000	-0.0006427715	374.95978	0.0	-140.41801	0.11233419	-1.8000604e-08	878.3029127120972
398	272.19043	19.151001	312.44376	242.60098	268.2857	75.263405	13.938483	104.41231	-10.688012	1596000	-0.00775949	255.22513	0.0	-163.701	0.11254077	-8.434057e-09	879.5732259750366
399	273.34857	21.746777	315.5545	241.90971	265.14285	77.15009	16.08128	106.2373	-78.646706	1600000	-0.019011773	198.58723	0.0	-116.0516	0.11449574	5.155802e-09	880.8136458396912
400	263.85367	20.387234	302.90552	228.50249	257.7143	78.889946	10.26611	108.08034	45.847168	1604000	-0.01649088	47.8443	0.0	-7.628167	0.119777665	-2.9504301e-09	882.0684487819672
401	271.42084	16.420938	293.05692	228.7456	275.2857	77.910065	11.323448	108.78231	49.063053	1608000	-0.002846982	67.64309	0.0	-20.157051	0.11003475	-1.4901161e-10	883.385196685791
402	257.9739	31.147736	301.62494	190.82819	309.5	74.39411	13.491185	110.70106	45.429104	1612000	0.015248856	911.2836	0.0	-499.9147	0.10290678	4.5597552e-09	884.9601428508759
403	251.52863	28.42343	300.8504	180.99327	294.76923	65.41787	18.076326	105.77282	-26.076633	1616000	-0.015586245	227.44276	0.0	-68.17015	0.1199749	4.4703485e-09	886.275209903717
404	261.95285	25.947123	299.85648	205.52786	302.16666	66.387886	19.096413	107.77678	-9.255594	1620000	-0.016422287	310.51447	0.0	-173.7114	0.12120737	2.8014182e-09	887.6428108215332
405	260.99887	28.15528	299.50754	216.8897	304.91666	64.485054	16.077152	107.24312	7.24343	1624000	-0.017314252	126.41874	0.0	-31.772942	0.11948763	4.5299533e-09	888.9886317253113
406	262.20105	16.90847	292.4011	238.01006	288.5	66.68311	13.107431	107.58671	5.47574	1628000	-0.023083456	83.46232	0.0	-27.495012	0.13133603	2.5629996e-09	890.3581676483154
407	263.55252	18.262512	297.2726	222.3875	316.41666	64.759865	13.268189	107.24757	28.342949	1632000	-0.012143911	59.887062	0.0	-9.759382	0.121396236	2.9802322e-10	891.7475736141205
408	273.22363	22.986944	297.3837	232.91785	305.5	66.022156	14.450422	109.44306	41.580036	1636000	-0.014571197	54.754387	0.0	-12.571302	0.12549052	-1.0579824e-08	893.1993317604065
409	242.79814	71.22161	296.04428	17.964876	310.66666	66.22516	14.244022	109.94959	-30.276392	1640000	-0.0045358655	268.49625	0.0	-193.17978	0.13235337	-2.1457671e-09	894.5661108493805
410	261.46616	22.708237	288.13495	224.45753	319.16666	65.47358	13.776638	105.08624	39.649605	1644000	-0.021136623	42.580338	0.0	-7.615803	0.13077968	-1.3381243e-08	896.0737817287445
411	261.64902	21.506	296.9035	229.98746	325.0	64.335945	15.575786	110.28461	42.29793	1648000	-0.00957634	28.224789	0.0	-2.3585377	0.12490549	5.8114527e-09	897.5755867958069
412	270.87463	18.79069	304.33176	234.75273	324.54544	64.25811	14.945669	108.34864	35.837845	1652000	-0.004920787	70.70985	0.0	-27.368904	0.1316348	2.6226044e-09	898.948264837265
413	268.65347	26.389498	311.32782	217.23164	320.91666	65.65978	15.581749	108.32964	43.136387	1656000	-0.0062836567	49.090725	0.0	-12.374985	0.12730974	5.0365925e-09	900.3552017211914
414	248.75543	14.81048	274.9011	221.358	323.91666	63.28072	15.216044	108.58982	43.554688	1660000	-0.0071324585	37.400085	0.0	-7.036868	0.13068181	8.761883e-09	901.797278881073
415	252.00563	29.521935	299.87903	214.83244	308.08334	65.124985	16.629782	110.93192	42.581806	1664000	-0.0034069803	46.194927	0.0	-6.34231	0.13063794	1.5676022e-08	903.1906018257141
416	238.74446	68.156	290.39267	26.456322	309.75	62.859562	19.60702	109.231926	-62.14728	1668000	0.01912642	687.97534	0.0	-388.33392	0.108924285	-1.1533499e-08	904.7586886882782
417	241.76451	30.93602	299.86945	174.64397	342.81818	60.614235	12.008721	99.62018	15.526965	1672000	0.004808366	556.65607	0.0	-208.13322	0.11066533	-6.0796737e-09	906.1851477622986
418	267.19803	19.49395	305.36176	234.6561	286.91666	61.448616	14.449749	105.53921	9.019701	1676000	-0.025290847	201.35576	0.0	-91.811295	0.12094715	3.5762793e-10	907.5017538070679
419	272.37256	14.540403	299.44766	249.76027	284.53845	69.185776	14.998919	110.27552	-38.596066	1680000	-0.007827468	290.10968	0.0	-73.95079	0.115371644	1.7881394e-09	908.7993128299713
420	225.91933	64.256256	266.58447	43.61069	321.63635	62.59043	19.243546	118.97415	-13.289794	1684000	0.027693324	1073.0084	0.0	-381.32126	0.099447586	5.6326392e-09	910.2002937793732
421	211.22964	92.96401	295.37704	0.08492596	294.23077	53.508514	19.898636	103.61131	-3.2902775	1688000	-0.011747351	1059.0994	0.0	-149.87695	0.10755287	6.467104e-09	911.5245218276978
422	244.5431	56.061867	299.95374	52.934475	271.07144	60.9668	18.00396	105.04561	-0.65855694	1692000	-0.016606793	575.7351	0.0	-281.57333	0.12395454	-6.258487e-10	912.8449368476868
423	193.67473	114.20047	304.9353	-5.9639225	250.06667	65.76878	23.265503	106.88112	-39.443893	1696000	-0.011216693	1587.3674	0.0	-507.15335	0.12864	6.8545347e-10	914.0897469520569
424	202.6649	98.60746	299.83768	-7.1516924	269.92856	53.65124	20.51835	102.739685	-52.102432	1700000	0.007052504	1309.2223	0.0	-201.5846	0.112691015	-1.4007093e-09	915.376758813858
425	237.37154	78.73196	302.7836	36.02419	259.57144	60.051594	19.776407	104.60975	-24.002632	1704000	-0.018598601	723.6843	0.0	-166.95505	0.12021046	-4.738569e-09	916.6996569633484
426	249.01227	31.496439	313.96298	204.17836	311.08334	61.94665	21.254267	109.15066	-7.3190293	1708000	-0.008977178	493.94345	0.0	-181.65184	0.09348005	1.7881393e-09	918.0563547611237
427	177.07239	106.14687	308.10522	-10.261261	271.42856	65.29065	19.810207	111.19431	0.630358	1712000	0.013313852	1926.6033	0.0	-718.4758	0.106509894	-3.6060808e-09	919.3954927921295
428	228.07521	84.1177	305.85852	48.480476	299.0	47.705086	25.703363	104.276665	-41.65894	1716000	-0.0031342683	968.759	0.0	-279.29468	0.09765996	7.808208e-09	920.6726930141449
429	186.79617	108.51037	286.27103	-23.2312	245.9375	55.68621	20.30398	109.118904	-25.69364	1720000	0.0023980304	1310.6453	0.0	-212.86633	0.122218505	-7.659197e-09	921.9434356689453
430	186.33969	122.82553	306.69962	-8.839681	242.0	57.988277	25.824543	105.199	-80.34126	1724000	-0.014539607	1514.1426	0.0	-636.2786	0.10869074	-5.0365925e-09	923.1973788738251
431	137.7457	125.43625	294.41174	-32.890747	243.73334	45.736847	29.041039	108.512215	-90.29211	1728000	0.019065585	2223.2014	0.0	-567.5334	0.11705758	-1.0043383e-08	924.4976098537445
432	105.7178	134.90533	291.25812	-33.851707	227.29411	39.147728	32.05424	100.223564	-131.48036	1732000	-0.011877241	2318.7166	0.0	-552.32263	0.1258257	-1.2218952e-08	925.6920688152313
433	177.10417	114.16554	289.09933	-19.320805	267.14285	40.22003	30.198652	105.750565	-101.50092	1736000	0.012188802	1242.0563	0.0	-250.23688	0.10341427	-1.3113022e-09	927.0035579204559
434	70.20627	119.30603	295.06277	-49.83394	228.17647	37.934837	33.38473	106.864655	-116.73672	1740000	-0.014830541	2008.7808	0.0	-982.6112	0.12800522	1.2472272e-08	928.2136108875275
435	117.735596	120.81623	294.0888	-20.365124	243.625	11.784111	48.67473	102.96085	-130.13309	1744000	0.024675198	2349.2222	0.0	-939.66583	0.1210548	-3.963709e-09	929.4472179412842
436	73.58679	122.904434	272.92416	-54.71769	231.5	31.212532	34.37374	97.742096	-124.97277	1748000	-0.011161104	2467.607	0.0	-704.19666	0.12011546	-9.715557e-09	930.6509997844696
437	43.275898	108.1888	262.64957	-71.123405	208.36842	19.046719	38.205418	79.71792	-141.42908	1752000	-0.0027462505	1625.7566	0.0	-480.03995	0.13508154	3.5315755e-09	931.8494777679443
438	150.36931	111.27477	262.56396	-17.181688	249.46666	8.70767	43.934517	89.46275	-119.34242	1756000	-0.0015140167	2804.5913	0.0	-1528.8748	0.11669879	3.8743018e-09	933.0733318328857
439	102.15611	125.76543	256.46683	-43.059856	245.14285	44.859127	30.807274	88.3445	-121.8497	1760000	0.012753004	1767.7114	0.0	-538.7378	0.11630113	-4.9471858e-09	934.459007024765
440	138.83327	131.66763	306.70016	-60.842796	225.88235	26.632368	37.167873	86.08657	-121.7254	1764000	-0.03432446	2220.5725	0.0	-725.7764	0.12405482	-1.0728836e-09	935.7234559059143
441	107.41013	115.1147	308.37006	-22.779442	203.42105	39.525726	34.434925	111.92241	-121.55852	1768000	-0.0048354566	2124.4102	0.0	-368.8031	0.13587537	-6.9737434e-09	936.8932249546051
442	129.88995	125.50413	316.21732	-16.71578	241.4	30.793861	37.26125	85.08627	-123.15831	1772000	0.005095202	1562.5138	0.0	-309.4846	0.11366195	1.0430813e-08	938.1753318309784
443	113.76275	112.22195	261.2361	-27.46314	219.11765	37.81371	33.115498	88.2547	-105.82877	1776000	0.012480007	1479.7869	0.0	-275.47107	0.124917135	-1.0818243e-08	939.3417248725891
444	100.24774	104.76119	257.64493	-53.262184	224.41176	28.632523	39.946793	87.78763	-136.77538	1780000	0.005564066	1129.2974	0.0	-185.44238	0.11834422	1.2621284e-08	940.5512959957123
445	103.650635	116.41256	277.99698	-15.245983	212.0	27.78221	36.495544	84.20088	-125.45534	1784000	-0.011294351	1755.8483	0.0	-239.95386	0.13071635	1.9371527e-10	941.7274398803711
446	77.08548	108.292015	241.41087	-44.841496	212.61111	35.799675	33.93259	86.205025	-118.526634	1788000	-0.0119184945	1622.0276	0.0	-380.49435	0.14042476	-7.778406e-09	942.9336256980896
447	117.34889	132.1882	306.0323	-19.452648	224.05882	20.542475	41.50779	84.758736	-131.46513	1792000	-0.011757078	1974.011	0.0	-715.8974	0.13411438	4.61936e-09	944.1395509243011
448	129.74237	115.51369	301.9037	-11.448358	229.0625	37.23179	36.536358	96.35523	-106.28254	1796000	0.0007767952	1942.1401	0.0	-428.82898	0.121993855	-1.2949109e-08	945.3984730243683
449	188.5784	109.285225	292.1544	-1.8245555	263.85715	40.6262	33.430862	86.35682	-100.32685	1800000	-0.009114154	1901.3098	0.0	-590.2731	0.11102229	-1.1116266e-08	946.7241406440735
450	137.03313	121.95463	284.0495	-22.230032	251.93333	49.866436	25.111113	96.821945	-100.660645	1804000	-0.005589173	1651.5354	0.0	-362.8249	0.11931528	-1.9371509e-09	948.0149619579315
451	177.56393	126.53929	296.57776	-18.61414	265.42856	36.278088	31.808672	88.05816	-127.17053	1808000	0.006253662	1810.3243	0.0	-604.5866	0.12343995	5.558133e-09	949.3279948234558
452	174.87929	137.84705	303.4055	-27.030188	255.64285	43.481113	29.990488	91.72738	-126.78554	1812000	-0.0027885614	1607.3221	0.0	-373.0871	0.11939348	-1.2427568e-08	950.6072299480438
453	152.25066	114.49846	282.18787	-2.095068	244.85715	45.571163	25.257988	93.626205	-114.16476	1816000	0.0051160445	1445.6367	0.0	-185.20062	0.13055718	4.9620867e-09	951.8828439712524
454	229.60638	81.83744	293.44052	44.069004	293.92307	49.073395	19.400991	88.60997	-52.351215	1820000	0.0007379921	957.288	0.0	-272.71045	0.11643888	-9.164214e-09	953.2640099525452
455	212.39415	97.28311	284.5422	-20.91412	300.76923	56.06853	18.872187	99.6365	-102.9518	1824000	-0.001845186	892.4662	0.0	-90.90662	0.1243671	-3.442168e-09	954.6271166801453
456	222.74455	92.987595	301.12848	0.4914228	288.46155	50.764347	15.41332	93.67486	-51.68466	1828000	-0.015903588	774.27606	0.0	-158.28955	0.12829573	1.2814998e-09	955.960667848587
457	225.74539	91.112915	297.3459	4.1615925	273.2857	65.94733	20.671291	110.47069	-78.67455	1832000	-0.0048933933	757.58435	0.0	-259.71136	0.12762621	3.874302e-09	957.2648210525513
458	260.8318	30.84895	303.59903	204.81194	303.08334	57.991802	19.002728	101.28427	-65.997665	1836000	0.0035237316	289.32098	0.0	-152.82474	0.12047457	-2.4586917e-09	958.603129863739
459	264.809	25.288542	296.15137	209.18681	312.41666	62.851406	16.411093	96.19664	10.236874	1840000	0.007099546	148.67097	0.0	-51.838314	0.115304865	-9.685754e-10	960.019957780838
460	232.2544	80.34259	298.67084	-5.28252	303.0	66.46632	15.29437	103.82671	-83.331474	1844000	-0.0054303673	946.2628	0.0	-406.03683	0.12359628	1.1727213e-08	961.3787069320679
461	224.53615	90.26116	296.04968	6.7290916	304.3846	60.636078	15.284918	95.30488	-55.596867	1848000	-0.0144660175	787.84924	0.0	-113.43573	0.124397784	5.5730345e-09	962.7145867347717
462	246.80034	18.730707	274.27948	202.19705	309.5	54.55895	17.319986	96.00568	-25.32428	1852000	-0.009183772	348.96692	0.0	-251.22485	0.13072768	4.053116e-09	964.0364067554474
463	224.40921	88.876816	291.0335	12.257803	301.53845	63.44515	14.868879	98.72364	-48.332565	1856000	0.0064749224	791.9857	0.0	-168.71649	0.123377144	-3.4421679e-09	965.357902765274
464	207.02919	104.53628	285.17755	-0.7078337	299.92307	59.26343	15.529251	93.06178	-82.5325	1860000	-0.0023063316	1046.2625	0.0	-217.3175	0.12761928	-8.702278e-09	966.7143428325653
465	218.88661	83.85311	284.7663	0.12866831	292.07693	49.816032	20.331997	95.65173	-108.57206	1864000	-0.009743085	997.654	0.0	-324.4116	0.12704082	5.0812963e-09	968.0566127300262
466	213.92546	89.14281	302.52542	12.444866	324.16666	59.5724	14.653235	96.712585	-75.45206	1868000	0.010149365	1153.2014	0.0	-438.81653	0.11975153	1.5869738e-08	969.56098985672
467	236.32957	75.16321	298.90756	8.289368	342.54544	51.432304	17.778803	93.51806	-76.8147	1872000	-0.035825484	891.1894	0.0	-317.30035	0.14663185	1.311302e-09	971.0114109516144
468	231.005	72.57617	289.23157	-1.6864834	310.5	56.9499	16.51203	98.07402	-38.026787	1876000	-0.0082366895	396.0136	0.0	-73.144356	0.1266657	4.6044586e-09	972.5039167404175
469	224.82079	79.834854	283.988	-27.80365	311.83334	57.82423	17.165031	92.92649	-95.13746	1880000	-0.018763337	423.3705	0.0	-66.90105	0.12970935	1.8328428e-09	973.8809077739716
470	171.06227	106.376274	259.37204	-34.347363	313.25	51.469173	23.162294	108.67226	-114.867256	1884000	-0.010333335	1180.742	0.0	-310.44394	0.13890734	-5.6624394e-10	975.3051316738129
471	203.8667	74.875595	270.91855	-10.157832	361.0	42.863613	21.181726	84.881966	-109.201	1888000	0.00042244047	633.28143	0.0	-98.9487	0.12770781	3.2782554e-09	976.9000949859619
472	183.78867	106.93822	267.5703	-31.190485	347.3	40.45812	24.26083	93.79572	-124.609505	1892000	0.0023597823	793.4834	0.0	-89.75899	0.13808702	-1.1622907e-09	978.432116985321
473	256.93652	24.081306	285.0955	212.31395	379.3	47.06947	20.40672	89.75859	-71.72853	1896000	-0.0086700935	342.78015	0.0	-128.07407	0.12844035	5.364418e-10	980.0541677474976
474	220.00313	75.42532	287.18686	7.718807	360.6	51.38112	17.475403	96.50916	-61.539658	1900000	-0.0070665963	553.42285	0.0	-130.40552	0.1293959	4.604459e-09	981.5277428627014
475	226.80695	26.733854	262.81662	167.96068	389.0	41.612427	25.896896	96.80132	-64.44451	1904000	0.0068352246	508.03555	0.0	-241.41145	0.129236	1.0862946e-08	983.187246799469
476	232.16731	28.026365	280.39896	181.88596	414.66666	49.298897	22.401106	92.310356	2.1174188	1908000	0.016936757	725.16345	0.0	-456.67868	0.12213214	-7.0035466e-10	984.7030937671661
477	237.89864	21.45575	277.76205	211.32376	363.5	48.733837	17.374666	97.50334	11.086592	1912000	-0.025814105	156.94868	0.0	-59.809223	0.13798442	2.1606683e-09	986.2916669845581
478	218.44348	79.989395	282.79462	-2.3400145	370.0	50.69032	17.31844	94.967705	-66.32924	1916000	0.0006670831	790.0012	0.0	-199.56763	0.12822016	1.7881385e-10	987.7924427986145
479	235.56429	72.49956	292.90637	6.4936185	326.66666	50.530994	17.765509	90.81176	-36.958008	1920000	-0.012381833	469.8944	0.0	-152.22614	0.12948394	8.374452e-09	989.2275598049164
480	203.91371	104.918274	296.8813	-26.471779	326.9091	50.469147	22.50809	96.02043	-113.19724	1924000	-0.017946916	771.1941	0.0	-143.87122	0.13207078	1.28299e-08	990.6912047863007
481	240.96368	32.719547	289.2531	161.48192	334.63635	51.061016	21.553637	110.44673	-2.6107483	1928000	0.010941213	671.36237	0.0	-294.25018	0.131619	4.8279762e-09	992.2583549022675
482	225.9857	89.22139	299.1927	-23.812948	331.0	57.09304	17.340778	108.82372	-21.113	1932000	-0.002787286	775.7458	0.0	-184.26187	0.1214851	-4.7385695e-09	993.7684319019318
483	233.77461	78.38567	293.46155	-6.009378	326.27274	49.15557	20.7295	89.857605	-94.214836	1936000	-0.020448996	683.4892	0.0	-247.98103	0.1352332	1.8641352e-08	995.2126908302307
484	225.53506	71.594154	292.26102	12.290957	346.9091	55.29057	20.403576	110.68535	-81.70382	1940000	0.010967308	491.25775	0.0	-79.93962	0.13227907	-1.5810132e-08	996.7824966907501
485	237.10083	41.361687	283.3361	129.1501	363.9	54.791267	17.476711	104.246155	-54.39045	1944000	-9.536324e-05	474.3363	0.0	-216.26138	0.12490852	1.013279e-09	998.3619856834412
486	235.31062	22.334877	266.67105	188.60074	396.33334	45.90244	23.524931	101.12677	-88.48242	1948000	-0.021322127	336.05554	0.0	-193.07938	0.13174011	-1.0430813e-09	1000.0864949226379
487	236.72423	27.978104	286.9106	200.06332	402.77777	45.652225	16.478415	94.84163	-3.0406666	1952000	-0.005253506	186.1973	0.0	-26.082516	0.13250646	-1.1309981e-08	1001.8701429367065
488	242.86163	17.53365	275.40192	223.5942	406.5	46.766186	18.485811	93.5252	7.1180086	1956000	-0.026803706	138.18329	0.0	-56.04894	0.14897698	1.9818545e-09	1003.5459818840027
489	173.0628	74.868454	236.29852	24.97187	593.1667	45.61551	21.391163	99.902466	0.309664	1960000	0.002254731	1160.3058	0.0	-722.3201	0.14712396	-1.9371513e-09	1005.7328436374664
490	212.70691	15.356751	242.92227	190.0734	472.125	26.425085	18.40016	70.41661	-13.51322	1964000	-0.036392633	386.65656	0.0	-329.3463	0.15242502	8.3446505e-10	1007.5792856216431
491	219.52803	28.439707	281.539	196.50772	530.6667	37.206535	22.707928	90.60288	1.4638972	1968000	-0.021988891	234.5604	0.0	-82.60071	0.14827475	6.6012142e-09	1009.8087706565857
492	191.59906	30.82331	226.4818	130.54861	592.1667	31.17439	25.360668	94.37108	-8.587326	1972000	-0.0016029587	403.43475	0.0	-171.29114	0.15810691	9.87947e-09	1012.0794639587402
493	181.92313	30.696518	220.19138	142.38094	716.0	25.470785	21.785849	77.36107	-12.435977	1976000	-0.032986857	470.10596	0.0	-189.47766	0.15185261	-5.289912e-09	1014.893522977829
494	122.23489	12.931775	134.4432	103.17458	803.0	14.318882	21.769056	93.00039	-14.973892	1980000	-0.0075450023	395.50226	0.0	-89.7216	0.15909483	3.1739473e-09	1018.0648326873779
495	128.78745	62.645645	212.92244	60.511276	853.75	15.938365	24.366503	83.63672	-14.350086	1984000	0.02158976	468.69348	0.0	-313.7579	0.1345233	-3.7550927e-09	1021.2143907546997
496	153.3052	60.99582	225.11815	72.77269	727.5	13.358988	19.643778	76.42202	-63.34856	1988000	-0.029483493	329.96973	0.0	-98.25574	0.16014618	-3.2037497e-09	1023.4020459651947
497	207.10513	29.5882	237.20836	159.74895	629.6	12.256396	23.946444	74.201416	-14.331737	1992000	-0.032347523	373.0046	0.0	-283.4942	0.16155055	-4.61936e-10	1025.9806337356567
498	144.75829	70.41347	211.8387	27.276472	821.25	25.631376	23.60669	88.95836	-10.620505	1996000	-0.04331807	428.51385	0.0	-220.30115	0.18700327	-1.1771919e-09	1028.8321177959442
499	178.98198	39.729958	228.0291	118.71584	679.2	17.248844	24.904703	79.705414	-13.268097	2000000	-0.0146697	179.16728	0.0	-55.67472	0.15729296	-5.2452087e-09	1032.0719349384308
