Epoch	AverageEpRet	StdEpRet	MaxEpRet	MinEpRet	EpLen	AverageVVals	StdVVals	MaxVVals	MinVVals	TotalEnvInteracts	LossPi	LossV	DeltaLossPi	DeltaLossV	Entropy	KL	Time
0	-246.96289	120.29645	10.989716	-492.1001	90.093025	-0.08798211	0.032415252	0.07077102	-0.2074621	4000	0.018463254	21812.527	0.0	-1080.7969	1.350698	5.9604643e-10	0.9638891220092773
1	-215.27675	122.781815	-21.740337	-497.52557	84.319145	-4.270086	0.32646316	0.30772543	-4.707812	8000	0.020111635	17211.594	0.0	-835.64795	1.3518767	8.9406954e-11	1.9005811214447021
2	-231.78433	135.85951	21.86745	-519.7256	87.52273	-8.179925	0.13477774	-5.7562675	-8.287531	12000	0.0039041117	19182.678	0.0	-720.55273	1.3529077	7.748604e-10	2.8391358852386475
3	-231.23193	137.198	4.532758	-537.9059	87.63636	-11.297904	1.0982922	8.962808	-11.435613	16000	0.010311447	19175.158	0.0	-672.46924	1.3538382	-1.4007091e-09	3.78908109664917
4	-236.6598	111.0898	12.209054	-471.69165	88.204544	-14.299277	0.19844103	-9.485405	-14.346666	20000	0.012779933	17165.137	0.0	-663.74316	1.3547096	-8.0466267e-10	4.729085922241211
5	-230.57184	116.53153	10.17608	-463.52957	91.65116	-17.227308	0.018101001	-16.782822	-17.24681	24000	0.013068162	15370.68	0.0	-560.7871	1.3556569	5.364418e-10	5.666461944580078
6	-208.96169	139.21156	25.589308	-538.92755	94.0	-19.90094	0.032989666	-18.87689	-19.918139	28000	0.013038873	14813.695	0.0	-457.74072	1.3567903	1.1324883e-09	6.610972166061401
7	-196.80577	120.96742	-6.2617273	-562.91174	82.6875	-22.332136	0.02978275	-21.689545	-22.345913	32000	0.015831966	12521.447	0.0	-412.92725	1.357555	-1.2218953e-09	7.555278062820435
8	-228.98897	106.1994	-44.74691	-482.3002	88.61364	-24.643518	0.27525258	-16.376564	-24.66853	36000	0.006468311	13039.46	0.0	-486.2119	1.3584994	1.758337e-09	8.502024173736572
9	-195.92969	119.825584	-6.5801167	-459.93863	89.068184	-27.173277	0.011343494	-26.938377	-27.181826	40000	0.006181985	11100.179	0.0	-341.7859	1.3596308	-9.23872e-10	9.462992191314697
10	-226.99344	126.33485	10.710132	-522.45026	85.195656	-29.339184	0.02144371	-28.39428	-29.347075	44000	0.007461831	14332.882	0.0	-462.67725	1.3602078	-9.536744e-10	10.445267915725708
11	-218.36494	108.967186	-26.456478	-483.19638	91.53488	-31.827892	0.02796224	-30.9937	-31.834993	48000	0.011347199	11583.653	0.0	-410.90234	1.3606	5.9604655e-11	11.41460394859314
12	-212.2347	105.51128	-42.56732	-483.2021	88.65116	-34.21662	0.003875394	-34.103905	-34.221634	52000	0.0089836195	9699.571	0.0	-340.86572	1.3614097	3.4272671e-09	12.374465942382812
13	-201.11179	91.59986	-32.448093	-400.57516	93.95238	-36.412903	0.0037278233	-36.34944	-36.417442	56000	0.004990913	7680.3887	0.0	-277.81274	1.3619146	2.4437905e-09	13.331228256225586
14	-225.71289	117.19354	-49.56843	-477.0225	86.08696	-38.420555	0.0083087515	-38.19262	-38.424866	60000	0.008249387	12013.879	0.0	-411.41382	1.3631024	-2.682209e-10	14.276548147201538
15	-222.88618	136.39684	24.446003	-558.2684	87.52273	-40.816296	0.3891067	-30.919476	-40.84678	64000	0.0048246197	12299.036	0.0	-396.7915	1.3634323	5.364418e-10	15.22672986984253
16	-182.95932	105.65303	11.452816	-459.60837	91.65116	-43.243725	0.012120395	-42.96782	-43.247753	68000	0.009881213	6288.239	0.0	-187.66064	1.3644807	-9.536744e-10	16.17117691040039
17	-191.18459	114.23111	-4.0883813	-471.41833	88.09091	-44.96721	0.006122954	-44.850956	-44.970253	72000	0.007401347	7348.7275	0.0	-183.58618	1.3651516	-4.172325e-10	17.130650997161865
18	-178.5147	94.16887	-25.052422	-469.35156	91.23256	-46.652256	0.027929772	-46.238018	-46.657665	76000	0.007667199	5283.19	0.0	-161.22119	1.3655181	3.8743017e-10	18.080624103546143
19	-199.40736	120.76752	24.2478	-581.57654	92.97619	-48.266445	0.035443034	-47.289116	-48.271523	80000	0.008184023	7485.876	0.0	-213.10254	1.366441	1.5497208e-09	19.013554096221924
20	-199.4927	100.9001	-26.110176	-393.21338	91.833336	-50.12946	0.020280741	-49.35956	-50.13264	84000	0.003632851	6406.0195	0.0	-238.99805	1.3668892	2.0861626e-10	19.970800161361694
21	-185.79501	108.77834	-17.66033	-417.77835	88.431816	-52.130962	0.025696533	-51.55893	-52.13551	88000	-0.00038561225	6448.4766	0.0	-183.27466	1.3670654	-1.8775463e-09	20.91916012763977
22	-172.2196	97.89575	-60.46148	-461.33984	87.545456	-53.92723	0.0033682177	-53.81477	-53.92935	92000	0.008241074	5281.7295	0.0	-150.9436	1.3683584	1.4901161e-09	21.86226201057434
23	-189.51166	125.0257	8.611	-488.70667	91.88372	-55.558056	0.2332365	-49.031162	-55.576942	96000	0.004503684	6876.168	0.0	-150.85815	1.3682933	-5.960463e-11	22.807188987731934
24	-183.96368	128.52377	61.92543	-572.51984	92.47619	-57.214397	0.07083412	-56.36928	-57.224323	100000	0.004377976	7089.421	0.0	-137.09204	1.3685014	-2.9802322e-10	23.75189709663391
25	-167.09872	99.58761	-25.700258	-425.0097	88.22222	-58.823296	0.016932363	-58.215076	-58.82553	104000	0.0060370564	4054.3345	0.0	-86.6311	1.3695616	-9.834766e-10	24.721163034439087
26	-219.66153	111.56338	-58.411053	-510.71103	89.75	-60.141155	0.0013410961	-60.096416	-60.142326	108000	0.005307721	6717.878	0.0	-230.41235	1.369218	-7.748604e-10	25.66399884223938
27	-175.88588	109.84249	18.283827	-451.18	90.568184	-62.2367	0.014730016	-61.663006	-62.23908	112000	0.00025617704	5094.702	0.0	-101.34192	1.3702309	-8.642673e-10	26.59874701499939
28	-177.22743	89.851364	-1.3943845	-390.98267	89.52273	-63.72132	0.009390042	-63.52923	-63.72294	116000	0.0036392882	3720.8884	0.0	-84.30554	1.3714418	-1.5199184e-09	27.551281213760376
29	-190.16257	92.66965	-71.52119	-478.63525	93.09524	-65.061485	0.0023347177	-65.00347	-65.062675	120000	0.00011013448	4289.004	0.0	-127.16846	1.370547	9.536744e-10	28.53510284423828
30	-164.51128	97.59636	11.770449	-432.11307	87.71111	-66.70767	0.0029008703	-66.63377	-66.70888	124000	-0.00073665753	3217.6228	0.0	-58.303467	1.3715458	1.192092e-10	29.50767993927002
31	-147.09767	97.492485	38.969994	-383.85397	92.209305	-67.88423	0.008622731	-67.64736	-67.886215	128000	0.0031613186	3434.296	0.0	-11.638794	1.3720636	-1.0132789e-09	30.49154496192932
32	-179.42992	93.31984	-10.595497	-394.5319	90.95349	-68.442055	0.004599253	-68.37493	-68.44337	132000	-0.00094195793	3419.4448	0.0	-73.1875	1.3718632	1.7881394e-09	31.442830085754395
33	-172.00537	101.3487	27.337427	-428.61185	90.34091	-69.72645	0.010601044	-69.50517	-69.72849	136000	-0.0030852621	4075.2524	0.0	-51.923706	1.372783	-3.874302e-10	32.39045190811157
34	-171.88629	102.05847	11.388288	-405.37106	88.568184	-70.88214	0.009517122	-70.69105	-70.88355	140000	0.001423344	3919.9543	0.0	-44.442017	1.3721648	-1.6391277e-09	33.326529026031494
35	-162.6637	112.1685	-3.5189614	-549.7118	95.85	-71.960464	0.007850958	-71.78381	-71.96191	144000	-0.0011963435	4454.702	0.0	-25.375732	1.3724741	2.9802322e-10	34.27604699134827
36	-177.95685	103.55201	10.647007	-449.51746	98.3	-72.79951	0.049290266	-71.372696	-72.80319	148000	0.00015810132	3875.3525	0.0	-59.038208	1.3722662	-8.940697e-10	35.23165798187256
37	-141.4467	93.452354	1.1394023	-478.73923	89.558136	-74.055595	0.007904588	-73.88382	-74.0572	152000	-0.006838832	2842.9785	0.0	-6.696472	1.3728561	-5.960464e-11	36.16937017440796
38	-178.8384	101.37759	-15.051812	-458.76254	87.37778	-74.54841	0.0060850917	-74.44776	-74.549736	156000	0.0016546398	4003.631	0.0	-64.447876	1.372441	-1.0430813e-09	37.12400817871094
39	-176.8593	105.00495	-7.2722216	-466.66858	95.68293	-75.88347	0.005715917	-75.77058	-75.884636	160000	0.004622519	4197.8716	0.0	-29.002563	1.3723435	-8.3446505e-10	38.07011103630066
40	-182.52605	114.5507	-15.248714	-412.71774	88.954544	-76.862015	0.0060454495	-76.73538	-76.86301	164000	0.0028717965	4405.5596	0.0	-66.18823	1.3725414	-3.2782554e-10	39.04328393936157
41	-148.90385	81.6853	-37.13661	-420.85742	85.45652	-78.28795	0.0137038035	-77.95493	-78.28953	168000	-0.0019454658	2198.8413	0.0	-12.740295	1.3734075	2.592802e-09	40.01839518547058
42	-155.13118	76.82641	-63.95963	-340.6127	87.2	-78.98495	0.02781875	-78.61721	-78.9887	172000	-0.0026752767	2120.1726	0.0	-6.118042	1.3732727	8.0466267e-10	40.963048219680786
43	-164.12099	92.91226	-6.3423285	-465.5366	92.2381	-79.44572	0.013774945	-78.86405	-79.44703	176000	-0.0012168586	2739.8816	0.0	-20.339233	1.3726265	1.192093e-10	41.92042303085327
44	-152.53935	80.671326	9.438509	-490.85712	85.608696	-80.27679	0.004786399	-79.98397	-80.2774	180000	-0.0037605166	1963.258	0.0	-4.565674	1.3731043	5.9604655e-11	42.87434697151184
45	-170.54964	102.99357	6.198331	-436.6163	91.90476	-80.71595	0.015999462	-80.38859	-80.71764	184000	-0.0018046275	3227.466	0.0	-17.284973	1.3730495	-1.4901158e-10	43.8292350769043
46	-173.89374	111.617905	17.897085	-416.4233	93.42857	-81.50767	0.005219397	-81.37376	-81.50849	188000	-0.0024238918	3983.974	0.0	-31.572632	1.3729322	-2.682209e-10	44.774906158447266
47	-148.9043	87.189674	0.20223184	-372.8192	87.13333	-82.61585	0.01199561	-82.37729	-82.6175	192000	-0.0015552007	2746.3481	0.0	-0.13317871	1.3739407	1.7285348e-09	45.761653900146484
48	-166.57024	93.0785	-13.782274	-412.9782	93.92857	-82.72178	0.05188262	-80.843506	-82.72548	196000	0.0031659082	3132.4026	0.0	-12.80957	1.3731424	1.4007091e-09	46.71357607841492
49	-169.79877	90.61167	-27.772387	-400.48212	89.76744	-83.41001	0.00028096695	-83.40678	-83.410324	200000	-0.0021324866	2120.0974	0.0	-15.562317	1.3739777	1.3113022e-09	47.661426067352295
50	-166.6674	97.152405	8.352487	-442.53128	95.78049	-84.242546	0.010965385	-84.01313	-84.24364	204000	0.0014346913	3162.5579	0.0	-6.7546387	1.3739576	1.4901162e-10	48.61530590057373
51	-144.37288	66.73461	-54.943172	-367.47415	86.95556	-84.81729	0.0031311188	-84.72521	-84.81779	208000	-0.00609684	1389.2606	0.0	-0.27072144	1.3737166	8.046627e-10	49.5652379989624
52	-155.6042	95.07824	-25.296913	-465.56226	86.41304	-84.7342	0.0038932941	-84.640656	-84.734795	212000	0.0019144043	2594.8552	0.0	-2.9971924	1.3731465	6.2584876e-10	50.53590106964111
53	-145.10838	70.196495	-38.021774	-342.0718	95.39024	-85.094315	0.00059692946	-85.08497	-85.09463	216000	-0.003073439	1729.2783	0.0	-4.8291016	1.3738062	3.5762787e-10	51.5096960067749
54	-135.61702	107.68422	27.885572	-618.5362	90.674416	-84.63909	0.0021751188	-84.5655	-84.6395	220000	-0.006233558	4112.9194	0.0	-16.526184	1.3741083	4.1723253e-10	52.45996689796448
55	-137.69319	72.48817	-17.236095	-333.7849	94.85366	-83.71092	0.0018249019	-83.6635	-83.71126	224000	-0.005377479	1604.1287	0.0	-17.331055	1.3741962	-1.4305115e-09	53.40568804740906
56	-132.53937	62.323963	-56.269238	-342.1257	85.6	-82.72186	0.0049090413	-82.59145	-82.72234	228000	-0.0014486015	1483.6467	0.0	-19.404053	1.3736656	-7.45058e-10	54.348989963531494
57	-155.71075	73.74013	-8.595634	-345.82043	94.0	-81.660675	0.0040685935	-81.50167	-81.66104	232000	-0.006136164	1636.6736	0.0	-0.81036377	1.3747175	-5.662441e-10	55.30508303642273
58	-153.72624	78.63948	-59.00931	-425.2355	94.02381	-81.82259	0.0055161454	-81.70953	-81.82318	236000	-7.526763e-05	1767.4283	0.0	-0.28033447	1.3737104	1.7881391e-10	56.256168842315674
59	-134.81885	77.170296	21.37415	-329.43137	90.62791	-81.95945	0.0024272273	-81.861496	-81.95987	240000	-0.0026691668	2183.245	0.0	-7.079956	1.3741045	0.0	57.20880603790283
60	-150.22398	86.47958	3.0492208	-374.39825	89.59091	-81.317604	0.045271732	-79.36627	-81.31997	244000	-0.0068309866	2003.8474	0.0	-2.00531	1.3737423	-4.768371e-10	58.18160820007324
61	-138.72522	88.47024	33.178402	-357.36465	90.83721	-81.557144	0.0005258654	-81.54097	-81.55737	248000	-0.0070121065	2189.3645	0.0	-9.380249	1.3735161	2.682209e-10	59.14048504829407
62	-159.68796	102.58238	-21.797493	-499.5807	94.575	-80.79986	0.042915896	-79.83285	-80.80301	252000	-0.0039368006	3256.0222	0.0	-13.082947	1.3731682	1.0728837e-09	60.101744174957275
63	-134.67828	64.84892	-4.459067	-313.28094	89.545456	-81.663605	0.00017385108	-81.65704	-81.66378	256000	-0.006187007	1145.9487	0.0	-12.609711	1.3736877	3.4272671e-09	61.04452395439148
64	-122.87105	69.60948	5.684287	-372.79865	95.04878	-80.789536	0.000842336	-80.77665	-80.78979	260000	-0.006944794	1806.3931	0.0	-46.460693	1.374002	5.9604643e-10	62.0153021812439
65	-135.93382	70.75356	-9.008708	-361.84583	92.57143	-78.93118	0.00047768725	-78.917305	-78.93139	264000	-0.004632741	1761.6459	0.0	-6.515381	1.3733376	8.046627e-10	62.96846103668213
66	-148.099	96.35257	3.6950603	-425.63013	94.02439	-78.14157	0.0002594488	-78.13339	-78.141754	268000	-0.0067857504	2776.4539	0.0	-4.1017456	1.3733501	-2.2053719e-09	63.92754101753235
67	-138.9675	65.04047	-52.36308	-321.53375	95.19512	-78.66375	0.00061527325	-78.64281	-78.66397	272000	-0.006200294	1232.3298	0.0	-4.3549805	1.3735125	-5.960465e-11	64.87985301017761
68	-140.66843	84.58724	18.982925	-475.72214	96.95122	-78.114655	0.00027293345	-78.10355	-78.11482	276000	-0.0085165575	2029.133	0.0	-0.39190674	1.3726647	-2.2351741e-10	65.8405020236969
69	-144.56729	74.5316	-48.908745	-352.08856	92.11905	-77.89844	0.00087358407	-77.87009	-77.89865	280000	-0.0076519586	1645.8544	0.0	-4.1104736	1.3727212	-1.1920931e-10	66.80938005447388
70	-137.08954	66.546524	-48.298054	-352.28314	99.425	-78.47808	0.00089573715	-78.464134	-78.47834	284000	-0.0059495047	1381.1477	0.0	-1.6611328	1.372936	-5.662441e-10	67.80268907546997
71	-141.46701	59.982204	-55.047127	-311.55698	94.65854	-78.12873	0.001570317	-78.09661	-78.12901	288000	-0.008262802	1000.01575	0.0	-0.08984375	1.3726525	-1.6987324e-09	68.74715495109558
72	-138.01398	81.07735	17.08494	-408.99622	95.48649	-78.01594	0.01203664	-77.895515	-78.01786	292000	-0.0065823514	2640.0808	0.0	-42.222717	1.3730583	-1.4305115e-09	69.77965307235718
73	-156.48946	77.165504	-5.0599265	-373.98474	104.447365	-76.04514	0.0064182165	-75.64208	-76.045654	296000	-0.009353235	1643.7167	0.0	-9.785889	1.3721894	8.046628e-10	70.75043296813965
74	-136.83087	88.71683	-44.64665	-489.83533	95.97561	-76.91133	0.008552153	-76.69291	-76.91227	300000	-0.0028887242	2460.8296	0.0	-0.61828613	1.3720987	-8.642673e-10	71.7077100276947
75	-141.62369	75.46846	-32.90819	-351.46432	102.36842	-77.18328	0.00030896155	-77.17944	-77.183525	304000	-0.00614974	1645.8694	0.0	-1.7139282	1.3714943	-1.3113022e-09	72.68705892562866
76	-136.99368	66.085205	-25.34187	-351.45016	94.48781	-76.768105	0.03387206	-75.908745	-76.77076	308000	-0.0060420353	1560.1677	0.0	-1.5531616	1.3709064	1.4901161e-09	73.64549398422241
77	-129.07726	79.00363	14.939334	-398.9709	99.07692	-76.37978	0.007688417	-76.21854	-76.3804	312000	-0.008963039	2139.026	0.0	-18.059875	1.3711834	5.6624416e-10	74.59711003303528
78	-152.73938	88.33005	-11.30248	-470.8451	98.725	-74.948715	0.040767193	-73.8698	-74.95144	316000	-0.0069422945	2238.9397	0.0	-14.00415	1.3697646	-1.3411046e-09	75.58676195144653
79	-154.91252	78.916466	-67.627884	-361.74994	94.5	-76.108154	0.00064851803	-76.08985	-76.10831	320000	-0.002422534	1768.2941	0.0	-24.410522	1.3689708	-5.364418e-10	76.55875611305237
80	-148.16183	66.93885	-62.45338	-351.3558	101.82051	-77.86494	0.00030812048	-77.855446	-77.86509	324000	-0.0075929314	1138.6558	0.0	0.026000977	1.3693066	-1.8775463e-09	77.55324506759644
81	-129.97104	106.42277	9.747461	-567.91284	89.441864	-78.01211	0.00038151865	-77.99581	-78.01225	328000	-0.0050618723	3301.2524	0.0	-1.6057739	1.3703587	1.8328429e-09	78.59041500091553
82	-164.46475	89.285065	51.450886	-362.69604	133.96552	-77.554405	0.025660979	-77.40197	-77.561386	332000	-0.00612022	3143.372	0.0	-853.4089	1.3712987	-4.768372e-10	80.63613200187683
83	-139.08838	108.64795	23.972645	-523.6355	98.675	-74.24802	5.929335	20.460524	-75.51155	336000	0.0007357672	3860.2222	0.0	-191.81866	1.3691356	-8.0466267e-10	81.6198410987854
84	-123.1931	59.48288	-32.657917	-262.79944	97.39024	-76.00086	1.1296024	-50.645607	-76.07167	340000	-0.0071104765	1179.146	0.0	-36.058685	1.3699925	9.23872e-10	82.59421992301941
85	-138.9893	75.35077	-51.023174	-395.70386	93.690475	-74.28445	0.206578	-68.93344	-74.30475	344000	-0.01509957	1707.0963	0.0	-6.911499	1.368836	6.258488e-10	83.54637789726257
86	-118.71305	56.785103	4.9730754	-309.70828	90.65116	-74.74295	1.56303	-38.984642	-74.85549	348000	-0.008357041	1333.8395	0.0	-66.762024	1.368852	1.4603138e-09	84.50226926803589
87	-146.1	84.44543	-15.4226	-436.89523	98.975	-72.7392	1.9612366	-20.967825	-72.87124	352000	0.00028024614	2103.9602	0.0	-50.855408	1.367305	-7.4505846e-11	85.47772312164307
88	-140.27982	58.55362	-41.66554	-286.85074	93.45238	-74.2246	0.07307849	-72.68035	-74.22993	356000	-0.0098975785	1025.468	0.0	-20.94989	1.367728	-2.0861629e-10	86.43826723098755
89	-140.91951	73.93668	27.287352	-434.0057	95.55	-76.05614	0.0014604377	-75.99889	-76.056465	360000	-0.005499009	1561.8242	0.0	0.017669678	1.3680354	3.874302e-10	87.39297819137573
90	-127.53655	75.42419	18.053284	-350.0615	95.02439	-76.19818	0.045305673	-75.10504	-76.201065	364000	-0.008647926	1751.4734	0.0	-23.566895	1.3667426	1.4603139e-09	88.37970209121704
91	-137.07578	69.647064	1.467375	-366.5115	95.3	-74.27412	0.098312266	-72.07613	-74.281815	368000	-0.014074065	1870.2866	0.0	-0.8517456	1.3661723	7.748604e-10	89.36553311347961
92	-135.72592	80.41565	-41.44714	-362.4035	98.55	-73.82187	0.014017238	-73.373276	-73.82291	372000	-0.009186514	1943.741	0.0	-1.1936035	1.3660991	3.1292435e-10	90.32361102104187
93	-131.61172	69.84046	-4.6046357	-366.51138	98.15	-74.257385	0.005629795	-74.15051	-74.258316	376000	-0.0073406547	1611.9386	0.0	-10.55661	1.3652294	-3.7252904e-10	91.29215621948242
94	-155.71158	85.98651	5.1203203	-363.14545	97.5	-72.90239	0.42688572	-56.434395	-72.93033	380000	-0.0043653753	2332.4548	0.0	-143.88977	1.3659587	-1.0579824e-09	92.25889897346497
95	-138.9972	90.862526	-2.526034	-413.74667	97.275	-77.59931	0.00959944	-77.355675	-77.60016	384000	-0.00030225515	2413.773	0.0	-0.7324829	1.3646452	-1.2814998e-09	93.21770000457764
96	-112.37018	42.232044	-36.027737	-231.20576	101.666664	-78.2247	0.0034821385	-78.13653	-78.22497	388000	-0.007762473	1034.29	0.0	-135.61462	1.3679017	7.1525574e-10	94.21252202987671
97	-133.34541	73.588066	38.39187	-325.67502	97.79487	-73.74087	0.0074536796	-73.50543	-73.741585	392000	-0.008537069	1578.6044	0.0	0.30474854	1.3644797	2.8312205e-10	95.16973686218262
98	-114.54047	58.214104	4.708538	-262.3353	126.645164	-73.57671	0.015155706	-73.226685	-73.578575	396000	-0.0036926717	2545.7815	0.0	-189.26462	1.3687315	8.9406965e-10	96.50638508796692
99	-137.5753	76.433876	-37.51092	-364.87396	99.86842	-68.53902	0.019905655	-68.12527	-68.54108	400000	-0.005602032	1723.2634	0.0	-13.294922	1.36519	-1.7881394e-10	97.49811291694641
100	-152.78027	113.202034	16.972397	-508.241	98.65	-69.60001	0.37380692	-58.034477	-69.63057	404000	-0.0067389067	4253.963	0.0	-70.55151	1.3619018	-5.066395e-10	98.47176384925842
101	-127.61574	75.51462	40.5292	-354.61954	103.5	-72.555	0.097355075	-68.64301	-72.55986	408000	-0.0046692784	1823.7905	0.0	-12.428223	1.3626649	-6.705523e-10	99.44123601913452
102	-135.84015	97.864494	18.513973	-485.8186	97.12195	-71.4528	0.0073987306	-71.246635	-71.45359	412000	-0.0067578685	2989.4124	0.0	-5.032593	1.3611197	-1.6391277e-10	100.41853213310242
103	-122.06287	54.052517	-31.26777	-313.533	98.0	-72.207436	0.001489159	-72.163506	-72.2076	416000	-0.013322137	920.6801	0.0	-3.3739624	1.3623859	-9.983778e-10	101.41190600395203
104	-122.21618	68.71019	-36.7542	-337.782	102.289474	-71.56105	0.04966455	-70.63321	-71.56556	420000	-0.008064661	1353.4475	0.0	-23.273254	1.3626169	1.4901136e-11	102.4246871471405
105	-116.537056	59.7275	17.730919	-319.0866	100.47369	-69.70107	0.0098331375	-69.45716	-69.702065	424000	-0.015302394	1163.2788	0.0	-32.572113	1.3623962	-8.642673e-10	103.42273712158203
106	-121.92029	68.81838	18.054522	-307.46835	96.7	-67.43748	0.0072323983	-67.256454	-67.43821	428000	-0.0056197005	1844.6641	0.0	-0.068237305	1.361196	7.4505807e-10	104.3834581375122
107	-143.84673	97.26487	10.286134	-462.20963	95.8	-67.19208	0.023166887	-66.41245	-67.19326	432000	-0.0021923035	2974.819	0.0	-57.80237	1.3589113	2.682209e-10	105.35410714149475
108	-121.594055	71.155525	-18.36467	-313.01886	100.60526	-69.84191	3.959218	1.2202017	-70.1341	436000	-0.013025355	1498.6299	0.0	-17.661194	1.3583039	1.4454127e-09	106.33468198776245
109	-127.91762	80.79986	25.314774	-336.3977	107.111115	-69.22861	0.04019206	-68.239334	-69.230865	440000	-0.0036190636	1990.5142	0.0	-0.038391113	1.3601525	1.4156103e-09	107.33626794815063
110	-130.6593	94.61083	3.992044	-430.70532	100.15385	-69.07844	0.011222001	-68.82302	-69.07965	444000	-0.004422616	2443.376	0.0	-3.9459229	1.3554904	-4.768371e-10	108.33534622192383
111	-132.37723	67.913025	-51.39108	-312.65103	101.38461	-69.87495	0.00013318162	-69.86959	-69.87498	448000	-0.013183549	1270.2522	0.0	-1.0861206	1.3598158	-1.5199185e-09	109.30784296989441
112	-117.54824	61.64868	-9.892899	-291.76526	95.825	-70.3432	0.0039575635	-70.23859	-70.343506	452000	-0.01496017	1457.749	0.0	-9.080322	1.3579271	-5.215407e-10	110.29267311096191
113	-110.98146	60.7568	-30.569662	-314.6159	110.0	-69.10075	0.0018595607	-69.05138	-69.100945	456000	-0.0107255615	1343.5883	0.0	-48.2146	1.3594418	-1.6689301e-09	111.2830560207367
114	-132.75586	78.47464	-18.256884	-319.38263	101.82051	-66.13708	0.0014607005	-66.104836	-66.13724	460000	-0.005444862	1878.5845	0.0	-24.284607	1.3570688	-2.3841856e-10	112.32288098335266
115	-122.194466	63.14138	-29.92161	-285.21277	102.24324	-68.06972	0.0014511934	-68.02986	-68.06983	464000	-0.0069987252	1235.4476	0.0	-3.4228516	1.3573487	7.599592e-10	113.32395696640015
116	-145.9978	79.565216	-38.023632	-374.97964	109.14286	-67.38488	0.0020517183	-67.33634	-67.38506	468000	-0.008020207	1977.0199	0.0	-43.576843	1.3572668	-4.4703485e-10	114.3178219795227
117	-143.8997	82.5063	-34.545254	-350.0681	101.552635	-70.13144	0.0041390643	-70.01468	-70.131744	472000	-0.012296408	1792.5769	0.0	-48.50775	1.3526709	-3.6507846e-09	115.30223417282104
118	-137.42824	75.367805	-33.221565	-349.03845	105.432434	-73.183784	0.0034016613	-73.104	-73.18413	476000	-0.004699895	1689.4719	0.0	-0.39483643	1.3541924	9.0897084e-10	116.28573608398438
119	-123.67251	70.10176	-6.105267	-393.4774	103.73684	-73.602776	0.023183856	-72.92316	-73.604416	480000	-0.013020236	1689.2996	0.0	-33.117004	1.3527088	6.4074995e-10	117.27522921562195
120	-129.36383	79.20247	46.379005	-306.44244	123.32258	-71.168076	0.014573697	-70.5848	-71.16919	484000	-0.004499778	2452.2957	0.0	-54.200195	1.355096	3.516674e-09	118.6798620223999
121	-111.23838	60.752495	7.1997924	-292.8621	98.65	-67.94392	0.000686812	-67.92507	-67.943985	488000	-0.011305943	1397.7167	0.0	-27.43277	1.3511964	2.30968e-09	119.66384887695312
122	-134.51053	73.69665	-31.206451	-318.10922	104.86487	-65.590675	0.021462083	-64.89126	-65.59211	492000	0.005500555	1724.8997	0.0	-19.7948	1.3498008	-3.2782554e-10	120.64040803909302
123	-109.55629	67.30607	21.513794	-326.12823	100.02564	-67.37736	0.02464625	-66.616325	-67.379196	496000	-0.008384589	1707.1692	0.0	-23.888855	1.3491887	-1.296401e-09	121.6141459941864
124	-136.38861	91.73725	-9.572939	-349.28595	104.324326	-65.39647	0.012380676	-64.79921	-65.397224	500000	0.0003486732	2156.0806	0.0	-50.568115	1.3456777	-7.599592e-10	122.59936094284058
125	-141.6259	93.845055	-14.974269	-432.25485	107.297295	-68.30502	0.0047696168	-68.11137	-68.305336	504000	-0.0065402687	2540.2444	0.0	-25.002838	1.3454393	3.72529e-10	123.6248300075531
126	-124.00604	67.29164	-26.10557	-332.4105	112.11429	-70.564705	2.7988286e-05	-70.56398	-70.564705	508000	-0.015350109	1345.9375	0.0	-16.84375	1.3489684	1.7881394e-09	124.65090823173523
127	-137.32547	75.311966	-36.611122	-370.84665	107.19444	-68.902626	0.0115173785	-68.211815	-68.90317	512000	-0.0045080706	1820.2002	0.0	-14.038879	1.3460238	-1.3113022e-09	125.65769910812378
128	-129.62256	69.90774	-6.5910616	-332.20746	104.13158	-70.42851	7.625751e-05	-70.427055	-70.42853	516000	-0.0120237	1535.8694	0.0	-0.29956055	1.348879	-9.089708e-10	126.63718509674072
129	-114.8517	91.58437	67.985535	-478.9419	134.24138	-70.75733	0.009101543	-70.62254	-70.76007	520000	-0.0052593052	3210.7507	0.0	-162.40442	1.3518281	4.470349e-11	128.3981590270996
130	-113.415596	60.24497	13.157954	-219.73422	107.45946	-65.46788	0.0063651777	-65.3211	-65.46844	524000	-0.012985253	1096.0504	0.0	-13.527191	1.3467028	-2.9802327e-11	129.40003204345703
131	-139.19972	78.64446	2.70392	-374.94455	105.78378	-63.71731	0.009804475	-63.351368	-63.717747	528000	-0.01878278	1939.5798	0.0	-50.987915	1.3442695	-9.387732e-10	130.3932342529297
132	-128.75568	76.45484	6.9266844	-344.29184	108.02778	-66.56779	0.0028321103	-66.40038	-66.5679	532000	-0.0068990365	1780.58	0.0	-2.5446777	1.3430064	2.9802322e-10	131.3984351158142
133	-133.10823	74.76931	-21.534847	-292.12582	111.08572	-67.37597	0.004965864	-67.206276	-67.37642	536000	-0.0040320596	1991.2427	0.0	-6.032959	1.3420517	1.2814998e-09	132.40034914016724
134	-88.21215	64.53812	41.665165	-260.16147	135.7931	-68.420845	0.0035715695	-68.38732	-68.42206	540000	-0.0067814514	2773.5725	0.0	-402.3376	1.3493693	2.5182962e-09	134.0756480693817
135	-122.07988	72.628456	-14.385217	-318.641	110.34286	-61.083015	0.0031794952	-61.00213	-61.083317	544000	-0.016772285	1751.4856	0.0	-1.7686157	1.3445747	5.960463e-11	135.07204508781433
136	-117.74823	67.34414	7.3071365	-296.60373	103.78378	-61.327915	0.0058051758	-61.15258	-61.3285	548000	-0.01939521	1680.3303	0.0	-3.3292847	1.3371216	-1.3411046e-09	136.06836009025574
137	-121.22328	76.097824	17.476936	-305.02386	109.057144	-62.02872	0.00063262705	-62.014774	-62.02879	552000	-0.010943225	1797.6365	0.0	-7.3546753	1.3415799	-5.811453e-10	137.08501291275024
138	-131.19058	99.27871	-10.545031	-440.67758	111.28571	-63.037903	0.004853063	-62.863552	-63.038277	556000	-0.0027324182	2447.067	0.0	-23.895508	1.3395505	-4.768371e-10	138.0768051147461
139	-113.83605	77.033615	-20.824903	-419.97067	109.91428	-64.87269	0.0006110663	-64.86024	-64.87275	560000	-0.010699078	1808.1792	0.0	-1.5619507	1.3403234	7.8976153e-10	139.0898621082306
140	-107.406	83.06921	29.034895	-309.22513	152.57692	-64.48536	0.0046402174	-64.39365	-64.48665	564000	-0.00282605	2922.624	0.0	-167.21179	1.3452203	-3.874302e-10	141.0203161239624
141	-102.418945	56.873825	35.733643	-221.24005	107.083336	-59.797436	0.00045540035	-59.786434	-59.797497	568000	-0.016533732	1283.3268	0.0	-14.372101	1.3380203	-1.8626451e-09	141.99335289001465
142	-132.41838	74.38905	-28.181107	-287.7416	116.36364	-58.204967	0.0066688433	-58.04192	-58.205704	572000	0.0010998351	1661.041	0.0	-18.444275	1.3359343	-1.6689301e-09	142.98624515533447
143	-111.264725	53.110306	-26.846708	-242.48563	115.72727	-59.699963	0.00018478784	-59.692303	-59.69999	576000	-0.022370018	862.8014	0.0	-2.0374146	1.3389887	-1.2814998e-09	143.98876905441284
144	-109.27132	65.266396	-36.238396	-284.14243	103.10811	-59.251972	0.00097013166	-59.21382	-59.25205	580000	-0.014249679	1475.7124	0.0	-2.750122	1.3328707	-2.2202729e-09	145.03631901741028
145	-127.103294	77.82246	-26.819815	-440.4629	117.51515	-59.83968	0.00063190836	-59.810757	-59.839737	584000	0.004288003	2002.1477	0.0	-17.91864	1.3339022	6.705523e-10	146.08281803131104
146	-116.945015	52.72064	-38.92135	-275.96014	109.88571	-61.47645	3.499774e-05	-61.474598	-61.47647	588000	-0.014357477	834.04504	0.0	-1.4197083	1.3312324	-3.874302e-10	147.13824605941772
147	-112.77852	80.92951	9.155116	-353.85028	111.02941	-61.08759	0.0023269723	-61.00297	-61.087776	592000	-0.017163046	1976.5063	0.0	-0.4459839	1.3324513	-6.258488e-10	148.18391227722168
148	-102.3909	62.916855	7.458902	-307.01453	109.77143	-60.79865	0.00094388536	-60.773403	-60.798737	596000	-0.011760134	1161.5566	0.0	-18.144073	1.327381	7.599592e-10	149.19188714027405
149	-125.48275	74.6575	-29.496143	-382.77887	116.52941	-59.09185	0.00033346948	-59.083534	-59.091892	600000	-0.006263137	1768.1956	0.0	-14.025513	1.3296382	3.0994416e-09	150.18876004219055
150	-126.98055	94.82453	-15.833968	-335.0659	115.29412	-60.51932	0.014186809	-60.242638	-60.520878	604000	-0.0019157003	2877.412	0.0	-41.042603	1.3261456	3.129244e-10	151.18645596504211
151	-132.12148	91.0512	55.880554	-349.29822	139.07143	-63.18216	0.005965983	-63.12957	-63.184097	608000	-0.0033658296	2911.8967	0.0	-13.405518	1.336221	-1.4603138e-09	152.69365406036377
152	-125.58579	60.167957	-24.323977	-272.99796	123.741936	-61.826374	0.0055787642	-61.67093	-61.826847	612000	-0.016275603	1215.3645	0.0	0.0063476562	1.326501	4.0233133e-10	153.70231223106384
153	-125.77714	66.26365	-31.773264	-289.14542	108.15151	-61.775585	0.25229636	-57.268333	-61.817226	616000	-0.004953295	1765.3828	0.0	-151.29016	1.3259361	-3.874302e-10	154.8162910938263
154	-116.6026	82.18255	-12.340661	-340.88995	112.088234	-62.774437	4.341873	35.75745	-63.058468	620000	-0.014495164	1967.0468	0.0	-25.836548	1.3193133	-1.013279e-09	155.81503105163574
155	-121.08588	82.13931	11.339166	-332.96048	120.454544	-62.71828	0.09070656	-59.18226	-62.725227	624000	-0.010667814	2085.7456	0.0	-4.7853394	1.3250932	1.8924475e-09	156.83828711509705
156	-126.74935	66.611046	-18.231682	-302.66302	115.29412	-61.443985	4.8552957	53.792652	-61.77159	628000	-0.0023035184	1387.4467	0.0	-66.19318	1.3185247	-5.960464e-11	157.8587839603424
157	-117.60177	87.48128	18.895782	-345.972	116.78788	-63.237373	0.0009221534	-63.217316	-63.2376	632000	0.0035039699	2414.9907	0.0	-0.12524414	1.3193722	-4.0233136e-10	158.84872221946716
158	-115.447136	65.83846	-25.136557	-307.55484	115.02941	-63.481396	0.0016813091	-63.417076	-63.481564	636000	-0.016958185	1402.789	0.0	-4.3585205	1.3136293	8.4936613e-10	159.8800082206726
159	-127.73662	88.40573	-25.101976	-372.2705	114.64706	-62.530704	0.0037041383	-62.441063	-62.531075	640000	-0.009021573	2164.5378	0.0	-26.078857	1.3133154	-3.129244e-10	160.8944571018219
160	-112.89053	57.282036	-29.838587	-233.45174	121.1875	-64.8192	0.11641588	-63.551754	-64.8351	644000	-0.003473286	1244.8318	0.0	-37.572815	1.3168117	2.9802313e-11	161.92717909812927
161	-104.90571	66.42569	2.845431	-352.9577	112.23529	-62.221195	0.002984526	-62.142803	-62.221443	648000	-0.012433045	1257.9408	0.0	-25.319733	1.3136303	5.364418e-10	162.94571113586426
162	-135.76196	76.20397	-35.595554	-318.25824	120.5	-59.747486	0.88061833	-34.400185	-59.79962	652000	-0.011205874	1857.313	0.0	-63.965393	1.3143734	-1.3411046e-09	163.99554920196533
163	-120.26895	71.26984	-24.357426	-308.99643	126.96774	-62.7195	0.0035362928	-62.625603	-62.72003	656000	-0.009427145	2100.2268	0.0	-2.9420166	1.3151044	9.536744e-10	165.087327003479
164	-148.46426	81.35088	-2.8918614	-372.0088	122.71875	-62.06362	0.0015993698	-62.009697	-62.063744	660000	-0.013480287	1802.6716	0.0	-93.54401	1.3122746	-3.1739473e-09	166.123761177063
165	-129.12582	91.490425	-10.302014	-383.7851	116.818184	-66.30517	0.0020842438	-66.23573	-66.30533	664000	-0.00070521235	2453.3745	0.0	-11.810181	1.3031824	-7.1525574e-10	167.1419849395752
166	-103.38593	84.00699	-14.347197	-452.2277	122.59375	-68.01406	0.0029731642	-67.88929	-68.01421	668000	-0.004289102	2024.9495	0.0	-111.94946	1.3115304	1.1324883e-09	168.1571171283722
167	-109.68289	71.43405	6.9131074	-272.5468	120.40625	-63.56346	0.0033419125	-63.46959	-63.56378	672000	-0.011715811	1661.853	0.0	-18.433533	1.3086066	-1.9371513e-10	169.19785118103027
168	-102.440285	53.331543	-8.678054	-225.43163	117.393936	-61.545765	4.6873418e-05	-61.54353	-61.545776	676000	-0.029339578	971.0564	0.0	-26.448975	1.307008	5.6624416e-10	170.2693932056427
169	-114.72765	98.47102	-13.348155	-365.00345	120.78125	-59.29633	0.0007274039	-59.276913	-59.296402	680000	-0.0017289668	2725.4282	0.0	-2.9811401	1.3035877	-4.4703463e-11	171.29603719711304
170	-115.11629	107.61139	52.19481	-411.38812	118.93939	-58.45367	0.003189604	-58.338207	-58.453896	684000	-0.0032220017	3177.013	0.0	-2.22229	1.2969992	1.5199184e-09	172.33809089660645
171	-102.62587	70.00476	8.975847	-296.2108	120.75	-59.077274	0.0013608903	-59.027344	-59.077427	688000	-0.007950079	1780.7749	0.0	-30.09967	1.3018492	7.4505846e-11	173.37871193885803
172	-108.16373	74.0607	-3.7489028	-310.87796	133.24138	-56.694664	0.00053216604	-56.682774	-56.69473	692000	-0.007298776	1956.5366	0.0	-19.22638	1.3075737	-2.9802383e-11	174.42081999778748
173	-127.54966	83.38651	8.341193	-379.18976	114.73529	-54.643467	0.00094119913	-54.609932	-54.643578	696000	-0.021913055	2128.4888	0.0	-83.259094	1.3022192	-2.8312208e-10	175.43789100646973
174	-119.1036	77.43416	1.0115722	-299.9534	116.757576	-58.51055	0.00022288159	-58.50439	-58.510586	700000	-0.0054548457	1831.07	0.0	-7.7125854	1.301213	-2.4586915e-09	176.4406599998474
175	-103.87513	71.84327	-8.286187	-345.99094	119.454544	-59.89932	0.00059929345	-59.878044	-59.89937	704000	-0.01333629	1495.1738	0.0	-16.491028	1.2968831	9.2387203e-10	177.46946501731873
176	-114.31859	70.26071	-23.27984	-335.13675	120.6875	-58.17222	0.0005422045	-58.148033	-58.172268	708000	-0.005830765	1668.7283	0.0	0.034423828	1.3019793	-1.9371509e-09	178.4998161792755
177	-120.85718	81.73617	-48.0697	-399.12766	125.46429	-58.069702	0.0021002537	-58.008705	-58.07005	712000	0.0086321235	2458.9993	0.0	-16.760742	1.3027809	2.3841856e-10	179.69208693504333
178	-108.73615	74.16757	24.806925	-306.12317	123.40625	-56.239304	0.00011735223	-56.23702	-56.239334	716000	-0.010536961	1620.3252	0.0	-0.9793701	1.2993175	-4.0233133e-10	180.70187306404114
179	-134.63612	92.564064	16.194178	-335.2877	121.030304	-55.699764	0.0019021853	-55.637787	-55.699898	720000	-0.004080334	2595.4497	0.0	-87.18298	1.2954416	-1.3262034e-09	181.7258858680725
180	-109.38887	64.24247	27.653406	-303.91028	121.375	-59.84738	0.00023078137	-59.843037	-59.847424	724000	0.00089738145	1340.0505	0.0	-9.6223755	1.2917248	6.556511e-10	182.7748668193817
181	-142.99338	70.463165	-50.588535	-306.61874	142.62962	-58.643124	0.00017487055	-58.632687	-58.643154	728000	-0.021281451	1491.4557	0.0	-4.7735596	1.2953895	2.235174e-10	183.79930806159973
182	-118.61105	90.86919	63.571396	-355.1457	169.95653	-59.551388	0.0010513723	-59.540764	-59.55177	732000	-0.009949952	2444.354	0.0	-52.02417	1.3119738	1.4454127e-09	185.7501540184021
183	-101.16217	70.50014	26.93769	-262.755	126.19355	-56.38669	0.00057924795	-56.371807	-56.386753	736000	-0.018597174	1817.2101	0.0	-17.852722	1.299832	-2.9802327e-11	186.78638100624084
184	-111.939896	86.66429	66.36778	-291.58084	166.38095	-54.3556	0.002777707	-54.329277	-54.356583	740000	-0.002507776	2608.9473	0.0	-135.88733	1.3184247	2.8312208e-10	188.58854293823242
185	-127.34106	84.158615	-20.860783	-333.41544	127.73333	-49.300087	0.0032218425	-49.224163	-49.30038	744000	-0.005347751	2439.5237	0.0	-84.52759	1.2951002	-9.23872e-10	189.61010813713074
186	-114.03919	69.764366	-1.0030042	-289.3565	126.86667	-52.83994	0.00032010907	-52.83273	-52.84	748000	-0.025218956	1636.4	0.0	-8.7039795	1.2996483	2.95043e-09	190.62318897247314
187	-116.44673	79.5261	-6.88424	-316.558	115.26471	-54.23689	0.00058497774	-54.21919	-54.236965	752000	-0.00863583	1877.875	0.0	-52.009644	1.2825165	1.3113022e-09	191.62779808044434
188	-118.9103	70.69593	-28.540419	-305.79834	120.741936	-57.20899	0.0016167214	-57.161713	-57.209133	756000	-0.0013086535	1343.235	0.0	-0.9199829	1.2888219	-1.1920929e-09	192.65858507156372
189	-106.40146	80.25869	24.39607	-306.99048	143.07408	-57.7579	0.005683048	-57.638577	-57.75874	760000	-0.0191051	2310.7642	0.0	-25.136047	1.2914071	-2.2947788e-09	193.76537013053894
190	-101.74707	78.37408	5.5758595	-370.37915	130.6207	-55.6953	0.00044362657	-55.684586	-55.69537	764000	-0.012481939	1981.2439	0.0	-1.2747192	1.2863315	-6.4074995e-10	194.80922317504883
191	-90.72506	75.18765	5.336737	-278.8882	144.14815	-55.113663	0.007881244	-54.793953	-55.114075	768000	-0.0044161603	1923.8496	0.0	-56.856506	1.2878256	-3.72529e-10	195.866446018219
192	-115.565414	66.66208	0.5148725	-231.38033	128.76666	-51.94243	0.0015839401	-51.876347	-51.942524	772000	-0.0018240213	1399.8778	0.0	-22.493164	1.282579	3.144145e-09	196.91991305351257
193	-116.03449	78.80205	-12.149652	-283.53085	125.066666	-53.783993	0.00050698	-53.75234	-53.78402	776000	-0.008862548	1732.9033	0.0	-13.853027	1.2853603	1.4901136e-11	197.9538860321045
194	-135.54561	90.99135	19.139442	-334.2952	133.06897	-55.45577	0.0026823052	-55.398357	-55.455967	780000	0.007907804	2218.4717	0.0	-46.244385	1.2820116	-2.1755695e-09	198.9843680858612
195	-101.53606	72.950966	28.123985	-291.84033	125.80645	-58.385612	2.1256115e-05	-58.38502	-58.385612	784000	-0.026888087	1526.2239	0.0	-9.709656	1.2834172	1.2367963e-09	200.08327388763428
196	-115.68855	74.00774	6.527172	-307.2016	133.7931	-57.186794	0.00019165615	-57.181118	-57.18681	788000	-0.01881529	1505.2817	0.0	-2.17865	1.285608	-2.9802324e-10	201.19316411018372
197	-113.8781	51.794346	-34.691357	-231.9406	124.965515	-56.47696	0.008719417	-56.27218	-56.478165	792000	-0.0052400604	1465.5366	0.0	-8.182007	1.2787817	-4.9173837e-10	202.3419849872589
198	-104.12738	89.657745	9.748275	-404.81268	135.31035	-55.204132	0.00021433567	-55.198513	-55.204155	796000	-0.0018911883	2080.409	0.0	-8.642273	1.2820811	-5.662441e-10	203.37817120552063
199	-116.42681	88.92701	-1.5077502	-372.27643	132.24138	-53.8429	0.0007759016	-53.81962	-53.842968	800000	-0.009197168	1939.2638	0.0	-7.7719116	1.2788002	3.278255e-10	204.39877915382385
200	-100.23419	55.549103	-17.602964	-253.18727	138.35715	-55.037563	0.06648963	-53.43127	-55.045444	804000	-0.02521109	1422.6589	0.0	-7.6011963	1.2888234	-4.61936e-10	205.51737904548645
201	-96.06572	78.40739	17.98372	-331.8875	132.06897	-53.90575	7.0173424e-05	-53.903996	-53.905758	808000	-0.013475716	1950.0702	0.0	-18.62799	1.2813185	1.1920931e-10	206.5438129901886
202	-109.14723	92.60228	18.457853	-362.9129	128.2	-51.857594	7.902599e-05	-51.85556	-51.857605	812000	-0.008960407	2327.0	0.0	-0.5805664	1.2750078	-3.5762782e-10	207.57416105270386
203	-94.09837	51.956604	-5.461321	-225.32327	135.46428	-52.14233	6.870221e-05	-52.13947	-52.142334	816000	-0.02711989	1063.5295	0.0	-41.664062	1.2777817	9.089709e-10	208.62213611602783
204	-127.34503	69.44652	-17.536266	-288.00742	140.85715	-49.1456	0.00011635724	-49.142178	-49.145603	820000	-0.0068790447	1841.3796	0.0	-37.09845	1.2701489	-6.556511e-10	209.70355606079102
205	-115.62276	78.1906	-18.661337	-291.86813	129.93333	-51.833233	2.3955266e-05	-51.832733	-51.833237	824000	-0.019051403	2103.7324	0.0	-25.616821	1.2689198	5.6624416e-10	210.74204015731812
206	-112.37817	85.53029	30.668903	-354.70718	136.44827	-54.296726	4.544584e-05	-54.295376	-54.296726	828000	0.0016895458	2062.545	0.0	-2.3919067	1.26771	-9.536744e-10	211.794673204422
207	-93.342285	81.9233	-9.472726	-343.88342	135.32143	-55.116783	1.9494091e-05	-55.116375	-55.11679	832000	-0.004666321	2156.2595	0.0	-31.19806	1.265138	-9.983778e-10	212.87405610084534
208	-130.75044	88.368484	15.910357	-312.51147	170.47826	-52.523945	0.0002734955	-52.51939	-52.52403	836000	-0.011648968	2177.3171	0.0	-7.692383	1.2911601	-5.2154064e-10	214.79147219657898
209	-106.531845	64.64605	-20.06368	-266.07742	120.935486	-51.09692	4.5181743e-05	-51.09496	-51.09693	840000	-0.0117684975	1447.6227	0.0	-13.124634	1.25406	7.599592e-10	215.81988191604614
210	-111.748085	77.14004	6.5542827	-323.21152	148.61539	-52.78039	0.00010423424	-52.77729	-52.780407	844000	-0.0134607125	1358.3108	0.0	-3.773529	1.2717047	6.4074995e-10	216.87841701507568
211	-103.57441	74.66429	-9.607855	-375.59753	140.39285	-51.911858	8.678541e-06	-51.911633	-51.91186	848000	0.0047707856	1605.0453	0.0	-7.5863647	1.262442	1.4901162e-11	217.93695521354675
212	-110.47027	86.98605	14.427141	-317.61688	136.0	-50.512993	8.477606e-05	-50.510548	-50.513004	852000	-0.007978168	2096.874	0.0	-13.279785	1.2704365	1.9967556e-09	219.02382898330688
213	-111.56782	72.53803	3.3222404	-315.97543	132.78572	-52.27093	1.8777457e-05	-52.270527	-52.270924	856000	-0.0071065845	1404.552	0.0	-0.24557495	1.2585325	-9.23872e-10	220.0570650100708
214	-102.70482	84.10183	3.656681	-309.54407	188.35	-52.606247	0.008558666	-52.48103	-52.609	860000	-0.006849453	2434.918	0.0	-203.47614	1.2808807	-1.7881391e-10	221.84147000312805
215	-84.86315	62.595566	6.2702236	-264.12686	137.28572	-48.285774	0.005041014	-48.17949	-48.287754	864000	-0.034664642	1284.4658	0.0	-48.974792	1.2660441	1.1920928e-10	222.90921115875244
216	-109.68975	89.67993	-6.5510674	-362.7015	142.25926	-44.783592	0.05263379	-43.76406	-44.79472	868000	-0.013094984	2289.3926	0.0	-15.244385	1.26604	3.874302e-10	223.9923551082611
217	-115.44569	80.84931	26.11855	-324.72632	165.65218	-45.2366	5.230335	7.621788	-46.504696	872000	0.0047649145	1816.7671	0.0	-58.921143	1.2622365	-2.3841856e-10	225.25382614135742
218	-107.82755	93.12301	29.712896	-404.51566	130.03334	-47.817806	0.0127604995	-47.49061	-47.818947	876000	-0.005831456	2316.979	0.0	-57.57263	1.2594737	-2.3841862e-10	226.3133749961853
219	-109.461845	90.36869	28.549803	-335.27673	131.42857	-51.492626	0.0013600844	-51.461937	-51.492805	880000	-0.026797507	2194.6797	0.0	0.09338379	1.2646716	6.854534e-10	227.3741180896759
220	-123.05449	77.64669	-5.8873014	-265.74353	163.30435	-51.608032	0.8043641	-27.470463	-51.663868	884000	-0.006590314	2513.9187	0.0	-6.0563354	1.2680802	9.685754e-10	228.85828804969788
221	-110.045334	82.67133	10.3911295	-270.4085	147.65384	-51.093792	0.011395826	-50.630596	-51.094673	888000	-0.022126686	1814.8977	0.0	-6.6416626	1.25684	-5.9604655e-11	229.93808603286743
222	-103.5771	70.681305	-2.7346797	-244.75786	142.04546	-49.791256	0.009287145	-49.554924	-49.792072	892000	-0.008978307	1755.9744	0.0	-32.58612	1.2674229	-1.3858079e-09	231.41107606887817
223	-96.79644	76.52588	33.088936	-262.69388	142.85185	-46.89611	0.04421573	-45.272675	-46.89868	896000	-0.002417229	1780.821	0.0	-2.090149	1.2581332	1.1622906e-09	232.4681830406189
224	-125.56884	97.88426	-18.376446	-401.21042	133.0	-46.12943	0.014346257	-45.791744	-46.133068	900000	0.009083778	3034.334	0.0	-12.713135	1.2657146	1.5348196e-09	234.45688796043396
225	-103.256645	70.70067	9.409692	-260.4296	144.11539	-47.92378	0.0004356945	-47.910088	-47.923836	904000	-0.0067294315	1462.7583	0.0	-1.9379272	1.2530309	-7.450579e-11	235.5048770904541
226	-73.92197	54.269554	24.636711	-201.09245	146.15384	-47.26921	0.090372376	-43.637066	-47.272655	908000	-0.042357717	1088.8077	0.0	-99.34369	1.2557994	2.682209e-10	236.54274821281433
227	-126.05377	79.19593	-12.137868	-283.00735	155.44	-42.286938	0.17810658	-37.124992	-42.2961	912000	-0.011672024	2851.1206	0.0	-131.38147	1.2597692	1.6391277e-09	237.6569321155548
228	-90.13617	58.48718	-0.6379528	-205.01653	148.12	-47.32666	0.001265253	-47.277603	-47.326714	916000	-0.03658397	1163.8379	0.0	-19.449463	1.24796	-7.4505807e-10	238.74442601203918
229	-87.38264	79.25173	58.92199	-267.32806	177.22728	-45.550358	0.13363649	-43.516712	-45.584023	920000	0.0019430295	2076.0928	0.0	-166.4837	1.2634051	-6.2584876e-10	240.67461109161377
230	-104.93818	63.26175	-25.155466	-256.58963	142.32143	-43.245117	0.97221965	-28.830393	-43.400784	924000	-0.009544893	1411.5071	0.0	-69.25458	1.2507625	-1.4901164e-11	241.74141216278076
231	-71.83636	84.60161	33.7729	-296.90475	182.1	-46.109608	0.012414294	-45.840286	-46.11439	928000	-0.010240652	1973.0361	0.0	-134.44702	1.2739751	-8.940697e-10	243.49613785743713
232	-113.93542	101.13577	2.6199913	-323.5584	200.78947	-41.23296	0.53072053	-26.409893	-41.34686	932000	0.025606528	2230.1802	0.0	-114.44562	1.2622688	3.0994416e-09	245.58642506599426
233	-138.86896	100.04135	18.642822	-369.98035	149.26923	-40.28266	2.9240801	11.716211	-40.76596	936000	0.018323343	3592.9468	0.0	-335.69055	1.2478768	-1.117587e-09	246.65132117271423
234	-71.83716	78.09396	39.44733	-261.9701	201.06667	-36.00532	20.976604	39.49753	-46.740498	940000	-0.038267247	1639.2754	0.0	-236.93573	1.281556	-4.4703484e-11	248.4114339351654
235	-116.339294	86.38248	3.938454	-350.55884	155.08	-43.99564	2.1468687	0.5989932	-44.241947	944000	-0.010100318	1779.421	0.0	-66.18005	1.2430243	1.7434358e-09	249.50765419006348
236	-91.79906	82.38568	43.38989	-360.8192	202.78947	-45.706642	0.7951925	-34.206623	-45.95041	948000	-0.011874013	2133.9067	0.0	-309.9491	1.2667603	1.7881393e-09	251.56054306030273
237	-101.29649	76.16211	5.979125	-317.36346	149.65218	-31.867422	11.434504	24.617432	-43.900734	952000	-0.01878677	2808.18	0.0	-540.84106	1.2492704	2.1755695e-09	252.82163906097412
238	-76.213005	68.77573	27.185339	-282.73932	142.11539	-36.60054	4.1153374	-25.534948	-45.14456	956000	-0.051047023	1767.6313	0.0	-116.16882	1.2439022	8.642673e-10	253.89767003059387
239	-104.01773	96.14797	0.20776972	-459.0227	146.11111	-31.630018	6.9918175	-23.937643	-45.928703	960000	-0.013529368	2580.6797	0.0	-188.40411	1.240405	7.748604e-10	254.99098014831543
240	-85.50945	102.58191	31.924225	-409.5457	140.5	-42.503593	3.1789985	-32.56312	-47.15401	964000	-0.025115313	2966.1233	0.0	-50.90808	1.2259227	1.0281801e-09	256.0758891105652
241	-103.905	69.008514	12.87583	-237.32253	158.66667	-42.674374	3.4382854	-38.267815	-48.507812	968000	-0.045397863	1518.5505	0.0	-53.37018	1.2333851	-1.9818545e-09	257.22486114501953
242	-126.15408	70.92738	-23.63013	-255.1882	215.05882	-43.92954	4.7810183	-11.6769495	-49.86475	972000	0.015841953	1634.3086	0.0	-158.87848	1.2462395	1.6391277e-10	259.09282517433167
243	-97.0506	62.07443	-1.9456373	-213.06671	182.7619	-41.50725	6.1930523	-27.736544	-50.487503	976000	-0.028950961	1360.579	0.0	-93.465	1.2348356	8.4936613e-10	260.55891823768616
244	-111.03144	84.46931	22.428638	-277.73706	156.20833	-37.249596	7.8722906	-8.754505	-50.91133	980000	-0.02115424	1658.2036	0.0	-100.129395	1.2293575	-1.2069941e-09	261.6531820297241
245	-97.65627	76.85692	77.74118	-226.62146	202.42105	-42.601128	8.294319	-33.091125	-53.889706	984000	0.0035591274	2139.7876	0.0	-267.40668	1.2474511	-5.2154064e-10	263.3566110134125
246	-80.12695	52.59225	13.54259	-165.96825	148.53847	-35.639053	9.554403	-25.196716	-53.132133	988000	-0.050061654	790.20636	0.0	-58.488525	1.2269831	-8.4936613e-10	264.42476892471313
247	-93.031654	79.48234	18.12888	-286.40146	163.33333	-34.785515	11.146755	5.211568	-53.882507	992000	-0.01651812	2051.566	0.0	-237.44122	1.2357343	1.758337e-09	265.65431022644043
248	-100.27228	98.06787	48.849014	-340.23077	161.79167	-33.15129	10.16817	-20.895908	-54.855743	996000	-0.015749397	2413.4622	0.0	-275.36865	1.2201129	-1.0430813e-09	266.77325201034546
249	-104.79889	76.06948	-17.382696	-319.08466	168.56522	-38.603058	12.277646	-27.223707	-57.426025	1000000	-0.0319082	1204.0896	0.0	-49.187378	1.2188761	-4.1723247e-10	267.9031779766083
250	-96.14848	89.85348	19.062685	-299.9846	166.13043	-39.88095	12.335912	-19.565735	-59.557808	1004000	-0.019258022	1670.5015	0.0	-101.492035	1.2161248	1.8477441e-09	269.0275630950928
251	-134.42352	89.57582	15.021276	-270.14996	153.4	-39.687397	12.862948	-28.732977	-62.142387	1008000	-0.0120012425	1977.8796	0.0	-279.4746	1.2105701	-1.2814999e-09	270.1281850337982
252	-90.675	81.411224	51.905403	-327.1068	149.07692	-52.693367	7.3667293	-46.178593	-65.416115	1012000	-0.035891697	1376.8713	0.0	-201.92453	1.2113237	1.8924475e-09	271.21376514434814
253	-86.96128	89.97678	33.3729	-283.01736	158.41667	-43.24066	11.493374	-33.2074	-65.52032	1016000	-0.013373288	1529.624	0.0	-82.23938	1.2084295	2.4139881e-09	272.33107924461365
254	-57.4823	71.20052	62.116257	-235.23755	278.7857	-47.51019	15.336743	-29.650612	-66.21163	1020000	-0.0063766576	1905.4397	0.0	-1011.41724	1.2667725	1.6838313e-09	274.36774492263794
255	-139.55235	90.13715	-18.513096	-319.05078	174.5	-23.224983	7.0688844	-4.430852	-60.411114	1024000	-0.0007489398	2725.406	0.0	-919.5478	1.2241131	3.3080578e-09	275.7230498790741
256	-100.3107	80.470116	0.5194634	-327.00183	159.79167	-45.44567	12.450941	-17.854689	-64.79521	1028000	-0.03592795	1247.0763	0.0	-184.56995	1.216938	-1.7136336e-09	276.83628582954407
257	-96.31831	67.08814	24.691399	-248.2126	174.54546	-41.112953	12.783344	-24.952501	-65.59337	1032000	-0.014954116	946.0884	0.0	-74.90576	1.2125651	-6.854534e-10	277.97039890289307
258	-130.55737	95.43394	21.263653	-290.90567	177.95454	-43.416412	15.740825	3.0875344	-66.45982	1036000	-0.03229487	2070.673	0.0	-160.6131	1.2021005	-2.861023e-09	279.1083061695099
259	-89.78312	87.83809	19.784418	-362.4439	156.66667	-41.61437	14.362545	-14.481942	-68.28533	1040000	-0.010864858	2010.809	0.0	-156.27246	1.1914175	1.0281801e-09	280.2107539176941
260	-76.735085	72.810814	8.305846	-237.65265	167.60869	-40.280243	11.782566	-25.453201	-68.995705	1044000	-0.015315935	1331.8602	0.0	-127.78168	1.2051868	4.023314e-10	281.34861516952515
261	-79.129074	69.61814	26.295084	-279.31888	165.68182	-35.57126	13.70614	-23.532578	-68.89039	1048000	-0.019970674	1304.865	0.0	-209.5669	1.2136724	1.1026859e-09	282.5118489265442
262	-119.179405	90.36569	-1.0540817	-278.28094	204.8421	-40.257088	17.63407	17.768808	-68.281715	1052000	-0.010476276	1875.5352	0.0	-494.22595	1.223183	3.7252904e-10	284.40607500076294
263	-74.36519	57.25723	11.360475	-183.33727	210.41176	-44.184303	15.37997	-5.741829	-68.58093	1056000	-0.024387237	1657.2388	0.0	-547.9038	1.2346447	-3.233552e-09	286.06294202804565
264	-121.008255	109.65092	2.8302417	-371.55365	173.09091	-27.458445	10.925671	-13.507952	-66.390785	1060000	0.0093468465	3370.7505	0.0	-1050.7614	1.1982068	-3.0398368e-09	287.18099093437195
265	-78.665115	90.90122	28.830833	-365.19693	160.95653	-43.93753	15.258714	-22.735909	-71.43981	1064000	-0.02558884	1462.4177	0.0	-135.17896	1.2028747	-6.4074995e-10	288.30600905418396
266	-94.10645	79.04553	9.492926	-256.11252	181.0	-34.649128	14.097967	-20.794779	-72.49438	1068000	-0.0011293963	1186.6228	0.0	-130.03616	1.2017486	-2.682209e-10	289.4679322242737
267	-84.405815	101.95001	31.566269	-464.45993	179.18182	-38.702213	15.593848	-20.70746	-72.75883	1072000	-0.014959108	1703.3146	0.0	-88.4491	1.206057	-1.6391277e-10	290.6501250267029
268	-91.78359	48.956783	14.295169	-183.68083	217.05882	-36.73671	17.096247	-5.806133	-73.07111	1076000	-0.015341461	1373.4669	0.0	-301.50836	1.2344867	-1.7285346e-09	292.8028299808502
269	-82.54315	69.571266	9.996373	-283.6521	218.72223	-32.24106	14.648255	-11.178618	-72.675964	1080000	0.012547858	1452.1084	0.0	-324.9749	1.2213392	8.642674e-10	294.497761964798
270	-78.556854	69.531685	12.436196	-262.6194	147.25	-27.009054	18.332401	13.076228	-72.9296	1084000	-0.03484174	944.954	0.0	-99.92084	1.2186769	2.980232e-09	296.3510482311249
271	-89.10664	108.443474	45.72007	-366.07544	165.21739	-34.04157	17.762396	3.0706308	-73.665535	1088000	-0.0021405965	2631.2227	0.0	-333.72485	1.193606	-1.3709068e-09	297.44742798805237
272	-107.39542	115.01523	8.271781	-348.01282	231.1875	-35.8178	21.868717	9.927355	-75.89298	1092000	-0.007684365	2503.8916	0.0	-345.5528	1.221292	7.1525574e-10	299.27873826026917
273	-74.0184	87.58771	20.049757	-302.0994	173.40909	-33.276596	15.836771	-13.209317	-76.468605	1096000	-0.017325979	1302.7192	0.0	-169.40237	1.1953099	8.940697e-11	300.38845896720886
274	-109.86264	95.82672	-1.6805176	-386.9935	170.86363	-34.131252	22.83007	0.12158251	-78.002174	1100000	-0.0048461556	1389.4105	0.0	-443.3392	1.1838263	-9.387732e-10	301.52284693717957
275	-82.40483	97.73131	11.750196	-329.06128	162.69565	-34.147625	21.14789	11.515282	-79.78087	1104000	-0.041225255	1904.5967	0.0	-502.15222	1.1993003	-3.8295984e-09	302.6819472312927
276	-97.99185	88.50004	20.322277	-274.99173	208.22223	-39.68933	24.417332	-5.8100367	-81.43463	1108000	-0.0026126057	1393.3918	0.0	-407.49158	1.2152548	-7.4505807e-10	304.6406672000885
277	-104.163445	82.480865	13.096383	-282.74152	183.8421	-37.83125	21.516195	-3.707981	-81.2332	1112000	-0.010975901	1840.048	0.0	-367.87512	1.201421	6.705522e-10	305.9135630130768
278	-74.94028	54.58322	25.875854	-189.79247	161.04546	-32.734413	19.989843	-7.335759	-82.27066	1116000	-0.017533379	934.97876	0.0	-158.54633	1.1933529	-1.9818545e-09	307.0236039161682
279	-97.98787	79.69676	37.386745	-279.76572	204.0	-35.391235	22.928482	-6.016816	-82.44649	1120000	-0.017736204	1828.696	0.0	-484.91565	1.2096312	9.387732e-10	308.6129641532898
280	-88.687195	79.962944	20.290308	-249.77556	232.11765	-32.479023	13.364565	-0.40899158	-82.05881	1124000	-0.013801165	1534.2969	0.0	-268.7793	1.2221982	1.7881391e-10	310.43865609169006
281	-75.57368	77.7498	38.711926	-272.46912	167.39131	-26.380447	20.64106	-1.0285046	-83.00999	1128000	-0.03295985	975.51166	0.0	-267.45667	1.2031227	2.0712614e-09	311.5696828365326
282	-79.20615	72.763275	23.280884	-287.98715	179.19048	-35.75269	23.976084	-1.924695	-84.77643	1132000	-0.004848229	1208.4869	0.0	-73.78027	1.1933329	-2.1904707e-09	312.76119589805603
283	-91.05071	74.67962	58.699627	-207.76344	170.22728	-33.673775	25.547098	-2.884913	-85.242615	1136000	-0.06674207	1002.06055	0.0	-198.983	1.2007694	-2.30968e-09	313.9330360889435
284	-64.90035	81.78412	58.453465	-242.42847	221.4375	-44.021446	27.775686	3.0878594	-86.023026	1140000	-0.015007943	2051.3474	0.0	-951.01044	1.2224646	1.1771917e-09	316.04130506515503
285	-98.244194	81.238205	28.521929	-253.85762	192.2	-21.32946	22.923975	6.0100813	-84.59037	1144000	-0.015432201	1611.0059	0.0	-504.8756	1.2056296	-1.0281801e-09	317.4269480705261
286	-101.4245	94.55746	42.929108	-300.18307	199.78947	-37.146572	25.469597	2.0992873	-86.42073	1148000	-0.022947565	1621.183	0.0	-559.4805	1.196599	6.705523e-10	318.6583228111267
287	-94.44498	70.88775	8.807243	-250.61295	217.29411	-47.945415	30.002655	3.6502829	-88.75181	1152000	0.0033218153	2088.3625	0.0	-1101.2513	1.2120975	1.564622e-09	320.7750482559204
288	-86.50004	86.97927	47.661777	-315.48044	161.75	-30.646662	22.275902	-1.669003	-88.978874	1156000	-0.021014806	1828.9475	0.0	-402.84137	1.1876147	1.4156103e-09	321.91919112205505
289	-86.624916	75.54719	18.185627	-226.20064	213.33333	-38.142963	21.424417	-6.1112804	-90.08277	1160000	0.019371893	1317.0161	0.0	-287.25287	1.221606	2.220273e-09	323.9567799568176
290	-49.57484	53.813198	27.648088	-164.06015	163.78261	-28.538555	21.031452	2.3493268	-90.30556	1164000	-0.041282475	647.9025	0.0	-103.10544	1.2025728	-2.682209e-10	325.09099316596985
291	-90.210754	71.36718	24.192389	-290.22375	173.05882	-28.215113	22.97467	16.777536	-90.5644	1168000	-0.015275491	1097.3855	0.0	-223.49112	1.2119062	2.1010638e-09	326.520938873291
292	-54.598827	94.61018	34.267868	-292.62152	324.0	-23.516441	19.556776	34.09823	-89.90703	1172000	-0.009852823	1390.71	0.0	-412.617	1.2467275	-2.4884939e-09	328.7069628238678
293	-67.27567	71.24423	34.797527	-260.43842	171.86363	-10.431488	21.791052	8.602583	-90.57127	1176000	-0.013062004	1333.5308	0.0	-501.35538	1.2045288	-8.9406965e-10	329.8787491321564
294	-66.89375	66.777245	21.088856	-248.83104	196.4	-36.014935	24.485466	3.7596083	-92.14461	1180000	-0.02736476	1262.3069	0.0	-388.3578	1.2221026	2.9802322e-10	331.62822914123535
295	-100.83111	107.61648	34.66219	-479.47006	173.18182	-36.434376	21.729076	2.6291811	-92.13203	1184000	0.025405519	2393.3616	0.0	-462.56436	1.1843274	-1.6391274e-10	332.7322781085968
296	-57.56322	65.8814	32.636574	-225.82957	162.75	-43.847103	22.520094	-2.7009244	-94.2892	1188000	-0.03905753	1297.6262	0.0	-366.82007	1.1787355	-6.258488e-10	333.9395160675049
297	-41.06736	57.2296	26.035265	-221.82379	233.125	-27.346273	23.015396	3.2499814	-94.42787	1192000	-0.021518942	698.8258	0.0	-155.15778	1.2323024	-2.2649764e-09	336.20384311676025
298	-49.66075	53.83947	6.438757	-247.53279	214.0	-20.564837	21.930334	6.581872	-93.79893	1196000	-0.03486265	648.0939	0.0	-81.926575	1.2139208	-1.743436e-09	338.21916794776917
299	-57.563828	66.476685	66.5116	-225.24022	230.35294	-18.745203	19.793814	8.855191	-93.445625	1200000	-0.031673215	1097.8585	0.0	-255.14117	1.2264633	-3.1739473e-09	340.3958761692047
300	-63.54042	74.68424	34.53523	-256.3153	165.78261	-19.594515	22.852934	8.149929	-94.69306	1204000	-0.027004248	1005.6162	0.0	-245.82745	1.1953392	-1.490116e-09	341.4952759742737
301	-61.42086	74.3209	30.907536	-268.52618	201.1579	-25.13844	23.974209	4.737473	-95.96943	1208000	-0.056804605	841.00305	0.0	-191.29865	1.21841	-1.4901158e-10	343.80932807922363
302	-49.109207	77.78777	32.56748	-217.07993	290.76923	-29.412165	23.76383	22.704844	-96.64661	1212000	-0.016149525	1368.5621	0.0	-426.07718	1.2227383	-9.536744e-10	346.0005450248718
303	-62.98449	70.65177	10.401176	-261.03204	209.88889	-23.473148	22.609493	44.713154	-97.42048	1216000	-0.029503427	1040.7573	0.0	-181.40787	1.2031586	2.2351743e-10	347.85384917259216
304	-55.87741	61.512535	14.082284	-237.8658	217.17647	-23.9495	25.520348	24.608175	-98.66812	1220000	-0.01772457	1160.9749	0.0	-267.95453	1.2006398	-1.5348196e-09	349.63833498954773
305	-82.55057	69.20935	26.454609	-220.29877	167.81818	-25.707102	20.380037	3.3299618	-97.841324	1224000	-0.051768567	1064.626	0.0	-330.96448	1.1839132	2.2053719e-09	350.7806010246277
306	-29.493032	41.343876	24.979534	-98.67667	246.41667	-28.488375	21.400833	-0.11922932	-99.146324	1228000	-0.05600822	1245.0521	0.0	-543.9142	1.2442312	2.0861629e-10	352.9356300830841
307	-109.04563	82.18047	10.174526	-302.56836	263.16666	-13.445513	21.378994	9.686833	-98.7998	1232000	0.004434552	1627.1246	0.0	-322.3947	1.2282828	-1.4901136e-11	354.8207130432129
308	-36.945168	57.614567	68.78292	-173.456	243.5	-23.900032	20.003002	1.8981593	-99.48055	1236000	-0.02352144	940.3547	0.0	-251.49341	1.2107701	1.7732381e-09	356.88097405433655
309	-48.423286	53.340557	12.857	-231.15535	182.33333	-14.246707	18.035858	4.867009	-98.42769	1240000	-0.038360864	575.7212	0.0	-178.39616	1.1885955	-3.2782554e-10	358.0298640727997
310	-71.88832	78.151855	19.489939	-200.69078	348.66666	-21.826818	20.148771	5.420413	-99.70888	1244000	-0.01920697	1576.3052	0.0	-279.75452	1.2483511	-1.0579825e-09	360.2149832248688
311	-70.12798	80.33182	39.28829	-253.17567	312.75	-15.18872	16.007532	22.555199	-98.69268	1248000	-0.020611841	925.0556	0.0	-313.56708	1.233846	5.0663945e-10	362.70410108566284
312	-70.075615	69.113365	39.494312	-180.05061	164.43478	-18.49789	27.443853	11.453582	-98.59594	1252000	-0.067144305	1164.9187	0.0	-286.74847	1.1780874	9.834766e-10	363.8179199695587
313	-69.7289	89.98739	59.112057	-257.24142	301.76923	-28.06359	22.17052	31.667288	-100.08727	1256000	-0.003016241	1893.4219	0.0	-766.4121	1.2238897	6.556511e-10	365.69994497299194
314	-30.301666	82.80323	53.169685	-242.93016	256.35715	-15.683745	23.483656	9.140921	-101.86127	1260000	-0.027475968	1117.3197	0.0	-248.59253	1.2156259	7.3015693e-10	367.98570108413696
315	-60.164524	92.65382	104.5638	-232.05725	236.9375	-10.0690775	26.588919	19.16505	-103.022896	1264000	0.0049892217	1589.7478	0.0	-529.91516	1.2018933	-3.7401913e-09	369.959755897522
316	-34.239685	36.661938	25.775463	-108.26505	324.3	-23.799753	22.827414	7.3294964	-98.913025	1268000	-0.053759016	979.5394	0.0	-465.3509	1.2285883	1.6987324e-09	372.3303689956665
317	-78.425415	64.4538	41.574764	-203.98518	250.2	-18.657768	21.547865	16.364567	-100.22852	1272000	-0.0134800635	1191.2578	0.0	-347.0636	1.2089837	-7.45058e-10	374.3191499710083
318	-41.871258	55.929947	45.19759	-164.0329	222.4	-21.712671	18.739649	8.612886	-91.61676	1276000	-0.058232106	1242.7058	0.0	-418.72247	1.1905499	-1.9371516e-10	376.5353810787201
319	-69.51374	82.19539	34.032097	-243.27888	234.375	-17.269289	22.660175	23.019976	-101.370346	1280000	-0.0013603196	1152.6138	0.0	-245.46417	1.202043	4.6193593e-10	378.43390798568726
320	-71.891495	101.58317	41.326073	-447.31818	186.5	-20.74962	24.60767	21.077381	-102.603645	1284000	-0.025206123	1609.8121	0.0	-335.62482	1.174207	3.278256e-10	379.58425116539
321	-16.824425	34.721676	59.009045	-57.601246	215.88235	-26.411829	19.433178	6.164198	-105.30004	1288000	-0.048508257	872.30316	0.0	-390.56104	1.2067811	-2.2500752e-09	381.67390727996826
322	-36.350025	48.553272	24.758955	-180.69061	198.0625	-14.734826	24.423271	14.029086	-106.112236	1292000	-0.04680957	982.1548	0.0	-173.83994	1.184118	1.4901161e-09	383.01390504837036
323	-85.96214	93.927505	42.689068	-319.62375	192.1	-15.0199375	28.275675	13.702685	-104.87142	1296000	-0.016620446	1914.5713	0.0	-964.2017	1.1580073	-2.2649764e-09	384.18310499191284
324	-58.08808	57.879074	34.579407	-155.25336	174.15	-34.699066	31.679604	7.6634555	-107.56026	1300000	-0.047092654	1358.2399	0.0	-492.18353	1.1655724	2.667308e-09	385.57384610176086
325	-54.276104	66.87344	11.02239	-192.07591	192.41176	-23.280247	23.23514	13.745458	-107.52325	1304000	-0.016201375	788.4735	0.0	-164.26349	1.1821308	-7.599592e-10	387.090322971344
326	-77.247116	81.01024	5.491977	-298.819	272.35715	-25.057228	23.736668	14.3184395	-104.98793	1308000	-0.009201348	1265.9817	0.0	-211.69656	1.1952484	1.8775463e-09	389.28583812713623
327	-42.939953	43.494686	63.731827	-110.70578	173.40909	-15.456034	22.416374	15.936774	-105.93461	1312000	-0.00786047	691.8832	0.0	-224.76389	1.1597191	-8.046627e-10	390.4341859817505
328	-107.6621	77.6525	28.55224	-238.07666	309.81818	-25.694675	21.574844	10.371261	-101.04996	1316000	-0.016599588	1211.3572	0.0	-283.46005	1.2064142	-7.0035455e-10	392.4293632507324
329	-73.49873	72.59199	30.64152	-267.31815	187.61905	-25.204193	25.801199	12.440111	-108.27293	1320000	-0.017600577	969.1929	0.0	-213.73053	1.1651598	1.2665987e-09	393.5760340690613
330	-48.094284	73.4721	38.26478	-197.18744	236.5625	-41.413162	31.733816	2.5939121	-109.9086	1324000	-0.017074525	1947.0734	0.0	-1245.5242	1.1798826	-2.8908254e-09	395.7703559398651
331	-76.48115	88.38878	25.57159	-269.0932	341.81818	-22.197706	25.160269	13.626551	-105.037575	1328000	-0.012405351	1299.615	0.0	-543.3566	1.2053559	-5.9604643e-10	398.04017519950867
332	-52.756374	67.36261	27.26188	-229.82007	220.52942	-30.246845	28.320148	13.584951	-107.17224	1332000	-0.04559949	618.01764	0.0	-189.42561	1.1918783	1.3560056e-09	400.2517640590668
333	-43.581234	43.201447	28.146393	-127.235916	210.07143	-24.52656	28.448729	49.480354	-109.92552	1336000	-0.021803893	784.1659	0.0	-359.0341	1.2000098	-1.0877848e-09	402.5014319419861
334	-41.799854	66.05693	26.672005	-241.17577	199.75	-9.845949	22.08373	39.3701	-109.647736	1340000	-0.028351767	837.5829	0.0	-243.56207	1.1856837	3.7252903e-09	404.20495200157166
335	-53.26464	50.142902	35.196125	-169.27641	183.4	-15.161385	20.227596	15.337065	-104.748665	1344000	-0.043667927	713.2849	0.0	-178.69508	1.166297	-1.4156103e-09	405.35246896743774
336	-62.928875	51.65731	-18.576696	-224.39476	208.88889	-21.360079	23.540897	13.988291	-111.11597	1348000	-0.040123973	941.1998	0.0	-181.78284	1.1753234	1.4603138e-09	407.2671232223511
337	-49.51475	53.48515	72.06868	-127.30854	237.0625	-23.46975	24.339958	15.197638	-110.9966	1352000	-0.03264474	1164.0306	0.0	-342.44376	1.1854681	-2.399087e-09	409.21208906173706
338	-36.66739	63.55533	83.10957	-155.71198	192.76471	-16.322975	26.472164	18.488472	-102.45245	1356000	-0.054162882	903.4486	0.0	-236.96228	1.1763988	-1.6093255e-09	410.65367126464844
339	-36.866455	43.219154	21.091816	-121.12731	189.75	-15.146024	25.363394	23.315079	-107.45304	1360000	-0.0040294454	653.6275	0.0	-220.83253	1.1865089	-6.2584876e-10	412.7326362133026
340	-62.847576	81.79418	36.973835	-179.0612	318.22223	-19.282867	21.55836	21.958492	-109.0559	1364000	-0.01437762	824.55835	0.0	-181.39511	1.2175105	-6.407499e-10	414.74013209342957
341	-32.866863	57.283913	71.658325	-133.01126	340.1	-23.039099	27.46357	24.085117	-110.01849	1368000	-0.025025653	1294.3789	0.0	-487.75653	1.2098839	-2.9802327e-11	416.8803770542145
342	-23.698854	63.272175	57.05047	-145.71713	311.36365	-4.1737638	15.125712	27.193708	-79.15722	1372000	-0.01978027	946.231	0.0	-158.42157	1.2098597	-1.1920925e-10	419.1534252166748
343	-79.15221	95.036865	62.14518	-264.09805	228.625	-11.818009	29.993847	26.30615	-107.83293	1376000	0.017532647	1846.0956	0.0	-928.2859	1.166141	-1.3113022e-09	421.22114396095276
344	-6.348282	38.84678	77.14734	-77.14528	237.71428	-17.139156	21.822533	21.05917	-106.80767	1380000	-0.05442553	909.6885	0.0	-380.94305	1.2012742	-6.109476e-10	423.3491020202637
345	-25.965448	44.871517	38.90568	-147.30815	177.15	-2.25981	28.051403	31.365517	-112.61697	1384000	-0.03865187	712.15564	0.0	-311.98657	1.16821	9.834766e-10	424.6082899570465
346	-48.709805	65.04355	32.430378	-226.7392	342.54544	-22.933584	25.983587	20.079533	-111.21326	1388000	-0.03334719	796.37317	0.0	-269.66528	1.2098618	5.6624416e-10	426.8673930168152
347	-48.38967	62.146072	27.168655	-196.19366	246.73334	-11.8512945	22.662283	24.2299	-104.536865	1392000	-0.024909444	734.8596	0.0	-185.38208	1.1828109	4.6193593e-10	428.8165810108185
348	-31.76567	58.18211	36.478085	-219.06258	221.76471	-14.594958	24.224009	23.992538	-111.286446	1396000	-0.024847532	577.8905	0.0	-95.78961	1.1796628	1.0877848e-09	431.1396150588989
349	-45.852047	62.657692	28.425932	-198.52945	231.0	-15.878043	27.792772	22.950989	-114.20318	1400000	-0.027602725	1215.1602	0.0	-382.08078	1.1668578	1.0281801e-09	433.25955605506897
350	-54.15651	81.45674	29.011463	-216.77267	276.54544	-23.898949	27.51841	11.542732	-115.50944	1404000	-0.008245133	952.63525	0.0	-314.09216	1.2154523	-3.5762793e-10	435.30637526512146
351	-37.139484	58.756702	21.110415	-217.59734	187.8	-15.109012	22.536833	21.063433	-112.15547	1408000	-0.023809046	1130.949	0.0	-481.2532	1.1544807	5.5134297e-10	436.4377362728119
352	-33.770393	69.8703	23.983086	-201.95923	325.0	-27.833652	29.467884	22.989058	-115.66448	1412000	-0.014799556	1181.4921	0.0	-465.51123	1.2046272	3.4272668e-10	438.63574409484863
353	-58.316383	83.53645	44.49964	-231.00455	160.4	-14.950043	20.884697	22.685976	-112.43631	1416000	0.010254374	1004.04944	0.0	-236.60358	1.1814198	2.8908254e-09	440.44226717948914
354	-3.8264632	32.387615	37.757874	-63.21068	232.13333	-16.498125	25.338743	30.069288	-115.673325	1420000	-0.050965905	1068.7916	0.0	-498.7305	1.1842054	-1.3411044e-10	442.5523419380188
355	-36.652622	38.867195	48.359566	-125.555145	213.42857	-2.8027213	18.987959	28.124481	-91.68856	1424000	-0.041167326	645.04315	0.0	-242.46475	1.1823511	1.1175871e-09	444.51943707466125
356	-57.21067	70.06375	30.35632	-197.66617	400.75	-14.804937	17.489199	33.27875	-108.453384	1428000	-0.031579815	612.0337	0.0	-232.87704	1.2219245	-8.940698e-11	447.17609000205994
357	-26.77764	28.812881	15.468716	-82.99047	321.33334	-9.981543	20.019728	26.15824	-114.006294	1432000	-0.05554501	502.53485	0.0	-120.5685	1.2037616	5.9604643e-10	449.4733290672302
358	-15.844519	43.681427	40.698196	-114.740456	226.27272	-13.200853	19.13164	25.286625	-106.708244	1436000	-0.04365217	742.45825	0.0	-220.48972	1.2118771	-3.4272674e-10	451.9039762020111
359	-23.399294	49.799843	32.479794	-162.00195	196.73685	-5.065463	24.445246	41.515625	-101.80381	1440000	-0.013932353	879.9103	0.0	-316.06143	1.1719863	2.980232e-11	453.75454783439636
360	-37.97808	45.088596	13.273278	-148.56439	303.41666	-10.686293	19.621803	51.178288	-108.90025	1444000	-0.019436762	729.079	0.0	-129.87352	1.1999054	-1.4603138e-09	455.85447692871094
361	-29.517399	43.432613	40.32521	-105.747925	252.3077	-7.9659276	18.163248	49.753094	-93.07385	1448000	-0.0427051	746.23224	0.0	-195.79683	1.178293	5.513429e-10	458.5345048904419
362	-44.543686	53.25147	16.955374	-154.83598	306.58334	-12.721308	19.859682	19.982588	-113.42256	1452000	-0.0015288882	725.9901	0.0	-135.88654	1.1948979	-5.3644184e-10	460.80853509902954
363	-32.036106	62.382996	32.51488	-197.90668	173.68182	-19.799105	31.284454	22.188938	-117.80922	1456000	-0.07511193	782.5194	0.0	-288.98938	1.1423733	-4.0084123e-09	461.9255340099335
364	-53.585606	65.04356	-0.068090305	-221.13763	300.75	-14.997617	20.80648	31.141766	-117.99745	1460000	-0.030681148	1030.6595	0.0	-310.66986	1.2150419	2.0116568e-09	464.1593990325928
365	-41.982197	56.94611	30.67092	-175.72672	261.5	-14.398391	30.881243	27.070633	-117.87558	1464000	-0.01203274	1153.6936	0.0	-419.98102	1.1946294	1.5497208e-09	466.002375125885
366	-30.798203	57.580605	51.61592	-159.52774	176.125	-10.0482	23.666994	39.875565	-115.433784	1468000	-0.026587557	663.91626	0.0	-195.39365	1.1640017	1.1026859e-09	467.60065603256226
367	-37.082874	82.59399	46.13228	-246.00485	316.44446	-16.191942	22.728127	28.095997	-116.06287	1472000	-0.043062523	1673.9172	0.0	-659.899	1.1979038	3.5762787e-10	469.7131950855255
368	-21.298658	54.26413	37.297153	-193.78226	275.2857	-11.678208	29.31756	28.85215	-115.87412	1476000	0.0041956836	1188.1292	0.0	-529.0703	1.1743486	9.387732e-10	471.6883089542389
369	-49.51606	71.772964	22.554663	-185.7883	248.07143	-5.201088	20.744478	20.407309	-113.84796	1480000	-0.052239724	1439.108	0.0	-478.83347	1.1821344	1.4901161e-09	473.33006405830383
370	-17.044113	26.030727	15.379652	-66.00227	379.0	-25.235546	28.397476	24.541733	-119.75725	1484000	-0.036708422	1015.5899	0.0	-647.05066	1.2041585	-1.0728836e-09	475.7002182006836
371	-14.708564	28.818764	20.315989	-87.073395	320.83334	-5.01536	15.155852	19.714315	-100.07905	1488000	-0.012580678	539.00757	0.0	-67.05864	1.1925615	-5.96046e-11	477.8014991283417
372	-6.316317	38.150925	60.768246	-61.664715	232.5625	-0.9219231	18.792086	22.112566	-88.44891	1492000	-0.054359697	528.34393	0.0	-80.89964	1.1661682	-1.1324882e-09	479.9568030834198
373	-69.62079	58.243317	46.43912	-162.08098	277.85715	-11.444746	25.002693	22.371471	-116.137024	1496000	-0.009446032	1130.3158	0.0	-374.93533	1.1707659	3.5762787e-10	482.1572380065918
374	-39.7795	53.84034	40.12441	-149.77264	239.13333	-17.00805	16.87475	9.622079	-107.115005	1500000	-0.056385156	979.921	0.0	-463.80136	1.1734176	6.407499e-10	484.3820159435272
375	-32.840374	56.35997	54.51545	-122.497284	209.0	-19.299562	25.733215	25.519566	-111.31796	1504000	-0.038278937	880.84045	0.0	-163.40173	1.1875123	-2.2351743e-09	486.7364709377289
376	-28.12085	37.550262	21.43974	-115.42747	313.25	-12.105865	22.5805	26.612679	-97.43499	1508000	-0.033343107	801.19775	0.0	-217.22714	1.1823663	1.475215e-09	489.38070702552795
377	-23.552576	36.88486	45.575344	-75.9509	317.16666	-8.832361	18.853674	30.227873	-101.95221	1512000	-0.026927516	437.76367	0.0	-84.75879	1.187293	-1.2814998e-09	491.3701889514923
378	-23.236237	68.47731	55.936512	-189.33714	365.77777	-9.205044	16.531977	21.279484	-101.04895	1516000	-0.032944545	715.44196	0.0	-213.36008	1.2024877	-4.917383e-10	493.69391202926636
379	-34.016064	35.05501	21.421127	-114.55235	355.9091	-7.714405	24.513956	37.489967	-95.43248	1520000	-0.010235891	925.66235	0.0	-439.63535	1.1843288	-2.8312208e-10	495.68198800086975
380	-33.65486	77.21407	68.58667	-190.03899	395.375	-13.396333	16.688774	17.025005	-98.402954	1524000	-0.04431442	1001.9607	0.0	-244.75537	1.1956761	2.8312206e-09	498.15765595436096
381	-15.892839	36.12819	23.994125	-107.44236	227.6875	-4.122339	23.050581	28.996813	-106.8721	1528000	-0.01838065	739.4966	0.0	-248.42216	1.1733975	-8.642673e-10	500.13503098487854
382	-26.839478	64.01403	20.60488	-220.28789	263.16666	-12.619458	20.562296	27.695335	-108.1693	1532000	-0.028973963	972.3842	0.0	-248.33807	1.1849763	-5.9604655e-11	502.42729020118713
383	-21.126484	47.086536	38.324345	-136.1898	267.35715	-13.868529	33.933815	36.63754	-116.61635	1536000	-0.02624568	698.845	0.0	-287.50403	1.1728909	-3.2782557e-10	504.3488712310791
384	-23.565199	39.071716	21.344313	-103.74495	249.26666	-5.1531496	21.968884	33.99668	-105.68723	1540000	-0.036430426	395.42877	0.0	-87.247765	1.1672715	-1.2516975e-09	506.5798180103302
385	-22.319313	61.79594	52.679752	-189.40115	352.27274	-10.183207	18.99577	48.38674	-105.11348	1544000	-0.024697414	1385.6123	0.0	-949.1073	1.1960125	1.1324883e-09	508.9113521575928
386	-32.80444	51.136463	23.589355	-175.4958	239.75	-1.5684625	25.61471	39.7121	-107.56552	1548000	-0.022886544	735.76953	0.0	-311.0872	1.1484749	1.4007091e-09	510.6245858669281
387	-16.217993	53.5584	34.583115	-120.64319	431.16666	-32.70524	33.77177	31.360718	-122.965935	1552000	-0.02267453	1518.552	0.0	-942.6059	1.2135816	-2.1904707e-09	513.1820778846741
388	-35.21893	56.20449	9.812356	-176.15822	366.8889	-5.746717	19.077845	37.21725	-68.89003	1556000	0.017294146	955.2699	0.0	-269.39618	1.1962392	2.5480984e-09	515.7211351394653
389	-34.81122	67.521065	90.81747	-152.09344	333.0	-9.475576	15.378154	29.75915	-105.97599	1560000	-0.021016337	983.42505	0.0	-493.30627	1.2009683	2.5331973e-10	518.4463160037994
390	-31.089453	75.18697	34.231934	-201.33325	310.5	-3.7683108	23.449116	43.76427	-102.94493	1564000	-0.00032103062	994.881	0.0	-295.2064	1.1733792	1.0281801e-09	520.5697610378265
391	-33.527554	72.83984	39.442776	-174.93423	337.18182	-11.20594	24.724895	33.7404	-110.96965	1568000	-0.0152658075	1004.3203	0.0	-230.64062	1.1680648	-2.0861626e-09	522.8139381408691
392	-24.636343	40.393158	64.90367	-100.67251	229.75	-11.224346	27.13904	37.589417	-103.261284	1572000	-0.042508055	668.49646	0.0	-117.36563	1.1638823	-1.5795232e-09	525.0338180065155
393	-32.510757	20.38247	-8.124081	-79.49501	400.66666	-9.273868	22.157074	39.41108	-105.13841	1576000	-0.041323215	467.24042	0.0	-70.6053	1.2009733	1.4603138e-09	527.5745329856873
394	-27.862505	79.80526	48.093266	-232.18634	386.33334	-13.994847	21.000488	30.343254	-102.847244	1580000	-0.02431548	796.5078	0.0	-259.30188	1.2141635	-9.983778e-10	530.2000801563263
395	-25.246819	38.750134	22.122038	-91.3167	487.875	-7.4845514	21.941973	41.85834	-105.19974	1584000	-0.014173843	390.34363	0.0	-84.51019	1.2232955	-5.364418e-10	533.346009016037
396	-69.8138	57.982677	14.908529	-178.07083	304.5	-8.943033	26.111752	37.228813	-98.8335	1588000	-0.0010406822	1296.7693	0.0	-654.31616	1.164323	1.5050173e-09	535.2545158863068
397	-46.03741	53.58684	21.03303	-166.362	304.5	-14.3561125	20.286472	32.720562	-113.94661	1592000	-0.01637726	731.7848	0.0	-391.2563	1.169843	-1.7881394e-10	536.9856100082397
398	-70.98641	87.92767	38.588406	-242.27168	293.91666	-19.550837	32.027187	38.280376	-117.03758	1596000	-0.017604012	1439.716	0.0	-542.9136	1.151042	1.3709068e-09	539.1170768737793
399	-28.485325	55.70485	38.444866	-148.26718	239.92308	-15.817144	29.37444	30.427544	-123.96951	1600000	-0.013410121	993.12085	0.0	-463.4378	1.1568066	-1.5050172e-09	541.4905641078949
400	-30.582523	62.117634	34.17535	-179.23723	255.4	-8.0064125	25.432802	35.572742	-120.16352	1604000	-0.02235948	1038.0676	0.0	-476.1408	1.1570368	-1.3560056e-09	543.4158079624176
401	-23.5041	56.715153	22.261675	-140.50581	411.75	-23.084896	25.676466	22.700937	-111.72413	1608000	-0.029694604	910.96063	0.0	-483.29846	1.209086	-2.8014182e-09	545.7373690605164
402	-41.043888	57.8182	27.035248	-190.2343	254.13333	-3.3789985	24.112658	45.32664	-100.714424	1612000	-0.026752196	1030.895	0.0	-514.3044	1.1492097	8.642674e-10	547.9009230136871
403	2.6037965	38.258255	69.8591	-76.94498	350.1	-19.485947	21.666344	26.423672	-108.018585	1616000	-0.040855747	903.244	0.0	-361.75482	1.1979936	3.4272674e-10	549.9076640605927
404	-32.436295	46.731583	34.24582	-139.42162	331.0	-4.8042374	24.460531	41.96278	-108.001526	1620000	-0.014784159	543.2404	0.0	-106.87578	1.1856486	-3.0249356e-09	551.8289880752563
405	-39.652584	63.612278	25.839075	-147.42908	423.57144	-12.351512	25.650328	40.498177	-120.01974	1624000	-0.033225253	576.88654	0.0	-122.325195	1.2111444	-2.4884939e-09	554.4268519878387
406	-4.996289	33.606827	42.379375	-72.2472	443.1111	-6.0232387	20.090124	45.08019	-98.112076	1628000	-0.019365631	398.50543	0.0	-81.03816	1.2115679	1.0877848e-09	557.6796309947968
407	-32.12663	49.957554	31.96186	-97.61256	248.16667	-3.6561084	21.21956	40.739395	-92.58795	1632000	-0.014018178	560.8687	0.0	-201.79428	1.1790434	-7.1525574e-10	559.9296660423279
408	-20.748344	14.445307	-2.513929	-41.012367	820.25	-16.968838	20.342993	25.148026	-110.68958	1636000	-0.04748151	845.8252	0.0	-592.5359	1.2366294	1.2218953e-09	562.9310829639435
409	-16.505556	33.027596	28.417862	-92.414825	271.9	7.826771	25.551502	48.281773	-80.54572	1640000	0.0030037425	873.3236	0.0	-419.3766	1.1872534	1.7881391e-10	565.6071281433105
410	-36.10951	66.501366	14.785373	-197.88809	300.41666	-5.5411334	20.691504	33.946144	-103.72946	1644000	-0.010256952	876.7285	0.0	-192.33713	1.1707196	-1.1771918e-09	567.3687250614166
411	-29.81855	65.313736	57.076847	-180.91571	326.66666	-13.812252	23.953194	30.111631	-123.65554	1648000	-0.045150425	951.45105	0.0	-444.22415	1.1891613	7.0035455e-10	569.7627949714661
412	-31.334946	33.339638	26.048931	-65.47037	426.57144	-6.105496	19.7005	34.912354	-97.45431	1652000	-0.021510705	630.85016	0.0	-196.6713	1.2125086	-2.5182962e-09	572.0870819091797
413	-27.554228	75.84095	51.899784	-196.85509	266.66666	-8.130739	26.077581	51.631252	-110.974625	1656000	-0.0140608465	1304.9918	0.0	-480.6648	1.174257	8.940704e-11	574.448860168457
414	0.23168437	44.3628	57.627094	-50.951416	588.1667	-21.298021	28.034239	37.558018	-103.31021	1660000	-0.039264344	769.1411	0.0	-415.90558	1.2237024	-5.066395e-10	577.8092432022095
415	-33.519123	61.669765	31.620016	-201.09727	294.92307	1.5232979	31.476171	52.56561	-114.607185	1664000	-0.02416332	1290.9877	0.0	-597.42224	1.1676029	-1.2069941e-09	579.8461999893188
416	-26.413832	45.97274	41.618793	-138.14624	261.85715	-8.096003	27.088812	34.33881	-109.61765	1668000	-0.021872222	509.2343	0.0	-192.66612	1.1685609	-2.3543834e-09	581.8767940998077
417	-28.608387	45.354904	46.9227	-135.59554	336.9091	-20.00836	30.18804	39.662758	-107.491844	1672000	-0.015935965	944.4381	0.0	-425.93933	1.1920731	-6.854534e-10	583.7994151115417
418	-15.739303	69.74903	78.161354	-135.67436	432.625	-17.707422	20.930187	37.91703	-87.59638	1676000	-0.031274512	950.75586	0.0	-633.094	1.1918888	-4.3213366e-10	586.0478219985962
419	-0.2716756	37.13006	43.93113	-88.48592	383.625	-6.16731	24.405663	64.73872	-82.51602	1680000	-0.010914657	451.88123	0.0	-152.06091	1.2053018	1.1473895e-09	588.9783878326416
420	-3.6548645	57.76904	57.929626	-213.09196	170.5	-1.0212382	26.22275	58.02518	-86.757	1684000	-0.0039020367	1016.036	0.0	-681.7156	1.1070182	-1.1920931e-10	590.1644270420074
421	-2.6174123	26.929081	39.111263	-71.02133	305.18182	-13.785526	28.690674	31.554375	-126.086624	1688000	-0.06528296	790.66095	0.0	-368.82257	1.1812341	-9.536744e-10	592.3454031944275
422	-2.062796	42.22826	58.584583	-62.432617	364.8	-7.178822	29.332197	43.391956	-106.35336	1692000	0.0081982985	644.39355	0.0	-305.13074	1.1889683	3.144145e-09	594.2038681507111
423	-59.7359	91.434944	48.6364	-228.4017	447.8	-9.860793	20.893728	36.42981	-96.97003	1696000	-0.02428905	661.69226	0.0	-253.48041	1.1990209	3.3527612e-09	596.4875581264496
424	8.127153	16.089525	21.284899	-19.159752	807.0	-9.52923	18.499012	36.61471	-83.012886	1700000	0.002888225	296.05725	0.0	-135.30536	1.2250197	1.0281801e-09	599.7892079353333
425	-8.079984	17.405182	7.4728217	-43.569046	428.14285	-3.351409	22.061752	40.155766	-69.91241	1704000	0.013817042	639.8887	0.0	-234.30437	1.2125847	-2.2202729e-09	602.3882260322571
426	-49.07352	79.251465	40.29431	-214.46887	320.0	-0.7730277	21.389484	38.522305	-74.89546	1708000	0.024515375	1097.8662	0.0	-560.0897	1.1792262	-1.3262034e-09	604.6645340919495
427	-17.694906	51.99602	32.916897	-147.80183	293.9	-9.360456	23.943613	38.231354	-102.500175	1712000	-0.0013344921	735.8197	0.0	-215.82408	1.1876059	-1.5348196e-09	606.7810370922089
428	-19.893387	65.044624	47.589134	-186.65723	361.1111	-9.647124	21.676138	39.395	-116.20847	1716000	0.0011509284	589.246	0.0	-180.6867	1.1967943	-2.115965e-09	609.1195728778839
429	-13.961541	52.185852	41.9432	-166.3572	264.08334	-2.4628155	23.157253	37.79837	-103.02367	1720000	-0.039835785	785.968	0.0	-198.81055	1.1615318	1.952052e-09	611.5022599697113
430	-25.366035	33.61627	5.96846	-123.865974	341.0909	-11.166195	25.979687	43.45803	-117.45179	1724000	-0.0070279827	456.36035	0.0	-135.46266	1.2065315	1.7881396e-10	613.5938010215759
431	-14.301077	31.578808	34.7247	-82.972084	347.54544	-7.90199	21.006058	37.219185	-91.232506	1728000	-0.03985951	318.86655	0.0	-74.01872	1.190902	1.3858079e-09	615.8433620929718
432	-8.018862	53.08944	60.63113	-162.83833	291.15384	-6.908584	21.456347	39.70789	-91.686646	1732000	-0.034723062	549.13086	0.0	-130.8086	1.1670467	1.1473894e-09	617.9653251171112
433	-16.629204	49.813484	56.168633	-154.24847	245.0	-9.402353	26.453684	39.35301	-106.31836	1736000	-0.008783978	631.8405	0.0	-232.58592	1.1525846	-1.5199184e-09	619.7906539440155
434	5.643566	42.43276	68.88977	-59.33568	515.0	-13.548942	16.357298	29.805689	-102.5794	1740000	-0.06335206	647.46875	0.0	-296.21222	1.2398825	-2.5331975e-10	622.9577560424805
435	-18.420752	67.20026	62.517597	-178.14996	253.54546	0.60555524	28.998575	52.8234	-107.48737	1744000	-0.008668229	564.237	0.0	-222.25754	1.173137	-3.8743025e-10	625.4968931674957
436	-22.059797	72.64881	73.683914	-145.85776	311.375	-6.8246017	26.090101	45.064724	-117.97166	1748000	0.007033415	710.96216	0.0	-195.10695	1.2084297	-2.9802322e-10	628.1041159629822
437	-57.377533	73.35626	14.0998	-173.32198	659.3333	-6.1426077	16.829063	33.54527	-78.90898	1752000	0.012260646	631.16693	0.0	-316.46497	1.2300553	1.3113022e-09	631.0891170501709
438	-33.43377	72.46758	39.762226	-218.88731	284.84616	-3.8885689	30.382116	44.15773	-119.438934	1756000	0.0019632876	1022.3943	0.0	-421.10205	1.1464932	2.3841857e-09	633.3093450069427
439	6.2235446	31.717566	39.353157	-43.1748	329.57144	-17.677637	24.928017	36.54392	-107.91928	1760000	-0.03944551	844.9406	0.0	-454.39972	1.2060835	2.0861626e-09	636.0826690196991
440	-16.784967	35.285393	39.135986	-58.55767	468.7143	-4.3134365	21.71404	46.58467	-111.55533	1764000	-0.03259679	589.3399	0.0	-147.02347	1.2133937	1.1920925e-10	638.2128880023956
441	-11.051193	33.44834	47.022156	-66.02047	298.16666	7.291476	21.56949	53.97263	-100.493324	1768000	-0.009004261	786.1113	0.0	-484.3161	1.1576331	4.6193593e-10	640.0110030174255
442	-1.6648202	20.523245	22.341564	-37.50297	395.625	-27.428831	33.89027	38.706863	-115.46516	1772000	-0.016382936	1255.8226	0.0	-831.97144	1.2031379	-2.041459e-09	642.2340359687805
443	1.9052064	26.869968	32.36161	-55.246532	407.77777	-1.6460727	21.10082	43.08266	-84.696304	1776000	-0.00413068	338.0374	0.0	-84.95265	1.2023851	-1.7285348e-09	644.5867078304291
444	-8.085214	31.135462	20.65122	-61.82136	543.0	-8.670785	18.399755	40.99406	-74.750114	1780000	-0.032610256	471.65073	0.0	-177.21613	1.2216376	-2.4586917e-09	647.1260509490967
445	-11.20718	23.457756	28.625668	-43.284004	339.0909	5.0867987	20.255938	66.51633	-70.07765	1784000	0.009767582	584.3188	0.0	-264.81348	1.1766982	3.5762787e-10	649.0884001255035
446	4.4229207	38.21742	65.0693	-69.665695	539.1429	-7.8615746	19.146414	42.856873	-110.06074	1788000	-0.029943349	428.87607	0.0	-210.24774	1.2114083	1.0430812e-10	651.7756149768829
447	-48.501194	88.94738	32.255787	-201.93094	284.25	-3.6122174	22.21459	57.03842	-96.07481	1792000	0.0138914585	1158.0995	0.0	-799.92993	1.1965153	1.1175871e-09	653.5698621273041
448	8.630493	30.951612	54.72904	-37.55133	390.375	-8.393061	30.019896	53.372883	-127.90647	1796000	-0.016141996	818.7645	0.0	-401.2541	1.2076758	1.6391277e-10	656.1397979259491
449	-15.330008	47.690746	34.402477	-122.12646	276.27274	-2.143003	24.655628	48.434532	-112.052704	1800000	-0.035311736	640.326	0.0	-189.1418	1.1725445	1.937151e-10	657.8778219223022
450	-8.75993	24.722942	30.051683	-57.162212	345.72726	-1.6238673	20.059835	40.34521	-93.62073	1804000	-0.041286647	543.0066	0.0	-151.31482	1.2055509	1.92225e-09	660.0419111251831
451	-9.079102	43.309296	31.070768	-101.58958	435.7143	-19.04713	27.155115	33.553177	-101.84192	1808000	-0.051362813	1004.86957	0.0	-502.18942	1.2144105	3.3676624e-09	662.3311281204224
452	-26.936945	53.313908	42.002605	-156.77129	293.44446	-0.70564866	22.90955	47.033485	-85.61943	1812000	0.0064194202	707.51624	0.0	-329.23975	1.193316	2.2351743e-10	664.5468940734863
453	30.202429	20.910048	57.188393	4.2147517	796.0	-9.347832	14.807584	35.547886	-80.81614	1816000	-0.055416882	553.0642	0.0	-411.26868	1.2602949	9.685756e-10	667.2187221050262
454	-33.698586	52.775368	31.274734	-144.53877	399.125	8.233933	26.82413	61.247814	-112.22137	1820000	0.03795655	1219.5299	0.0	-758.9255	1.1827979	-4.76837e-10	670.0398871898651
455	-2.1014087	48.44961	66.669304	-144.42479	298.66666	-3.1350489	23.67769	41.835117	-126.166176	1824000	-0.0068627074	841.8002	0.0	-126.81708	1.1645933	-8.195638e-10	671.825254201889
456	6.4777966	12.204308	26.027832	-12.937403	435.16666	-9.797211	18.49598	39.794945	-105.052475	1828000	-0.023742415	615.64996	0.0	-202.02284	1.2302923	-1.1473894e-09	674.5535531044006
457	-3.9279175	25.09204	30.321987	-37.715263	397.57144	1.6202108	21.029907	47.013187	-78.928246	1832000	-0.024367938	459.563	0.0	-196.4954	1.2104949	3.144145e-09	676.9106831550598
458	1.765501	44.383076	53.341743	-85.52669	396.0	0.6532688	21.925882	53.326817	-97.18778	1836000	-0.023940545	488.20508	0.0	-112.59833	1.2018629	-2.3841862e-10	679.7608392238617
459	-29.014725	52.776794	11.0972	-153.85574	243.0	-0.8607711	23.343815	41.595306	-111.81046	1840000	-0.017767273	725.1676	0.0	-318.2458	1.1768049	9.387732e-10	681.3995189666748
460	-14.534365	36.781162	37.5312	-101.10593	243.4	-7.975723	26.982311	49.010277	-99.787895	1844000	-0.052721538	411.47638	0.0	-117.00169	1.152365	-3.129244e-10	683.3602831363678
461	-5.047241	47.474815	35.679874	-152.34329	295.15384	-7.9713564	24.422039	47.069233	-111.618065	1848000	-0.037576996	690.93396	0.0	-304.50586	1.1696814	2.399087e-09	685.2661700248718
462	-30.115635	63.05188	46.94378	-173.75246	301.3	-7.2981453	22.285713	47.210968	-101.55856	1852000	-0.059059218	938.9794	0.0	-392.83356	1.1849158	-1.7881394e-10	687.9114348888397
463	-12.325476	63.12846	37.716423	-194.98212	281.0	-6.398087	25.162394	46.22744	-98.543015	1856000	-0.011453416	480.08948	0.0	-158.64505	1.1916475	1.296401e-09	690.0740320682526
464	0.2808855	58.01195	80.58855	-113.294205	281.33334	-13.1532545	30.331774	50.316933	-100.365524	1860000	-0.027832713	667.062	0.0	-260.84094	1.1966602	8.9406965e-10	692.7469251155853
465	7.511456	25.328814	42.154907	-43.79176	324.0909	2.4079943	22.012827	49.842842	-102.25525	1864000	-0.041017912	357.57413	0.0	-50.554703	1.1962545	3.799796e-09	694.9828112125397
466	-12.127009	25.097862	29.693491	-41.051655	465.16666	-10.602651	25.292091	44.669384	-91.16929	1868000	-0.039730497	766.0694	0.0	-453.4353	1.2249599	1.5348196e-09	697.1675682067871
467	6.7465014	35.104507	86.532875	-33.116566	355.66666	-0.30819336	21.819874	61.40693	-102.959145	1872000	-0.0019246638	521.7623	0.0	-218.10095	1.2040305	4.61936e-10	699.446958065033
468	-14.688264	48.002888	55.603443	-138.24341	224.33333	-4.3989997	24.197277	48.50356	-105.80126	1876000	-0.036212225	821.21686	0.0	-324.75754	1.1570787	5.8114524e-10	701.3937220573425
469	-21.568512	74.896484	51.83539	-237.19914	268.5	-9.717864	24.416153	41.2703	-126.5419	1880000	-0.041510094	1043.0985	0.0	-521.9668	1.1514382	-4.3213366e-10	703.842157125473
470	5.805145	44.03369	70.89219	-82.45149	496.5	-5.5872664	19.314268	36.502953	-101.972374	1884000	-0.037092187	470.4848	0.0	-161.97546	1.224477	-1.2814998e-09	706.8031129837036
471	8.254387	30.194904	40.381596	-26.92082	607.6667	-28.648485	37.099102	33.321587	-120.7548	1888000	-0.019114941	1619.4956	0.0	-1375.1965	1.2367984	9.536744e-10	709.7699680328369
472	-5.862343	41.29218	49.84834	-73.43074	484.0	-3.3164208	23.117363	41.50453	-93.09015	1892000	-0.021621294	615.9097	0.0	-233.82655	1.2242262	-2.6077034e-09	712.0732002258301
473	-11.633602	16.434246	16.841763	-27.177364	381.1111	-1.6581402	21.344376	38.7053	-61.977707	1896000	-0.005509425	770.7887	0.0	-294.67688	1.1898565	5.066395e-10	713.9292032718658
474	-1.5855284	42.529602	66.646774	-50.502617	592.75	-6.792935	15.786784	33.97826	-78.74883	1900000	-0.07034161	591.2304	0.0	-270.53833	1.2271643	-1.4901162e-10	716.7660419940948
475	-17.193556	75.6237	94.979195	-143.02701	433.375	1.1382052	21.519485	52.885277	-64.48027	1904000	-0.010918638	1094.2051	0.0	-730.17926	1.1899024	1.1026859e-09	719.1396698951721
476	17.686985	25.689623	66.81397	-23.517899	356.5	-2.2745388	22.022509	51.7884	-88.68868	1908000	-0.007531494	476.59064	0.0	-102.459915	1.1886706	1.6391276e-10	721.6078660488129
477	-7.2395687	18.334326	23.945349	-21.330282	803.5	-12.317778	20.443666	47.11474	-94.30228	1912000	-0.042478383	335.78244	0.0	-195.4305	1.2525465	2.5480986e-09	724.2186641693115
478	-1.1670437	60.02364	62.66711	-97.80944	400.125	3.46145	21.735838	62.18624	-73.20879	1916000	-0.013513178	701.80457	0.0	-242.60149	1.2102612	-6.556511e-10	727.2256209850311
479	0.8850839	40.56229	37.178123	-80.41942	404.125	-7.348057	22.288635	43.96142	-86.45665	1920000	-0.010431081	450.62817	0.0	-86.91341	1.2047818	2.041459e-09	729.6479668617249
480	-14.450648	64.2711	76.04915	-151.75931	336.25	-5.5212755	21.672733	48.027534	-80.96838	1924000	-0.051111534	820.9695	0.0	-278.08002	1.192353	-1.4901191e-11	731.8022372722626
481	-5.235774	24.881456	30.83765	-46.57735	694.2	-18.033743	24.04029	44.387264	-93.998886	1928000	0.0037587956	644.4669	0.0	-505.0167	1.2237625	3.2782554e-10	734.650004863739
482	24.915588	24.407028	62.219414	-3.3330247	679.6	-5.742663	19.690247	56.743507	-53.63714	1932000	-0.021577056	360.9218	0.0	-134.42288	1.2409112	1.1324883e-09	738.0261130332947
483	40.262897	18.559483	72.06199	12.983998	403.14285	5.2523117	24.287504	64.12078	-68.09734	1936000	-0.0038583577	221.0935	0.0	-84.79437	1.1971836	-4.0233133e-10	740.1492562294006
484	-16.400423	22.339354	16.134415	-44.61848	399.375	2.5505817	28.08272	65.30502	-76.904785	1940000	0.020412624	793.75964	0.0	-324.7278	1.1866034	1.4454127e-09	742.4010770320892
485	11.404817	30.147451	52.363285	-30.35141	377.5	-3.4525628	19.19841	40.41424	-86.96655	1944000	-0.009018347	442.48596	0.0	-89.25356	1.2012672	2.9802383e-11	745.1150450706482
486	-39.410534	83.46131	53.49819	-177.48735	569.7143	-6.165841	19.742115	43.12513	-89.0183	1948000	-0.008724034	955.2177	0.0	-597.847	1.2136562	1.3262034e-09	747.7102720737457
487	9.641202	30.385717	41.585106	-52.661057	454.0	-4.9307995	22.707106	57.686497	-88.01128	1952000	-0.021830179	480.60907	0.0	-172.51294	1.2143611	-1.4901161e-09	750.6729578971863
488	-25.228489	63.0363	56.033287	-176.52007	402.1111	-2.0631957	25.529287	77.770676	-111.80445	1956000	-0.020280266	1213.1403	0.0	-707.0763	1.1700878	-5.6624416e-10	752.8494861125946
489	5.674118	37.849503	55.672043	-39.457558	804.75	-11.649994	21.513046	52.89376	-88.80986	1960000	-0.006465491	348.67142	0.0	-160.0452	1.2331257	-7.897616e-10	755.8058450222015
490	4.296158	54.60791	58.97698	-135.26103	377.55554	3.7581184	28.621653	59.35054	-76.04975	1964000	-0.0069133714	560.7649	0.0	-299.2815	1.2016795	6.4074995e-10	758.0112051963806
491	18.107897	33.120556	78.29573	-51.170906	387.0	-0.72732764	22.758276	51.62894	-84.44481	1968000	-0.042787902	566.77295	0.0	-230.32996	1.2	6.109476e-10	760.5844509601593
492	5.338752	28.419775	36.13432	-58.021317	374.5	-1.8798383	21.025887	46.649136	-80.59493	1972000	-0.011140935	457.777	0.0	-140.80411	1.2077334	4.768372e-10	762.7085239887238
493	9.249933	48.3226	84.239494	-127.110306	325.25	7.0858984	23.859228	63.057457	-83.10057	1976000	0.022114012	761.6158	0.0	-335.66043	1.1766825	-2.115965e-09	765.0958960056305
494	5.8557954	61.924236	52.90229	-168.10037	298.4	-4.2687387	24.799734	39.955833	-112.0483	1980000	-0.042330846	345.8816	0.0	-143.53522	1.190715	1.4603138e-09	767.0129652023315
495	-0.12619257	41.112823	69.12343	-63.723675	484.625	-7.1308126	26.89896	49.881233	-109.88015	1984000	-0.035503365	798.56885	0.0	-531.5264	1.2080925	-1.4454127e-09	770.0058879852295
496	9.107335	38.20655	63.987976	-48.472	685.8	-9.583538	20.156	45.52147	-84.79612	1988000	-0.04895155	346.12238	0.0	-126.08616	1.2533875	5.5134297e-10	773.3000009059906
497	1.259874	27.884272	30.716837	-67.66733	395.9	7.190074	24.260231	66.88374	-79.52296	1992000	0.0050461404	777.469	0.0	-422.0746	1.1953195	-4.61936e-10	775.4047548770905
498	-40.923534	53.894833	17.007074	-146.9964	536.1667	-6.896185	20.12485	38.780167	-95.4261	1996000	-0.039653145	833.22186	0.0	-347.15747	1.2232728	-1.5497208e-09	777.7968912124634
499	1.1927407	30.071676	49.22587	-31.33248	525.4	-7.389277	18.787483	36.49258	-79.703384	2000000	-0.06238964	481.32385	0.0	-186.1639	1.2457411	-3.7252904e-10	780.3880879878998
