Epoch	AverageEpRet	StdEpRet	MaxEpRet	MinEpRet	EpLen	AverageVVals	StdVVals	MaxVVals	MinVVals	TotalEnvInteracts	LossPi	LossV	DeltaLossPi	DeltaLossV	Entropy	KL	Time
0	-221.95667	144.15434	6.428892	-520.73376	98.375	0.17613634	0.050544128	0.25472564	-0.04030563	4000	0.0030117203	19321.3	0.0	-1068.9219	1.3827145	-1.1026859e-09	2.920525074005127
1	-291.17685	108.594894	-77.83293	-454.99493	83.59574	-3.9418008	1.0017092	1.3401309	-4.9760976	8000	0.0077305604	28704.873	0.0	-1759.6797	1.297536	5.9604643e-10	5.90872597694397
2	-119.81563	59.081814	-21.99785	-298.27335	101.89744	-9.64629	0.4147751	-1.8136066	-9.784229	12000	-0.0033175831	4254.3984	0.0	-189.99219	1.3340099	-1.3411046e-09	8.937588214874268
3	-205.48288	81.82894	9.414246	-381.31635	102.68421	-11.329893	0.49077177	-3.102538	-11.480795	16000	-0.0012933724	11112.924	0.0	-478.6914	1.3130757	-5.662441e-10	11.995238304138184
4	-145.4628	75.6133	16.396698	-323.40942	116.84849	-13.926408	0.12782173	-12.624128	-13.991423	20000	-0.0013770441	5006.607	0.0	-192.06787	1.2867774	1.4603138e-09	15.109951972961426
5	-97.905174	72.11303	-4.9881697	-328.4562	141.75	-15.690931	0.073067985	-14.501748	-15.74786	24000	-0.0328859	2531.081	0.0	-73.2334	1.2427049	9.23872e-10	18.268086194992065
6	-53.14309	59.482735	41.122097	-160.9652	242.25	-16.6821	0.36709434	-15.0849085	-16.883127	28000	-0.016002327	996.2761	0.0	-0.58203125	1.1754628	1.4901162e-11	22.868082284927368
7	-251.85834	152.36362	37.819706	-443.9362	292.33334	-16.734442	0.507849	-14.55055	-17.051498	32000	0.049652595	5618.541	0.0	-87.390625	1.1087321	1.0877848e-09	27.688287258148193
8	-80.881035	67.3088	42.710903	-185.94292	281.33334	-18.03521	0.36294436	-16.304163	-18.259897	36000	0.037471775	1580.9456	0.0	-0.42236328	1.0819345	7.599592e-10	32.34773302078247
9	-16.138485	53.259262	46.46088	-134.67442	394.0	-17.8035	0.4796955	-16.361376	-18.240242	40000	0.0070371	1424.0433	0.0	-10.590576	1.1209233	1.0877848e-09	38.249582052230835
10	15.686549	27.120705	54.518066	-40.236107	352.77777	-17.292692	0.51619625	-15.788438	-17.763226	44000	0.015420763	1149.1125	0.0	-21.134766	1.1550181	9.834766e-10	44.92088031768799
11	14.742802	29.635384	70.93441	-49.2472	234.58824	-16.700315	0.56470525	-15.03473	-17.079967	48000	-0.0046982337	1578.158	0.0	-25.408203	1.1330006	5.662441e-10	49.777409076690674
12	5.2064753	26.358587	47.701157	-61.756912	121.06061	-16.191174	0.093920074	-15.651009	-16.283646	52000	0.010391834	1551.968	0.0	-18.464111	1.0803277	1.475215e-09	52.89749312400818
13	11.387693	23.038006	52.86254	-54.259453	175.95238	-15.282033	0.47369242	-13.459407	-15.562552	56000	0.019704087	1588.9048	0.0	-24.432617	1.0815488	-2.8312205e-10	57.39192008972168
14	19.7553	23.92969	48.11458	-38.862488	311.4	-14.218165	0.6910301	-12.274461	-14.72781	60000	-0.01767428	1358.5144	0.0	-21.914673	1.0715535	1.2218953e-09	63.02219533920288
15	25.821045	29.324003	76.37686	-34.371735	441.77777	-13.281839	0.96844983	-10.35713	-13.968943	64000	-0.0051370463	1097.2961	0.0	-27.545654	1.0748601	3.5762787e-10	69.05374717712402
16	5.001476	43.53683	64.078125	-72.515816	320.25	-11.985744	1.823474	-5.646818	-13.277536	68000	-0.016203076	1675.3076	0.0	-13.255249	0.9739867	-3.2633543e-09	74.93088412284851
17	44.65532	48.77601	87.48734	-48.912857	687.0	-12.371178	0.8448968	-9.23439	-12.891883	72000	-0.047471803	1167.05	0.0	-20.087036	0.8838547	-2.041459e-09	80.64642024040222
18	-5.97188	43.111767	38.759857	-77.242294	846.25	-11.254649	1.043951	-7.4844365	-12.121275	76000	-0.038646325	597.41125	0.0	-12.69635	0.92653006	-1.937151e-10	86.59293913841248
19	-11.300082	27.141453	28.50947	-39.7348	842.0	-10.206646	1.3079361	-5.8790393	-11.393634	80000	-0.06759754	542.98303	0.0	-10.600037	0.93616295	2.0116568e-09	92.86379313468933
20	91.46048	16.065096	109.3246	65.90495	1000.0	-9.958184	1.1248127	-6.036237	-10.777989	84000	-0.041849013	424.60416	0.0	-130.85437	0.8629733	-1.1771918e-09	99.73597717285156
21	87.09127	52.69751	129.83582	-1.5212535	839.5	-3.5763857	1.3321065	-0.21567166	-5.2438674	88000	-0.0019386897	573.72296	0.0	-124.121185	0.84470123	8.642673e-10	106.04295516014099
22	77.41748	87.523026	166.51147	-51.916008	846.0	3.7299864	1.9851272	6.708608	0.5518187	92000	-0.031351816	479.34357	0.0	-29.669403	0.8581101	-2.3394824e-09	112.65780210494995
23	27.908106	125.64469	202.1471	-83.7548	600.8	6.299705	1.7229137	8.729997	2.2220182	96000	-0.025835393	1173.9198	0.0	-108.13965	0.8417499	-1.8924475e-09	118.37420105934143
24	20.451305	123.71825	191.91278	-99.91589	766.4	1.3811247	2.5763195	6.2848415	-4.425732	100000	-0.068812236	994.81274	0.0	-100.92285	0.9056953	1.9222497e-09	123.94233322143555
25	15.639227	88.85634	158.3293	-78.68208	960.75	-2.4108088	5.99013	9.5683565	-9.067356	104000	-0.0985266	419.23068	0.0	-21.608154	0.9327009	-1.4454127e-09	131.50520610809326
26	-49.58361	41.51806	19.415209	-84.48397	1000.0	-5.198182	6.06898	10.545064	-10.125427	108000	-0.1211846	77.410675	0.0	-5.932022	0.99189126	1.9073487e-09	138.00455117225647
27	-81.787575	26.145216	-38.879894	-109.08988	1000.0	-2.8507705	7.205392	10.966311	-10.546003	112000	-0.08820797	78.37419	0.0	-29.882378	0.96416044	1.8775463e-09	144.50836205482483
28	-62.98758	19.942295	-36.033104	-89.81661	1000.0	-8.268937	5.2358174	9.345452	-11.134598	116000	-0.09513673	53.918636	0.0	-6.7103386	0.96273315	1.5199184e-09	151.21943712234497
29	-54.884613	31.50023	-29.308077	-108.83016	1000.0	-5.6828203	6.7197485	10.911301	-10.878885	120000	-0.09786115	77.68609	0.0	-4.949486	0.9488439	-1.5944243e-09	157.98697233200073
30	-42.707893	8.568854	-30.451828	-52.56832	1000.0	-7.131628	5.971202	9.43174	-11.632409	124000	-0.17550623	22.570808	0.0	-2.9464054	0.9604751	-1.4901162e-11	166.08407616615295
31	139.4503	11.537269	153.48924	126.45807	833.25	-2.1148646	7.274665	11.329831	-11.325437	128000	-0.16647264	832.64966	0.0	-206.58728	0.91835666	1.0877848e-09	172.9597771167755
32	185.69289	63.076283	227.00005	60.423954	724.2	9.906771	1.3375882	11.47464	5.2747073	132000	-0.19029133	627.1126	0.0	-38.347534	0.8377201	1.7881394e-10	178.92133808135986
33	138.2833	109.656006	253.8179	-56.35487	703.6	12.169529	0.5531815	12.468966	7.350566	136000	-0.08413037	610.5167	0.0	-3.034546	0.69802016	1.4454127e-09	184.00254321098328
34	62.122097	131.8264	239.48436	-72.47722	426.33334	12.681896	0.24051733	12.873526	11.057347	140000	-0.06358317	1958.8938	0.0	-5.4295654	0.79418606	-1.1473894e-09	188.56190514564514
35	19.171965	108.42003	217.0623	-85.37633	436.1111	11.883717	0.6982557	12.364582	7.330386	144000	-0.040371012	1973.289	0.0	-51.327515	0.762992	-9.685754e-10	193.24829816818237
36	31.27264	124.64849	234.79947	-88.74916	379.8	10.316205	0.23528175	10.615337	9.553554	148000	-0.055388827	1803.005	0.0	-45.634766	0.76546484	0.0	197.50125908851624
37	6.8974757	106.81421	211.75362	-105.98538	282.3846	7.559405	1.6936765	9.58344	-0.16227612	152000	-0.04273919	2191.9504	0.0	-235.15295	0.73198074	3.3974648e-09	201.39945220947266
38	-13.4004545	106.263535	183.1996	-160.64465	244.9375	-0.811763	6.617965	9.139502	-9.40415	156000	-0.0029584197	2553.5093	0.0	-170.20361	0.6795935	8.046627e-10	204.98928833007812
39	0.07492193	115.18286	190.53503	-114.53873	318.5	-4.5196886	9.63647	12.089131	-12.49939	160000	-0.033341654	1868.8461	0.0	-53.96985	0.6621036	-1.7881393e-09	209.09430503845215
40	-58.425373	57.007008	131.19719	-124.7407	219.23529	-1.6033317	11.940272	13.507361	-13.933416	164000	-0.0001704297	1801.6443	0.0	-233.83374	0.6933597	7.1525574e-10	212.6814363002777
41	-81.65079	73.41483	173.80887	-178.22908	225.58824	-10.124809	11.60542	16.18847	-16.818155	168000	-0.0039606146	1952.0	0.0	-143.21362	0.73409617	-3.7401913e-09	216.1757082939148
42	-88.40322	25.78272	-24.12335	-127.49542	238.125	-11.809747	14.700969	19.383638	-20.212782	172000	-0.0030726928	1080.058	0.0	-112.55176	0.7281084	-1.2367963e-09	219.77664995193481
43	-88.33311	61.978218	135.31807	-127.00901	261.4	-15.190087	14.068998	21.75833	-22.78488	176000	-0.06458757	1157.6947	0.0	-193.22455	0.67828816	1.0728836e-09	223.67729926109314
44	-69.13066	83.97022	251.88118	-139.76721	220.94444	-12.5507345	17.467087	23.768421	-24.925135	180000	-0.052127108	1152.3702	0.0	-121.57178	0.6896206	-2.6077032e-09	227.36653113365173
45	-86.21271	36.81866	-2.9230504	-127.201454	203.36842	-15.384596	19.638098	26.274809	-27.540323	184000	-0.0034673763	1091.88	0.0	-114.97125	0.68979394	-3.144145e-09	230.92061734199524
46	-37.37102	105.328735	217.39664	-116.42727	253.2	-18.561445	20.481503	28.596567	-30.102877	188000	-0.095183104	1471.7415	0.0	-335.85828	0.6558568	5.811453e-10	234.59882712364197
47	-80.346306	42.148693	31.670454	-144.15697	241.5	-17.562092	19.045681	30.315046	-31.612097	192000	-0.031546507	918.24786	0.0	-160.80139	0.74420667	2.9802322e-10	238.3896450996399
48	-88.50602	94.37221	204.28043	-141.46794	337.0	-16.574287	22.846878	32.524742	-34.22986	196000	-0.07079408	885.7059	0.0	-186.95642	0.7256631	-1.3411046e-09	242.49832129478455
49	-114.95508	23.776203	-68.78766	-149.95764	387.8	-23.526676	21.272486	35.01456	-36.77705	200000	-0.035271328	644.0329	0.0	-106.62427	0.78569174	-7.4505807e-10	246.75943613052368
50	-132.32683	31.420374	-82.718	-180.0747	614.8333	-22.533833	22.267963	36.884586	-38.782387	204000	-0.04333675	510.47366	0.0	-78.32025	0.7970969	-2.3692845e-09	252.01003122329712
51	-177.84705	37.87967	-122.59041	-220.30048	882.25	-29.178286	15.779442	32.66958	-40.24221	208000	-0.009527645	352.93207	0.0	-80.388885	0.8475801	1.7434358e-09	257.624272108078
52	-57.56626	30.04783	-8.62923	-90.53668	848.25	-3.6218803	18.839815	38.795776	-29.788143	212000	0.0059603327	532.0269	0.0	-202.11539	0.83765966	1.4156103e-09	263.8427131175995
53	171.59657	75.785706	255.67331	53.90377	658.0	16.136497	21.73566	38.991806	-17.857513	216000	-0.02010088	743.5368	0.0	-217.19739	0.66609424	-1.9967556e-09	269.38379311561584
54	172.9203	105.63562	290.76556	-39.654545	543.7143	21.274265	12.370231	38.617966	-3.089511	220000	-0.07080772	1026.7919	0.0	-284.79095	0.69641066	2.30968e-09	274.32502341270447
55	250.44249	42.488922	284.4357	144.84885	452.625	30.728363	9.19775	39.43988	0.79838884	224000	-0.13380224	849.6228	0.0	-51.396362	0.6665719	-3.9935113e-09	279.0277261734009
56	233.11073	60.732388	292.00552	42.982742	310.08334	39.37728	1.9517214	41.14	30.609003	228000	-0.16052051	977.15936	0.0	-133.78351	0.6745475	2.9206275e-09	283.0902202129364
57	199.54108	80.10134	276.70975	29.601664	435.33334	44.149166	0.19374079	44.27553	39.562263	232000	-0.07422221	1314.9175	0.0	-564.4763	0.6146233	-2.30968e-09	287.75078225135803
58	177.11014	109.614044	273.09976	-23.14445	424.0	29.981945	19.335205	44.222153	-3.6380105	236000	-0.010038039	1144.8538	0.0	-13.472046	0.55500543	-1.7732382e-09	291.6006851196289
59	141.10606	128.96083	291.5521	-26.381134	268.30768	40.942257	10.581715	44.46191	-2.9036365	240000	-0.046502594	2197.3762	0.0	-44.353516	0.6192604	-7.0035455e-10	295.6291949748993
60	168.82169	110.38076	251.6269	-43.792267	390.3	31.074207	19.610699	42.890114	-4.3452973	244000	-0.03923398	1169.828	0.0	-27.495972	0.55889124	-1.6391277e-10	299.7250020503998
61	63.59063	127.09967	275.01767	-87.18371	255.28572	42.29532	3.4011223	42.72169	4.301679	248000	-0.052370884	4240.7085	0.0	-338.65576	0.5829226	4.4703483e-10	303.4053440093994
62	117.026375	128.4086	279.89758	-51.03913	316.16666	36.009483	4.977522	37.23719	-3.03447	252000	-0.031566013	2536.5503	0.0	-76.867676	0.5590981	-1.1771918e-09	307.32228922843933
63	100.18348	128.83624	264.28073	-67.61922	356.18182	34.139244	3.8880847	34.806618	-11.455714	256000	-0.033414163	2431.5688	0.0	-381.052	0.59962404	3.412366e-09	311.63251519203186
64	133.18759	102.807175	247.83823	-38.094467	348.27274	20.047234	8.757334	32.543457	-16.165977	260000	-0.11434162	1506.4309	0.0	-163.99658	0.58935314	1.1771918e-09	315.7258002758026
65	137.32558	120.82113	251.74261	-68.90856	480.125	22.989124	12.556731	33.766754	-18.269394	264000	-0.070513435	1268.0782	0.0	-31.652832	0.58186656	4.8130753e-09	320.59185004234314
66	135.02649	103.23118	229.97696	-57.296993	459.125	21.374008	12.131651	33.54425	-14.745139	268000	-0.08880116	1150.8909	0.0	-22.962769	0.613666	-2.7865172e-09	325.4273931980133
67	167.9984	105.09445	230.23709	-65.47366	648.3333	16.978443	14.304668	34.067932	-21.377495	272000	-0.06549953	925.92114	0.0	-102.048035	0.55109245	9.536744e-10	331.34990429878235
68	55.975937	105.83576	212.46904	-60.135468	651.8333	16.432558	11.037106	34.14721	-8.800048	276000	-0.031812478	866.81177	0.0	-109.716125	0.6703984	1.2069941e-09	337.2842869758606
69	181.44151	78.55193	273.05865	24.631563	568.2857	9.042129	6.9100957	33.928547	-14.543147	280000	-0.1596383	1129.8378	0.0	-224.59021	0.6478182	-6.273389e-09	343.81738233566284
70	162.80919	37.34069	222.78485	106.39819	791.2	14.591866	8.715862	34.78662	3.6953409	284000	-0.074146725	650.4028	0.0	-93.11658	0.651476	2.026558e-09	349.97462821006775
71	186.21118	48.706554	273.39807	135.9948	712.6	11.577453	4.9458036	35.13476	-1.2602762	288000	-0.17564237	686.18054	0.0	-97.359924	0.6955819	2.30968e-09	356.6326630115509
72	169.381	107.8778	285.17157	-19.939842	700.8	12.9086075	6.7724633	36.090706	6.939755	292000	-0.12983963	688.2699	0.0	-29.541016	0.6997991	2.1904707e-09	362.79457926750183
73	23.864511	66.90081	134.67514	-42.552414	991.75	12.1823435	4.9862986	37.086452	4.5282383	296000	-0.10300539	346.65668	0.0	-51.346527	0.7343785	1.6838312e-09	370.6751322746277
74	1.3384774	115.08419	201.84975	-115.54228	783.2	10.1979475	6.71383	36.876488	-37.017475	300000	-0.07063968	503.2037	0.0	-72.86682	0.6830568	-5.2154064e-10	377.2739191055298
75	-143.95937	16.172	-126.88564	-160.13419	1000.0	5.229345	0.78565305	21.628002	4.3670306	304000	-0.02268144	498.89584	0.0	-427.56845	0.7262826	-2.115965e-09	383.6878442764282
76	-73.64145	22.997557	-34.319965	-90.75348	1000.0	-15.661824	3.267451	7.195151	-18.826115	308000	-0.08554132	81.774155	0.0	-49.285137	0.72338134	-8.642673e-10	390.29873418807983
77	75.57651	149.80438	293.4261	-77.52217	821.25	-6.6845045	11.424335	36.155006	-25.523241	312000	-0.09389864	471.22943	0.0	-73.287994	0.6868162	1.6689301e-09	397.6481902599335
78	-12.886047	21.665213	7.9465604	-45.9975	1000.0	-5.109576	7.268288	36.108006	-13.963867	316000	-0.06393695	52.068264	0.0	-7.622303	0.7169383	-3.874302e-10	404.07025623321533
79	21.686117	59.80164	115.78352	-45.969402	993.0	-3.6154652	8.301393	37.06534	-14.368784	320000	-0.06309222	200.11351	0.0	-17.20906	0.70619243	-1.475215e-09	410.9950621128082
80	19.168303	92.590836	203.2895	-35.667137	728.8	1.8404562	11.370927	37.255947	-13.014877	324000	-0.016476382	335.317	0.0	-14.437897	0.67443573	3.3974648e-09	416.35007429122925
81	-39.640717	14.138584	-21.426378	-57.79343	781.0	-5.5164704	9.10889	37.508926	-14.247952	328000	0.012479473	141.14528	0.0	-26.403183	0.7008092	-2.4139881e-09	421.87857723236084
82	-48.343098	7.2118087	-42.2755	-60.458813	1000.0	-5.0718994	4.837393	20.296257	-13.414214	332000	-0.084959626	41.15724	0.0	-5.8359413	0.69839865	-4.917383e-10	428.3314971923828
83	4.372159	131.15604	244.1231	-153.36171	690.6	0.43457317	11.876513	37.17694	-37.740097	336000	-0.012908804	724.0856	0.0	-43.213806	0.6415934	-1.3262034e-09	434.0305881500244
84	-16.633436	16.272694	5.5025535	-32.271996	789.0	-5.8821034	10.106166	37.46076	-14.331168	340000	-0.029806865	101.55237	0.0	-16.735527	0.68792444	9.685754e-10	441.12230920791626
85	-18.966997	27.049326	10.955212	-62.84378	1000.0	-3.7211819	8.410794	37.38804	-13.149956	344000	-0.055472832	60.752037	0.0	-13.461853	0.6809669	-4.7534705e-09	448.6572701931
86	-5.6697693	26.070688	27.937069	-43.932518	1000.0	-4.399209	7.328403	31.539896	-12.818326	348000	-0.056567598	60.10054	0.0	-24.74218	0.6855314	2.667308e-09	455.5475261211395
87	10.15547	15.379268	31.762161	-8.397005	1000.0	-4.2284207	11.127737	37.745663	-15.038661	352000	-0.051721465	65.423836	0.0	-11.529423	0.6723113	-8.1956386e-10	462.3488562107086
88	34.965435	61.166073	135.86964	-26.183975	997.75	-4.08434	14.651473	38.135456	-20.816303	356000	-0.04686358	327.75632	0.0	-89.081696	0.6620295	-9.387732e-10	470.42369413375854
89	146.41962	83.16203	250.0318	36.194695	633.1667	11.726575	17.061352	37.966373	-11.622345	360000	-0.028431889	719.4275	0.0	-131.8147	0.5810993	-6.54161e-09	476.01884627342224
90	155.41917	60.747234	249.99141	89.33612	749.2	22.19781	12.09116	37.70842	-3.2015166	364000	-0.046768546	555.93976	0.0	-31.87555	0.57386136	2.2351741e-10	481.72713327407837
91	150.52489	90.4077	273.9194	17.547918	579.6667	24.510866	10.345807	36.475193	-3.4933596	368000	-0.072033636	752.58795	0.0	-116.62146	0.584911	3.710389e-09	488.1785809993744
92	109.02124	107.204056	229.70885	-23.77307	532.7143	17.283247	8.847201	34.47955	-0.003720045	372000	-0.028182313	1055.9156	0.0	-176.67407	0.60113513	4.1723253e-10	493.25378036499023
93	187.21518	69.42999	256.677	2.4127667	425.33334	18.21887	14.747552	35.415985	-8.44996	376000	-0.07645819	887.6531	0.0	-379.0349	0.53459364	1.5199184e-09	498.18775701522827
94	192.2277	94.72532	273.90576	-64.12314	428.66666	30.308628	5.7974706	37.72662	-9.991468	380000	-0.0903962	929.66144	0.0	-108.970764	0.53836435	-7.748604e-10	502.6370322704315
95	244.9155	25.63223	294.4219	216.2894	383.7	33.58093	9.647416	41.397865	-6.1507607	384000	-0.10996472	698.3502	0.0	-150.66272	0.47800905	5.811453e-10	507.1318361759186
96	187.09311	96.10477	261.387	-12.487266	367.3	36.24229	10.40958	45.82199	5.6368566	388000	-0.054653972	984.59125	0.0	-216.01721	0.5211045	3.7252904e-10	511.4462893009186
97	210.30943	93.64541	311.0029	10.197762	395.5	41.45589	12.91002	48.344894	-37.36369	392000	-0.060214832	1425.595	0.0	-94.8855	0.51579744	7.0780515e-09	515.8706741333008
98	207.69972	110.427986	315.7872	-22.737394	350.0909	38.380806	11.153177	45.686993	-29.890734	396000	-0.056234773	1669.2693	0.0	-89.16931	0.48398116	-5.9604643e-10	519.7233781814575
99	214.69014	76.64256	306.0296	38.20301	347.9091	41.984093	11.150034	47.373074	-15.698868	400000	-0.0900698	1192.6146	0.0	-60.328125	0.503499	-3.0994416e-09	523.6239070892334
100	222.69604	60.247368	277.90845	79.73214	378.9	44.807964	7.8647513	48.88982	-25.336258	404000	-0.026870824	909.2881	0.0	-32.099854	0.45663667	-2.4139881e-09	527.6755781173706
101	230.0586	64.23655	291.3982	30.835709	306.91666	44.64655	7.4495068	48.696613	-29.920454	408000	-0.100139946	836.0286	0.0	-127.30707	0.47087243	3.1292438e-09	531.5652799606323
102	208.01192	93.370384	277.5224	14.367559	472.2857	49.8794	7.524607	52.935978	19.235472	412000	-0.044542134	1237.9528	0.0	-198.36047	0.5278215	-1.5050173e-09	536.2038793563843
103	241.95676	48.48038	302.41452	127.595055	443.625	43.889645	9.966393	48.83733	6.062375	416000	-0.048081774	946.4397	0.0	-76.27142	0.5108627	-2.1010638e-09	540.7275152206421
104	226.66414	60.044415	311.3694	143.57545	567.4286	45.941322	1.8711296	46.655296	34.979004	420000	-0.074096866	1291.8676	0.0	-94.91028	0.5189358	6.3627956e-09	545.5983862876892
105	263.11325	17.22848	313.94833	240.81992	284.5	41.71134	2.0762963	42.641376	28.954737	424000	-0.14697848	1042.8746	0.0	-325.03876	0.45977876	2.9355287e-09	549.4474742412567
106	260.09998	40.954685	311.45474	153.43892	333.0	48.637245	0.61130387	48.79781	42.703243	428000	-0.12896103	1221.2982	0.0	-60.185913	0.46824634	-3.248453e-09	553.5729310512543
107	240.66165	68.6892	301.43564	19.277979	284.23077	51.609947	0.55701387	51.81527	46.61953	432000	-0.09790541	956.597	0.0	-196.38202	0.47642672	-2.3841857e-09	557.3077120780945
108	211.18646	97.454605	300.7058	0.96649164	329.08334	50.448273	9.316272	54.742565	5.6999674	436000	-0.08158554	1454.2255	0.0	-180.40076	0.50457144	-1.3411046e-09	561.1354920864105
109	254.26006	54.316566	303.75302	125.6567	426.0	47.46185	22.62224	55.597893	-56.177425	440000	0.011343889	1330.9935	0.0	-242.49817	0.4154697	1.1622906e-09	565.3804342746735
110	213.17621	76.01129	272.84058	29.629671	395.66666	50.209785	7.2764845	53.584496	-44.845497	444000	-0.07440325	1055.9811	0.0	-131.1784	0.4856569	-6.4074995e-10	569.8378660678864
111	244.1093	61.06087	293.8431	32.56709	281.14285	45.51019	13.105038	52.064205	-16.468874	448000	-0.07662283	1004.0266	0.0	-207.94562	0.44194847	-1.6391277e-09	573.5790903568268
112	266.96527	28.26611	307.342	212.08943	303.15384	50.907726	8.421673	55.62247	10.690027	452000	-0.08861623	615.306	0.0	-107.39923	0.4057349	2.0712614e-09	577.571051120758
113	208.5124	104.51137	312.28018	-35.67722	352.45456	55.911777	6.610554	58.960236	17.933357	456000	-0.05767613	1549.9576	0.0	-152.67017	0.4891916	4.2766333e-09	582.1273481845856
114	165.96326	93.01231	234.19136	-20.728685	376.0	41.23847	17.369305	57.931465	-26.257353	460000	-0.022218352	1546.4415	0.0	-312.60364	0.48510304	3.5315753e-09	586.6696603298187
115	203.18019	79.68224	268.27866	44.531097	425.77777	42.11463	16.24017	55.517025	-35.581066	464000	-0.074214295	1159.1512	0.0	-128.83447	0.50312716	4.246831e-09	591.2378270626068
116	124.83712	124.16131	237.06537	-74.18957	406.66666	32.00205	11.843448	54.0121	-0.45318192	468000	-0.01776346	1631.0989	0.0	-406.80493	0.52086186	5.364418e-10	595.6699562072754
117	120.27461	124.36788	281.94583	-51.18911	467.0	21.032984	29.43616	54.03256	-46.200127	472000	0.03001294	1550.8583	0.0	-434.47253	0.48444077	4.0233136e-10	600.6544671058655
118	136.03987	125.30029	291.3598	-56.499355	520.1667	16.22736	26.423578	53.82762	-30.858137	476000	-0.02608711	1164.9364	0.0	-321.76965	0.48557287	2.115965e-09	605.8445601463318
119	42.008762	99.362	192.46745	-75.55737	548.5714	6.9578996	23.029928	53.71353	-53.73958	480000	-0.026476204	1142.6077	0.0	-232.38812	0.542193	-1.5795231e-09	611.0028352737427
120	70.860634	147.64969	273.7715	-105.391136	660.3333	1.6902564	25.565254	53.95845	-25.298185	484000	0.007678493	954.1674	0.0	-258.42737	0.53278196	5.662441e-10	617.3659222126007
121	67.54431	97.56265	176.5577	-54.117527	904.5	2.4261215	22.144367	54.1217	-22.140776	488000	-0.054903366	320.72406	0.0	-87.80174	0.5507703	9.834766e-10	623.5084762573242
122	-15.06063	14.916857	3.3637977	-37.501648	1000.0	-1.3971375	16.887856	53.567223	-18.988537	492000	-0.06192679	85.14392	0.0	-45.701103	0.5613708	-2.592802e-09	630.3781881332397
123	-11.020511	8.584186	3.519929	-18.32921	1000.0	-9.78758	14.127492	44.589355	-19.968079	496000	-0.079389445	58.976883	0.0	-26.558498	0.56981486	2.0563602e-09	636.1969201564789
124	-47.060276	8.964715	-37.158894	-61.5467	1000.0	-4.346839	13.786671	47.543293	-18.073732	500000	-0.059329335	43.545853	0.0	-23.576895	0.57030696	1.6689301e-09	643.3869671821594
125	-18.927395	6.300115	-9.728798	-25.729162	1000.0	-0.88932467	16.82416	50.86972	-16.548632	504000	-0.06570862	76.42948	0.0	-51.43605	0.5518846	-6.109476e-10	650.8064823150635
126	-37.51239	6.0477924	-30.413088	-44.629925	1000.0	-11.369066	6.6355114	26.789679	-17.267647	508000	-0.07417925	46.9315	0.0	-29.971922	0.5622496	1.7881393e-09	658.6037540435791
127	-54.23642	86.88973	0.36487865	-204.62297	833.75	2.1445825	20.748394	54.03877	-15.514598	512000	0.024645042	1014.72534	0.0	-378.68085	0.54168785	-9.685754e-10	665.3143610954285
128	-29.753723	30.767765	6.1286483	-69.783035	1000.0	-8.058435	8.7034	30.369858	-16.283072	516000	-0.073888786	74.782906	0.0	-25.164665	0.5404102	-1.0579825e-09	674.0888411998749
129	-19.069405	11.117462	-2.5872312	-31.066553	1000.0	-2.4034677	12.65104	37.000843	-14.507369	520000	-0.06964655	52.514847	0.0	-35.759438	0.54192126	-3.5762787e-10	682.9484872817993
130	-19.72213	20.456314	1.6161995	-53.455936	1000.0	-6.7986426	10.341	38.193405	-15.083281	524000	-0.07942587	42.796967	0.0	-17.241777	0.53268164	6.705523e-10	691.6362912654877
131	-8.776154	12.942567	11.993229	-23.637838	1000.0	-3.2114184	11.947415	40.81817	-14.451344	528000	-0.07624298	56.757965	0.0	-27.041992	0.5413522	2.9802323e-09	699.2190542221069
132	-25.246252	15.748819	-7.0467315	-49.40138	1000.0	-4.556995	11.976557	36.796688	-15.203861	532000	-0.06632236	25.24482	0.0	-8.319656	0.5520654	-2.6226044e-09	706.6661550998688
133	1.1043637	10.280078	11.428412	-15.625252	1000.0	-0.14235333	13.046238	43.746037	-13.444653	536000	-0.061828513	82.35227	0.0	-56.111164	0.549292	9.834766e-10	713.6015360355377
134	63.22845	77.06581	166.38535	-32.5537	911.5	-2.560814	15.854236	51.538227	-18.811775	540000	-0.091747284	155.91287	0.0	-57.636887	0.51793885	2.9802324e-11	719.5256371498108
135	74.98105	116.45362	182.8738	-120.90387	659.3333	12.43326	20.129175	54.84149	-16.436476	544000	-0.020500092	1000.8496	0.0	-290.69	0.48916522	4.172325e-09	724.7915403842926
136	91.428345	99.353264	203.21004	-78.018906	544.1429	13.941896	23.825632	55.101246	-15.049698	548000	0.003659249	1121.241	0.0	-183.276	0.46589026	8.791685e-10	729.5089361667633
137	176.30109	78.11023	234.13185	-30.31663	412.55554	15.47208	24.290297	54.0606	-17.542511	552000	-0.028374186	919.2085	0.0	-239.38324	0.43330413	-2.682209e-10	734.0281572341919
138	51.97165	107.43913	240.37718	-84.76281	419.1111	33.788425	17.48544	56.698154	-2.7955246	556000	0.01912766	1975.1038	0.0	-695.92444	0.4902988	2.7120113e-09	739.03613114357
139	86.121666	114.91444	268.84222	-69.10644	393.9	14.919541	22.87415	51.68634	-17.947607	560000	0.0009218344	1361.8445	0.0	-118.96448	0.4130998	-1.7881394e-10	743.5050890445709
140	70.50109	100.19586	194.65648	-79.43934	325.8	19.9012	25.546247	53.886574	-18.512737	564000	-0.0029033711	1390.8281	0.0	-323.24146	0.46129113	8.791685e-10	747.9257752895355
141	22.834896	114.190216	228.28966	-87.4691	283.57144	14.821324	21.164375	49.846954	-41.948933	568000	0.0086922245	1822.3298	0.0	-325.62073	0.41997802	2.6822091e-09	752.0179851055145
142	87.736	91.25696	214.47441	-40.094135	420.8889	7.316738	24.032452	51.161556	-21.440657	572000	-0.059832025	1200.0394	0.0	-323.63257	0.5033729	-1.0430813e-10	756.5186381340027
143	82.61791	93.769005	214.8999	-39.832733	356.54544	20.872253	22.23265	53.956436	-29.321974	576000	-0.041650023	1237.1652	0.0	-514.73065	0.41705176	-3.7252904e-10	761.1310520172119
144	-41.508533	94.86052	157.67833	-204.90282	308.41666	17.694426	15.610822	55.13038	-16.536518	580000	0.072736196	2444.3303	0.0	-1016.0333	0.40576404	1.6093255e-09	765.1548473834991
145	-19.76291	122.16047	157.0232	-162.53363	316.91666	-3.1983366	19.75432	50.501835	-23.27391	584000	-0.036163565	2030.8746	0.0	-553.5814	0.49405554	3.0845404e-09	769.1829781532288
146	-43.219593	74.253	109.797104	-151.33905	362.81818	-0.34511217	24.565258	53.642864	-46.772312	588000	0.004102056	1500.5592	0.0	-593.1973	0.5046817	6.109476e-09	773.2009720802307
147	-80.52909	60.97378	125.35178	-146.16685	267.92856	-5.3267417	22.931555	43.694317	-55.565765	592000	0.011394182	1381.7037	0.0	-270.69824	0.49951458	-2.2649764e-09	777.0222201347351
148	-100.9264	15.970507	-68.91317	-124.17708	318.58334	-17.622334	19.755533	35.93822	-35.202396	596000	0.039676934	972.8108	0.0	-263.76276	0.5099187	-4.917383e-10	781.0291812419891
149	-110.35853	118.412254	186.99078	-488.8918	209.21053	-12.762783	23.086266	48.252644	-60.628693	600000	-0.002949775	3497.08	0.0	-738.0342	0.48524866	1.9222497e-09	784.6328513622284
150	-110.78615	36.740654	-64.856346	-197.0587	220.61111	-21.116901	21.436644	37.422703	-52.264492	604000	0.0210713	855.13837	0.0	-200.89392	0.5031962	-6.109476e-10	788.2513952255249
151	-91.88563	60.59058	144.40167	-170.99376	181.13637	-25.297691	23.023565	53.949295	-66.74477	608000	0.013236064	1022.0479	0.0	-253.29443	0.45016256	-1.1920929e-09	791.6664650440216
152	-94.69721	26.964716	-44.343113	-147.51057	227.47058	-30.712622	20.979881	28.623756	-63.272415	612000	-0.03911064	659.36993	0.0	-129.1687	0.4909546	6.6012142e-09	795.3071222305298
153	-82.03624	79.63246	220.20493	-156.79694	224.94118	-25.737215	24.454819	35.49947	-67.93287	616000	-0.032961804	908.8819	0.0	-159.14014	0.4861555	5.662441e-10	799.009229183197
154	-84.20646	32.15877	-11.688034	-123.548386	282.7143	-29.18041	27.10982	35.740658	-52.892303	620000	-0.0062593296	369.55505	0.0	-83.94769	0.4900672	-3.97861e-09	802.9088382720947
155	-92.63346	42.544605	20.987917	-133.25923	324.83334	-27.3221	31.180275	53.8679	-53.93067	624000	-0.0322418	289.74612	0.0	-47.839066	0.500239	9.387732e-10	806.9722270965576
156	-115.948685	20.476793	-82.32915	-145.13518	398.1	-32.384136	26.81618	48.918625	-55.01748	628000	-0.0044473717	248.87428	0.0	-71.72266	0.535751	-4.3213366e-10	811.4026203155518
157	-97.07015	38.413418	-39.77766	-153.07205	660.0	-31.786701	31.167717	53.38287	-56.037064	632000	0.058105584	640.1374	0.0	-320.2067	0.48588505	-5.662441e-10	817.4938480854034
158	-132.47067	17.170668	-103.384315	-146.04504	813.0	-28.750746	19.761646	59.825596	-51.68558	636000	0.008190332	267.8007	0.0	-93.776245	0.5202891	-1.8775463e-09	823.544506072998
159	-147.73128	47.769817	-98.90478	-224.9259	903.5	-19.408648	19.503212	58.86566	-33.07904	640000	0.0007958579	184.0044	0.0	-9.4071045	0.51827973	2.0116568e-09	829.4422771930695
160	-133.66714	45.74295	-80.89019	-205.11473	779.0	-18.284111	20.282438	58.0766	-35.052773	644000	0.02390815	331.173	0.0	-40.07303	0.48866665	-1.5497208e-09	835.117329120636
161	-122.32381	38.044662	-78.71797	-187.33252	758.2	-20.45484	23.903244	60.37096	-42.349834	648000	-0.0017054486	254.7577	0.0	-44.18747	0.478525	-2.771616e-09	841.1072702407837
162	-71.095406	118.390526	212.82855	-163.8682	559.5714	-16.368174	25.70542	56.139927	-51.929726	652000	-0.0442098	381.84012	0.0	-125.55411	0.45358142	7.0035455e-10	846.0815012454987
163	-123.06208	36.917824	-64.2734	-162.01266	616.1667	-22.999744	31.348036	60.98638	-55.19714	656000	0.01393573	324.87582	0.0	-62.468964	0.45183304	4.0978194e-09	851.7013790607452
164	-141.96219	35.446903	-102.15546	-205.59378	672.2	-26.173882	26.48944	61.112583	-54.960926	660000	-0.005049124	147.5453	0.0	-20.77826	0.47183186	-5.364418e-10	856.9272933006287
165	-49.221966	138.1621	182.65042	-218.22374	493.7143	-16.164343	27.522108	62.923862	-54.728745	664000	-0.017188761	630.1641	0.0	-96.07977	0.4412173	2.0712614e-09	862.1543192863464
166	3.8607	133.13832	180.31253	-186.06639	640.8333	-4.4607234	36.69677	67.702675	-54.367332	668000	0.03744839	628.444	0.0	-148.02243	0.37322494	-4.8577786e-09	867.7315723896027
167	-98.57481	40.452255	-68.49488	-178.55417	798.0	-22.887789	25.890038	61.52294	-65.41474	672000	0.024890985	335.29382	0.0	-121.395874	0.44962645	2.5331975e-10	874.2508411407471
168	49.499573	61.876945	118.7159	-49.984188	793.0	-14.698227	23.61462	65.59055	-69.52161	676000	-0.07575931	657.90466	0.0	-495.02136	0.39771733	5.9604643e-10	880.5140511989594
169	21.287893	140.6367	187.8061	-164.46005	626.1667	-1.9987469	27.626854	68.73034	-21.548912	680000	0.00012088418	604.28564	0.0	-76.16168	0.40447405	4.4703484e-11	886.5968523025513
170	15.452069	126.876976	173.71889	-123.388626	604.2	-9.658226	30.036959	69.029755	-65.32164	684000	-0.016898742	503.0905	0.0	-51.95877	0.374018	1.5497208e-09	892.5820591449738
171	151.47115	45.499332	193.23384	57.44174	523.8333	8.184553	33.37238	69.53555	-26.264206	688000	-0.0029553017	387.6731	0.0	-153.29881	0.33782333	-2.7269125e-09	898.5633490085602
172	-5.473349	84.500015	106.780754	-111.301926	790.0	-1.6168331	23.824942	68.825294	-19.73164	692000	-0.03195749	336.61423	0.0	-47.55069	0.40850872	3.4272671e-09	905.9707851409912
173	-45.86895	84.401306	69.19902	-167.53693	562.0	-0.71388876	25.59819	68.43269	-30.135056	696000	0.035264518	1010.47095	0.0	-474.60278	0.39660805	-4.1425228e-09	911.917756319046
174	25.14614	97.21672	206.66963	-55.810375	616.6	-12.300932	28.018013	68.34421	-42.13254	700000	-0.012989097	436.12354	0.0	-113.14395	0.39128202	2.1457671e-09	918.2590341567993
175	4.4974704	86.099686	175.14029	-70.50187	490.2857	-5.355358	29.61281	69.14228	-59.28087	704000	-0.015061938	893.8764	0.0	-149.19891	0.38188404	4.2021275e-09	924.1852991580963
176	44.544453	112.89025	246.82944	-91.20276	539.1429	-4.698499	28.075243	64.222244	-50.206745	708000	-0.023624042	987.54614	0.0	-249.17407	0.356683	-3.5762787e-10	930.4054062366486
177	57.70282	137.00111	276.45328	-84.1511	488.375	5.417298	28.846699	70.88605	-41.81798	712000	-0.004170113	1286.2351	0.0	-307.23254	0.29580197	-8.940697e-11	935.7440450191498
178	20.571995	106.68615	231.37943	-83.45328	485.42856	-0.552349	28.354803	65.48326	-50.057213	716000	-0.021370562	876.3247	0.0	-86.56622	0.35222787	-1.4901162e-11	940.8169929981232
179	165.00732	114.31362	260.14825	-43.141914	485.57144	2.02621	28.846796	67.08116	-35.105576	720000	-0.025461946	1210.3612	0.0	-716.75464	0.25187048	1.4007091e-09	946.1550641059875
180	78.38515	71.264206	174.32509	-32.61365	721.4	13.766091	21.698778	73.30844	-22.405235	724000	-0.005595772	550.4725	0.0	-228.59882	0.29102507	-5.364418e-10	952.2566821575165
181	168.11859	108.13733	286.54654	-39.579704	422.44446	16.98221	25.284006	73.79081	-45.096504	728000	-0.055425584	1268.4812	0.0	-406.0846	0.31949565	1.9222497e-09	957.1468281745911
182	193.57274	49.32596	254.73267	106.74114	603.3333	31.43351	19.130396	75.465485	-26.878315	732000	-0.02138931	729.3085	0.0	-312.76883	0.3534427	1.847744e-09	962.8377840518951
183	122.72943	112.55621	244.47525	-87.42846	409.625	25.531868	21.02963	74.2739	-24.754627	736000	-0.019979512	1254.6018	0.0	-443.20996	0.3341137	-1.4007091e-09	968.3189642429352
184	177.58643	65.548355	258.0823	93.45623	762.0	10.784476	20.563265	69.63766	-17.707052	740000	-0.03419935	338.0486	0.0	-74.84134	0.4320172	-3.963709e-09	974.13636302948
185	117.66538	9.755558	129.20055	102.2278	1000.0	11.528863	19.450737	75.88856	-9.521954	744000	0.07132704	61.00077	0.0	-38.639175	0.18998554	1.7881394e-10	980.8209421634674
186	134.12817	23.094358	152.20493	94.47594	1000.0	8.600252	21.740267	76.34405	-24.584988	748000	0.051759765	49.525547	0.0	-11.167904	0.21102862	-8.642673e-10	987.0163471698761
187	133.65305	1.2972293	134.48145	131.40808	1000.0	4.8521304	20.7951	76.604034	-19.074432	752000	0.041856155	34.227535	0.0	-14.748539	0.4411917	5.1409006e-09	993.071934223175
188	181.8773	100.836334	273.26138	5.892104	356.0909	27.37447	28.825209	77.578026	-19.807535	756000	-0.0563228	1402.3228	0.0	-534.1941	0.41373128	-2.6077032e-09	998.0426752567291
189	116.23963	111.35933	266.30426	-47.952633	508.7143	31.54809	15.141709	72.2142	-7.4083724	760000	-0.00084297714	675.4195	0.0	-215.7392	0.45171502	-1.1086464e-08	1002.8890340328217
190	215.62979	90.16732	282.22314	3.6048286	251.3077	30.677734	18.029348	75.32518	-36.299385	764000	-0.09277914	1678.0942	0.0	-791.19275	0.4055519	-3.0249356e-09	1006.7084972858429
191	168.3269	124.82542	270.2368	-95.032646	281.75	53.43188	17.1981	79.06773	-55.56927	768000	-0.03891788	1495.1466	0.0	-421.64673	0.38396573	6.5118075e-09	1011.2194192409515
192	125.04663	145.04134	281.58716	-173.56099	208.66667	47.707466	19.320076	78.22018	-59.392826	772000	-0.015633471	1863.8495	0.0	-392.35925	0.33552647	8.1956386e-10	1014.9680581092834
193	177.2021	115.039154	265.40747	-57.81756	253.4	53.55176	17.780401	79.5208	-50.950226	776000	-0.02795848	1604.0751	0.0	-256.5127	0.3333601	1.7881394e-10	1018.7968282699585
194	238.77403	58.210217	291.92102	27.862755	260.0	54.07205	17.077862	79.80526	-30.281174	780000	0.016132047	661.67224	0.0	-333.03113	0.32290503	8.046627e-10	1022.5014321804047
195	191.13599	85.0369	263.86862	21.833847	323.27274	68.76501	9.211649	81.10817	-28.246292	784000	-0.02038112	1734.5947	0.0	-955.9975	0.37930474	5.6028364e-09	1027.2040650844574
196	224.95317	79.806046	278.78165	-10.922603	259.86667	48.692993	19.548111	79.43753	-50.996986	788000	-0.08587847	766.94305	0.0	-445.5411	0.34180385	-1.3113022e-09	1030.988762140274
197	216.762	89.05659	275.65125	19.669249	256.8	60.813065	15.114755	81.3397	-46.770004	792000	0.0033541713	394.23114	0.0	-108.25833	0.32555	-1.6838312e-09	1034.8328251838684
198	187.51251	130.56009	283.62857	-31.07192	212.72223	60.630276	20.751268	83.27056	-70.52593	796000	-0.0039823013	811.6812	0.0	-210.49597	0.29977125	-1.2665987e-09	1038.3617520332336
199	197.90446	109.44576	290.9646	-1.1010728	264.13333	66.34067	17.471964	86.36872	-48.123642	800000	-0.044388954	1700.8756	0.0	-813.0249	0.35368583	7.1525574e-10	1042.252408027649
200	201.48868	108.8217	309.03976	4.102395	268.2857	54.72961	30.121996	88.11618	-65.20295	804000	-0.0026632354	960.18396	0.0	-154.90094	0.3594104	-7.0035455e-10	1046.010576248169
201	174.12097	130.83713	297.1625	-52.543674	181.2381	65.20808	21.615133	90.01824	-79.185104	808000	-0.0037240302	1075.7198	0.0	-325.21625	0.30076343	-5.5134297e-09	1049.318822145462
202	126.610115	127.896645	295.4056	-24.942347	154.79167	66.88967	30.253881	94.21381	-79.97965	812000	0.048300967	1317.312	0.0	-358.25165	0.29174137	4.082918e-09	1052.5697071552277
203	143.77214	131.88928	298.18344	-53.63727	211.5	65.88422	29.123348	94.69706	-88.104164	816000	-0.041811023	2268.5752	0.0	-831.9513	0.31587812	3.3080578e-09	1056.1957440376282
204	97.034454	129.98776	291.79105	-63.66131	187.2381	55.898304	34.76757	94.033905	-84.863716	820000	-0.020231195	1906.0096	0.0	-887.242	0.3192861	-2.0861626e-09	1059.7648341655731
205	64.19863	97.42152	278.9103	-47.67234	164.20833	35.61861	39.31434	94.64175	-86.49716	824000	-0.00889686	1754.3441	0.0	-688.9435	0.32108155	-4.3809414e-09	1063.1359632015228
206	29.59504	73.05715	276.12854	-73.31511	110.75	29.24575	37.90225	90.71984	-80.254745	828000	0.0006529493	1567.739	0.0	-450.22852	0.27042088	4.887581e-09	1066.1715211868286
207	24.102165	53.81661	242.66806	-60.679626	106.054054	16.254147	42.88569	90.179695	-87.86232	832000	-0.014084276	782.02545	0.0	-112.485596	0.26644188	5.632639e-09	1069.2239491939545
208	35.608185	81.25023	270.59015	-59.613396	123.65625	19.098934	40.541424	86.351814	-85.50283	836000	-0.015505101	1294.4911	0.0	-260.56677	0.24254748	3.0398368e-09	1072.3381171226501
209	88.16468	110.087036	276.74127	-22.129454	149.6923	29.194809	40.487244	84.46553	-79.31778	840000	0.016661305	2039.0105	0.0	-467.42578	0.2279334	-1.2516975e-09	1075.514460325241
210	101.60444	119.14395	286.0468	-40.300194	194.4	49.445545	32.83627	90.47133	-79.824585	844000	-0.0072341077	2067.6482	0.0	-548.15686	0.25464994	-2.95043e-09	1078.9231951236725
211	64.64186	91.828156	257.85803	-39.18656	188.5238	29.78188	33.08596	88.6719	-77.250084	848000	-0.03945417	1467.8356	0.0	-294.0116	0.33000213	6.5267085e-09	1082.5464870929718
212	75.530014	100.93183	244.67094	-87.57746	265.35715	23.074818	29.05033	85.16963	-73.85743	852000	-0.027459983	1076.752	0.0	-223.90845	0.36349064	-1.168251e-08	1086.2097311019897
213	120.48741	121.99542	276.14532	-75.9598	210.83333	24.610277	33.67477	82.490425	-81.90968	856000	-0.06298816	2560.6995	0.0	-752.3729	0.27174288	2.592802e-09	1089.6262011528015
214	116.985634	90.284546	247.22224	-12.532927	317.33334	47.312695	29.675894	87.41046	-75.388466	860000	-0.03102254	2167.9868	0.0	-1082.0671	0.34416333	8.165836e-09	1093.4635293483734
215	133.5038	116.07056	255.46883	-64.59863	259.73334	33.29363	29.049862	86.56362	-72.73952	864000	-0.042693406	1597.9661	0.0	-336.08435	0.28429273	4.798174e-09	1097.06698012352
216	131.08685	105.03428	264.52545	-45.995003	353.72726	45.220196	25.048819	82.75953	-71.003456	868000	-0.10516505	2487.4746	0.0	-1270.0546	0.4025434	5.960465e-11	1101.2588579654694
217	122.99945	112.26836	242.42072	-63.96991	223.82353	35.27439	27.675144	86.39729	-73.33067	872000	-0.065155715	1896.447	0.0	-420.30615	0.30857822	-3.963709e-09	1104.8674521446228
218	159.21283	104.47652	253.20076	-66.59256	302.53845	39.64889	21.599174	85.802734	-79.74909	876000	-0.060110245	1619.094	0.0	-437.19922	0.28330246	-1.3113022e-09	1108.4758930206299
219	117.22183	114.61898	239.82576	-72.5574	299.84616	43.115974	21.48357	86.814606	-66.132965	880000	-0.064811885	1813.7391	0.0	-220.01099	0.3422811	-2.9802322e-10	1112.4521973133087
220	126.975845	122.7137	279.216	-56.090187	295.92307	34.983986	22.33262	83.88779	-68.1534	884000	-0.051714703	1568.8683	0.0	-260.2412	0.3626774	-7.301569e-09	1116.2091372013092
221	94.528534	108.706055	245.53922	-38.18677	204.0	36.52103	25.78319	85.6248	-68.94338	888000	-0.028568378	1571.7638	0.0	-249.6571	0.26259813	-2.95043e-09	1119.7012050151825
222	83.062256	129.96219	299.97324	-60.14799	205.3158	29.711393	29.198334	86.86207	-74.09317	892000	-0.0037592794	2238.4768	0.0	-442.3324	0.27620032	-4.1425228e-09	1123.1026780605316
223	129.3291	114.34643	267.71472	-32.33028	224.11765	21.562954	35.33555	88.30128	-88.31585	896000	-0.0048710816	2224.604	0.0	-673.0647	0.27343008	-5.39422e-09	1126.4435770511627
224	139.19447	115.891335	291.0191	-23.637066	271.2857	42.884438	23.544525	85.87175	-89.59406	900000	-0.025124747	1455.1595	0.0	-126.111084	0.25572124	6.854534e-10	1130.048935174942
225	143.46933	107.08034	265.04468	-66.99206	223.76471	45.621376	24.9968	89.42338	-80.76698	904000	-0.018999895	1673.1227	0.0	-340.11	0.23412414	5.662441e-10	1133.4660181999207
226	121.18295	125.21718	293.88626	-61.02594	221.16667	45.26972	26.997843	89.57611	-76.17872	908000	-0.030998	1785.4524	0.0	-370.05164	0.23722817	9.834766e-10	1136.8463990688324
227	72.83198	111.94466	242.2655	-51.05501	189.1	31.561417	32.9048	89.62803	-75.26801	912000	-0.016737193	2032.129	0.0	-275.8098	0.25836334	-5.1259996e-09	1140.1667902469635
228	65.56493	124.775185	292.52948	-60.83272	193.65	35.423294	34.353706	89.861664	-94.28704	916000	0.0031711846	2217.704	0.0	-426.44324	0.22989406	-1.2218953e-09	1143.615530014038
229	65.5776	97.445915	238.25995	-64.8081	185.90475	13.421603	37.89244	87.38578	-94.52411	920000	-0.031625	2057.5947	0.0	-647.21936	0.2518566	-1.8179417e-09	1147.044813156128
230	49.206665	98.643166	232.03496	-54.94115	171.91304	13.074157	37.44753	71.96072	-92.1368	924000	-0.0071903667	1704.0627	0.0	-222.18835	0.2532279	-3.874302e-10	1150.333143234253
231	56.932026	107.15831	249.61539	-60.480515	205.10527	24.27324	39.165863	83.11209	-91.849106	928000	-0.04051432	1815.6415	0.0	-701.95776	0.29523665	1.9073487e-09	1153.706324338913
232	42.031265	102.43255	253.11278	-49.88328	158.36	15.178	33.018745	72.71957	-95.931526	932000	-0.029616063	1798.0729	0.0	-129.36597	0.2694685	5.7518483e-09	1156.8867299556732
233	53.096863	107.54695	290.3322	-81.19575	164.83333	13.863817	36.66567	76.601105	-99.92021	936000	-0.0053493883	2022.4025	0.0	-256.50586	0.24461317	-1.013279e-09	1160.0569550991058
234	103.511086	132.85619	312.92603	-111.766975	192.3	25.263449	33.352936	86.9629	-91.5466	940000	0.0067226505	2305.097	0.0	-368.75244	0.24134928	-8.3446505e-10	1163.3096911907196
235	62.043644	114.8187	293.71973	-90.02257	175.90909	32.32538	32.490704	90.10052	-96.91023	944000	-0.0033462	2452.4072	0.0	-485.255	0.2639387	-9.23872e-09	1166.5455412864685
236	121.41486	129.19861	285.04413	-76.43903	229.0	29.601803	32.843094	90.99326	-85.98302	948000	-0.012194265	1836.2059	0.0	-356.4242	0.24370815	-5.662441e-10	1169.9285192489624
237	159.40494	112.82193	297.89517	-33.654587	329.41666	48.004063	27.858797	96.49019	-79.1589	952000	-0.018338349	1885.8309	0.0	-490.6577	0.25178763	3.516674e-09	1173.7620422840118
238	81.63975	141.88614	281.6485	-103.9107	256.53333	37.049408	24.635416	95.49822	-81.89745	956000	-0.0004657284	2552.0715	0.0	-801.1117	0.2784604	6.943941e-09	1177.2310173511505
239	92.943184	125.249535	284.2056	-68.22828	277.16666	31.31947	32.534702	93.752686	-94.64428	960000	-0.023806766	1867.199	0.0	-367.79822	0.282122	-2.384186e-10	1181.1392052173615
240	149.09462	112.429634	258.5636	-41.51334	354.63635	22.791199	25.139828	93.22556	-78.27799	964000	-0.045162484	1188.7156	0.0	-211.91028	0.26815718	5.960465e-11	1185.2372012138367
241	57.992714	107.13538	209.76778	-84.944855	394.1	24.882044	22.810595	95.3496	-75.26621	968000	-0.0078065796	1786.6334	0.0	-627.48083	0.32680553	6.854534e-10	1189.2430772781372
242	126.951256	102.94945	249.34927	-40.713028	387.375	12.970057	28.46033	74.639694	-88.891655	972000	-0.07352815	1390.366	0.0	-591.1775	0.32270542	-2.2947788e-09	1193.2943122386932
243	109.94342	107.726006	226.55984	-94.972664	467.75	18.66972	18.168056	83.56536	-71.67514	976000	-0.035443135	1209.1417	0.0	-523.07416	0.2919321	-5.4836273e-09	1197.996798992157
244	69.30023	98.99089	185.41307	-89.531975	566.8571	12.106088	25.413439	52.692066	-92.12522	980000	-0.052281823	802.211	0.0	-224.90283	0.28148514	-1.9669533e-09	1202.8509283065796
245	120.23291	100.5354	248.60135	-32.614285	476.7143	18.997292	24.973316	79.51761	-90.19955	984000	-0.046699516	1040.0417	0.0	-141.58875	0.2636833	2.2947788e-09	1207.2636682987213
246	66.587654	116.3041	220.90323	-79.639755	453.375	12.365641	23.01081	82.61818	-68.981224	988000	-0.019195765	1217.1337	0.0	-308.5694	0.25144666	-1.1920929e-09	1211.7800171375275
247	-12.182248	78.74231	118.13578	-131.64804	614.8333	4.917989	31.228624	71.90898	-92.2715	992000	-0.033315193	885.6678	0.0	-190.73999	0.30917653	-8.940697e-09	1216.968952178955
248	141.84128	56.259834	223.44913	35.687397	641.8333	0.89654654	31.271059	72.9954	-92.82059	996000	-0.082251295	1324.8611	0.0	-870.7337	0.30361304	-5.0365925e-09	1222.404453277588
249	109.90137	84.35939	198.6258	-61.922073	663.0	23.207489	20.692862	83.81514	-36.687424	1000000	-0.047715895	706.01227	0.0	-115.585266	0.31429362	1.2814999e-09	1227.7005491256714
250	-12.711009	113.956985	177.58371	-131.02878	633.5	9.311833	17.345669	84.408554	-31.038267	1004000	0.019456496	1356.2893	0.0	-697.51917	0.29116583	2.4437905e-09	1232.4908401966095
251	113.47233	70.54012	169.71457	-25.10244	759.8	-2.7728312	22.866346	84.5791	-64.088165	1008000	-0.034955453	907.0245	0.0	-513.846	0.29209188	-6.7353247e-09	1238.6511421203613
252	92.169106	118.596	211.30801	-127.427155	774.6	13.968187	22.176725	79.93669	-41.68389	1012000	-0.013896042	699.7049	0.0	-165.65552	0.27440488	-2.026558e-09	1243.7678232192993
253	-61.593895	61.06163	53.483242	-115.885284	748.4	5.8215585	18.72895	69.42835	-53.59626	1016000	0.016366262	965.2559	0.0	-529.4888	0.32201466	6.0796737e-09	1249.1403722763062
254	133.78433	101.24592	205.08711	-67.07453	691.0	-4.4228506	22.993166	65.26662	-88.308586	1020000	-0.061628234	1111.3253	0.0	-720.5325	0.29452068	-1.4603138e-09	1254.7584562301636
255	-0.39691925	105.18992	157.69756	-101.74124	622.3333	6.2452655	17.948866	53.953613	-86.70549	1024000	-0.032316383	916.05585	0.0	-202.59637	0.29464006	-4.738569e-09	1259.6595051288605
256	182.55472	26.136919	219.64919	146.14336	765.0	5.8747234	26.14391	81.10509	-55.437634	1028000	-0.06410161	621.697	0.0	-439.75146	0.3061585	-2.384186e-10	1265.7155501842499
257	74.372665	82.26462	147.4694	-54.160656	862.5	14.911869	17.191677	59.139694	-68.09766	1032000	-0.0529741	504.45602	0.0	-183.47964	0.32262382	2.6524067e-09	1273.4287431240082
258	45.321857	83.88881	136.22766	-91.73517	904.25	6.6076255	18.513878	56.287735	-76.3596	1036000	-0.038599685	304.57327	0.0	-58.1194	0.32472676	-2.0861626e-10	1279.4437313079834
259	24.187641	40.091805	80.76615	-17.632301	1000.0	4.348909	17.470453	88.23032	-16.404844	1040000	-0.05602536	55.321014	0.0	-25.07108	0.3183262	-9.536744e-10	1286.5772762298584
260	-10.918257	12.869325	7.1598573	-29.185762	1000.0	-4.0108275	11.278697	58.92125	-15.20246	1044000	-0.05206518	18.787663	0.0	-7.017125	0.32084477	-1.5497208e-09	1293.4891571998596
261	-23.697206	17.295607	-6.381312	-52.499214	1000.0	-3.4647055	13.936351	72.58485	-15.98336	1048000	-0.05540175	21.294811	0.0	-9.470416	0.3225926	-3.3974648e-09	1300.316154241562
262	-27.146866	14.5175905	-10.255399	-45.175327	1000.0	-6.047932	13.5447445	72.03763	-17.801975	1052000	-0.056459457	13.918347	0.0	-1.5569296	0.3367257	-5.39422e-09	1307.3272759914398
263	-40.506832	14.974591	-19.704735	-54.89198	1000.0	-6.8976874	8.912331	31.093643	-16.922089	1056000	-0.05401757	12.820037	0.0	-2.1682072	0.33527687	-2.861023e-09	1312.9875483512878
264	-35.242058	14.612389	-20.956638	-58.42926	1000.0	-4.2324395	11.429277	59.140472	-14.071184	1060000	-0.07776509	21.990341	0.0	-10.600484	0.33201402	3.8146974e-09	1319.2162103652954
265	-44.24656	17.915953	-20.411297	-62.060173	1000.0	-5.254729	10.835885	55.94443	-13.313097	1064000	-0.04003548	27.642653	0.0	-14.888081	0.3262908	-2.1755695e-09	1327.9134230613708
266	-68.01602	18.300533	-52.89859	-98.56715	1000.0	-8.262623	8.383128	30.083824	-15.249669	1068000	-0.033975236	12.094871	0.0	-1.6199923	0.33558542	-2.0861626e-10	1334.1191523075104
267	-62.61616	20.66798	-39.9846	-85.90639	1000.0	-7.6940055	9.824505	58.16668	-14.483898	1072000	-0.029720016	22.373402	0.0	-8.694151	0.33056182	6.854534e-10	1340.0358662605286
268	-95.509766	12.558076	-82.22192	-109.63234	1000.0	-9.021194	8.1215725	35.16746	-15.089898	1076000	-0.05059922	17.196524	0.0	-7.279791	0.33464575	-2.8312206e-09	1346.9456980228424
269	-108.25557	12.423109	-92.81756	-127.4136	1000.0	-11.483016	6.027286	32.3451	-15.567402	1080000	-0.025822777	20.231169	0.0	-7.5049973	0.34847426	1.7881393e-09	1353.8712210655212
270	-148.71367	4.881112	-144.3062	-156.94673	1000.0	-12.489024	5.6528034	19.214489	-16.25201	1084000	-0.009480413	33.960236	0.0	-17.40735	0.39364183	-6.0796737e-09	1360.9209153652191
271	-144.71046	17.746471	-128.53156	-174.55717	1000.0	-11.304759	16.357716	65.746216	-17.565937	1088000	0.040071905	76.723625	0.0	-60.796017	0.3825319	-1.5795231e-09	1368.2147781848907
272	-120.45902	23.041237	-92.712326	-144.28381	1000.0	-20.460155	10.056202	48.796997	-23.293556	1092000	-0.009317686	39.747704	0.0	-23.388624	0.38208306	2.965331e-09	1375.4092032909393
273	-95.65738	7.8367176	-85.679756	-106.32936	1000.0	-18.676569	5.8548913	26.91003	-21.66066	1096000	-0.024955107	33.60789	0.0	-24.506454	0.33265162	-2.2351743e-09	1383.1371703147888
274	-68.46964	16.63693	-49.27195	-93.048935	1000.0	-13.623166	9.610888	45.38674	-19.99393	1100000	-0.045608815	15.26335	0.0	-6.839838	0.29728737	-3.218651e-09	1391.9075071811676
275	-50.555176	12.106592	-35.1008	-69.065094	1000.0	-12.408309	8.552213	41.80192	-19.282484	1104000	-0.04242171	17.174791	0.0	-8.349679	0.25532404	4.4256447e-09	1400.4656193256378
276	-65.404785	10.243939	-53.004307	-80.30823	1000.0	-10.752269	8.716693	33.124	-18.466751	1108000	-0.041492864	7.8346395	0.0	-1.577043	0.24691457	3.6805867e-09	1409.3373692035675
277	-32.992493	15.786759	-9.544717	-53.55198	1000.0	-8.653971	13.341059	63.625435	-17.75334	1112000	-0.026240233	13.017061	0.0	-2.6700726	0.22287132	1.2516975e-09	1418.1890711784363
278	-47.47131	11.436285	-28.894224	-58.133854	1000.0	-10.283135	9.324527	39.194283	-19.011045	1116000	-0.03933278	11.144131	0.0	-3.0517378	0.23107873	-8.940697e-11	1426.53506731987
279	-30.375336	13.6069765	-6.939348	-40.064342	1000.0	-7.873312	14.295952	61.16148	-17.98264	1120000	-0.029250935	20.212673	0.0	-5.904397	0.22363572	-2.041459e-09	1433.7284080982208
280	-34.23152	9.546281	-19.835299	-44.32691	1000.0	-7.6504707	13.129266	61.492172	-18.440937	1124000	-0.03387838	10.556139	0.0	-1.4618597	0.22113992	-4.068017e-09	1442.3444092273712
281	-19.793694	10.659053	-1.6736207	-28.841644	1000.0	-7.8236265	15.995045	71.31709	-19.128323	1128000	-0.018445892	14.059708	0.0	-4.7686043	0.22010328	-1.3113022e-09	1450.446128129959
282	-36.279922	14.6244	-14.935502	-53.47796	1000.0	-8.647574	12.452276	62.17591	-19.380764	1132000	-0.037141144	10.021477	0.0	-2.6448874	0.2187939	4.768372e-10	1459.7899911403656
283	-33.606728	11.942943	-23.312515	-53.580376	1000.0	-8.458338	12.422566	52.259487	-18.704699	1136000	-0.037893094	9.494021	0.0	-1.825016	0.21919857	-2.0712614e-09	1468.5887610912323
284	-9.126067	27.290783	24.225845	-51.80386	1000.0	-7.938718	16.359816	71.62886	-19.292055	1140000	-0.038298063	28.2835	0.0	-12.120302	0.20912772	8.046627e-10	1477.1439781188965
285	-17.61182	22.022219	14.724259	-47.019463	1000.0	-6.913663	17.007366	69.40855	-21.052904	1144000	-0.033852566	26.507729	0.0	-12.411396	0.20670472	1.4603138e-09	1484.3538272380829
286	-14.781815	11.492477	1.7461507	-30.655853	1000.0	-7.9088674	16.014105	61.652824	-52.406834	1148000	-0.028930737	36.626102	0.0	-9.054195	0.21059343	7.599592e-10	1492.65261220932
287	73.05416	102.630646	217.65755	-28.103182	869.25	-0.2841007	19.513786	67.47893	-44.923748	1152000	-0.016942743	290.39032	0.0	-79.50687	0.1969619	-8.3446505e-10	1500.765747308731
288	125.28993	30.763775	173.81557	92.97237	859.5	4.329236	19.725245	71.21575	-27.809902	1156000	-0.0042481995	321.47668	0.0	-76.543594	0.1746332	-4.5001505e-09	1508.6274349689484
289	123.81819	18.08631	141.54488	96.130844	814.0	11.548244	19.916685	77.03081	-14.098423	1160000	-0.02946603	256.42178	0.0	-44.375473	0.19289698	2.2351743e-09	1516.5994591712952
290	114.249344	49.298283	170.81024	62.83196	868.0	16.278727	26.654932	72.9302	-16.767368	1164000	-0.08316121	595.53735	0.0	-381.24768	0.24852161	8.180738e-09	1524.1277112960815
291	146.34671	58.76382	217.27515	52.1092	621.6667	13.927401	19.873938	75.04223	-87.08481	1168000	-0.022779744	353.6216	0.0	-97.46356	0.21548969	6.2584876e-10	1530.5601301193237
292	179.28175	32.002316	222.49974	130.61542	662.4	16.171	20.502485	78.37213	-14.009804	1172000	-0.015999272	303.50507	0.0	-147.96825	0.1709696	-1.7434358e-09	1536.9693942070007
293	147.08751	59.67735	203.0426	48.289326	767.5	22.206604	19.973125	71.94433	-10.455404	1176000	-0.065861456	443.20648	0.0	-268.77112	0.2513039	4.440546e-09	1544.8149480819702
294	195.25568	44.592464	245.21072	112.71082	753.0	19.887644	19.338804	80.094894	-13.036891	1180000	-0.08217274	476.24298	0.0	-138.80902	0.25389707	-1.7881393e-09	1551.403424024582
295	146.32684	73.90674	272.52386	65.97298	797.4	24.349281	16.700436	78.92406	-4.370011	1184000	0.03463105	544.4808	0.0	-353.0633	0.12612921	-2.115965e-09	1558.5968823432922
296	156.82312	41.35038	201.0256	86.10521	769.0	12.998824	16.902494	84.30538	-31.36537	1188000	-0.010328032	302.04468	0.0	-129.46811	0.16119695	1.7434358e-09	1565.0697331428528
297	146.06982	98.174835	245.38988	-27.818514	644.6667	15.538922	19.335032	85.903114	-63.319233	1192000	-0.0079612015	595.15405	0.0	-114.79831	0.19743961	3.3676624e-09	1571.0654771327972
298	150.1261	80.81094	215.79887	1.1315385	605.0	14.591418	18.836216	87.59688	-88.51023	1196000	-0.037558846	436.40646	0.0	-97.35147	0.23439088	2.5331974e-09	1576.5613119602203
299	111.060936	116.87534	233.30632	-40.375008	476.0	20.673996	19.805054	78.22439	-73.870834	1200000	-0.015699152	904.7395	0.0	-266.6302	0.19800073	-4.1723253e-10	1581.7105762958527
300	164.85161	62.853054	236.4461	51.496582	639.6	28.183647	24.642385	93.367836	-96.35567	1204000	-0.07729134	591.8172	0.0	-401.23444	0.33143517	4.4107438e-09	1587.099023103714
301	171.53246	99.94934	255.30247	-55.01466	567.1429	31.540321	26.582678	94.03899	-87.32834	1208000	-0.07800651	1248.8434	0.0	-683.13556	0.25304237	-3.0994416e-09	1592.9727432727814
302	109.290306	111.857475	272.39978	-28.737186	457.875	23.744352	20.220556	94.984985	-81.36686	1212000	-0.037171297	1260.6787	0.0	-318.33197	0.32092556	-3.5762786e-09	1598.3153793811798
303	135.65419	115.75292	266.9762	-70.94676	320.25	21.077524	26.231863	82.7293	-95.85662	1216000	-0.040536616	1685.635	0.0	-629.13354	0.1702793	-1.1324882e-09	1602.4095122814178
304	144.40831	107.35632	277.28482	-42.06539	373.5	33.074383	30.657259	95.74255	-88.344154	1220000	-0.053474918	1521.9015	0.0	-302.14563	0.22696726	-6.943941e-09	1606.9804170131683
305	125.101425	104.06218	263.99887	-22.879927	396.7	42.55113	24.10457	92.83071	-82.593895	1224000	-0.06392395	1664.4167	0.0	-790.27277	0.2875137	-9.9241735e-09	1611.5374903678894
306	170.06447	103.83925	277.49036	-39.933296	356.0	19.887714	27.41762	91.88248	-71.71404	1228000	-0.07044999	1713.0105	0.0	-559.8938	0.24380687	7.4803825e-09	1615.5987572669983
307	154.49638	108.70046	264.91565	-57.317154	346.36365	36.82943	18.918116	87.85104	-47.621113	1232000	-0.054185055	1329.234	0.0	-256.51624	0.2386156	-1.5795231e-09	1619.9558801651
308	141.06471	117.37617	285.51733	-28.66349	320.16666	40.88967	25.360744	95.405975	-71.465576	1236000	-0.06257146	1891.0292	0.0	-645.7322	0.26186273	9.23872e-10	1623.9160990715027
309	130.31197	122.032166	285.26016	-46.557495	210.05263	35.812355	36.375286	95.22885	-80.73318	1240000	-0.021703485	1597.8287	0.0	-593.8305	0.18387212	-4.2915342e-09	1627.5384120941162
310	187.81277	102.88813	276.47717	-16.449574	291.46155	52.594418	26.021513	96.9594	-80.237404	1244000	-0.09230226	1223.8239	0.0	-271.45575	0.25778195	2.5331974e-09	1631.4693052768707
311	152.60695	116.784386	312.3223	-27.203882	297.46155	50.411335	27.46269	96.722206	-83.482735	1248000	-0.039152194	2104.2937	0.0	-682.01624	0.2891474	-8.493662e-09	1635.3993122577667
312	156.22519	119.64291	306.92624	-11.304539	254.93333	49.887196	27.304762	96.47274	-92.9588	1252000	-0.04774858	1252.0582	0.0	-378.78278	0.2181044	-4.738569e-09	1639.0666902065277
313	169.88731	113.63317	302.63104	-17.824196	207.26315	43.82043	31.858564	97.66238	-92.13541	1256000	-0.028573187	1481.0051	0.0	-524.0992	0.1843271	-9.834766e-10	1642.573626279831
314	145.65683	117.10467	282.1599	-17.341394	209.8421	48.549587	34.917522	99.14763	-93.58705	1260000	-0.012436215	1481.9702	0.0	-157.0885	0.17812431	2.6822091e-09	1646.129405260086
315	138.40169	120.80527	297.46948	-8.240864	215.66667	45.327053	34.68151	99.09837	-81.03684	1264000	-0.00090105727	1454.4669	0.0	-101.37366	0.16538565	2.8014182e-09	1649.6563222408295
316	170.31493	126.6182	312.63895	-1.67121	258.6	53.191574	33.71412	99.26008	-93.85517	1268000	-0.062119287	1909.9058	0.0	-412.8883	0.2387961	-2.1457671e-09	1653.3414840698242
317	221.22906	103.54455	314.93433	11.964454	231.94118	48.890385	37.318954	103.79264	-86.762695	1272000	-0.014977644	1493.7378	0.0	-507.4156	0.17595847	-2.0563602e-09	1656.803405046463
318	185.20076	109.50238	308.06274	27.3292	279.66666	61.007923	24.400059	108.25643	-82.891655	1276000	-0.04275229	1929.1025	0.0	-920.33606	0.23317835	1.8775463e-09	1660.7786202430725
319	198.60027	90.42112	292.26422	50.33016	286.15384	31.741135	41.09549	104.54643	-86.82092	1280000	-0.0052858125	895.2659	0.0	-412.9717	0.22251241	-5.5134297e-09	1664.81281208992
320	219.96362	99.41365	299.94125	18.046957	288.3846	55.742687	25.795523	108.47059	-73.26476	1284000	-0.045191627	787.2166	0.0	-212.02277	0.23564455	-5.7816507e-09	1668.677341222763
321	252.5421	53.59988	299.61993	55.617012	238.6875	69.326706	16.914587	110.690254	-37.984337	1288000	-0.049764007	498.75793	0.0	-101.70102	0.17321752	-2.8908254e-09	1672.1865372657776
322	268.57812	14.595549	292.6033	245.96687	241.42857	77.463356	15.835524	112.377144	27.565218	1292000	-0.09987351	580.49286	0.0	-53.583496	0.20442136	-1.5795231e-09	1675.9325833320618
323	237.57816	82.489944	316.32416	53.64802	228.41176	76.19205	17.28473	111.69603	-50.718575	1296000	-0.019042537	511.7532	0.0	-177.52484	0.16496737	2.026558e-09	1679.4202690124512
324	243.247	64.79441	298.51007	49.346188	290.6154	72.27716	13.448003	109.722534	-34.947994	1300000	-0.09340694	993.2704	0.0	-93.133545	0.23467757	-1.3113022e-09	1683.4620401859283
325	273.052	18.019894	305.8265	243.35078	244.5	73.07319	16.534925	111.807144	-71.07086	1304000	-0.043672565	404.37982	0.0	-137.29013	0.16478173	1.9967556e-09	1686.9831249713898
326	254.40506	36.167973	303.2332	171.92369	399.5	77.17097	10.897483	112.55454	45.706795	1308000	-0.16150291	2320.4143	0.0	-993.70776	0.34048423	-4.5001505e-09	1691.8712980747223
327	160.45764	19.660677	190.86415	140.04187	1000.0	59.044823	7.82663	103.51363	34.572704	1312000	-0.1435991	2259.7856	0.0	-822.33777	0.5013277	-4.4703485e-09	1697.057965040207
328	146.09457	14.350208	160.03053	122.05054	1000.0	48.27311	7.377362	80.81859	14.794622	1316000	-0.13063031	1474.5132	0.0	-1339.956	0.49210092	1.013279e-09	1702.5612061023712
329	122.64916	50.661366	168.31761	37.032032	772.25	29.585405	22.637312	81.239845	-84.3889	1320000	-0.06102766	623.8133	0.0	-538.8557	0.47651464	2.965331e-09	1707.4437191486359
330	138.41377	79.80804	288.48785	51.955273	601.8333	16.222147	28.229746	101.55195	-83.930374	1324000	-0.00988663	409.28232	0.0	-80.225555	0.4224428	-1.1458993e-08	1712.5309031009674
331	144.6221	44.61475	186.61569	74.083405	789.75	11.15983	22.649	73.54208	-34.728073	1328000	-0.023816952	200.56137	0.0	-66.800156	0.4609779	6.839633e-09	1717.912759065628
332	150.30637	12.498466	169.5832	135.11464	1000.0	10.430301	22.777212	80.22739	-28.2881	1332000	-0.00043529295	23.652464	0.0	-7.799593	0.47924772	-6.556511e-10	1723.659871339798
333	110.05966	87.75397	265.3451	-2.3175828	580.1667	22.254257	26.373037	90.63172	-92.223045	1336000	-0.021979066	441.35764	0.0	-198.53014	0.42610726	2.1904707e-09	1728.8653781414032
334	214.84892	60.052917	274.6944	124.94325	603.2	15.538463	23.404282	91.83729	-45.81471	1340000	-0.07121283	398.39304	0.0	-60.319824	0.40644643	3.695488e-09	1733.9833400249481
335	264.51987	16.360672	286.20898	236.09178	265.85715	43.61143	25.154156	94.03569	-27.990992	1344000	-0.07483321	1584.8767	0.0	-1089.8287	0.17526247	3.248453e-09	1737.7274911403656
336	230.58553	64.2324	272.88574	46.44937	306.53845	58.391834	16.018164	93.48175	-17.330061	1348000	-0.09715917	762.1711	0.0	-93.29883	0.22864546	4.529953e-09	1741.6388590335846
337	227.94975	61.169712	288.54105	66.56749	312.33334	59.576714	15.3642235	97.41348	18.686684	1352000	-0.083805315	709.0901	0.0	-29.658813	0.23711517	-3.859401e-09	1745.4997613430023
338	260.09256	19.53879	303.00232	223.86238	261.13333	63.115475	13.308044	98.45571	22.229746	1356000	-0.080814525	439.19208	0.0	-72.57657	0.17541794	1.2218953e-09	1749.2244081497192
339	251.13058	58.673775	288.9406	59.508324	248.15384	63.867367	17.698034	102.585304	4.9398966	1360000	-0.09510255	684.3172	0.0	-55.032104	0.20537117	6.1392784e-09	1753.1997203826904
340	256.47116	52.285683	301.12967	64.49018	249.0625	63.624763	16.130413	100.02285	-6.431656	1364000	-0.049916554	519.06635	0.0	-82.928925	0.15503351	8.791685e-10	1756.8982310295105
341	253.0509	30.608416	278.62155	156.43112	330.0	63.64102	16.773584	105.4169	25.878263	1368000	-0.11185437	639.5007	0.0	-20.89093	0.2441324	-1.7881394e-10	1760.8513832092285
342	259.29544	16.568165	305.39972	239.06445	259.33334	66.272766	14.826196	98.10548	36.527676	1372000	-0.07667991	356.77628	0.0	-67.144165	0.168276	3.1888485e-09	1764.5463070869446
343	249.47612	56.958042	303.92303	47.233547	259.6	68.400085	15.977866	106.34899	-15.248124	1376000	-0.055863023	334.96823	0.0	-47.30478	0.155897	1.1771918e-09	1768.171804189682
344	267.27777	16.688204	299.1673	236.47392	265.0	68.55841	14.723117	107.91839	36.80185	1380000	-0.065266296	279.94168	0.0	-34.79483	0.15536031	-1.6391277e-10	1771.8931860923767
345	261.4098	49.37695	298.8893	81.202415	241.8125	70.00859	15.735499	108.48037	-3.3360345	1384000	-0.049128946	306.25522	0.0	-61.78833	0.14879093	-3.1888485e-09	1775.5904591083527
346	264.58218	24.326942	308.03058	226.39516	262.73334	71.41909	14.129692	110.083244	45.706963	1388000	-0.05395885	209.55771	0.0	-27.19339	0.15375382	-3.427267e-10	1779.2744731903076
347	272.7129	12.595763	292.48242	241.13737	257.4	72.58261	14.414262	111.535385	46.54789	1392000	-0.05738174	183.67145	0.0	-28.34172	0.15031512	4.1723253e-10	1782.9610421657562
348	262.29413	18.042257	288.7202	232.0763	262.4	72.2623	13.369107	112.27344	43.381245	1396000	-0.050156534	133.79637	0.0	-46.938545	0.15418968	2.115965e-09	1786.6799821853638
349	245.6931	77.58264	303.66635	33.487774	233.375	74.34499	16.009325	112.74915	-57.43831	1400000	-0.02464833	255.7605	0.0	-94.33525	0.14387342	-1.3560056e-09	1790.3351590633392
350	273.79865	21.845524	305.89734	227.35982	257.26666	73.50647	14.039078	113.484665	15.955334	1404000	-0.03998532	188.7955	0.0	-75.03458	0.1362844	7.1525574e-10	1794.0297601222992
351	260.18393	56.022682	309.909	52.663338	234.29411	75.209	15.760076	114.00943	-12.994439	1408000	-0.030622967	298.34357	0.0	-67.14635	0.13502914	-3.2782554e-09	1797.7034151554108
352	240.06557	71.13493	299.50882	48.815525	237.375	75.50269	15.805111	115.298035	-57.85107	1412000	-0.008654911	358.60126	0.0	-168.1487	0.14431456	1.3411046e-09	1801.3438382148743
353	256.0728	48.009804	292.6392	87.77454	250.53334	73.52545	14.790665	115.01951	-23.711758	1416000	-0.0140123665	199.00677	0.0	-44.006958	0.13849449	-5.811453e-10	1805.0392842292786
354	258.83102	39.350407	286.91086	160.62265	379.25	67.70242	16.105646	112.04965	-17.601698	1420000	-0.12026257	1595.476	0.0	-945.9299	0.2796663	-1.0430813e-09	1809.6255822181702
355	223.38524	83.37461	295.2497	39.125156	225.17647	67.38162	22.775997	114.68709	-92.57078	1424000	-0.039353453	587.62805	0.0	-272.91434	0.14349787	3.904104e-09	1813.2171893119812
356	260.8371	59.352898	310.02457	45.4945	241.5625	70.48906	20.929558	112.8477	-70.83142	1428000	-0.04066327	494.10553	0.0	-340.99017	0.13514712	2.3692845e-09	1816.7426311969757
357	260.23987	62.18324	296.8739	35.01677	232.25	79.871765	17.816141	116.56915	-42.463238	1432000	-0.02333926	149.79765	0.0	-20.579742	0.13051264	-1.013279e-09	1820.3306741714478
358	239.9417	81.49812	291.22446	18.561697	233.35294	77.57589	17.861862	117.11443	-44.918015	1436000	-0.011093211	184.7297	0.0	-48.00969	0.13367414	-3.2782554e-10	1823.8811540603638
359	249.53929	71.13974	294.59793	49.25522	234.64706	77.37889	15.898813	117.57403	-22.351543	1440000	-0.020243984	529.27466	0.0	-80.92944	0.128882	-2.220273e-09	1827.4649860858917
360	238.01419	84.32314	299.72552	19.07685	276.5	73.81236	18.662413	118.04313	-73.204254	1444000	-0.08065604	900.17224	0.0	-98.47467	0.19036011	-7.4505804e-11	1831.3146433830261
361	254.0364	70.76687	290.91916	-13.230679	232.1875	74.08705	17.104073	114.82218	-88.29945	1448000	-0.025353974	243.10753	0.0	-73.65903	0.12785664	3.2782554e-09	1834.957144021988
362	246.99939	59.76763	295.5156	28.172466	241.375	76.143295	16.391483	118.36095	-73.59211	1452000	-0.027105186	115.63119	0.0	-16.810966	0.14319035	-1.475215e-09	1838.532668352127
363	245.23549	47.853218	277.79083	65.24279	240.1875	75.387474	14.901233	111.53498	-54.181873	1456000	-0.018728144	101.74112	0.0	-23.824356	0.13591547	-5.3644182e-09	1842.1131310462952
364	250.32312	71.33074	300.94095	59.547638	227.41176	78.032616	17.420128	118.01682	-29.841404	1460000	-0.009214975	412.3735	0.0	-114.56	0.12317283	-1.6540289e-09	1845.5928750038147
365	238.10965	75.6437	286.23486	33.58814	238.75	77.82482	16.812551	119.5621	-63.537006	1464000	-0.007866738	472.62656	0.0	-157.80612	0.14517616	4.23193e-09	1849.1049091815948
366	210.77965	99.9212	293.76566	8.844476	208.47368	69.94336	28.814909	119.71925	-80.33127	1468000	-0.0021503344	367.78827	0.0	-202.52307	0.11760683	-4.1127204e-09	1852.6334991455078
367	232.27776	82.35463	305.29202	41.387093	219.77777	74.059425	21.695072	118.17086	-84.24849	1472000	-0.013141852	328.976	0.0	-67.29123	0.119766675	-4.7683715e-09	1856.1460223197937
368	266.53864	17.758745	297.24628	242.61853	243.0	79.54484	13.824589	121.42803	28.64188	1476000	-0.01910175	106.41185	0.0	-25.823708	0.1299898	-1.192093e-10	1859.6912953853607
369	234.7096	78.68027	290.7448	0.39382008	230.23529	79.29087	18.922497	120.952194	-103.82007	1480000	0.0004054093	152.68867	0.0	-45.577087	0.121474855	-1.1026859e-09	1863.2586162090302
370	247.9554	72.095634	298.1589	48.40288	220.88889	79.65589	18.429445	122.16422	-69.43026	1484000	0.0031387853	351.7	0.0	-149.51021	0.11979605	-5.960465e-11	1866.793282032013
371	239.58978	75.59391	285.00998	22.918228	229.11765	80.97475	19.568289	123.25503	-81.13796	1488000	0.0015952485	189.04082	0.0	-100.850296	0.13326538	5.364418e-10	1870.3680622577667
372	229.18831	90.01197	297.84543	-46.436466	230.58824	77.82449	20.636467	122.20934	-103.56009	1492000	0.0029554605	153.25484	0.0	-47.955704	0.13337013	-1.2069941e-09	1873.907121181488
373	208.46553	100.61958	299.01874	-3.2899122	207.42105	74.927795	27.384848	124.09824	-81.36695	1496000	0.0049850834	209.97353	0.0	-59.56555	0.11528687	2.4735927e-09	1877.4111280441284
374	201.17142	111.90785	307.15182	-16.323242	207.89473	72.07332	29.8451	122.99055	-102.71669	1500000	0.0011662787	361.5002	0.0	-160.71178	0.121662706	-1.9818545e-09	1880.9665021896362
375	234.72374	82.32862	293.55383	-18.08946	231.0	76.15498	21.665558	122.3019	-99.584145	1504000	-0.00744227	122.728836	0.0	-49.32086	0.13423555	-2.1606683e-09	1884.6072452068329
376	194.08656	120.29819	290.9666	-63.13584	199.3	72.649605	28.939054	124.056015	-98.858955	1508000	0.0018722296	211.04745	0.0	-59.98938	0.12428255	-5.5283307e-09	1888.1587190628052
377	221.09859	101.6536	304.0719	-23.627909	221.05556	76.79275	24.538435	124.84283	-86.45396	1512000	0.0024742044	564.84064	0.0	-146.02939	0.11563737	-4.902482e-09	1891.7068753242493
378	184.81223	117.918076	278.80792	-41.40894	260.2	71.806114	24.506182	121.468376	-92.313065	1516000	-0.1032732	1092.4918	0.0	-828.8959	0.20653975	4.127622e-09	1895.560506105423
379	208.69421	102.62852	291.1476	-34.89885	225.52942	68.97823	25.43016	122.41796	-86.523155	1520000	-0.013444316	341.1693	0.0	-170.25894	0.1271491	-1.2814999e-09	1899.15522813797
380	179.84846	117.45859	278.52515	-34.82387	218.16667	65.64494	30.296246	122.135735	-89.20554	1524000	-0.0060356883	184.84846	0.0	-68.11139	0.13064265	-4.0233136e-10	1902.7687401771545
381	226.10101	80.502266	285.71835	0.84163946	251.4	68.78075	20.728624	121.237854	-76.99295	1528000	-0.017536908	100.57083	0.0	-19.053604	0.13695183	-2.5331975e-10	1906.4322180747986
382	225.98985	78.112434	287.6054	19.721315	261.4	68.46549	21.155298	122.30342	-91.16634	1532000	0.00723685	331.4125	0.0	-162.73198	0.13815083	8.642673e-10	1910.1307361125946
383	187.80255	101.371994	268.35706	-20.970129	233.82353	61.471874	31.400414	114.363045	-100.567795	1536000	-0.0147539135	208.86868	0.0	-87.65315	0.13800703	4.127622e-09	1913.7974243164062
384	178.42776	111.272095	284.79022	8.523736	230.82353	63.12846	28.396036	110.35606	-94.53763	1540000	0.003972872	315.03	0.0	-103.19632	0.1328276	-3.4272671e-09	1917.476398229599
385	201.8922	96.35647	263.3326	-8.973385	251.73334	62.642525	23.486807	111.44222	-89.81712	1544000	-0.0076366207	93.06034	0.0	-32.59409	0.13818417	-1.5497208e-09	1921.3262522220612
386	205.00243	97.00058	275.88412	-40.149628	320.83334	64.61971	21.339022	116.580536	-69.5994	1548000	-0.059436176	895.638	0.0	-642.1358	0.19840616	-6.2286856e-09	1925.4660241603851
387	122.56231	118.18191	282.8193	-32.126568	221.61111	56.155056	25.64263	118.9257	-85.82829	1552000	-0.013984285	1874.7173	0.0	-956.3367	0.13314794	8.493662e-10	1929.2072701454163
388	161.53465	122.70998	287.62338	-44.170456	297.08334	32.735313	30.715248	107.54419	-82.60771	1556000	-0.002815115	944.2866	0.0	-530.49927	0.19172484	1.5050173e-09	1933.3457581996918
389	143.56567	77.28143	236.21005	3.310848	641.1667	25.141062	30.61705	100.29733	-77.17395	1560000	0.0249379	598.609	0.0	-307.24716	0.32547688	5.826354e-09	1937.761211156845
390	141.84386	120.57137	290.53833	-42.477814	376.4	31.928831	27.553461	107.80319	-85.78598	1564000	-0.027081963	798.1403	0.0	-144.60559	0.16895281	-8.046627e-10	1942.1818680763245
391	172.36012	113.855896	275.9421	-37.29454	347.81818	35.186947	29.154175	94.55929	-91.97849	1568000	-0.009901044	544.2895	0.0	-111.26068	0.18894121	3.874302e-10	1946.2758541107178
392	220.49069	49.04937	262.70425	130.01205	495.875	30.791933	25.703125	99.23948	-29.319761	1572000	-0.022113292	406.05484	0.0	-169.9853	0.23032346	-5.90086e-09	1950.8287122249603
393	153.21962	102.54498	288.2072	-8.412533	323.41666	42.104202	29.177958	110.78206	-92.19406	1576000	-0.001227665	284.32935	0.0	-117.56203	0.19191381	-2.0861626e-10	1955.422491312027
394	208.14485	80.43523	288.98044	25.417019	392.875	30.940285	29.713493	113.2247	-83.29011	1580000	-0.030318694	159.55772	0.0	-67.49364	0.202415	-4.172325e-09	1959.872887134552
395	230.68962	44.39859	276.02664	135.32504	434.42856	33.37022	25.313643	106.398094	-71.55725	1584000	-0.031851776	395.7873	0.0	-223.4362	0.22823076	-4.4107438e-09	1964.752759218216
396	222.28094	37.02143	262.85757	132.9238	433.8889	45.578236	25.661469	114.382484	-2.8476276	1588000	-0.016115114	146.73764	0.0	-55.720284	0.20126276	-4.4703484e-11	1969.863596200943
397	191.48811	78.23152	257.04678	10.67392	470.5	40.67545	24.490135	108.5167	-80.2771	1592000	-0.056360286	576.5869	0.0	-335.16986	0.22662678	2.9951335e-09	1974.7094819545746
398	210.174	56.32243	260.62756	57.269016	377.55554	37.548187	19.42178	86.880875	-58.798195	1596000	-0.025558883	212.41914	0.0	-58.83792	0.15836373	-4.4703484e-11	1979.515652179718
399	204.94237	73.542725	272.30493	42.33398	415.8889	46.153008	19.68948	91.020744	-52.143738	1600000	-0.09813085	461.23145	0.0	-302.36835	0.1934925	-3.3080578e-09	1984.7672371864319
400	216.41791	13.2935705	243.34174	196.59715	429.1111	42.84205	19.319765	93.216515	-16.342417	1604000	-0.024271155	85.18137	0.0	-31.065693	0.14992599	-2.2947788e-09	1989.5693471431732
401	222.06729	17.488853	246.8358	199.26834	448.0	38.59198	20.879442	92.1815	12.9681225	1608000	-0.027837338	70.32671	0.0	-31.725601	0.15207227	-1.6838312e-09	1994.454695224762
402	230.84518	33.467697	293.63187	179.64157	438.1111	43.52987	23.756723	100.58892	12.118661	1612000	-0.020530555	76.81478	0.0	-23.044872	0.15141559	-4.1425228e-09	1999.20787525177
403	179.10489	78.34796	258.24176	16.988966	384.5	42.999702	23.961685	99.730606	-56.407146	1616000	-0.023478387	106.83463	0.0	-63.05142	0.14401443	-2.2500752e-09	2004.1444013118744
404	222.44882	21.624475	261.70227	194.1804	486.25	36.19246	23.050543	92.72114	7.1756244	1620000	-0.035090238	47.766632	0.0	-13.035683	0.15446872	-1.8775463e-09	2009.4513561725616
405	227.68207	17.168247	257.84616	200.23698	483.5	37.254044	23.846462	99.365944	15.998545	1624000	-0.017092584	61.847397	0.0	-13.622242	0.14783064	-3.784895e-09	2014.4620673656464
406	213.9406	21.459291	240.35805	168.79291	484.75	35.908993	23.164534	91.851006	15.631051	1628000	-0.021484062	33.983368	0.0	-5.641121	0.1500986	8.493662e-10	2019.7463359832764
407	217.72589	82.069984	300.42355	56.26852	331.18182	47.685204	27.542803	103.67008	-7.6773057	1632000	-0.0038372437	321.34042	0.0	-177.90805	0.12316361	-3.2782554e-09	2024.2833881378174
408	233.44754	28.31601	275.6093	197.34563	426.0	44.767975	25.535868	104.87049	16.496784	1636000	-0.009081158	43.19435	0.0	-13.490971	0.13537881	-1.0281801e-09	2029.0083010196686
409	212.06406	53.693752	250.09439	59.745087	383.3	43.024834	24.138632	100.90834	-80.56677	1640000	-0.008633191	42.74201	0.0	-16.066902	0.14004737	-3.3080578e-09	2033.6420800685883
410	163.79153	80.47229	272.8001	33.075684	383.1	49.004578	28.312563	101.7648	-83.278	1644000	0.03978239	1065.288	0.0	-874.6322	0.11523338	-3.3080578e-09	2038.5073482990265
411	227.82808	65.35861	299.03058	51.3919	338.45456	44.776608	22.797092	103.44472	-68.48053	1648000	-0.027884632	403.2241	0.0	-224.62856	0.12660156	1.3113022e-09	2042.980244398117
412	242.41353	25.993624	287.88818	195.65134	373.1	51.583733	23.03853	102.68552	18.57204	1652000	-0.002734223	30.547161	0.0	-7.3845806	0.12985079	1.7285346e-09	2047.4866020679474
413	205.7197	63.06033	279.7449	56.150063	431.1111	44.73746	23.28038	102.7522	-52.403225	1656000	0.007413268	405.91995	0.0	-293.31396	0.14691794	4.127622e-09	2052.3659591674805
414	200.68364	78.09976	268.73184	31.2678	341.72726	44.14315	20.570269	98.58533	-88.78492	1660000	-0.013612161	93.690094	0.0	-65.32605	0.13685873	-2.2053719e-09	2056.7148683071136
415	212.2587	70.11154	276.59018	53.789932	392.1	46.063	26.82925	103.129295	-84.435005	1664000	-0.027961003	214.65778	0.0	-82.976746	0.17681612	-2.5182962e-09	2061.826460123062
416	193.4559	85.91507	292.3855	42.224968	368.3	38.944168	26.237843	105.47138	-91.49223	1668000	-0.00022727715	302.08844	0.0	-65.31688	0.1821185	-4.6491624e-09	2066.5025131702423
417	195.80434	79.416336	275.1498	79.26379	495.125	33.1925	29.359587	105.631714	-1.281337	1672000	0.011453663	304.44693	0.0	-61.089233	0.236601	-5.722046e-09	2071.610144138336
418	178.7798	91.65517	253.71161	16.02214	408.55554	34.512234	23.772038	84.01979	-76.12792	1676000	0.0017521695	378.7598	0.0	-72.14081	0.18013723	1.3411046e-09	2076.2552173137665
419	182.29219	96.25205	285.82062	19.539612	350.36365	34.195168	28.777113	96.195366	-91.57788	1680000	0.0034683095	477.04172	0.0	-203.00992	0.17748193	-1.2218953e-09	2081.03156208992
420	213.95992	43.824398	244.50298	103.86991	451.5	42.68111	19.960253	87.73459	11.286356	1684000	-0.029560573	195.09741	0.0	-73.268036	0.192666	2.4884939e-09	2085.8186502456665
421	161.33765	59.094257	225.17546	64.50401	516.8571	29.096056	23.380466	83.89714	-84.590164	1688000	-0.008874229	209.77519	0.0	-64.96207	0.22801046	2.220273e-09	2090.832094192505
422	178.47952	94.05752	309.82547	1.3104595	388.4	32.821243	24.015615	91.04901	-87.85401	1692000	-0.016807724	534.27264	0.0	-100.26004	0.17752896	2.6822091e-09	2095.6919910907745
423	200.68768	76.848366	261.7227	18.570015	307.07693	45.49866	23.270403	101.94452	-92.88061	1696000	-0.0025952754	343.35614	0.0	-232.97812	0.11901114	3.874302e-10	2100.1609473228455
424	137.87076	104.55872	289.25375	15.462593	389.0	50.369743	26.697557	107.0473	-91.97239	1700000	-0.025688307	1058.9714	0.0	-798.55756	0.20043756	-3.4570693e-09	2104.897816181183
425	188.22112	96.70528	267.12045	10.561478	316.91666	38.950214	27.283882	106.74516	-84.62168	1704000	-0.0077033583	654.5588	0.0	-288.81927	0.11074849	-3.1590461e-09	2109.058640241623
426	140.00804	107.83597	253.48405	-22.87056	349.81818	47.05347	24.803947	96.69842	-93.5921	1708000	-0.07027134	1111.4065	0.0	-581.55536	0.18746018	-4.2021275e-09	2113.60311126709
427	118.971115	120.41839	257.33472	-32.798073	284.7857	37.519234	24.460413	90.0042	-91.30729	1712000	-0.0046119597	1042.269	0.0	-342.2428	0.121169075	8.046627e-10	2117.729922056198
428	137.06036	112.10899	245.30707	-46.833103	292.23077	36.25826	30.581589	84.12552	-99.29871	1716000	0.015675332	991.4724	0.0	-126.878784	0.112102464	1.7285346e-09	2121.8354370594025
429	145.231	105.606316	237.00006	-26.96948	296.83334	29.104269	27.531467	81.25623	-102.02062	1720000	-0.009781462	1123.8071	0.0	-299.4854	0.12229361	-7.4505804e-11	2125.9827613830566
430	88.59542	115.94746	242.46878	-47.80033	302.72726	42.649986	32.32158	88.76028	-98.72915	1724000	-0.06271338	1769.0559	0.0	-1092.8743	0.19109711	8.3446505e-10	2130.413624048233
431	59.539032	96.8925	232.77972	-45.631615	374.2	19.69406	24.157068	81.52693	-96.124176	1728000	-0.00633432	933.9755	0.0	-255.88641	0.19502382	-3.3974648e-09	2135.36253118515
432	17.663073	100.734116	250.92789	-69.38925	229.35294	11.167164	36.082916	82.05493	-100.71544	1732000	0.005499199	1913.6146	0.0	-565.85657	0.13398196	4.4703485e-09	2139.059578180313
433	134.92467	121.947365	240.88191	-51.221985	265.4	4.70617	40.84101	75.9724	-102.109726	1736000	-0.016633682	2925.7236	0.0	-2033.0337	0.114489175	5.9604646e-09	2142.972246170044
434	55.207058	112.7563	222.98311	-72.68693	232.94118	34.03825	24.021433	103.56157	-66.23638	1740000	-0.008651104	2685.188	0.0	-1000.478	0.12910618	1.5497208e-09	2146.7013161182404
435	49.256535	106.7227	243.17128	-63.569775	208.0	13.15618	36.264633	82.60568	-95.088745	1744000	-0.010343036	1764.7803	0.0	-380.46582	0.12935142	1.9967556e-09	2150.3205931186676
436	82.08897	134.272	264.32184	-133.25032	207.57895	17.793974	35.32216	94.315414	-98.78035	1748000	-0.00952416	1763.4773	0.0	-531.7191	0.12501273	-5.4240226e-09	2153.993757247925
437	61.009434	114.85168	246.20502	-79.85859	227.17647	36.74278	31.342205	100.74257	-89.66061	1752000	-0.0059564994	1730.4398	0.0	-427.23352	0.16674566	-2.2351743e-09	2157.8102383613586
438	60.577805	119.35489	243.83972	-124.81643	215.5	21.305832	33.086807	79.27451	-98.86098	1756000	-0.0039177095	1553.7642	0.0	-197.49512	0.13888949	-6.556511e-10	2161.399798154831
439	32.487965	100.888885	260.32422	-69.5418	202.36842	21.181078	31.97451	81.88064	-98.70502	1760000	0.00097627804	1987.6837	0.0	-668.9159	0.12799856	-9.536744e-10	2164.9427201747894
440	-4.4103494	103.503426	239.7626	-117.06869	164.08333	7.0252666	37.069447	76.23166	-97.34074	1764000	0.00013849816	1696.493	0.0	-388.81213	0.13212653	3.4272671e-09	2168.3623361587524
441	-7.9058604	84.36465	215.84084	-120.44395	160.20833	0.75850195	40.919933	77.35582	-99.828064	1768000	-0.0025931254	1388.9951	0.0	-261.31396	0.14578065	-5.6922436e-09	2171.8253922462463
442	-7.5529923	90.81748	231.31242	-119.08532	157.72	-2.343748	39.690174	74.8498	-91.07749	1772000	0.007306233	1421.8057	0.0	-222.6576	0.14282897	2.592802e-09	2175.1580600738525
443	-1.8403393	107.08467	226.0885	-155.94197	173.60869	-3.8182056	39.89064	84.13128	-100.340935	1776000	-0.0003992951	1480.6577	0.0	-184.04993	0.13814324	4.4703483e-10	2178.5779173374176
444	-30.990383	71.743065	246.59685	-159.8576	153.16	-5.71033	35.96416	78.326355	-104.37418	1780000	0.017304692	1149.9269	0.0	-419.33588	0.15300158	-6.556511e-09	2182.050457239151
445	36.71028	113.80575	238.68483	-136.83607	177.40909	-2.9991457	42.54111	69.84417	-107.823654	1784000	-0.017397933	2109.747	0.0	-861.7706	0.13343944	3.2782554e-10	2185.597434282303
446	-1.677852	74.53979	217.29448	-60.23764	151.0	9.260617	34.511982	86.10591	-102.63715	1788000	0.0003807171	1356.444	0.0	-394.70123	0.1380643	-3.0994416e-09	2189.068706035614
447	55.741814	126.67665	258.33276	-69.59828	197.7	2.8541212	44.98747	78.82313	-105.065506	1792000	-0.0073986626	2319.4563	0.0	-679.5137	0.15174814	-3.0696392e-09	2192.5055701732635
448	-9.51604	86.50009	230.57048	-139.21768	165.13043	10.3082285	33.93842	83.404724	-104.3069	1796000	0.008566921	1625.8934	0.0	-382.98242	0.149585	-3.784895e-09	2195.9450030326843
449	26.052385	102.243965	230.93396	-67.55794	179.68182	4.795899	38.31333	87.374	-103.14829	1800000	-0.008995659	1319.0492	0.0	-155.50269	0.13308966	8.732081e-09	2199.447313308716
450	42.266426	118.24408	249.8758	-121.945984	198.2	7.916034	38.68214	79.66688	-99.97386	1804000	-0.009483543	1647.3772	0.0	-185.1344	0.13892178	1.3709068e-09	2202.9745399951935
451	72.633606	114.38121	240.58505	-50.989285	201.36842	16.139498	35.98252	86.42578	-104.25143	1808000	0.0073003606	1537.7434	0.0	-332.68225	0.13137548	-2.8908254e-09	2206.571629047394
452	-8.840118	83.82963	237.16495	-80.63702	158.84	20.22219	35.628212	88.795395	-107.150085	1812000	0.010034437	1514.3323	0.0	-683.34503	0.1260257	-4.5895576e-09	2210.003176212311
453	31.788944	99.1655	207.27881	-101.28919	226.17647	0.23991674	38.82271	70.534294	-109.69748	1816000	-0.0036673474	1192.2399	0.0	-114.01697	0.14351514	2.0563602e-09	2213.643967151642
454	71.54869	111.630646	236.48041	-78.36526	218.61111	8.5457735	41.611454	78.76693	-100.13093	1820000	-0.013110646	1562.7278	0.0	-389.47803	0.11981001	6.556511e-10	2217.287094116211
455	12.593364	71.26257	176.28635	-61.933506	300.07693	33.919407	36.490326	77.14495	-95.72384	1824000	-0.047346503	2139.2014	0.0	-1544.5939	0.22496252	5.3644182e-09	2221.5631773471832
456	23.799397	126.60073	230.46915	-275.32278	209.1579	-0.4279339	34.074387	69.009186	-106.81713	1828000	-0.006376457	2065.4678	0.0	-588.1168	0.12298471	-1.9073487e-09	2225.271814107895
457	17.221115	85.69992	209.30493	-70.54481	265.35715	20.36114	36.07882	82.022125	-100.11313	1832000	-0.039611023	1866.0171	0.0	-737.31177	0.19875745	-2.8312205e-10	2229.364105939865
458	36.133217	104.68027	221.59698	-84.95083	246.125	4.976481	34.692436	79.35002	-97.93362	1836000	-0.009616264	1067.9282	0.0	-177.03638	0.11535007	2.861023e-09	2233.163045167923
459	34.902046	99.39125	175.76746	-75.87901	367.4	14.482197	37.161636	76.98052	-105.67828	1840000	-0.034965727	1404.5052	0.0	-524.8021	0.1741607	3.2782554e-09	2237.801267385483
460	-29.462393	94.02683	164.49126	-229.15831	286.23077	1.8919263	30.482958	73.46142	-107.01088	1844000	-0.0063425642	1419.1035	0.0	-366.0011	0.19215849	1.013279e-09	2242.272229194641
461	78.42649	104.58407	218.12149	-72.67348	316.0	-2.1962564	33.779408	65.21897	-106.85132	1848000	-0.014835647	1385.3036	0.0	-717.0263	0.09946407	-2.8014182e-09	2246.74401307106
462	62.439896	112.51318	223.64053	-68.18956	349.72726	28.269913	31.064959	79.29255	-112.725845	1852000	-0.026902504	1472.3658	0.0	-661.9985	0.1314692	-1.6838312e-09	2251.522964954376
463	124.51548	99.12509	228.68529	-20.502048	351.54544	17.28686	29.361156	73.73469	-98.354294	1856000	-0.024744058	803.4572	0.0	-332.48907	0.13136004	-6.5863133e-09	2256.0964002609253
464	50.510567	105.89445	200.91144	-82.79944	393.4	24.07489	17.894928	66.42762	-90.18005	1860000	-0.006732029	1391.6611	0.0	-463.17987	0.18310305	1.1622906e-09	2260.659027338028
465	17.73106	105.62703	188.20042	-109.90645	351.54544	5.818924	24.805195	66.60959	-96.29023	1864000	-0.004806162	1143.5052	0.0	-400.00067	0.13721332	-2.1904707e-09	2265.2018382549286
466	98.05908	104.03615	236.36295	-51.14632	477.75	11.987068	27.187159	72.09681	-99.52603	1868000	-0.04596027	720.71735	0.0	-230.66064	0.14803928	2.5629998e-09	2270.421438932419
467	68.217735	114.29705	188.29225	-125.917244	525.7143	9.368539	24.743303	70.66428	-79.77862	1872000	-0.008818096	609.1303	0.0	-51.70215	0.10661962	1.9669533e-09	2275.4426431655884
468	26.662552	116.51176	155.76811	-117.83723	572.0	10.232172	26.031727	84.05207	-97.21745	1876000	-0.027440563	799.5514	0.0	-223.11237	0.18571462	4.157424e-09	2281.037593126297
469	1.5450096	89.50212	156.36404	-102.57452	405.125	6.100198	25.867472	66.03688	-101.77387	1880000	-0.02420083	739.4327	0.0	-156.13873	0.14471161	2.2053719e-09	2286.6024901866913
470	11.289495	126.260376	180.14484	-106.26485	604.4	-8.768486	22.094788	65.90726	-89.090706	1884000	-0.015016603	645.5296	0.0	-122.82178	0.15390329	-2.041459e-09	2292.7878041267395
471	58.25378	108.99043	270.31137	-59.851532	634.0	4.466205	26.318573	73.45957	-88.490105	1888000	-0.029342016	351.04395	0.0	-77.34326	0.1344001	1.5646219e-09	2299.009304046631
472	11.592194	70.0287	131.98247	-41.76131	966.5	-6.569375	20.834276	67.18074	-68.04598	1892000	-0.027329791	91.693115	0.0	-40.280724	0.14266478	8.9406965e-10	2304.8710572719574
473	-41.85511	38.484684	13.998728	-100.18562	624.0	-5.2780695	15.640128	62.38827	-85.66756	1896000	-0.010783035	150.80489	0.0	-39.332825	0.13894227	2.6524067e-09	2311.1747300624847
474	-59.930317	48.045383	0.44556025	-144.09048	774.2	-7.3777537	17.21721	62.436474	-95.18494	1900000	-0.0061830473	182.6466	0.0	-16.239548	0.1357911	-3.5762787e-10	2317.806777238846
475	-42.71998	24.096987	-5.053984	-70.852715	1000.0	-8.755565	18.624249	80.059494	-23.556435	1904000	-0.021854866	30.161556	0.0	-9.14591	0.13452996	6.198883e-09	2325.092080116272
476	51.16843	119.5183	274.08188	-62.39847	681.8	-3.0619805	22.556381	76.651085	-71.700424	1908000	-0.022326645	263.86658	0.0	-144.54878	0.1275457	-9.536744e-10	2332.4102880954742
477	37.012875	130.74852	288.96445	-66.095566	680.0	-2.1760151	21.68995	83.02895	-63.567413	1912000	-0.018732022	477.17914	0.0	-165.31659	0.12151262	-2.384186e-10	2339.2690601348877
478	-59.746624	13.841364	-37.664368	-75.282745	1000.0	-7.8786836	10.922303	48.90098	-16.977951	1916000	-0.02990735	18.784645	0.0	-4.739067	0.13564818	-9.387732e-10	2347.3384561538696
479	0.26208726	42.23245	64.86739	-44.433144	673.2	-1.8106675	21.549816	78.75863	-62.474934	1920000	0.0016336225	177.18092	0.0	-74.06575	0.12140325	-1.0430813e-09	2354.2000670433044
480	-63.65809	18.311426	-47.449863	-93.48709	1000.0	-8.198592	8.005281	34.00335	-16.284155	1924000	-0.012601343	17.692719	0.0	-3.3183985	0.12354283	-5.066395e-10	2363.008432149887
481	-33.349148	12.492933	-24.303387	-54.64641	1000.0	-7.3784986	16.240088	75.4859	-16.724766	1928000	-0.01366821	33.184715	0.0	-8.614107	0.123003684	8.255244e-09	2370.453830242157
482	-42.889603	29.91031	-11.018342	-87.20861	1000.0	-6.790079	17.548077	76.23037	-16.54068	1932000	-0.012783691	34.810425	0.0	-11.656668	0.11683411	-1.1771918e-09	2378.4327023029327
483	-33.63468	17.8062	-14.660774	-52.010452	1000.0	-8.978572	17.185507	75.536644	-17.034546	1936000	-0.01251694	23.859331	0.0	-3.01964	0.119228624	-1.4454127e-09	2385.846012353897
484	-57.45706	11.365654	-45.71967	-69.94472	1000.0	-7.387264	13.174704	57.758106	-16.809338	1940000	-0.010382428	23.755953	0.0	-8.726619	0.122649215	-1.0430813e-10	2394.2778890132904
485	-42.583145	23.108295	-15.706502	-78.23903	1000.0	-7.558083	15.614379	75.43961	-17.10312	1944000	-0.018181048	24.253876	0.0	-5.4877167	0.119624905	-4.768372e-10	2402.6288220882416
486	-72.55816	14.630673	-50.269215	-90.09189	1000.0	-9.991317	9.689053	37.90318	-17.149323	1948000	-0.022416096	16.05104	0.0	-5.24448	0.123171344	1.7136336e-09	2410.9298281669617
487	-36.92874	26.081404	-2.6946268	-68.899086	1000.0	-8.124061	13.537799	66.66994	-16.649006	1952000	-0.012541462	16.214436	0.0	-3.18476	0.12372366	-1.6540289e-09	2419.6702201366425
488	-18.141071	15.014805	6.4173613	-31.75152	1000.0	-7.038945	13.357656	52.820793	-16.329247	1956000	-0.004077241	50.4639	0.0	-24.22046	0.115239926	1.475215e-09	2428.245105266571
489	-44.26748	9.843937	-29.752584	-56.451805	1000.0	-6.489157	14.294436	71.78812	-17.417223	1960000	-0.009889122	23.27344	0.0	-11.424306	0.120747425	2.95043e-09	2435.4537353515625
490	-56.110836	9.647584	-41.4319	-66.37579	1000.0	-8.302261	7.5859685	21.767183	-16.328678	1964000	-0.018347539	10.69063	0.0	-1.0318737	0.122363396	3.0100347e-09	2443.680353164673
491	-32.57173	30.316826	4.3932905	-73.29655	1000.0	-7.6751456	11.927937	50.80824	-16.096378	1968000	-0.012961426	18.929192	0.0	-5.058325	0.1191655	-4.768372e-10	2452.1061539649963
492	-12.399754	13.488125	-3.3533907	-35.67785	1000.0	-6.182212	15.601387	56.878334	-16.356781	1972000	-0.013782844	18.753798	0.0	-5.479188	0.12425126	5.811453e-10	2460.494937181473
493	-43.636177	25.315155	-13.433448	-70.42517	1000.0	-7.6032295	9.564756	48.899612	-16.82343	1976000	-0.010570326	11.914292	0.0	-1.9483938	0.12719774	-3.7401913e-09	2469.8499603271484
494	-17.955185	29.458244	15.053463	-65.63976	1000.0	-7.7312756	13.548079	57.85469	-16.963217	1980000	-0.025871227	14.776993	0.0	-5.683259	0.1254316	7.0035455e-10	2477.9879443645477
495	-6.53499	25.838688	23.327208	-39.4087	1000.0	-2.8802276	15.195083	63.780857	-15.762451	1984000	-0.02022798	24.182205	0.0	-11.320459	0.122212574	3.1143428e-09	2487.530416250229
496	8.039338	20.713505	28.064291	-25.651138	1000.0	2.6603374	15.974815	63.50022	-15.142229	1988000	-0.0221474	164.14554	0.0	-140.80975	0.1271795	1.5944243e-09	2496.396764278412
497	40.3153	21.053715	75.312706	19.270643	1000.0	2.195906	17.723629	66.8316	-15.826014	1992000	-0.02964758	70.5273	0.0	-22.65601	0.13470878	-5.0961972e-09	2505.0928320884705
498	105.74684	85.92727	249.89363	27.678047	952.0	10.940517	19.802485	67.35406	-17.090761	1996000	-0.07902176	140.90941	0.0	-82.19341	0.1899922	-4.172325e-09	2513.2027320861816
499	82.080635	30.91793	134.20935	57.60755	982.75	5.0224805	13.891806	68.01564	-15.659113	2000000	-0.062322013	55.919846	0.0	-14.160576	0.18663006	9.387732e-10	2521.767918109894
