Epoch	AverageEpRet	StdEpRet	MaxEpRet	MinEpRet	EpLen	AverageVVals	StdVVals	MaxVVals	MinVVals	TotalEnvInteracts	LossPi	LossV	DeltaLossPi	DeltaLossV	Entropy	KL	Time
0	-228.55327	136.4426	-2.7439759	-533.1558	81.520836	-0.08940746	0.029393496	0.04658626	-0.21044679	4000	0.017182989	22867.344	0.0	-1077.8398	1.3494039	1.192093e-10	2.9020941257476807
1	-194.04907	132.3623	16.667038	-610.9848	82.97872	-4.168195	0.44395432	-0.7773806	-4.7381496	8000	0.009543747	16288.414	0.0	-807.13184	1.3604549	3.874302e-10	5.863306999206543
2	-203.62968	108.68174	-13.5179405	-420.09937	91.441864	-8.082636	0.17113918	-3.1917636	-8.213252	12000	-0.0008304845	13674.468	0.0	-591.9531	1.3677869	1.4901161e-10	8.815620183944702
3	-195.09627	95.970345	-53.122097	-403.64825	93.666664	-11.090116	0.14864291	-6.834012	-11.165773	16000	0.0029215899	11564.7	0.0	-511.03125	1.3711795	-2.384186e-10	11.815027952194214
4	-143.68648	78.78674	-30.96372	-384.03754	86.04348	-13.840264	0.066641666	-11.007205	-13.886123	20000	-0.0024951661	5843.47	0.0	-242.22314	1.3746811	2.9802322e-10	14.757859230041504
5	-142.67354	65.751114	-18.453041	-341.55765	93.85714	-15.803903	0.06361676	-14.380461	-15.840223	24000	-0.0028648356	5382.1226	0.0	-230.18555	1.3768549	3.0100347e-09	17.73590111732483
6	-147.71536	101.41629	24.139986	-376.99298	124.625	-17.633972	0.8005352	2.410898	-17.756159	28000	-0.0021126417	5810.716	0.0	-135.45654	1.3760958	7.748604e-10	21.322628259658813
7	-132.50594	80.994415	16.92445	-371.07718	94.42857	-19.227848	0.08158558	-17.51846	-19.254688	32000	-0.0024805728	5156.057	0.0	-185.05566	1.3757342	-2.69711e-09	24.319733142852783
8	-145.9846	96.15454	6.321018	-413.4032	96.63415	-21.032316	0.1261868	-19.306517	-21.059887	36000	0.0034629307	6017.0967	0.0	-245.01172	1.3740865	-1.5646219e-09	27.32537603378296
9	-120.799805	84.48881	-7.261668	-526.1558	91.65116	-23.153921	0.10437173	-19.064949	-23.171053	40000	0.0019267249	4189.516	0.0	-142.74585	1.3719076	-1.0281801e-09	30.32990002632141
10	-141.76634	73.73377	-38.958973	-367.6499	104.60526	-24.850916	0.045970686	-22.8288	-24.865915	44000	-0.0035284837	3743.8584	0.0	-166.66504	1.3693128	-1.7881394e-10	33.354756116867065
11	-142.8055	92.48157	-13.813426	-469.25537	94.666664	-26.68221	0.021440929	-25.650066	-26.692791	48000	-0.0024217358	5673.8643	0.0	-238.85791	1.3663728	5.811453e-10	36.40078616142273
12	-126.06119	77.819725	-3.6144245	-435.89496	101.71795	-28.884256	0.059359435	-28.102304	-28.900787	52000	-0.00026025294	3805.8987	0.0	-123.93823	1.3643659	-8.642673e-10	39.43081593513489
13	-145.8915	90.37654	-9.456339	-404.51483	103.07895	-30.558134	0.01441053	-29.784782	-30.565874	56000	0.007541846	4691.9863	0.0	-203.98047	1.3577513	1.7732382e-09	42.464641094207764
14	-125.66692	67.06726	-27.917294	-324.1729	107.27027	-32.647793	0.061386194	-31.115646	-32.659412	60000	-0.0043241195	2545.0452	0.0	-107.399414	1.3556868	-1.758337e-09	45.51024007797241
15	-135.03096	75.52828	-13.790235	-331.82355	107.10811	-34.240097	0.11121642	-32.0224	-34.25661	64000	-0.0048409835	3599.737	0.0	-138.06226	1.3486178	2.115965e-09	48.57650423049927
16	-123.12621	62.747036	-13.790216	-291.19266	104.89189	-36.031174	0.022841837	-35.620735	-36.038116	68000	-0.015715392	2335.6208	0.0	-93.68579	1.3411554	6.109476e-10	51.61913228034973
17	-128.14903	88.93071	6.005857	-376.15366	117.02941	-37.55868	0.038040675	-36.74007	-37.5675	72000	-0.009628824	3080.5193	0.0	-80.441895	1.3314494	-2.682209e-10	54.71003699302673
18	-130.78	91.74173	34.881805	-379.1004	118.242424	-38.98708	0.048216417	-38.155502	-38.99646	76000	-0.0011757842	3248.3115	0.0	-60.65869	1.3248345	6.2584876e-10	57.7964551448822
19	-154.21973	86.26199	-23.131182	-320.92142	118.181816	-40.26333	0.024342816	-39.740604	-40.270412	80000	0.005837333	3610.9287	0.0	-151.29272	1.3096094	2.0116568e-09	60.95636510848999
20	-123.69814	84.8387	23.948092	-311.56552	124.5625	-42.246548	0.017698083	-41.91658	-42.25159	84000	0.0005257561	2484.829	0.0	-46.650635	1.3056519	1.385808e-09	64.17389011383057
21	-162.69313	98.21684	-40.754135	-435.62057	129.43333	-43.442905	0.020101843	-42.91799	-43.447803	88000	0.004604304	3810.557	0.0	-124.16821	1.294319	-2.8461218e-09	67.30788397789001
22	-133.67331	90.27032	5.835414	-308.23825	128.74193	-45.290047	0.025028206	-44.847824	-45.295536	92000	-0.015690042	2745.3962	0.0	-57.464355	1.2822464	8.940697e-11	70.44706606864929
23	-134.17389	97.15685	-13.073563	-388.76364	136.06897	-46.635944	0.006959831	-46.492302	-46.639244	96000	0.0009771251	2924.7832	0.0	-48.718018	1.2672738	1.3262034e-09	73.61488103866577
24	-153.9723	95.725655	48.995144	-355.85715	141.25	-47.86565	0.007069631	-47.596027	-47.86827	100000	-0.0154189225	2587.571	0.0	-60.434082	1.262596	2.771616e-09	76.78712916374207
25	-136.73508	114.541664	44.563393	-322.15494	136.65517	-49.2454	0.022083217	-48.50572	-49.249966	104000	-0.00087962387	3345.429	0.0	-47.921387	1.2336332	1.8775463e-09	79.97301816940308
26	-131.81683	83.130516	25.367985	-311.77933	149.61539	-50.51377	0.016231282	-50.27817	-50.517796	108000	0.006747771	2250.8564	0.0	-8.584473	1.2350295	7.748604e-10	83.20413732528687
27	-111.23032	99.716736	28.576126	-329.339	205.36842	-51.07336	0.07757234	-50.59492	-51.100197	112000	0.0046020765	2371.9785	0.0	-15.771484	1.2542274	-9.983778e-10	87.27033114433289
28	-118.21723	93.79634	-0.0314979	-365.11417	152.26923	-50.61194	0.04998948	-49.692734	-50.624146	116000	0.006444387	2626.7534	0.0	-0.89697266	1.2099907	-5.9604643e-10	90.50848817825317
29	-145.65366	92.447586	-13.059729	-350.24872	157.04	-50.7586	0.049029667	-49.184254	-50.767647	120000	0.0042875316	1957.4939	0.0	-25.070068	1.2041783	3.874302e-10	93.7706081867218
30	-151.80836	102.10649	-20.590172	-378.6628	166.29167	-51.69844	0.016502164	-51.368412	-51.705383	124000	0.00076988124	2488.5798	0.0	-33.20508	1.1920918	2.9802322e-10	97.09813928604126
31	-120.87486	126.038635	66.1041	-351.88654	260.93332	-52.757538	0.22957805	-50.964176	-52.858486	128000	0.01863382	3053.8384	0.0	-569.0469	1.2442939	-2.1010638e-09	102.37057828903198
32	-96.54247	87.25048	27.124815	-276.4914	157.95833	-43.345352	6.39701	36.446304	-48.96759	132000	0.004017889	2114.354	0.0	-298.13855	1.1859056	-5.960465e-11	105.68231701850891
33	-128.10413	101.47259	23.918118	-349.83618	166.65218	-38.98482	6.5212564	-23.695063	-51.806114	136000	-0.02228573	2211.359	0.0	-256.50586	1.1806955	-7.748604e-10	108.9984712600708
34	-87.175125	102.43927	65.73195	-277.93524	207.63158	-48.985523	9.159125	-0.08022416	-52.419834	140000	-0.021445923	2107.781	0.0	-131.41187	1.2180208	-4.3213366e-10	112.83460307121277
35	-55.770897	65.18517	36.415806	-197.47829	173.27777	-42.016907	21.295876	34.319717	-51.63491	144000	-0.021230401	2178.244	0.0	-792.6305	1.2088106	-1.0430813e-09	116.93247103691101
36	-102.16823	82.793076	12.724689	-225.39276	192.0	-18.938507	4.2696104	9.937281	-32.669613	148000	0.023860032	1926.6631	0.0	-598.39404	1.1680121	1.1026859e-09	120.40811228752136
37	-84.03391	86.26246	14.179378	-243.14845	226.05882	-39.619846	4.449335	-27.820124	-48.979347	152000	-0.0040336982	1774.8339	0.0	-234.54846	1.1932193	5.811453e-10	124.83440828323364
38	-40.33994	43.242954	40.73663	-133.10051	319.5	-25.92257	14.03514	21.663242	-48.566757	156000	-0.021051256	997.1611	0.0	-272.03204	1.2229565	-1.7434358e-09	130.46471500396729
39	-70.47568	56.816563	10.925112	-198.87483	265.93332	-15.960275	7.6096478	-1.2592772	-41.726265	160000	-0.02085482	1527.649	0.0	-344.17188	1.184412	-1.7881394e-10	134.83456206321716
40	-115.51521	88.02937	-5.771279	-296.093	210.1579	-17.307482	12.424989	-1.4563887	-49.191204	164000	0.03246685	3072.915	0.0	-857.0664	1.1363661	-9.23872e-10	138.42078614234924
41	-69.46342	108.713295	35.65423	-293.59293	269.75	-41.024654	8.840597	1.985054	-51.273598	168000	0.024502324	2151.0525	0.0	-561.6118	1.2044569	-1.7881393e-09	143.4761312007904
42	-64.97096	81.24786	51.278	-215.9968	295.46155	-21.265715	9.168237	-8.234863	-49.680893	172000	-0.001589383	1518.5664	0.0	-156.13489	1.166692	1.3113022e-09	148.04158997535706
43	-18.329405	66.93279	51.36096	-148.11018	313.91666	-18.621801	10.650448	15.110286	-48.769573	176000	-0.0426144	1277.8425	0.0	-144.93481	1.1813223	-5.662441e-10	153.09489512443542
44	-88.36213	109.171974	59.256866	-269.97937	436.0	-10.672405	10.832899	13.2221775	-46.970093	180000	0.023529576	1983.4703	0.0	-537.0084	1.1939003	5.364418e-10	158.9516589641571
45	-45.99048	76.95679	24.631056	-240.74536	298.07693	-22.942293	20.459007	28.125675	-49.975124	184000	-0.013753647	1291.0919	0.0	-216.64856	1.141921	-9.983778e-10	163.56920313835144
46	-29.38676	85.84478	79.36765	-213.16698	376.5	-13.205594	18.757751	18.142673	-49.81558	188000	-0.034100987	1198.9775	0.0	-387.53772	1.213588	-7.301569e-10	169.38798904418945
47	-23.592218	52.469837	46.94122	-165.14896	281.75	-3.563676	19.97495	40.851677	-48.094707	192000	-0.028109157	694.6985	0.0	-60.89569	1.1581619	1.2665987e-09	174.53093123435974
48	-53.820515	68.006744	29.540064	-199.9028	368.7	-5.7603407	18.479269	34.76719	-46.91336	196000	0.010978289	1297.0422	0.0	-262.2743	1.1797745	1.2665987e-09	180.71140718460083
49	-40.26068	72.76135	22.421417	-222.85469	476.625	-20.972387	18.260754	12.698544	-48.045166	200000	-0.043308135	1349.1643	0.0	-581.6936	1.1485884	-4.4703484e-11	186.81696820259094
50	-16.258009	59.45429	54.269325	-134.32484	310.66666	-3.0915205	14.983197	20.929213	-33.44388	204000	-0.023798801	1005.62427	0.0	-223.03107	1.1393398	-2.0861626e-10	191.774827003479
51	-24.52716	71.66872	43.92646	-232.84229	348.18182	-10.212516	19.197605	30.84316	-40.091354	208000	-0.0020280986	1152.5796	0.0	-132.01227	1.1662332	-4.768372e-10	196.9557843208313
52	-11.327043	37.641827	50.328457	-72.63785	309.4	-10.789304	15.2287	22.289667	-32.531395	212000	-0.02913443	696.17474	0.0	-95.88989	1.1858579	7.4505804e-11	202.301087141037
53	1.3799301	33.862015	54.352615	-57.308296	327.33334	-4.77549	15.812849	30.610544	-31.685902	216000	0.0013925066	536.6362	0.0	-83.96417	1.1734552	-5.066395e-10	208.17186307907104
54	-36.49457	70.51702	35.49055	-192.52893	332.41666	-3.8471305	14.463058	34.255135	-31.818434	220000	-0.028726531	1051.5544	0.0	-255.46179	1.1267568	1.3709068e-09	212.9947829246521
55	-41.625492	47.919086	41.56024	-145.93768	272.14285	-8.035294	21.259846	37.638676	-35.856564	224000	-0.0061003184	1067.2255	0.0	-182.28595	1.136758	-1.7732382e-09	217.26183128356934
56	-7.5620146	31.209438	43.638855	-66.79975	338.72726	-23.663925	19.2865	28.546675	-43.942474	228000	-0.02539162	806.2865	0.0	-280.74762	1.1466831	1.4305115e-09	222.77855014801025
57	-39.057453	60.96559	25.47667	-154.27847	669.0	-14.97559	14.393126	30.960007	-37.06036	232000	-0.022776214	489.5742	0.0	-157.11224	1.1902452	-4.61936e-10	230.05992126464844
58	-44.88853	93.95815	24.661543	-242.8924	628.3333	-5.502814	19.056889	39.574917	-42.880795	236000	0.01851695	734.048	0.0	-127.40521	1.1884354	-1.385808e-09	236.9451220035553
59	-62.944393	101.42413	-0.79539156	-288.1127	569.3333	-8.677515	18.27257	36.958256	-50.278748	240000	0.0023068679	729.71265	0.0	-89.4032	1.174313	-1.1920929e-09	243.95139932632446
60	-33.23895	63.204002	7.4580746	-169.35948	605.5	-15.939141	20.577648	38.695583	-52.24491	244000	-0.041532885	680.983	0.0	-176.5694	1.1535274	-2.4288893e-09	250.8091220855713
61	-22.995121	29.487595	21.648321	-62.72293	498.0	-1.8714564	24.007431	44.12049	-52.161343	248000	-0.013773041	457.46036	0.0	-118.72882	1.13702	5.9604643e-10	256.8941869735718
62	14.354822	7.9280305	26.683372	4.161025	675.2	-9.963007	16.538979	39.593945	-47.26784	252000	-0.030297462	405.26303	0.0	-158.8198	1.1853026	1.2516975e-09	263.65704321861267
63	-41.38648	63.89452	47.029205	-163.04184	632.6667	-3.45025	23.01182	42.38159	-49.36616	256000	0.037847284	1024.9554	0.0	-249.24982	1.1391567	7.4505804e-11	270.5676050186157
64	8.944764	34.54768	52.543056	-66.20007	528.5714	-3.1936612	12.681216	35.806953	-28.447733	260000	-0.024472645	453.22827	0.0	-90.75278	1.185052	-9.834766e-10	277.03192710876465
65	-7.414548	45.94623	39.597622	-89.49633	711.8	-4.2521405	15.18356	33.26217	-39.197224	264000	-0.030154007	513.831	0.0	-65.326324	1.1729528	-2.384186e-10	282.87457609176636
66	17.548595	49.086864	81.06889	-68.48793	439.2857	-0.5203473	18.951134	41.393314	-42.273575	268000	-0.011389902	650.375	0.0	-106.18732	1.1821698	-1.7285346e-09	289.4567720890045
67	7.3792152	37.978924	68.87435	-44.750473	400.125	-1.1967404	18.286402	44.706017	-31.6026	272000	-0.006970232	589.0354	0.0	-105.026306	1.1798637	4.3213366e-10	295.8795692920685
68	-0.55109406	42.83623	72.59175	-60.41296	405.25	0.13588744	21.673014	45.01497	-32.956097	276000	0.006435656	633.0268	0.0	-118.895996	1.1822689	-8.3446505e-10	301.8980231285095
69	-10.18417	33.623875	25.060436	-85.55642	384.75	-3.8517032	17.41319	40.57608	-33.893837	280000	-0.011721241	530.79675	0.0	-27.906494	1.1670363	-2.384186e-10	307.30328702926636
70	-1.0561655	20.03733	28.679289	-30.463976	564.4286	-4.386328	20.344204	41.31686	-35.234528	284000	-0.019060707	489.91812	0.0	-85.85437	1.1524051	-2.5331975e-10	312.85788321495056
71	-2.3039746	24.250263	38.1112	-48.36546	302.1	1.6599054	19.239836	41.62943	-45.19245	288000	-0.0042012027	729.38574	0.0	-200.63434	1.1320485	1.1175871e-09	318.14650106430054
72	44.854057	19.917233	81.05747	26.263105	696.8	-17.923346	24.376415	42.9937	-48.99199	292000	-0.040846493	718.8632	0.0	-486.00153	1.1839678	1.4901161e-10	324.9014220237732
73	34.409523	36.322197	85.10003	-21.566288	545.5714	0.6561563	24.986197	48.58163	-30.997639	296000	-0.022365075	448.73645	0.0	-138.08072	1.123351	1.4901162e-11	331.6464321613312
74	13.608195	43.354275	86.96233	-50.656727	628.1667	-2.2574103	17.519197	45.488106	-32.226967	300000	-0.055725988	465.45425	0.0	-72.43857	1.0801303	-1.475215e-09	338.0370440483093
75	32.690723	47.327663	116.074524	-28.38053	543.0	-1.5427947	14.0543165	42.519646	-31.215076	304000	-0.014676161	455.75043	0.0	-74.63846	1.1532347	-1.6987324e-09	344.36330008506775
76	23.141483	46.263264	85.79453	-55.472126	560.7143	2.1604974	21.202152	46.539692	-33.313732	308000	0.016798014	413.0987	0.0	-58.885498	1.1640184	-1.4901161e-10	350.94709396362305
77	101.5356	9.434316	115.06691	92.04413	1000.0	-4.9882207	15.446652	46.031437	-30.76323	312000	-0.071566164	262.83896	0.0	-179.20291	1.2045766	1.6540289e-09	358.09187030792236
78	30.173376	30.127657	88.82322	-11.057365	557.8571	9.718569	24.499382	50.663303	-33.27343	316000	-0.0067269295	476.95306	0.0	-163.73392	1.158456	-2.2798776e-09	364.47505831718445
79	29.770844	45.431797	87.48041	-30.54106	695.8	2.3910224	18.63369	47.09217	-30.328758	320000	-0.028827408	293.253	0.0	-54.488693	1.1720428	1.937151e-10	370.4484841823578
80	55.151985	61.272663	143.23116	-28.747225	701.4	3.5512927	20.0863	48.043232	-26.963123	324000	-0.01759267	382.12576	0.0	-33.316895	1.1561979	-5.960465e-11	377.0009090900421
81	56.718773	38.604603	109.98862	9.719132	722.2	3.24859	16.853142	48.43055	-28.276297	328000	-0.0056142453	279.4726	0.0	-64.2928	1.1192801	6.854534e-10	383.02561831474304
82	47.328278	83.90151	141.84319	-103.38248	769.0	4.5179334	18.337395	49.78456	-26.489046	332000	-0.030923637	350.5613	0.0	-50.027313	1.1310716	-2.5182962e-09	388.95961809158325
83	48.321117	56.090008	143.92207	-31.564384	386.77777	9.984682	17.913298	48.644115	-35.89737	336000	0.006038938	594.45483	0.0	-153.07608	1.0747759	-6.2584876e-10	394.1298973560333
84	111.79637	76.93224	235.5098	-4.6209254	740.6	-3.39211	17.725163	50.11142	-36.10577	340000	-0.0635423	514.0508	0.0	-218.76779	1.0312165	-3.054738e-09	399.4189009666443
85	53.57069	53.455154	109.880806	-21.449497	829.5	5.5788407	20.46033	51.754055	-26.0172	344000	-0.02225912	326.8858	0.0	-59.669983	1.1022785	7.4505804e-11	405.27123403549194
86	66.773636	56.42395	142.96431	-20.271873	699.4	6.7671704	15.801983	50.754547	-14.656386	348000	-0.054421965	304.75986	0.0	-27.296997	1.087709	-8.940697e-11	411.5248281955719
87	96.53453	58.061172	142.41199	-0.68276757	823.25	4.4447117	14.389899	50.83783	-16.406677	352000	-0.047858372	182.03151	0.0	-28.187119	1.0328542	1.937151e-10	416.98802399635315
88	77.45788	50.20659	140.36435	5.94023	697.2	9.355738	14.117614	52.31747	-29.740198	356000	-0.015970206	270.8034	0.0	-54.921402	1.0500798	3.7252904e-10	422.83763313293457
89	52.77098	53.35198	134.47334	-6.426734	616.0	4.8311915	20.587946	52.49427	-28.526274	360000	-0.018183537	393.00043	0.0	-91.07864	1.0139369	-9.536744e-10	428.388206243515
90	115.47328	27.403881	151.07587	76.125206	1000.0	3.8275619	12.351974	50.94531	-17.12331	364000	-0.027526585	102.970825	0.0	-52.044853	1.0500171	2.0861626e-10	434.29741311073303
91	68.21467	68.428635	145.03944	-25.193123	789.75	5.468361	16.619762	51.50773	-34.864174	368000	-0.06521505	187.35435	0.0	-42.723083	1.0454047	-7.0035455e-10	440.55433320999146
92	92.025406	54.263336	169.59483	9.81919	713.0	9.050891	17.307934	51.561157	-22.509644	372000	-0.03351773	277.91656	0.0	-43.73842	1.0095235	-5.066395e-10	445.8736021518707
93	74.8565	61.829357	131.9871	-29.466114	827.25	5.413074	13.617703	46.94785	-25.031258	376000	-0.009547781	275.56894	0.0	-99.240524	1.0432658	4.4703483e-10	451.658673286438
94	76.54201	84.942085	165.06288	-53.80737	872.5	7.400791	13.095941	50.555763	-30.477827	380000	-0.049059417	371.6213	0.0	-174.59805	1.0242815	1.5497208e-09	457.2614061832428
95	74.626465	34.129242	112.056305	20.949213	816.0	9.751947	12.760349	51.781685	-18.153427	384000	-0.015822135	256.77277	0.0	-29.457886	1.0016997	1.013279e-09	463.5364279747009
96	80.020615	68.57545	141.07213	-35.486828	849.0	6.823654	13.982592	51.31402	-16.653679	388000	-0.013322234	200.16148	0.0	-17.267883	0.9834873	-3.1292438e-10	469.2936990261078
97	91.33699	67.57277	171.07393	0.026216893	786.6	9.045589	14.222869	51.91816	-20.884762	392000	-0.024960589	599.24066	0.0	-149.22546	0.9693316	-5.811453e-10	474.3231701850891
98	92.84495	66.451546	143.73647	-20.588837	860.25	6.6456404	17.718454	53.136814	-24.595102	396000	-0.05504956	210.11662	0.0	-58.82672	0.9642922	-2.2351741e-10	480.7083089351654
99	120.4505	11.241152	131.3765	101.61617	1000.0	3.2009943	13.245153	49.643066	-16.265404	400000	-0.029586108	99.08371	0.0	-50.009075	0.98561746	2.7567149e-09	487.60187911987305
100	83.250015	62.43847	158.29053	-12.659268	828.75	8.923467	14.875221	50.38874	-5.920965	404000	-0.021016154	297.54877	0.0	-66.225586	0.9389061	8.9406965e-10	493.15769124031067
101	85.30251	38.800735	132.99876	25.648115	1000.0	2.5055232	14.177557	51.066326	-18.9334	408000	-0.032333348	94.91845	0.0	-32.937424	0.9684397	-2.2351741e-10	499.98360800743103
102	104.54718	66.40122	165.11165	-7.8181214	827.75	6.783372	9.565247	45.76238	-13.202209	412000	-0.020646978	226.75392	0.0	-67.69443	0.9454378	0.0	505.44063425064087
103	99.31115	46.052135	131.4625	19.79389	808.0	9.618667	14.835385	50.65029	-16.757416	416000	-0.05063442	118.698	0.0	-26.334496	0.92529553	6.4074995e-10	511.52961826324463
104	110.869965	16.075462	131.48187	87.70839	906.0	8.677268	12.918746	49.74974	-5.2349563	420000	-0.00449105	172.23572	0.0	-46.05642	0.9444527	6.854534e-10	517.2957792282104
105	105.342285	50.16269	138.20094	18.65128	832.75	6.3476305	12.763136	49.207817	-13.335107	424000	-0.028074857	206.56915	0.0	-27.531967	0.92591727	-1.758337e-09	522.5348682403564
106	122.24733	21.995626	154.63857	93.009964	1000.0	6.286722	14.770879	50.171753	-19.795277	428000	-0.0054252166	79.516136	0.0	-30.70914	0.8833983	-4.246831e-09	528.9290091991425
107	87.18248	86.13568	151.73131	-61.065826	864.0	7.7255683	14.447347	51.587868	-25.719656	432000	-0.042744774	416.9323	0.0	-86.41907	0.8744956	-8.493662e-10	533.8963761329651
108	117.50752	102.03463	226.2772	-71.28271	710.4	10.887737	15.806348	52.59988	-12.469454	436000	-0.047011	564.90826	0.0	-148.15033	0.8896918	-9.834766e-10	539.938915014267
109	92.95995	108.85872	266.64966	-67.80223	743.4	9.383202	12.007316	52.76281	-18.505144	440000	-0.025541145	522.50336	0.0	-78.22211	0.8849851	3.0249356e-09	545.3091142177582
110	133.47621	47.884567	206.82074	76.40717	984.75	8.569341	14.236662	50.684967	-7.4918356	444000	-0.07053983	175.22885	0.0	-31.464478	0.8209883	4.9173834e-09	551.1437711715698
111	81.38745	57.745102	129.51582	-16.894579	833.0	15.17172	10.745172	51.50789	-6.078162	448000	-0.016520545	302.15765	0.0	-80.43706	0.82163936	1.3411046e-09	557.0687370300293
112	175.42125	72.058846	241.75314	53.87939	893.75	6.862296	13.150532	53.51945	-8.607117	452000	-0.053027146	415.75104	0.0	-141.51526	0.776431	1.3113022e-09	562.6218910217285
113	125.34277	98.590355	243.83807	-3.6189013	635.3333	18.64602	15.285955	56.794003	-6.2756433	456000	-0.07322644	768.29913	0.0	-175.1399	0.8361772	2.4586917e-09	568.1340441703796
114	166.83324	113.7043	255.0986	-72.482445	503.66666	16.537096	10.912812	52.429974	-5.7707443	460000	-0.059089158	856.1097	0.0	-165.706	0.8101081	-4.1723253e-10	573.1088321208954
115	161.81403	91.9237	254.85115	0.07885482	637.6667	16.665436	13.685715	57.36363	-29.27842	464000	-0.063408464	596.8411	0.0	-123.52225	0.7452644	-6.4074995e-10	577.7488551139832
116	225.27145	71.934525	292.21198	32.252003	418.1111	23.745825	15.357242	59.121468	-15.203881	468000	-0.1291495	1271.2476	0.0	-751.39386	0.853669	-5.662441e-10	582.2127602100372
117	204.8584	102.68994	267.6867	-62.522503	480.875	39.626263	12.018368	61.30567	-4.7460494	472000	-0.013110942	1166.6382	0.0	-361.82	0.795286	-1.0430813e-10	586.9708149433136
118	175.37654	122.711716	284.25546	-20.796558	399.4	34.716446	13.337147	60.050484	-7.5052695	476000	-0.03797457	1140.9429	0.0	-107.91162	0.7246719	2.9802322e-10	591.8872921466827
119	203.8506	102.32902	281.08652	1.1970882	404.77777	32.870453	13.322586	59.4809	-9.96479	480000	-0.006695398	826.0814	0.0	-94.69348	0.77665204	2.5331975e-10	596.3184111118317
120	208.75175	89.733284	265.21484	25.555082	368.3	36.703003	15.16503	62.67675	-14.01391	484000	-0.06925426	828.10406	0.0	-123.92108	0.7837435	7.301569e-10	600.504771232605
121	161.47809	109.238235	265.6549	-26.560024	313.25	41.674973	16.067387	64.065575	-28.811844	488000	-0.03657089	1248.0717	0.0	-163.36902	0.8158103	5.811453e-10	604.599102973938
122	138.31279	126.537384	266.13022	-37.108192	274.23077	34.340343	21.092808	65.27194	-33.50824	492000	-0.007683089	2268.0527	0.0	-584.0442	0.8199288	-3.8444994e-09	608.5299272537231
123	216.8682	55.70409	267.71576	60.574844	378.7	34.14782	18.132399	66.94328	-0.17994416	496000	-0.013111105	912.93494	0.0	-162.21405	0.71385473	-5.066395e-10	612.6222913265228
124	163.37387	113.934715	283.2236	-10.720588	285.57144	40.92717	20.717113	69.06511	-20.855803	500000	-0.09083723	1640.029	0.0	-326.42786	0.7799707	-4.768372e-10	616.5111401081085
125	176.86656	119.86105	280.7752	-15.043003	265.0	38.360733	23.93328	70.213585	-32.729145	504000	-0.042568345	1763.2024	0.0	-442.30347	0.78599775	7.1525574e-10	620.3593170642853
126	185.04575	113.1643	294.4683	-18.60722	278.85715	39.254642	21.960567	70.75802	-41.031788	508000	-0.041201614	1837.9814	0.0	-367.55103	0.77381	-2.041459e-09	624.1470770835876
127	114.25325	119.52348	288.29727	-11.351514	248.6	43.190655	19.642733	72.405624	-14.957131	512000	-0.048324067	2470.9119	0.0	-720.65796	0.8124244	-9.23872e-10	627.8317172527313
128	173.54652	100.2162	274.13492	11.409197	296.23077	34.560287	21.95379	72.09641	-24.759396	516000	-0.05353343	1138.0735	0.0	-205.17157	0.78399926	-9.536744e-10	631.708220243454
129	141.87811	126.65698	301.2734	-16.477638	293.3846	38.504997	23.245657	74.68483	-21.35955	520000	-0.022734027	2151.964	0.0	-646.8613	0.76723343	-8.046627e-10	635.5021181106567
130	145.0757	133.03636	288.78458	-47.867252	294.0	33.01406	22.138569	74.8802	-25.404985	524000	0.004255295	1615.6708	0.0	-169.95056	0.7886386	5.2154064e-10	639.3262271881104
131	140.84927	127.07395	282.71768	-18.416992	285.42856	38.551125	22.19518	75.59398	-14.194483	528000	-0.045281723	1530.6444	0.0	-223.46216	0.82486975	1.3411044e-10	643.2177021503448
132	132.74992	123.75448	259.55685	-46.041264	277.42856	32.78236	23.236986	77.33147	-23.986599	532000	-0.03508716	1929.7814	0.0	-300.03577	0.8084092	7.301569e-10	646.9530651569366
133	156.5787	110.99141	303.60504	-7.986722	322.0	36.824158	19.236483	75.93894	-29.218435	536000	-0.03093815	1381.576	0.0	-306.1134	0.76492673	2.7120113e-09	651.0012490749359
134	182.12361	115.302826	292.23505	-32.472546	295.58334	29.140415	25.143484	74.17852	-28.366522	540000	-0.03692838	1417.4612	0.0	-332.10034	0.72595483	2.1457671e-09	654.9478483200073
135	151.08083	120.896	270.23874	-71.248215	304.0	41.063717	22.073711	72.31674	-23.848475	544000	-0.09020852	1516.9608	0.0	-140.41296	0.7957405	5.2154064e-10	658.8516211509705
136	196.51726	100.187515	266.1907	-29.017988	300.5	36.29226	22.3092	69.11128	-26.052092	548000	-0.0469418	1300.2961	0.0	-310.7373	0.8088042	1.4901161e-10	662.8765540122986
137	137.27318	128.65996	282.71707	-36.642193	321.0	40.46841	23.889875	77.319595	-2.9619455	552000	-0.005496592	1582.3009	0.0	-268.91248	0.82837963	4.4703484e-11	666.9384932518005
138	212.39668	74.77351	276.0401	9.381214	372.3	39.54278	16.55406	71.28808	-7.4432096	556000	-0.04928244	874.83453	0.0	-122.0744	0.79006356	1.952052e-09	671.3122391700745
139	240.63277	28.449646	281.80502	172.70769	395.2	39.648167	25.040346	79.41282	-17.261381	560000	0.07320238	1200.3445	0.0	-662.6226	0.69999415	-4.0233136e-10	675.4905941486359
140	229.18924	32.372723	259.1689	145.83218	424.66666	47.33877	19.202555	78.90268	-4.7771263	564000	-0.03900899	461.7469	0.0	-125.467834	0.72631955	-1.3411044e-10	680.0869600772858
141	208.15923	77.11415	269.0086	-13.529305	373.1	37.4573	18.752161	78.0191	-4.990328	568000	-0.04524837	635.96967	0.0	-125.892944	0.81167024	7.4505804e-11	684.4729950428009
142	183.50742	100.59155	249.4045	-21.468136	389.2	32.17443	26.242971	80.67653	-14.446954	572000	-0.018550735	837.16254	0.0	-124.23871	0.8549415	1.7285346e-09	688.8709411621094
143	140.74261	139.84816	254.35413	-143.04521	431.0	41.841045	22.360191	79.38002	-8.23589	576000	0.11888434	2930.9216	0.0	-1507.5272	0.7567866	-2.1457671e-09	693.3282191753387
144	237.94395	23.413097	281.36432	201.70854	401.55554	29.048395	15.375579	74.86617	-20.522768	580000	-0.22658962	919.47345	0.0	-614.11884	0.84672916	-1.2069941e-09	697.960113286972
145	180.29742	80.50535	262.22986	3.9519002	470.625	34.55478	17.609962	79.08595	-16.972225	584000	-0.017364724	1144.4989	0.0	-389.44098	0.75823236	2.9802324e-11	702.5108771324158
146	227.88257	87.22411	299.28513	-35.56022	348.9091	37.519634	21.730309	78.40495	-7.217892	588000	-0.016442567	906.16956	0.0	-300.14838	0.7662144	1.9818545e-09	706.7668259143829
147	197.96986	97.73379	294.74448	-16.93614	324.33334	44.231274	18.991703	81.57403	-3.4030743	592000	-0.009375116	940.9971	0.0	-222.20233	0.8123916	5.811453e-10	710.8961691856384
148	171.57584	122.00296	283.70227	-46.468285	341.36365	43.550014	24.02603	84.33864	-2.579862	596000	0.010868784	850.98737	0.0	-199.52747	0.7997711	-1.1026859e-09	714.9218890666962
149	146.89067	129.94731	275.72015	-60.12364	322.91666	37.175205	26.504328	81.43666	-10.229039	600000	-0.005795597	1300.622	0.0	-234.29553	0.837896	2.682209e-10	719.0644133090973
150	256.04	22.900063	287.29385	213.53482	416.22223	47.65651	25.093994	83.80226	-10.379417	604000	0.081832655	305.64465	0.0	-96.314926	0.67542976	6.705523e-10	723.4538071155548
151	184.86592	122.539825	293.8617	-55.99623	322.41666	44.04536	22.479128	83.85275	-20.593893	608000	-0.008503031	1333.3002	0.0	-248.11243	0.80091333	-1.0579825e-09	727.4725172519684
152	162.45369	124.73192	278.63977	-113.68598	333.33334	35.330845	29.58545	83.69502	-33.06469	612000	0.026494922	1018.5384	0.0	-335.6355	0.7813945	1.7881393e-09	731.4861280918121
153	127.297676	133.8676	249.89552	-154.4389	317.0	42.792103	32.13018	86.05912	-49.97285	616000	-0.015439746	2731.9597	0.0	-844.79614	0.77140117	-6.2584876e-10	735.4973320960999
154	150.96454	112.796555	265.20282	-15.156087	363.36365	28.019728	25.306519	70.53204	-31.237476	620000	-0.023398343	1667.3043	0.0	-418.96387	0.7356185	1.9967556e-09	739.6172993183136
155	148.68724	117.75369	280.35663	-0.593431	278.2143	38.898384	22.033499	83.45829	-19.729626	624000	-0.07467465	1617.1865	0.0	-467.56555	0.80699134	-1.192093e-10	743.444000005722
156	126.81136	121.1919	257.25543	-67.539894	301.07693	39.0154	26.298174	74.78153	-12.363685	628000	-0.01991095	1889.3733	0.0	-571.4175	0.75091994	1.4603138e-09	747.3149571418762
157	162.1342	125.76285	284.73267	-62.40225	281.85715	41.457882	23.404705	80.20691	-19.350319	632000	-0.015672881	1368.1576	0.0	-138.45667	0.75473386	1.2814999e-09	751.2635991573334
158	160.84518	122.90373	299.62192	-34.94064	284.7143	34.60274	26.77718	72.83914	-12.708156	636000	-0.038592547	1653.6948	0.0	-195.44104	0.7882946	-1.5199184e-09	755.1326472759247
159	121.060715	120.754425	289.29306	-18.456528	261.0	37.04455	25.109392	75.6632	-21.001701	640000	-0.045202293	1714.041	0.0	-286.20813	0.78671926	-3.874302e-10	758.8766481876373
160	165.4392	112.04118	278.65408	-37.060665	324.25	25.87876	30.43692	75.59353	-29.79581	644000	-0.06206094	1272.573	0.0	-358.57684	0.73705477	-3.6805867e-09	762.8627660274506
161	144.59714	127.28264	276.0118	-142.2406	330.25	38.10835	27.181204	78.265625	-16.852482	648000	0.09494939	2192.0022	0.0	-593.292	0.6809212	-7.4505804e-11	766.9466180801392
162	206.95123	89.88606	301.26108	0.99383074	299.76923	39.48829	23.679321	75.27952	-26.830015	652000	-0.0839245	1120.1097	0.0	-387.48834	0.7399224	1.4305115e-09	770.8685612678528
163	170.89624	132.92862	289.3925	-81.14087	281.3846	47.66313	24.194542	75.64322	-18.688583	656000	-0.026300587	1428.086	0.0	-378.27173	0.75659	7.4505807e-10	774.7003509998322
164	165.55795	109.76926	318.7231	10.435676	274.64285	47.11125	30.512108	81.047165	-35.102528	660000	0.0023934087	1901.7998	0.0	-539.7208	0.6981121	2.30968e-09	778.5205430984497
165	197.24986	101.288315	273.6238	-9.616945	277.35715	48.344257	19.673786	76.464066	-19.502401	664000	-0.080223896	1100.309	0.0	-218.25958	0.7693525	-1.0728836e-09	782.3402931690216
166	214.68335	87.35584	298.38647	24.344744	318.25	47.198147	22.662878	77.42081	-12.156363	668000	-0.017804164	985.2924	0.0	-105.54401	0.7367166	-6.2584876e-10	786.369998216629
167	159.88135	124.0029	305.71045	-53.30995	301.84616	45.361477	23.698038	78.05592	-17.87712	672000	-0.01703642	1716.8468	0.0	-329.6101	0.73193926	1.937151e-10	790.2548451423645
168	183.1172	110.05969	279.95108	-11.5397	296.76923	43.516415	25.463888	78.06644	-20.762138	676000	0.024455888	958.3558	0.0	-96.94684	0.744398	-5.9604643e-10	794.2502419948578
169	217.88458	88.33899	296.0421	-5.149261	298.53845	44.775726	25.417925	79.22679	-18.688665	680000	0.0016902256	696.9765	0.0	-199.23041	0.752131	8.3446505e-10	798.1667830944061
170	145.89763	112.105705	282.8094	-15.399171	268.7143	52.002655	23.688915	84.464355	-19.288326	684000	-0.009842751	1681.6515	0.0	-519.45276	0.77443886	8.493662e-10	802.058788061142
171	211.89915	88.4911	270.9307	-4.21698	292.46155	47.57384	22.569868	77.10555	-25.128555	688000	-0.047039885	1171.5986	0.0	-440.18506	0.75291103	-1.1473894e-09	805.9662220478058
172	160.98448	123.703125	280.7816	-61.357887	317.41666	44.93501	29.118788	88.240524	-19.39218	692000	0.0019746646	1509.7849	0.0	-343.24463	0.74261165	7.4505804e-11	810.1067662239075
173	194.33495	93.47785	278.28928	1.5544473	360.9091	35.441044	26.533949	78.2784	-21.407194	696000	0.042778216	1172.9283	0.0	-323.9007	0.70558727	-1.937151e-10	814.1864712238312
174	161.83183	124.73813	274.91785	-32.060566	331.25	44.72407	25.140875	87.12734	-19.092365	700000	-0.042537596	1443.485	0.0	-335.04138	0.78713745	1.2069941e-09	818.3389019966125
175	179.5332	131.37727	284.96063	-122.914345	339.54544	39.319847	26.37237	87.50876	-21.972418	704000	-0.007078589	2056.7478	0.0	-706.6349	0.75723517	5.960465e-11	822.3683080673218
176	197.87828	89.533455	281.42673	-2.108946	333.9091	38.084244	26.561842	88.14772	-13.305691	708000	-0.019539328	1115.1307	0.0	-583.6639	0.76890934	-1.9967556e-09	826.4975302219391
177	220.97554	71.81102	274.53284	3.147425	353.9091	41.60511	24.249643	85.56084	-22.56072	712000	-0.07493093	618.0911	0.0	-161.08365	0.8255237	0.0	830.9156260490417
178	244.72914	11.313596	260.14453	219.95328	360.36365	48.700462	18.76358	83.59313	-12.259613	716000	-0.035962287	311.11032	0.0	-141.68605	0.80793893	1.6391277e-10	835.3242611885071
179	246.0771	13.364636	273.48526	227.91846	375.0	51.446148	17.1476	88.51128	11.314015	720000	-0.042396538	205.7792	0.0	-25.878967	0.81045485	2.0861626e-10	839.6624519824982
180	178.91707	106.93725	308.23395	-19.580711	348.36365	49.85932	19.278118	91.000984	-5.403487	724000	0.0053590415	1291.7163	0.0	-409.99854	0.8111104	6.2584876e-10	843.7805750370026
181	203.11221	101.60386	285.1271	-4.5913153	366.4	38.214973	27.812662	87.499214	-11.064484	728000	0.05317894	749.5827	0.0	-160.6347	0.77204907	1.1920929e-09	847.9915761947632
182	217.159	64.57645	276.13025	26.423262	337.45456	49.815975	21.000746	87.969734	-16.219324	732000	-0.042201634	407.1454	0.0	-98.854065	0.8125045	6.4074995e-10	852.0809531211853
183	256.42166	15.661831	285.0846	233.87732	304.33334	54.860134	19.862223	91.1463	-11.662508	736000	0.09460914	334.31036	0.0	-180.42195	0.7197809	-9.983778e-10	855.9736092090607
184	219.06802	88.74354	295.38797	-28.210127	397.8	62.502766	19.980963	92.1766	-9.356497	740000	0.10136604	2231.4756	0.0	-1378.4293	0.6202345	-1.1324882e-09	860.0598411560059
185	192.11693	103.16727	276.2435	10.465328	275.0	47.0848	21.922039	90.33972	-17.002237	744000	-0.03426926	1075.8378	0.0	-190.00043	0.7213125	-2.5331975e-10	863.841637134552
186	237.67747	72.33024	293.35873	-2.0040162	287.0	57.102337	21.045883	92.69976	-18.99734	748000	-0.034687113	538.2095	0.0	-231.40308	0.70311606	-1.6093255e-09	867.4944121837616
187	202.55551	116.71568	305.0047	-36.998535	274.0	60.439022	22.149374	96.86457	-23.260456	752000	-0.023076113	1106.6396	0.0	-216.74048	0.6531994	2.115965e-09	871.1486053466797
188	222.29362	94.6265	301.89203	10.540501	239.4375	59.655594	19.899149	89.862724	-25.429298	756000	-0.0172814	1334.884	0.0	-171.87329	0.7288571	-1.8924475e-09	874.7785232067108
189	165.79163	120.46818	284.81448	-18.324665	225.05882	63.18026	19.939482	90.316986	-27.228104	760000	-0.061104435	2087.1396	0.0	-542.74255	0.71410143	2.5331975e-10	878.2864961624146
190	168.74295	130.57257	276.53775	-144.76189	259.0	55.246887	19.33865	88.591064	-33.455284	764000	0.08527731	1999.9917	0.0	-801.5818	0.7099745	-8.493662e-10	882.0107481479645
191	138.9654	112.49072	271.84494	-9.086676	215.22223	53.095142	21.317905	85.845314	-23.26502	768000	-0.038241606	1803.4469	0.0	-379.48938	0.71846426	2.9802322e-10	885.5467042922974
192	195.10768	102.260765	303.0808	22.104004	262.66666	31.999529	37.799698	88.56801	-63.793045	772000	-0.062199757	2149.69	0.0	-1031.4742	0.70422107	2.8312206e-09	889.226321220398
193	179.13164	119.561165	312.18393	-9.695335	262.6	45.049133	32.888226	92.75377	-34.707428	776000	0.052207757	1402.8751	0.0	-295.43604	0.66871184	-3.5762786e-09	892.9189879894257
194	164.58095	116.74484	276.9323	-15.802007	217.94444	58.831535	27.519918	94.973175	-50.6111	780000	-0.05469909	1697.6227	0.0	-192.5669	0.71703774	3.0845404e-09	896.4722490310669
195	228.6126	78.67737	289.36545	24.274008	254.13333	54.424416	31.290026	89.01384	-30.834927	784000	0.01583326	814.5667	0.0	-217.51306	0.7403473	6.705523e-10	900.1447861194611
196	192.11415	102.8705	301.3143	-9.860325	267.64285	58.422718	28.119259	100.03995	-66.28867	788000	0.05094486	1285.824	0.0	-299.57104	0.66659534	-2.7418137e-09	903.8876211643219
197	219.04123	105.710915	300.16165	-30.970196	261.33334	57.69273	27.043964	88.13412	-42.632942	792000	-0.059296288	1253.8019	0.0	-202.08362	0.68539125	1.6689301e-09	907.5651702880859
198	224.39238	94.99162	298.45615	-30.080101	254.33333	59.579044	22.70731	89.16432	-35.603355	796000	-0.014620422	715.3234	0.0	-88.04706	0.7286343	2.384186e-10	911.2660579681396
199	205.10603	91.36523	271.3369	-12.905184	310.08334	55.320446	29.169815	90.86544	-38.801357	800000	0.0028009883	992.87976	0.0	-321.74213	0.67114145	2.9802324e-11	915.0584681034088
200	231.01675	62.224247	282.1212	44.875843	351.18182	48.5336	24.489037	91.80555	-38.48534	804000	-0.0034357263	812.42114	0.0	-345.48486	0.6059775	1.1771918e-09	918.9513919353485
201	218.94153	92.50563	292.98663	-19.087433	273.7143	52.240772	24.266594	86.42021	-39.524868	808000	-0.06318327	1042.5643	0.0	-249.44489	0.7174762	-1.4901161e-10	922.7090632915497
202	232.52582	66.802315	307.62253	20.15417	292.46155	61.233303	19.505527	93.71584	-27.233538	812000	-0.037635226	633.4747	0.0	-125.607544	0.6941558	-1.6093255e-09	926.5521950721741
203	213.95502	93.196625	289.74084	21.881878	317.18182	56.053844	24.204437	95.49797	-4.9142356	816000	0.0946542	1429.6271	0.0	-552.0831	0.63022846	6.854534e-10	930.5455150604248
204	164.81462	120.950806	297.0974	-3.1985314	256.13333	51.857773	26.283308	96.65975	-38.086697	820000	-0.03319324	1701.5164	0.0	-609.6881	0.785178	-5.662441e-10	934.2340369224548
205	237.22484	69.47543	281.89386	-5.2627077	282.92856	52.972553	22.350101	95.52846	-42.18575	824000	-0.055913772	605.62354	0.0	-378.51138	0.7538728	1.3411044e-10	938.089212179184
206	256.95276	23.92728	287.54593	192.38637	305.6154	60.448013	23.127956	96.14173	-41.801956	828000	0.04343675	527.29913	0.0	-266.14783	0.6385672	9.0897084e-10	941.9369342327118
207	222.90157	74.20478	273.79074	27.70226	280.14285	68.164825	19.253984	100.12751	-36.52474	832000	-0.059575155	951.3484	0.0	-325.4729	0.7157086	-1.6987324e-09	946.3355371952057
208	221.86021	90.989555	294.05573	-3.389638	285.64285	51.784092	25.98736	98.29621	-20.240671	836000	0.0019315524	1145.1896	0.0	-225.70013	0.70596254	-4.127622e-09	950.5678281784058
209	220.32729	85.71642	287.9016	1.3832319	276.57144	55.257145	27.745886	99.980194	-35.40743	840000	-0.04509845	1019.9678	0.0	-286.63867	0.7069516	-1.2218953e-09	954.4209420681
210	215.88863	86.01122	263.3544	-9.8570795	267.2857	63.564133	20.054642	98.93317	-30.431038	844000	-0.0026878242	588.04865	0.0	-125.518585	0.76735586	-4.2170285e-09	958.1664822101593
211	197.2076	99.74791	276.44342	-13.911592	332.08334	57.788574	24.783264	97.46872	-27.217796	848000	0.10478886	1283.7413	0.0	-787.85	0.68393546	-1.4901161e-09	962.3054382801056
212	232.33032	53.838688	274.64197	54.428585	288.76923	59.118504	22.842463	100.522446	-24.370497	852000	-0.020260766	487.89603	0.0	-114.55057	0.7705953	-2.0116568e-09	966.1630389690399
213	231.91367	69.71646	309.99518	43.331333	333.0909	49.943024	28.054111	98.76312	-17.994072	856000	-0.01626019	1197.9514	0.0	-465.81726	0.6707908	2.8312206e-09	970.1625499725342
214	254.18977	24.194946	298.15707	204.32916	316.5	52.516724	23.686712	98.90671	-13.18276	860000	-0.06555824	406.66208	0.0	-183.96794	0.7493899	5.9604643e-10	974.0989801883698
215	240.86678	68.95662	313.35776	1.4498047	280.14285	63.837868	16.535261	100.90436	9.668382	864000	-0.018737571	433.6346	0.0	-92.396545	0.75095326	1.6689301e-09	977.864618062973
216	231.53282	56.133934	266.04675	51.25474	313.25	59.392067	19.950087	102.66229	-23.956821	868000	0.021062598	687.24896	0.0	-304.67572	0.7748542	-1.6391277e-09	981.7144582271576
217	249.04753	18.42189	282.96747	224.74149	301.3846	64.06426	15.295247	97.309364	-16.002659	872000	0.0060146954	95.706955	0.0	-30.400192	0.767588	-1.3411044e-10	985.5680770874023
218	214.99821	96.79146	281.31476	18.229628	281.35715	62.79028	19.90877	100.79383	-2.7655528	876000	0.013967308	1163.4065	0.0	-583.9829	0.7651715	6.4074995e-10	989.3537621498108
219	191.37457	97.08863	281.19897	22.652857	255.8	53.05329	27.322422	99.05963	-28.866053	880000	-0.0035175704	1198.4059	0.0	-436.2597	0.7676414	1.5795231e-09	993.1093790531158
220	253.25604	24.365341	288.92834	202.74031	309.5	55.466915	24.138464	98.25016	-20.154715	884000	0.08335179	581.8476	0.0	-228.79309	0.6634601	-4.3213366e-10	997.0594851970673
221	211.67801	102.01573	295.25333	3.0362928	258.33334	62.44303	23.71568	102.11168	-36.97734	888000	-0.043769743	934.8981	0.0	-431.2117	0.7430618	5.364418e-10	1000.7289001941681
222	234.29724	84.18165	304.62308	33.10658	265.42856	60.522713	31.10947	104.886925	-31.199263	892000	0.0845527	963.88806	0.0	-351.21582	0.6362587	-1.0430813e-09	1004.3600630760193
223	196.79817	117.36207	298.77646	-23.368916	237.9375	63.4658	21.916801	103.89228	-38.2734	896000	-0.057522207	1315.4396	0.0	-309.89642	0.73075247	9.685754e-10	1007.926685333252
224	227.62834	94.707436	294.3093	-28.11543	253.8	62.217747	28.848953	105.42702	-48.20562	900000	0.018032638	962.77374	0.0	-173.83746	0.6994832	-5.364418e-10	1011.5555582046509
225	203.99748	107.76889	316.5836	-17.92266	237.4	64.09135	25.556795	105.17757	-47.980072	904000	0.008096829	1288.3939	0.0	-376.62927	0.663539	1.2665987e-09	1015.2571682929993
226	221.2348	94.86311	302.90512	14.640714	241.6875	52.40572	33.481083	105.32216	-50.82463	908000	-0.046434373	1361.3813	0.0	-475.53955	0.6563538	-8.9406965e-10	1018.8121061325073
227	229.72826	81.122314	309.64484	26.693567	257.53333	68.26499	25.307964	106.03384	-46.94038	912000	0.015371564	1027.804	0.0	-253.4093	0.6586844	1.7881394e-10	1022.5087511539459
228	242.81435	58.091347	274.15002	53.038887	292.3846	53.806545	24.335653	106.50097	-23.102535	916000	0.011203652	1022.92163	0.0	-249.28638	0.5824465	7.301569e-10	1026.2914531230927
229	252.74457	59.83052	321.22372	43.300644	246.0	73.2663	15.082256	106.51805	-9.714564	920000	-0.010958734	489.69724	0.0	-140.64493	0.675904	2.2351741e-10	1029.930008172989
230	244.66281	90.26192	305.61145	-55.44955	285.07693	71.33234	16.585836	107.12716	-1.2554318	924000	0.042839482	944.29333	0.0	-406.15094	0.60873264	-1.475215e-09	1033.6468012332916
231	226.92928	99.96608	309.1524	-22.494675	232.82353	73.29641	17.966618	106.64245	-15.021127	928000	-0.028515717	1068.9146	0.0	-330.21515	0.67821324	-1.192093e-10	1037.2594470977783
232	230.31886	81.526474	297.94675	15.881742	245.0625	66.971115	18.371819	106.87329	-13.937843	932000	-0.017801872	825.5844	0.0	-162.86725	0.706819	-4.61936e-10	1040.89515209198
233	229.13033	61.64032	288.56946	55.68239	353.0	56.618626	28.153765	107.58121	-24.346878	936000	0.023530366	1221.5674	0.0	-520.4936	0.53480345	5.364418e-10	1044.655534029007
234	209.34616	95.33443	290.1062	2.4564042	244.875	68.147804	15.619237	105.74379	-36.845467	940000	-0.036550827	1141.1062	0.0	-308.74115	0.6965595	7.0035455e-10	1048.2146911621094
235	200.31097	107.60592	302.13742	-31.180082	244.0	56.555027	27.075863	106.90622	-49.867172	944000	-0.045632508	1626.4177	0.0	-409.73315	0.69306403	2.9802324e-11	1051.7832810878754
236	231.14955	95.67877	301.82584	-37.727207	255.2	58.903156	24.350683	105.244156	-45.668144	948000	-0.0056934976	911.5743	0.0	-353.08228	0.66801846	-2.682209e-10	1055.4849371910095
237	218.53574	90.219955	295.70148	27.831768	264.13333	63.94337	23.949726	107.03839	-55.406315	952000	-0.0320961	1033.4523	0.0	-414.07062	0.6845642	-1.7136336e-09	1059.1790981292725
238	246.33446	60.798923	294.96112	49.04921	289.15384	59.74586	22.872862	100.656685	-21.048416	956000	-0.003606839	778.6805	0.0	-152.09735	0.6610888	1.5795231e-09	1062.8506979942322
239	256.11996	21.106375	291.97867	225.06355	271.35715	67.44191	18.238401	105.74334	-10.8144045	960000	-0.0095922705	380.93576	0.0	-77.34616	0.7024283	3.412366e-09	1066.545578956604
240	244.75896	62.169563	317.2707	32.123623	277.57144	70.554886	16.752777	106.66782	-18.93975	964000	-0.027752731	494.2276	0.0	-174.86334	0.7160499	-1.7881394e-10	1070.2781331539154
241	228.0261	99.70041	302.2907	-35.223732	269.7143	64.73882	23.31267	105.54255	-36.69473	968000	-0.0094590075	974.66766	0.0	-204.9834	0.6964104	1.2218953e-09	1074.1542301177979
242	241.82814	61.599545	294.27988	31.712358	279.7143	56.83098	24.21098	102.38939	-31.70786	972000	-0.053629622	566.41205	0.0	-226.22995	0.7146977	1.0877848e-09	1077.9954130649567
243	225.84996	81.90979	287.48187	27.620022	275.2143	65.903786	20.125643	104.62916	-35.729317	976000	-0.002648506	751.58826	0.0	-275.53912	0.71359813	-1.4454127e-09	1081.7396531105042
244	234.6111	61.503925	315.73132	48.081306	287.0	59.34504	24.534388	102.38844	-24.510717	980000	0.0024238117	597.2329	0.0	-217.05759	0.7150836	-4.917383e-10	1085.543221950531
245	209.8266	90.11087	301.987	43.700157	282.84616	59.526665	22.948376	109.450806	-28.606272	984000	-0.015580537	1361.2397	0.0	-670.2369	0.6710774	-2.682209e-10	1089.2516160011292
246	256.49155	22.3287	289.914	222.12549	296.84616	53.14098	26.60513	103.79758	-24.808014	988000	-0.01976039	629.2655	0.0	-342.0932	0.71410954	1.9073487e-09	1093.178274154663
247	236.85658	85.45913	306.9032	30.52839	276.0	66.12485	21.412766	99.73158	-11.764567	992000	-0.019744202	786.05164	0.0	-332.1054	0.7083228	-1.7881394e-10	1096.9981482028961
248	244.96378	63.499844	309.15955	27.12873	278.07144	61.0977	22.737938	101.8405	-41.544384	996000	0.008190341	276.6378	0.0	-90.158356	0.7415686	-1.192093e-10	1100.7767012119293
249	245.05376	45.34897	282.3645	114.32001	341.0909	61.77304	22.024576	107.03318	7.8942356	1000000	0.036718253	922.85645	0.0	-334.3371	0.7026199	-1.0579825e-09	1104.7942190170288
250	254.87625	59.73552	307.23776	54.019054	272.85715	62.89314	22.178059	110.36928	-18.251925	1004000	0.04697227	489.86758	0.0	-229.91287	0.7135331	-1.4007091e-09	1108.5733942985535
251	240.78271	62.051704	290.11472	26.968485	272.92856	66.25354	18.866674	109.760796	-36.41197	1008000	0.023355834	313.92972	0.0	-154.88803	0.7092898	8.940697e-11	1112.2796840667725
252	228.08537	91.481926	306.6166	-13.942357	262.4	70.864975	16.590101	107.54794	1.3104022	1012000	1.9425868e-05	932.1201	0.0	-453.85318	0.6935384	-3.7252904e-10	1116.0018591880798
253	237.81964	86.00672	299.4536	21.000114	249.6	64.55026	25.857624	110.197365	-17.584639	1016000	0.028115986	888.7148	0.0	-162.29254	0.6731051	-2.384186e-10	1119.692214012146
254	245.4156	63.047943	305.07098	37.970924	270.42856	59.330235	29.486814	111.53357	-22.878294	1020000	-0.014596401	917.35876	0.0	-426.86896	0.644831	-4.1723253e-10	1123.6053421497345
255	248.85826	71.24232	314.92654	8.070228	259.4	74.25825	19.994081	110.617966	-41.110153	1024000	0.03384387	780.9623	0.0	-313.83212	0.69106126	-2.4139881e-09	1127.5150682926178
256	251.7585	32.113266	298.36703	162.95372	303.41666	65.30017	22.442387	112.37754	-14.645714	1028000	0.040659685	559.6662	0.0	-117.49701	0.6492732	9.685754e-10	1131.4162261486053
257	173.1525	133.66162	307.5651	-110.273674	255.53334	56.850136	31.359512	112.8715	-53.925186	1032000	-0.016528951	2356.6711	0.0	-652.2853	0.65381116	-3.1143428e-09	1135.0562889575958
258	182.53967	122.148674	299.7863	-16.735243	223.88235	54.345608	27.451553	108.42166	-57.58959	1036000	-0.028827343	1850.0002	0.0	-360.4547	0.68234175	-9.834766e-10	1138.5225541591644
259	252.83809	72.16292	308.2823	-3.7008042	263.86667	59.477356	27.983278	111.23044	-58.78501	1040000	0.025090015	881.42474	0.0	-352.67096	0.5982459	1.4007091e-09	1142.042952299118
260	224.41342	88.99599	320.41864	-20.501852	262.53333	67.37374	22.427235	106.22638	-61.541145	1044000	-0.0139376065	807.73206	0.0	-217.53107	0.60787034	7.0035455e-10	1145.7971839904785
261	228.24727	101.6827	296.31757	4.633447	233.70589	69.295815	27.240355	114.458565	-63.05637	1048000	-0.01180152	931.5582	0.0	-227.0365	0.66113526	-2.5331975e-10	1149.319766998291
262	174.6866	119.277145	291.7662	-11.660608	217.83333	71.38072	25.416685	114.534584	-56.5785	1052000	-0.0092658615	1783.3044	0.0	-767.4527	0.66828126	2.5331975e-10	1152.8153903484344
263	211.05388	114.83819	304.5302	-105.04917	256.13333	59.29168	25.72167	106.34926	-58.51656	1056000	0.039893385	1638.2671	0.0	-871.73206	0.6529193	-8.9406965e-10	1156.341524362564
264	246.32881	59.403816	297.22495	29.094057	246.9375	72.39393	19.786201	113.92757	-35.936344	1060000	-0.12252198	371.0137	0.0	-204.2649	0.6623429	-9.536744e-10	1159.936574935913
265	271.8719	17.879921	308.47522	233.93227	254.26666	76.26262	14.201159	113.040924	-13.585665	1064000	0.01807576	220.7202	0.0	-119.811134	0.6626253	-1.1920929e-09	1163.5337510108948
266	228.85548	93.07302	305.35605	-3.4116874	271.42856	73.339516	19.842705	110.05067	-56.65885	1068000	-0.00856769	1461.3816	0.0	-721.58276	0.6492165	-2.115965e-09	1167.1996431350708
267	235.3875	72.39368	293.94156	23.322983	325.08334	44.545994	35.266964	112.43576	-52.266098	1072000	0.08713826	1177.3029	0.0	-581.88385	0.5448026	-5.364418e-10	1170.891612291336
268	241.47806	69.7644	308.6134	5.4259067	278.64285	66.48643	26.684185	112.237335	-33.595467	1076000	-0.023786768	772.3234	0.0	-346.49597	0.6026913	-9.685754e-10	1174.539397239685
269	267.9563	20.207434	295.87396	226.8901	248.4375	74.55861	13.662818	111.06851	6.9743886	1080000	0.020111939	162.04268	0.0	-77.91977	0.65821105	1.5199184e-09	1178.079178094864
270	262.5645	20.69307	297.20306	225.43378	247.375	78.98733	16.977573	113.4593	12.866503	1084000	0.030628376	388.07547	0.0	-124.34555	0.6468942	8.940697e-11	1181.7281091213226
271	250.04568	61.78333	294.57382	21.81219	244.5	79.32837	12.855703	110.34755	14.519865	1088000	0.016020857	356.19476	0.0	-87.09833	0.6541195	1.9073487e-09	1185.2697162628174
272	261.6232	59.003704	299.66925	45.358295	252.93333	75.05974	15.671833	111.322914	-15.394567	1092000	-0.048197057	474.87888	0.0	-108.545685	0.6464976	9.685754e-10	1188.9063522815704
273	271.05463	20.425148	295.351	228.10504	274.64285	73.74748	21.310926	110.33705	-7.74099	1096000	0.037066255	461.79517	0.0	-234.89018	0.613625	-1.1473894e-09	1192.5372700691223
274	271.00604	16.037373	300.83182	227.2687	271.42856	74.72248	18.746496	114.44313	2.944656	1100000	-0.03811271	248.27037	0.0	-30.284302	0.6470212	-1.937151e-10	1196.1655521392822
275	261.15344	26.36437	301.90198	223.5406	272.07144	75.41662	18.688015	115.366516	2.7422247	1104000	-0.020197289	189.95413	0.0	-26.38655	0.657245	5.2154064e-10	1199.7935123443604
276	255.86528	70.69822	309.9364	9.442716	249.8	78.05039	16.686672	116.16413	-10.094929	1108000	-0.05515397	421.51462	0.0	-81.45102	0.7024481	5.9604643e-10	1203.4093329906464
277	267.75674	20.15013	301.57498	226.59062	273.07144	68.04494	19.814762	115.44185	0.712317	1112000	0.09870712	265.9724	0.0	-89.00871	0.63100785	1.4901161e-10	1207.1309781074524
278	238.90805	49.014065	292.44568	101.789734	354.36365	58.99982	27.348633	115.54044	-3.9016383	1116000	0.0025848171	390.16238	0.0	-136.0265	0.62912035	-4.4703484e-11	1211.1713380813599
279	237.86162	70.177574	293.9328	62.06443	252.8	72.18619	13.924634	114.29404	5.0047097	1120000	-0.025123289	675.5485	0.0	-249.46622	0.67221755	-2.5331975e-10	1214.7511060237885
280	247.08522	73.94654	303.4416	39.285954	244.6875	70.56662	16.490568	105.55001	-22.4399	1124000	-0.0015592661	549.9321	0.0	-184.51309	0.6600477	6.556511e-10	1218.3803751468658
281	232.34181	72.5697	291.87613	-9.730139	266.7143	70.33934	21.814154	115.52212	-18.820559	1128000	0.0001163249	810.4193	0.0	-205.11694	0.6305697	1.937151e-10	1222.080312013626
282	251.54312	63.40396	300.5312	33.693462	261.73334	67.892815	24.56128	113.81438	-27.553251	1132000	-0.0059241466	400.29626	0.0	-105.921265	0.6471074	-1.7285346e-09	1225.6687490940094
283	266.47824	25.091272	310.91602	234.30374	274.07144	71.06886	19.964184	113.84727	-36.273037	1136000	-0.0048670196	304.50812	0.0	-164.14474	0.62979287	1.0430813e-09	1229.3832890987396
284	247.55086	75.548386	299.7682	40.034794	238.0625	74.98044	23.784822	118.65291	-18.948624	1140000	-0.0048184176	808.5362	0.0	-358.14975	0.6506607	5.9604643e-10	1232.9103202819824
285	237.01259	84.691826	312.37442	3.8639307	247.875	74.34296	21.707554	118.0891	-43.358906	1144000	-0.041780915	937.1164	0.0	-331.14807	0.64298856	1.4007091e-09	1236.4516689777374
286	188.01802	113.41516	302.1487	-27.53958	275.0	64.02998	27.292723	117.0345	-49.055473	1148000	0.029765354	1609.5471	0.0	-700.51025	0.5955999	7.599592e-10	1240.457494020462
287	236.62904	88.14687	305.10394	20.410383	314.83334	44.620377	29.002266	107.10013	-64.16789	1152000	-0.036528092	1773.4962	0.0	-1137.5848	0.5642892	2.8312206e-09	1244.4151990413666
288	253.07124	77.96326	312.01437	-24.41521	252.2	74.960396	23.098585	115.89065	-68.76269	1156000	-0.045162532	808.2515	0.0	-276.63794	0.61227316	-1.0430813e-09	1247.9662940502167
289	233.0162	88.053024	323.54056	14.566972	252.46666	72.4004	25.586672	117.63296	-23.394941	1160000	0.008197997	1157.8857	0.0	-298.39996	0.58869934	-1.385808e-09	1251.5734462738037
290	214.24701	129.87657	318.98843	-130.38438	255.2	64.47206	25.300348	116.91167	-61.97125	1164000	0.029573997	1659.0269	0.0	-849.26263	0.61782	2.2351743e-09	1255.0499110221863
291	191.82474	113.52761	317.94034	-12.682783	236.9375	62.564674	37.889626	114.11195	-70.35914	1168000	-0.0752314	1996.1593	0.0	-559.18604	0.5981377	2.8312205e-10	1258.597374200821
292	243.51245	77.00892	300.3588	43.50318	245.4375	58.506477	28.63426	103.18497	-46.84522	1172000	0.0274466	1177.5021	0.0	-372.0968	0.57574207	-4.4703484e-11	1262.1420631408691
293	201.404	109.42342	318.01117	-11.500626	215.11111	75.59673	18.91127	105.8921	-41.743767	1176000	-0.03506472	1719.2952	0.0	-441.5509	0.6228286	8.791685e-10	1265.5752861499786
294	213.85545	109.876656	302.0877	15.236941	221.11111	67.29614	21.089363	110.2747	-33.329548	1180000	-0.02704751	1245.1675	0.0	-287.92896	0.5965876	7.8976153e-10	1269.0496282577515
295	239.7943	70.483574	305.29523	7.836528	264.4	64.88646	26.788853	104.72409	-37.84086	1184000	0.09977992	1134.738	0.0	-272.5578	0.55883396	2.2351741e-10	1272.741984128952
296	190.64803	136.3066	299.85373	-161.12016	294.76923	62.502377	27.02084	106.493034	-26.293386	1188000	0.037919987	2040.1235	0.0	-444.52783	0.47811478	-9.0897084e-10	1276.3995320796967
297	229.3768	95.84724	295.8594	14.114235	241.25	62.978947	23.007452	104.277756	-35.560257	1192000	-0.038586985	1395.4823	0.0	-428.98053	0.6214647	1.192093e-10	1279.9450852870941
298	228.24991	95.99548	303.99725	-21.81452	225.35294	71.68715	18.95628	114.02262	-43.358925	1196000	-0.0049122646	862.15485	0.0	-241.53546	0.6342457	1.7136336e-09	1283.412640094757
299	260.2646	57.23279	299.22104	47.021786	247.8125	69.689125	22.840387	115.79974	-35.3167	1200000	-0.03518602	695.21124	0.0	-206.35059	0.6025308	1.2665987e-09	1286.985659122467
300	268.47305	16.556253	302.6421	250.0955	252.33333	81.05919	14.164531	115.605354	-24.114645	1204000	-0.007121474	201.85268	0.0	-77.473114	0.57274085	-8.046627e-10	1290.6266779899597
301	238.58011	83.0911	303.79208	28.18257	245.25	75.0028	19.96423	111.242966	-29.955164	1208000	-0.024244213	1031.7961	0.0	-134.24695	0.58486897	-2.0861626e-10	1294.1876921653748
302	206.65639	103.01519	281.50458	-2.8871882	226.47058	74.266785	16.282259	107.33007	-38.990593	1212000	-0.0071766195	1164.5787	0.0	-476.77942	0.6545649	1.3411044e-10	1297.73468708992
303	191.04587	121.4387	308.83878	-38.29136	248.3125	60.55258	26.07256	110.592804	-53.84366	1216000	-0.024433924	1757.3468	0.0	-211.54028	0.6232529	9.834766e-10	1301.3965649604797
304	216.26309	128.11563	294.22275	-144.14305	238.6875	63.89989	22.230808	108.943	-69.19589	1220000	-0.030360745	1120.8846	0.0	-506.24017	0.68446904	1.3113022e-09	1304.955134153366
305	252.28172	51.658253	305.64536	66.63299	241.375	64.26934	28.139147	107.45981	-60.692364	1224000	-0.02514142	1195.934	0.0	-887.6759	0.6540878	-7.4505807e-10	1308.5042979717255
306	246.24896	83.58222	308.67435	26.498735	248.75	76.85058	13.492586	105.17578	-35.50858	1228000	-0.024125922	1036.8817	0.0	-449.50696	0.65619355	-9.23872e-10	1312.0955650806427
307	233.5542	87.151634	303.12146	2.6920364	249.625	75.42884	19.755465	114.334526	-51.159653	1232000	-0.03833548	589.16296	0.0	-192.09796	0.676407	1.952052e-09	1315.6449909210205
308	273.04807	19.127592	306.85477	243.45425	268.92856	67.46165	25.89356	110.79087	-27.56376	1236000	0.033832867	719.2476	0.0	-617.9578	0.62716514	8.9406965e-10	1319.2627410888672
309	237.87428	82.41973	290.73972	3.483056	250.4	78.94598	11.3571005	109.52693	1.770731	1240000	-0.033497766	652.8782	0.0	-265.05725	0.6396865	7.748604e-10	1322.8745791912079
310	209.08774	90.57734	280.73895	-12.571474	294.92307	62.625828	22.15679	101.58603	1.4724916	1244000	0.002987759	1387.4391	0.0	-592.5315	0.6169025	2.8312205e-10	1326.6993112564087
311	191.3207	116.21588	304.17725	-32.568466	295.46155	51.26559	28.354757	101.00572	-56.755062	1248000	-0.043623045	906.62726	0.0	-241.3197	0.6634332	2.6226044e-09	1330.4878582954407
312	230.76326	71.22537	290.19855	-18.307821	273.7143	55.791027	27.433435	98.996666	-51.198647	1252000	0.013141625	1088.1681	0.0	-561.445	0.700988	8.046627e-10	1334.1941721439362
313	252.54126	11.536456	274.6425	233.15672	270.2857	68.437325	12.9967785	93.63316	-27.211023	1256000	-0.0676466	88.53558	0.0	-25.98243	0.7233201	2.771616e-09	1337.920359134674
314	222.12196	96.513306	303.53717	-3.0268285	279.07144	64.47484	21.854584	96.19429	-59.418262	1260000	-0.03524864	1032.3262	0.0	-338.87115	0.66849536	-1.296401e-09	1341.7164161205292
315	237.79678	70.70678	290.41336	1.6115417	285.2143	63.70197	19.474958	93.30215	-47.731842	1264000	-0.046087634	623.463	0.0	-120.69913	0.70949584	-4.768372e-10	1345.6890380382538
316	235.48608	83.22162	316.6286	-9.639674	317.33334	51.006287	25.941853	93.49481	-55.481316	1268000	0.020554362	763.55304	0.0	-153.6463	0.652512	2.115965e-09	1349.69544506073
317	284.5987	16.984312	306.921	258.16382	284.2143	64.55218	17.751797	100.32507	-44.512405	1272000	0.008565214	342.3609	0.0	-267.82178	0.6851444	2.0712614e-09	1353.4010770320892
318	219.28983	97.514854	289.76547	-9.913996	306.69232	65.76631	22.244043	99.08165	-1.3843247	1276000	0.009746643	1438.6986	0.0	-746.22156	0.68544424	2.8163194e-09	1357.5889420509338
319	255.78185	63.578476	308.35794	37.234207	269.64285	61.454815	20.572079	91.373955	-35.26363	1280000	-0.0115963295	708.2032	0.0	-346.41962	0.6944055	9.387732e-10	1361.4830241203308
320	247.05388	64.41634	291.57117	13.299183	266.0	69.45202	15.291634	98.85432	-41.25424	1284000	-0.04431386	508.24203	0.0	-164.78348	0.71401745	1.5646219e-09	1365.2503480911255
321	265.55383	23.32799	302.66055	224.58252	271.7857	69.720314	14.756699	98.77032	29.443901	1288000	0.008578525	201.04846	0.0	-91.81157	0.6710108	-2.2351741e-10	1369.0088551044464
322	257.55777	30.94267	311.3149	197.77173	297.53845	69.08414	21.70024	101.055626	7.9213204	1292000	0.016756631	657.7036	0.0	-271.09436	0.692835	-4.0233136e-10	1372.8851730823517
323	263.06424	21.036259	305.4351	227.29181	259.2	72.95416	14.750498	98.11089	-39.144604	1296000	-0.02644928	110.89814	0.0	-34.94481	0.6759551	-5.364418e-10	1376.5617961883545
324	261.30432	26.126022	305.65796	220.4552	289.23077	71.55755	17.019995	104.03003	12.838137	1300000	0.058755767	306.11212	0.0	-105.45514	0.6776454	-1.3262034e-09	1380.398549079895
325	239.75398	93.82325	303.91153	-67.8863	299.46155	66.64598	23.247055	105.013756	9.40571	1304000	0.051784817	1608.3849	0.0	-435.2887	0.56183314	1.013279e-09	1384.1783831119537
326	231.5596	90.01812	309.1935	46.160122	251.26666	69.38125	18.474297	108.937836	-9.52986	1308000	-0.04516282	951.3219	0.0	-170.12207	0.6391265	2.2351741e-10	1387.7701270580292
327	256.27936	55.168026	293.99268	54.53304	246.9375	68.89262	17.660969	96.57602	-49.9392	1312000	-0.015283946	499.99567	0.0	-198.48743	0.63725704	5.5134297e-10	1391.3791751861572
328	256.2855	56.375748	296.185	44.67277	244.8125	76.07795	17.827196	108.76529	-30.470263	1316000	-0.015275791	684.3676	0.0	-313.2118	0.6271947	-1.1771918e-09	1394.8640630245209
329	259.02045	31.418419	305.91263	180.4372	260.6	73.67051	21.740005	109.08565	-32.95583	1320000	0.043494184	659.5547	0.0	-209.40204	0.61757755	1.3709068e-09	1398.4861800670624
330	263.42334	15.704193	293.4165	234.27698	239.3125	74.55939	18.950933	108.62209	4.613965	1324000	-0.09468321	303.0899	0.0	-222.94807	0.64376664	4.1723253e-10	1402.0824401378632
331	234.52266	81.045525	306.96268	11.47637	228.47058	82.09242	13.031736	109.70175	-27.005947	1328000	-0.025897853	712.3546	0.0	-462.77704	0.6260255	-2.3245812e-09	1405.5415301322937
332	251.24768	88.44034	318.29712	14.019113	238.6875	76.03286	18.708591	111.155945	-20.140726	1332000	0.013301249	899.8767	0.0	-193.00763	0.59221727	-9.834766e-10	1409.0321230888367
333	149.04243	135.99538	308.7884	-25.381428	207.57895	67.94139	31.822115	110.90217	-66.36608	1336000	-0.018790865	2069.7593	0.0	-844.6842	0.6047496	-4.61936e-10	1412.480937242508
334	244.73949	81.03112	302.82208	21.834255	235.29411	58.02256	34.4942	102.14579	-99.68734	1340000	-0.02085431	1350.1013	0.0	-787.01263	0.59066534	1.4156103e-09	1415.9839191436768
335	230.62581	98.225235	321.01535	0.6871587	272.42856	65.70691	30.883713	112.69562	-48.29058	1344000	0.037229076	1737.5188	0.0	-659.3634	0.5538279	-4.4703484e-11	1419.7942411899567
336	191.40625	118.31622	295.48538	6.9856696	241.125	64.75463	28.80071	111.01134	-51.11237	1348000	-0.0643968	1751.303	0.0	-792.249	0.59699893	2.1308662e-09	1423.2493319511414
337	226.53677	102.71281	320.92026	13.784732	228.5	64.407776	28.537455	111.782036	-63.942192	1352000	0.002948914	1216.564	0.0	-341.31427	0.61300457	-1.6987324e-09	1426.7498660087585
338	249.30481	72.34243	297.3031	-21.231396	237.4375	67.84126	26.591997	113.49704	-55.497406	1356000	-0.0073753595	717.394	0.0	-256.98218	0.56996584	-4.1723253e-10	1430.2084920406342
339	213.25784	116.38591	314.00403	-10.196708	232.82353	75.107574	23.284851	114.23456	-49.53756	1360000	-0.017482547	1334.9078	0.0	-344.3659	0.605448	2.4288893e-09	1433.714212179184
340	236.19019	95.96315	303.56372	-3.3372118	224.05882	77.06946	22.391129	113.35552	-61.929573	1364000	0.0035212159	812.4225	0.0	-190.02698	0.64461607	0.0	1437.2007541656494
341	256.71698	77.20353	302.5068	-28.675396	240.46666	71.06056	26.27512	112.65801	-71.69136	1368000	0.07220854	831.3072	0.0	-288.52454	0.5829123	-1.3411046e-09	1440.717362165451
342	240.23958	89.55838	305.7864	-14.770818	228.41176	77.826645	17.671154	113.05224	-38.949123	1372000	-0.07171022	455.21487	0.0	-207.11295	0.61766165	1.192093e-10	1444.1783211231232
343	273.71854	19.876984	308.04788	241.30789	239.625	75.33586	24.918211	114.36226	-37.8616	1376000	0.013583236	557.0374	0.0	-486.87347	0.6039828	-7.301569e-10	1447.6601541042328
344	255.72023	61.96944	302.28683	32.7492	254.8	81.89229	13.799374	113.71755	-32.334263	1380000	-0.020810131	503.9026	0.0	-273.89792	0.6502067	7.4505807e-10	1451.2025611400604
345	248.96567	58.210953	288.19116	32.4412	242.4375	77.48364	15.645569	112.64788	-25.198183	1384000	-0.012911787	479.91617	0.0	-264.73007	0.665389	6.705523e-10	1454.7506980895996
346	277.7996	20.01997	302.49786	224.62045	266.53333	67.617874	23.333017	107.68779	-12.992845	1388000	0.038231764	570.70386	0.0	-286.56705	0.5639325	2.2351741e-10	1458.50612616539
347	222.63408	100.30275	304.02994	-4.1337123	280.0	63.688286	28.01642	112.68428	-29.764282	1392000	-0.03169198	1331.1511	0.0	-625.9943	0.5273733	4.3213366e-10	1462.1623899936676
348	265.93906	18.085367	298.74814	226.79904	273.2857	61.74224	23.093683	106.216156	-15.072109	1396000	-0.20005016	610.33344	0.0	-351.07285	0.6464112	9.23872e-10	1465.9220950603485
349	263.16034	25.317835	313.33075	231.3866	258.33334	73.32049	16.071623	109.660545	-30.180933	1400000	-0.07931983	207.66553	0.0	-128.04503	0.6617959	1.6391277e-10	1469.5602340698242
350	238.81818	74.2501	300.31573	42.601284	260.8	76.76205	13.875437	111.25664	-38.72655	1404000	0.026328541	814.50934	0.0	-329.34402	0.65874594	1.4603138e-09	1473.258189201355
351	252.71002	23.653894	308.15967	222.97272	259.33334	69.16673	12.819949	105.098465	13.216795	1408000	-0.07277922	123.98199	0.0	-62.174915	0.72127277	1.1324882e-09	1476.9588451385498
352	265.46036	17.888865	305.70642	230.2508	274.57144	68.83581	21.449574	109.11263	-17.018696	1412000	0.012772227	197.28323	0.0	-102.84124	0.67387366	1.9967556e-09	1480.6156091690063
353	234.21962	98.04744	282.36417	-99.8544	285.53845	70.80442	17.247469	110.2756	3.107788	1416000	0.07271429	986.7225	0.0	-699.36096	0.6550661	2.4437905e-09	1484.3772342205048
354	232.09274	81.75032	300.14804	20.566816	249.0	62.690853	29.026623	110.9611	-68.426544	1420000	-0.08058971	719.6294	0.0	-471.46362	0.6800486	2.0861626e-09	1488.015366077423
355	259.93134	16.873362	287.94397	233.93243	300.07693	71.782196	16.971802	106.852264	16.990398	1424000	0.1339314	781.1609	0.0	-487.81714	0.6034085	-2.2351743e-09	1491.785723209381
356	215.06013	144.20035	303.94662	-211.09773	265.35715	64.23538	22.335014	106.79474	-12.994024	1428000	-0.025350861	1879.8173	0.0	-605.0419	0.61022884	1.3560056e-09	1495.475447177887
357	251.89648	56.839176	294.98172	43.05631	248.1875	71.46943	16.625977	111.4441	-15.455426	1432000	-0.021309216	544.9715	0.0	-158.56216	0.6589786	-1.3262034e-09	1499.0512759685516
358	265.28723	10.492047	285.0874	250.96063	246.6875	75.67812	12.338338	103.822	26.843996	1436000	-0.023966826	89.81328	0.0	-47.46018	0.63011867	-3.7252904e-10	1502.5218019485474
359	267.30414	31.199112	320.84296	203.46593	277.35715	72.034	28.329664	114.90562	-18.230991	1440000	0.02679759	965.5229	0.0	-245.50641	0.53944236	6.4074995e-10	1506.202602148056
360	246.82263	84.39481	305.36224	7.4118724	233.70589	73.42611	25.176842	113.56272	-29.372793	1444000	-0.057560127	1132.7418	0.0	-269.20374	0.57651985	-1.1175871e-09	1509.7368602752686
361	265.0508	18.450144	289.0174	221.88498	253.4	67.6727	27.1109	112.97737	4.5980177	1448000	-0.04278725	711.2525	0.0	-277.20828	0.5613522	7.748604e-10	1513.2761771678925
362	267.99115	53.16874	311.94672	70.148766	235.17647	77.19692	19.90405	118.081795	-41.331955	1452000	-0.0071109277	576.7488	0.0	-261.39264	0.5366396	-3.2037497e-09	1516.7419440746307
363	244.74161	85.71094	314.08972	-13.074533	223.70589	86.01377	14.243991	115.584656	-5.2743025	1456000	-0.0034336871	836.1271	0.0	-126.81122	0.5909848	-9.23872e-10	1520.114137172699
364	240.63953	95.83142	320.54425	11.954192	227.88235	81.41447	14.609336	112.48472	-41.438026	1460000	-0.0024698644	1020.0099	0.0	-346.7931	0.5534583	-1.0579825e-09	1523.5037651062012
365	254.39388	67.724014	305.34613	-4.745424	231.35294	79.96508	19.853243	115.24841	-52.510147	1464000	0.041548997	592.022	0.0	-246.97327	0.5567337	1.4454127e-09	1526.9100489616394
366	229.88034	104.884445	302.3069	-85.006294	239.1875	80.75286	21.62117	117.570076	-11.0187645	1468000	0.047723472	1137.7495	0.0	-313.47852	0.5528281	5.066395e-10	1530.4693491458893
367	233.82097	98.381226	300.28833	2.147349	220.55556	76.097374	19.92819	117.38718	-57.193752	1472000	-0.04854264	724.7491	0.0	-162.39905	0.60197383	-2.8014182e-09	1533.9076290130615
368	219.65437	107.965454	308.36554	-31.798769	222.70589	73.203804	27.626814	119.28503	-54.444195	1476000	-0.01688638	1249.4741	0.0	-436.419	0.5292277	-1.4901162e-11	1537.4099452495575
369	258.79776	58.9503	297.84045	33.917004	229.11765	70.35117	26.403786	119.23687	-51.439102	1480000	-0.11282401	510.39874	0.0	-330.39484	0.5659468	8.3446505e-10	1540.8463962078094
370	237.53514	87.46821	319.95602	9.9062805	251.26666	74.67016	23.787659	119.375404	-22.223505	1484000	0.038038753	837.6458	0.0	-310.6855	0.55818933	-2.9802322e-10	1544.4085912704468
371	266.2273	31.206913	309.02545	173.35652	247.125	74.812035	27.096935	116.490616	-31.714739	1488000	-0.05654397	337.6464	0.0	-107.57829	0.5810517	1.7881393e-09	1548.0736701488495
372	260.3426	61.692596	305.59232	35.645157	236.125	80.02433	18.314865	119.789246	-41.272144	1492000	-0.06368742	261.46393	0.0	-76.76164	0.62767476	-4.4703484e-11	1551.617552280426
373	261.97955	48.577488	308.53903	106.333405	303.84616	64.378075	34.38167	116.630844	-11.728502	1496000	0.036994584	383.6179	0.0	-185.9027	0.5986427	3.0845404e-09	1555.4251372814178
374	266.79672	14.901347	290.55136	241.15344	239.42857	71.102844	30.611528	120.017426	-18.175753	1500000	-0.03554179	174.18416	0.0	-33.4709	0.6415013	3.97861e-09	1559.144525051117
375	265.23206	19.864466	307.84332	240.41241	236.5625	76.0055	19.967085	117.544556	-30.428337	1504000	-0.045833685	324.39413	0.0	-174.95015	0.6443448	-6.556511e-10	1562.6040351390839
376	254.39502	55.33534	297.61282	77.717674	317.25	72.42089	24.451674	116.37208	19.893076	1508000	0.016087616	477.45813	0.0	-242.44711	0.6349214	-3.248453e-09	1566.7622032165527
377	249.21625	72.74965	314.6836	-20.926165	233.35294	78.041565	15.082697	118.495544	-30.908163	1512000	0.021828096	556.1247	0.0	-106.18552	0.61584276	-2.1457671e-09	1570.2823631763458
378	247.08926	72.77081	306.9723	61.23066	303.84616	62.48002	36.736973	120.4166	-9.803769	1516000	-0.018056424	584.6999	0.0	-230.3836	0.5994874	4.61936e-10	1574.4924352169037
379	260.4494	51.436222	292.00024	87.14267	303.3846	61.36765	34.727406	117.96604	-11.431013	1520000	0.060303744	331.8543	0.0	-128.21585	0.5683961	-7.748604e-10	1578.6546621322632
380	254.80087	40.256893	300.3036	131.59937	282.35715	63.600258	37.33285	120.70029	-15.755154	1524000	-0.068330176	187.50221	0.0	-45.90587	0.61361915	3.874302e-10	1582.4663560390472
381	239.26796	80.95333	321.37888	16.597641	276.64285	60.0266	39.38245	121.95999	-52.069477	1528000	-0.050887648	609.7263	0.0	-207.26968	0.63399094	-5.811453e-10	1586.6596672534943
382	261.80328	61.578228	316.17032	38.223293	232.8125	80.40928	20.520964	121.57427	-21.952028	1532000	0.0067349304	506.18158	0.0	-98.54758	0.5776361	2.220273e-09	1590.2069439888
383	224.73085	100.123116	303.16257	-4.1916533	213.33333	76.838905	21.50081	121.892	-42.918602	1536000	0.02249441	677.7356	0.0	-148.74359	0.6076933	1.4305115e-09	1593.5636432170868
384	198.35316	108.22965	315.1063	8.109763	257.93332	56.013508	45.01315	122.419304	-59.418526	1540000	-0.03265567	1467.6677	0.0	-542.94446	0.57903975	4.4703484e-11	1597.1367201805115
385	256.87973	32.362602	289.73135	156.2421	279.0	65.73978	28.53428	114.666534	-20.298323	1544000	0.05491262	867.9085	0.0	-699.46484	0.50886726	1.6093255e-09	1600.7481892108917
386	221.6466	95.99357	302.52335	6.540813	389.33334	45.618637	39.182365	118.41948	-3.628691	1548000	-0.014407884	424.7541	0.0	-160.19257	0.60310304	4.2617323e-09	1604.7422342300415
387	259.95294	54.19211	297.23422	90.51304	303.58334	56.79475	39.188046	121.43698	-15.869298	1552000	-0.033266876	342.89963	0.0	-101.26538	0.5942931	3.3974648e-09	1608.4957301616669
388	241.5542	83.16733	310.0398	-26.486506	209.63158	74.82376	22.801363	120.86038	-27.173323	1556000	-0.041748118	1086.454	0.0	-477.43585	0.567384	-4.4703484e-11	1611.8608560562134
389	256.61676	75.53234	315.19458	-46.40184	215.72223	84.418846	19.027336	122.159325	-86.20967	1560000	-0.041823726	641.395	0.0	-146.53314	0.5581599	-3.874302e-10	1615.2332181930542
390	241.78282	65.813225	297.3729	43.595287	282.07144	69.77223	34.35881	121.97643	-49.19901	1564000	-0.008128103	617.8266	0.0	-389.37054	0.5813679	3.2782554e-10	1618.9464781284332
391	191.79797	122.827965	312.1673	-21.156693	247.9375	58.813805	38.694355	119.3317	-60.263016	1568000	-0.051580157	1607.9077	0.0	-501.34583	0.5879638	-2.384186e-10	1622.4352812767029
392	206.53467	96.39589	308.60104	11.30593	264.13333	51.523384	38.000603	118.466156	-74.49692	1572000	-0.034517676	724.18365	0.0	-262.7032	0.6193907	-4.1723253e-10	1626.2428781986237
393	260.95795	60.582226	313.02893	35.36325	232.05882	75.153595	23.990383	122.55476	-53.616528	1576000	-0.008138207	524.2177	0.0	-297.1082	0.58213913	6.854534e-10	1629.6858141422272
394	231.26677	93.78655	304.79175	4.660929	280.14285	64.75878	31.299683	123.14001	-47.19447	1580000	0.025677029	1336.3352	0.0	-852.57654	0.598281	1.3113022e-09	1633.372171163559
395	245.967	81.99188	321.81436	15.675152	279.75	47.76649	41.119102	122.14702	-53.147747	1584000	-0.02273974	606.04285	0.0	-102.868744	0.58588135	-1.6838312e-09	1637.4977741241455
396	263.7329	71.81721	308.1987	23.647127	240.38461	61.935287	36.412567	122.48917	-45.409637	1588000	0.04811431	476.02374	0.0	-126.93686	0.5541613	-3.144145e-09	1641.0964710712433
397	255.46515	43.852795	299.46307	124.02413	345.0909	62.902596	35.244587	122.43929	-5.236509	1592000	0.016854899	381.7261	0.0	-217.36772	0.6289044	1.6540289e-09	1644.929029226303
398	253.72362	64.20021	305.89648	22.960218	252.73334	73.00538	20.85893	120.88258	-18.292679	1596000	-0.07873139	412.55588	0.0	-120.498566	0.5972803	1.0579825e-09	1648.5345060825348
399	255.30672	58.06027	310.3478	45.51772	238.0	74.23697	17.644304	117.39098	-18.70079	1600000	-0.06468642	333.80066	0.0	-110.78494	0.6617132	1.192093e-10	1652.0518400669098
400	254.89693	63.47727	309.55917	23.006586	244.0	77.43258	17.38905	120.24112	-19.343338	1604000	-0.051015627	477.58423	0.0	-184.4512	0.64772904	-7.0035455e-10	1655.6902232170105
401	239.63507	58.550926	286.8686	21.398508	247.4375	71.40672	23.846363	115.81446	-58.019073	1608000	-0.05362046	365.4804	0.0	-130.90318	0.68704426	1.3411044e-10	1659.291118144989
402	237.6786	87.99659	311.94138	17.866262	257.0	65.04816	28.044525	110.598045	-62.48037	1612000	-0.014541783	796.252	0.0	-134.49274	0.6259421	-8.1956386e-10	1662.9780411720276
403	221.44441	86.36478	298.78754	38.55103	243.875	69.832436	26.40557	112.56536	-55.90757	1616000	-0.0059111137	647.0719	0.0	-183.29315	0.6773547	-9.834766e-10	1666.745417356491
404	255.92163	60.346466	315.52448	42.08202	243.1875	62.282696	26.726501	112.19835	-64.071465	1620000	0.0376082	965.2593	0.0	-612.32886	0.6280802	2.0861626e-10	1670.4881601333618
405	259.4821	62.29757	318.7759	34.42349	238.75	77.57614	16.792381	117.48282	-53.35135	1624000	-0.018408487	389.09244	0.0	-147.33916	0.58729064	-1.5646219e-09	1674.0239841938019
406	255.07643	64.07794	305.45392	13.753322	238.0	78.10827	21.667854	118.6326	-61.61888	1628000	-0.010491782	289.388	0.0	-67.643875	0.64939773	-9.983778e-10	1677.5567800998688
407	251.19844	59.72311	312.4455	36.33645	236.625	77.317955	22.692184	115.770546	-62.867535	1632000	0.0020006862	307.93036	0.0	-59.33383	0.5996684	5.960465e-11	1681.0708589553833
408	248.75085	69.58179	288.35977	51.1385	249.75	75.74934	19.824324	113.72478	-39.385147	1636000	-0.027531993	671.923	0.0	-181.09686	0.6388022	5.2303077e-09	1684.64448928833
409	210.67989	103.43834	304.20917	9.421181	332.33334	56.841774	34.543	115.631546	-53.146946	1640000	-0.0032081506	1176.249	0.0	-478.68365	0.6203704	1.6391277e-10	1688.7930312156677
410	269.37497	22.111475	309.3429	230.99693	250.6	62.79647	28.300922	121.27754	-27.73323	1644000	-0.0073148645	614.4353	0.0	-495.31076	0.61359143	-8.3446505e-10	1692.3497381210327
411	243.96329	53.266598	305.84845	109.85785	387.8	49.867874	40.566902	123.01894	-1.9638393	1648000	-0.016846817	413.52032	0.0	-90.38394	0.59285694	-2.8163194e-09	1696.7686791419983
412	269.5677	61.43272	317.2517	72.606804	296.6154	64.6235	34.99428	123.69085	-5.62759	1652000	0.019773409	185.36752	0.0	-48.381393	0.59010744	1.296401e-09	1701.086750984192
413	233.07019	88.46075	306.52377	25.67717	279.5	66.51869	36.51919	124.838356	-43.137592	1656000	-0.01207029	668.03375	0.0	-323.79404	0.59722966	8.046627e-10	1704.7358131408691
414	265.61136	43.74435	308.73364	136.22563	297.30768	59.60704	38.280006	117.63995	-43.869846	1660000	-0.012894627	254.55836	0.0	-114.46274	0.5831177	8.1956386e-10	1708.6487622261047
415	240.68336	74.434845	310.69955	35.727074	281.35715	61.951134	36.70936	125.27841	-22.852236	1664000	-0.046685908	554.17834	0.0	-118.56848	0.6096878	-9.983778e-10	1712.5972740650177
416	236.86127	86.45546	303.30594	-5.3267307	230.23529	77.22819	25.605017	126.19708	-18.026052	1668000	0.01846083	786.4491	0.0	-147.13092	0.57367015	3.9488075e-09	1716.0177931785583
417	257.28766	66.12489	323.91986	32.930214	254.0	72.965645	30.183846	126.10825	-10.40211	1672000	-0.017027529	600.3101	0.0	-120.351166	0.5664563	2.115965e-09	1719.5736792087555
418	201.74458	112.404366	298.46994	-22.321688	261.07144	63.184597	33.225304	125.298546	-45.640167	1676000	0.0074149324	1187.3761	0.0	-395.61633	0.6137948	3.2335519e-09	1723.3088781833649
419	249.22427	49.228622	307.90234	143.21483	360.36365	48.180267	37.6745	117.9666	-18.290241	1680000	0.05364891	427.6941	0.0	-301.99146	0.5663092	8.791685e-10	1727.3246641159058
420	261.23895	63.14191	306.32632	12.685275	221.22223	82.0171	25.98323	125.96809	-60.473125	1684000	-0.10309966	491.13593	0.0	-274.09018	0.6043267	-2.1457671e-09	1730.827471256256
421	241.84378	86.62252	305.3681	-0.92138165	225.35294	83.435814	19.209633	124.305725	-43.114716	1688000	-0.00046027423	751.708	0.0	-271.1462	0.59350824	-2.5331975e-10	1734.2967150211334
422	258.851	54.34989	304.8789	60.642223	231.25	75.205215	23.725061	123.79611	-23.693264	1692000	-0.019919256	592.14594	0.0	-169.68265	0.5785909	3.799796e-09	1737.7124412059784
423	261.6969	13.88923	295.74515	242.3804	224.29411	81.087654	19.551521	119.031876	-17.742775	1696000	-0.050919272	156.69418	0.0	-75.22309	0.595796	-8.642673e-10	1741.1872231960297
424	252.26106	65.91592	296.36795	-11.411385	221.38889	85.84733	15.739309	124.00528	-14.009266	1700000	-0.0040545915	379.98682	0.0	-90.69638	0.58466375	-2.2053719e-09	1744.6365621089935
425	271.04257	16.123491	304.59802	238.1413	224.35294	84.15872	15.534312	124.09501	41.816795	1704000	-0.061533418	111.715	0.0	-54.257404	0.59432006	-2.1755695e-09	1748.027535200119
426	278.66623	17.463902	314.70685	253.35068	232.64706	88.16088	15.355067	125.32552	29.92554	1708000	0.0050369557	84.352875	0.0	-18.825577	0.55531764	7.301569e-10	1751.4108831882477
427	235.36633	100.19808	316.8329	-26.786678	206.63158	90.29851	16.51524	126.53598	-5.219076	1712000	-0.012552916	1230.4805	0.0	-466.56763	0.55765116	-4.6938657e-09	1754.77090716362
428	255.33914	71.1823	297.30518	-28.476444	219.11111	81.578995	24.173204	126.79948	-33.96146	1716000	0.016796459	374.41794	0.0	-163.20778	0.55180085	6.854534e-10	1758.1376020908356
429	264.98563	44.278404	303.7821	137.8265	301.81818	63.14669	38.196796	126.51642	5.61598	1720000	0.028414642	477.08548	0.0	-289.60693	0.6021593	5.960465e-11	1762.0162999629974
430	247.87817	88.99203	310.40317	-15.49379	218.27777	78.03593	28.745522	126.242096	-45.93063	1724000	-0.080863886	1009.90137	0.0	-549.5052	0.54769546	2.4288893e-09	1765.4432220458984
431	222.83026	80.96204	303.31268	57.29274	349.27274	53.180653	39.672237	126.74236	-11.759383	1728000	0.03555982	1048.1536	0.0	-579.7611	0.5939644	-5.4091216e-09	1769.4360251426697
432	243.48218	69.601906	303.267	36.526962	278.64285	62.833458	37.450027	123.602455	-4.913885	1732000	-0.043046	528.5966	0.0	-116.51895	0.53397083	1.6838312e-09	1773.0169620513916
433	223.65776	85.950386	297.87637	25.929613	353.0909	49.08013	43.085537	122.927025	-30.021177	1736000	0.012322489	429.5411	0.0	-230.84799	0.5398223	-1.4156103e-09	1776.8651580810547
434	215.33304	99.506836	313.06906	21.220634	252.46666	60.915897	42.023197	124.97413	-39.581375	1740000	-0.049398437	1141.5485	0.0	-311.00397	0.5217609	-1.7732382e-09	1780.4175553321838
435	233.07628	102.290665	306.45273	-22.408972	217.77777	70.555374	25.918945	121.012985	-51.92808	1744000	0.015633779	1046.2202	0.0	-628.6288	0.526602	-1.5795231e-09	1783.7562470436096
436	229.1516	80.02383	303.9654	49.5444	332.08334	50.486267	48.35962	126.908226	-56.028206	1748000	-0.0137535	724.68494	0.0	-307.22394	0.61750925	2.4884939e-09	1787.8558320999146
437	246.14053	63.943836	304.74524	65.37165	273.7143	63.20506	39.23031	125.51215	-43.08922	1752000	-0.021779243	436.9199	0.0	-92.94116	0.588086	1.475215e-09	1791.4650521278381
438	213.63765	111.446815	307.3307	-0.2738814	257.26666	59.222218	40.69425	126.11446	-58.027615	1756000	-0.037774656	924.07275	0.0	-344.04413	0.6294709	2.69711e-09	1795.0087192058563
439	273.50327	20.106089	312.87213	240.0462	229.23529	82.34053	18.702518	125.74285	-10.228326	1760000	0.0150237745	438.27228	0.0	-247.32492	0.52101916	2.9206275e-09	1798.4945421218872
440	265.73468	33.4905	292.19342	153.94038	276.7143	65.6683	40.860104	128.07294	-27.850029	1764000	-0.087014765	357.36014	0.0	-118.493576	0.5546162	3.218651e-09	1802.1801500320435
441	272.76776	19.598392	320.41302	244.8535	233.71428	73.013336	36.089615	127.512535	-44.122627	1768000	-0.04746528	316.31625	0.0	-118.60721	0.57955736	2.026558e-09	1805.8477292060852
442	230.32588	90.176895	297.08838	15.212613	257.8	66.68558	39.38864	123.236176	-59.011673	1772000	0.01636432	572.406	0.0	-337.24872	0.57527757	7.1525574e-10	1809.5193002223969
443	258.9197	66.82015	317.91083	0.7529378	222.64706	84.54689	21.436945	128.63284	-21.292507	1776000	-0.037008338	548.1725	0.0	-239.01599	0.5574551	1.8626451e-09	1812.951956987381
444	259.03546	62.67915	312.6183	17.315252	222.05556	84.10325	20.20349	127.659805	-44.077778	1780000	-0.025596611	121.42689	0.0	-31.226448	0.57368463	-1.6242265e-09	1816.3502252101898
445	216.51295	103.99165	303.33405	-3.4958456	206.1579	85.46025	22.364555	128.54659	-36.160294	1784000	-0.054389015	1682.9496	0.0	-1021.47284	0.6172734	-2.6375055e-09	1819.7206382751465
446	255.57573	56.612816	296.63602	55.585526	227.8	69.88563	35.60755	128.3983	-23.552183	1788000	-0.014305912	465.42563	0.0	-169.91995	0.5741719	1.3411044e-10	1823.3234460353851
447	272.81213	18.834002	303.6598	242.56221	238.75	77.98906	21.444527	125.82477	-41.581882	1792000	-0.037089013	378.59933	0.0	-285.62354	0.5525246	-1.2069941e-09	1826.7688591480255
448	193.83876	104.66097	312.28363	9.773718	258.0	66.401375	41.311974	128.25757	-63.511112	1796000	0.020103512	1229.0139	0.0	-790.71063	0.59895223	-2.8014182e-09	1830.3327522277832
449	265.5321	60.821304	300.8157	20.506058	217.0	74.118454	26.357605	117.54684	-28.922482	1800000	0.0034923516	696.197	0.0	-545.7347	0.57913065	7.8976153e-10	1833.7642781734467
450	269.3581	17.711199	309.25247	239.34715	227.64285	75.09042	34.09199	125.424706	-2.6903496	1804000	-0.011736648	410.94492	0.0	-223.51254	0.60939944	-3.9339065e-09	1837.4155011177063
451	232.0466	76.56781	318.11368	90.727455	380.9	50.27241	44.085796	123.40729	-5.4764123	1808000	0.029730668	487.8064	0.0	-318.00854	0.5337391	2.9355287e-09	1841.1440360546112
452	248.14105	73.079094	316.91605	49.513847	215.61111	78.41297	27.48591	118.490555	-46.98441	1812000	-0.06609759	773.2864	0.0	-275.61868	0.58923805	-3.5762787e-10	1844.551038980484
453	246.35017	88.987404	307.93875	-7.382808	220.55556	82.839874	19.559198	120.12126	-33.75508	1816000	0.012581989	617.5207	0.0	-148.07068	0.5788054	1.8328429e-09	1847.9968230724335
454	264.92456	61.25614	326.4707	43.958466	234.9375	75.1641	28.07288	118.17832	-66.43183	1820000	0.0080164485	505.86865	0.0	-242.79495	0.5627757	8.493662e-10	1851.4302473068237
455	279.13638	15.806308	315.2548	253.14555	233.29411	83.55947	20.83896	117.982086	-27.580833	1824000	0.021763202	215.4383	0.0	-136.56546	0.5783144	3.1143428e-09	1854.9377281665802
456	242.79652	77.018486	306.63	29.693493	284.2143	67.001656	38.70974	118.24398	-42.928116	1828000	0.02691203	413.48	0.0	-156.76382	0.6038534	-1.3709068e-09	1858.8063442707062
457	261.33383	42.599674	303.85855	128.47374	282.14285	63.172523	38.31142	117.566765	-7.0699286	1832000	0.017015057	167.67693	0.0	-62.64602	0.59460765	-3.427267e-10	1862.3454840183258
458	254.03659	57.088936	302.14368	34.77854	227.23529	83.79105	22.29977	118.58344	-63.9952	1836000	-0.025735237	396.18268	0.0	-251.14224	0.615383	-1.3113022e-09	1865.8535780906677
459	263.2758	65.07429	314.73517	12.57472	226.88235	82.21511	18.23228	118.87735	-2.7887948	1840000	0.0346437	439.0213	0.0	-243.4684	0.61262876	9.536744e-10	1869.2835731506348
460	246.32555	92.60304	310.33545	46.751415	280.7857	64.28652	40.32263	128.69737	-60.037964	1844000	0.00011458969	937.0859	0.0	-402.04895	0.59278953	1.4007091e-09	1872.9586551189423
461	271.59058	18.168829	303.19366	231.30772	219.16667	82.583565	20.450472	127.822205	-44.195835	1848000	-0.04182814	216.58762	0.0	-162.3798	0.59553075	2.9206275e-09	1876.3856019973755
462	231.74178	105.65056	313.43018	2.140354	207.42105	91.58403	16.724743	129.1979	-16.176872	1852000	0.02934334	1321.2228	0.0	-702.7786	0.58556813	-1.8924475e-09	1879.7634692192078
463	263.32257	23.402637	314.04297	213.49739	272.7143	64.852264	34.12472	128.46928	-8.264646	1856000	-0.056067437	448.97284	0.0	-179.40186	0.594418	1.4901162e-11	1883.489776134491
464	247.20874	50.623165	293.65613	144.24594	387.3	52.0445	42.292965	128.8242	-20.423355	1860000	0.0555215	221.69257	0.0	-146.82436	0.5569346	-9.387732e-10	1887.3070390224457
465	240.49171	88.52123	321.68613	-16.925537	285.30768	54.446712	37.152832	123.28432	-39.68458	1864000	-0.03791806	669.8661	0.0	-122.24408	0.6024752	-2.682209e-10	1891.0884470939636
466	245.07184	79.6162	322.93262	-14.087075	221.33333	76.68647	26.535513	130.59055	-31.851265	1868000	-0.0105830785	995.6201	0.0	-203.23035	0.54114294	-1.0579825e-09	1894.5511820316315
467	223.95522	97.93275	309.2413	40.580288	278.42856	63.786343	35.80133	127.71417	-64.79716	1872000	-0.00034769118	1072.0592	0.0	-446.67218	0.6002386	2.7418137e-09	1898.1155352592468
468	232.66484	77.80356	294.91626	80.30504	348.81818	50.4816	47.33148	127.682076	-9.277502	1876000	-0.035910934	427.49524	0.0	-171.62292	0.5809869	-1.0430813e-09	1902.1779010295868
469	256.18283	62.931477	305.47916	46.412292	257.92307	59.61024	35.140156	126.05101	-55.246384	1880000	-0.045370232	404.79456	0.0	-133.05786	0.52232695	-5.2154064e-10	1905.7856130599976
470	244.6369	75.601875	310.51868	44.918003	291.46155	57.472702	39.589947	127.92108	-11.709194	1884000	-0.045159608	777.6923	0.0	-320.3528	0.57807946	-2.8461218e-09	1909.627593278885
471	234.29955	56.06027	287.8679	62.752968	282.7143	51.39729	36.470135	121.61391	-17.812101	1888000	0.06632067	616.89276	0.0	-322.93793	0.55807066	-9.0897084e-10	1913.4600682258606
472	249.95732	66.290405	301.77023	3.734548	239.0	80.38368	21.935331	128.65912	-15.179552	1892000	0.003835637	724.4235	0.0	-311.1734	0.5639122	1.0728836e-09	1916.9682171344757
473	257.67703	44.057907	317.6838	122.88868	286.30768	63.69763	33.128242	129.09938	4.7191386	1896000	-0.02216497	274.24225	0.0	-104.72322	0.5825646	7.301569e-10	1920.7258751392365
474	214.17427	121.06386	308.65143	-18.885885	254.13333	67.93452	40.49683	129.54749	-25.877007	1900000	-0.016973209	1326.7164	0.0	-441.7173	0.5927638	3.6507846e-09	1924.4550352096558
475	239.69415	61.32445	278.4386	86.08565	362.18182	38.727562	41.41924	128.97919	-33.111225	1904000	-0.0013268534	475.25876	0.0	-199.37637	0.62804174	-2.1755695e-09	1929.1195933818817
476	244.98634	76.44214	313.52533	39.588417	288.16666	59.677086	41.932236	128.5196	-5.316923	1908000	0.022585545	603.23486	0.0	-211.40594	0.5956455	-2.5331975e-10	1932.872103214264
477	214.8934	98.22702	303.33807	20.764662	392.44446	41.357876	43.846493	126.84843	-38.397152	1912000	-0.032036547	603.4767	0.0	-297.22388	0.54581565	0.0	1936.8880650997162
478	246.01286	75.244576	327.60297	16.260351	281.57144	57.59779	36.25052	126.95039	-32.5817	1916000	0.05464897	429.72217	0.0	-156.0885	0.5694905	-8.9406965e-10	1940.534716129303
479	274.89886	22.20425	320.48184	248.58058	237.64285	69.05889	35.04146	128.98036	-16.333544	1920000	-0.070002764	236.46512	0.0	-130.17575	0.5899696	-4.3213366e-10	1944.0125002861023
480	253.45609	80.29282	317.7971	34.20939	231.17647	80.59238	22.177967	128.2912	-39.96176	1924000	-0.008337774	457.43802	0.0	-152.19089	0.5865642	-2.0712614e-09	1947.5123131275177
481	272.62314	18.376848	301.43314	230.5064	232.29411	82.854515	18.385368	121.47935	-11.188315	1928000	-0.04706581	201.94598	0.0	-135.29861	0.5981445	3.4421683e-09	1950.9563171863556
482	231.3938	88.554886	309.59177	3.7554252	263.0	69.02961	36.78768	128.2426	-24.663925	1932000	-0.0033055933	584.3083	0.0	-261.3787	0.58758885	1.4603138e-09	1954.5725512504578
483	276.11536	21.563526	314.3141	246.40057	231.35294	76.8956	20.549423	118.55497	-19.701298	1936000	-0.021553019	324.63193	0.0	-220.98608	0.57753	1.3560056e-09	1958.0836701393127
484	260.88586	41.064953	301.7607	131.12416	298.07693	73.99736	26.548712	119.269066	15.5591	1940000	0.05855398	531.71814	0.0	-375.8682	0.537359	1.9222497e-09	1961.8796701431274
485	275.45273	22.46615	308.4353	232.59982	255.8	75.97312	18.877544	118.48465	1.6340787	1944000	-0.01943292	244.09639	0.0	-124.94056	0.56570536	1.475215e-09	1965.4232802391052
486	245.71364	73.341255	297.59323	-22.277004	235.6	72.0611	28.58515	117.99137	-33.079773	1948000	-0.00859822	824.68365	0.0	-239.25098	0.5902187	-4.053116e-09	1969.0651252269745
487	270.1086	17.514122	307.94702	234.85997	276.07144	74.252106	17.495813	117.253	18.43127	1952000	0.09890048	440.75006	0.0	-212.3044	0.52237123	-3.218651e-09	1972.6674752235413
488	245.00734	65.36046	302.04382	50.134716	303.84616	68.40305	21.197947	116.20208	-17.41195	1956000	-0.07962295	573.37024	0.0	-402.5182	0.6013567	3.1143428e-09	1976.4254171848297
489	243.14125	78.30191	308.3176	38.394947	295.76923	54.59079	37.43038	115.8493	-16.678934	1960000	-0.0806018	594.2981	0.0	-281.48465	0.64632213	-2.2351741e-10	1980.3328371047974
490	216.63693	85.52597	306.5863	34.74174	277.64285	59.8808	36.736744	117.155426	-45.794914	1964000	0.0034734744	786.3521	0.0	-202.62299	0.6226498	-3.0696392e-09	1984.1161332130432
491	243.14526	82.2963	301.8129	26.079212	244.5	69.58153	21.312365	110.29935	-35.169533	1968000	-0.021542273	681.39197	0.0	-165.99695	0.5987414	1.9818545e-09	1987.7392151355743
492	233.2956	82.5276	294.87375	13.736664	235.625	72.17214	19.423134	115.58202	-52.476837	1972000	-0.03421663	370.3021	0.0	-163.13579	0.63570225	-4.4703484e-11	1991.2764601707458
493	234.84021	88.165504	303.95682	44.0592	246.5	73.328064	18.736526	114.55994	-9.336636	1976000	-0.023886818	665.68396	0.0	-334.5782	0.62993675	4.917383e-10	1994.8122889995575
494	253.72469	59.73704	309.80585	53.494957	260.4	64.67112	30.667976	116.600426	-47.76678	1980000	-0.02443113	817.3191	0.0	-332.0884	0.58526593	1.9669533e-09	1998.4267971515656
495	262.39212	43.788002	310.43216	138.80824	317.33334	62.35794	33.714005	117.0364	-34.874508	1984000	0.04851072	627.24115	0.0	-423.4734	0.60434854	-4.082918e-09	2002.2803802490234
496	277.11224	12.848669	306.2101	259.42313	236.5625	78.18167	15.781955	116.72934	30.687424	1988000	-0.023795294	129.09897	0.0	-69.88563	0.6215671	9.387732e-10	2005.7991511821747
497	271.61392	21.804264	303.2404	222.27274	246.3125	83.12206	15.374986	118.60392	48.49712	1992000	-0.078627706	85.884735	0.0	-17.329094	0.6790823	-5.960465e-11	2009.3080282211304
498	274.1165	22.239185	304.3179	239.4955	261.0	80.49395	15.012621	119.02413	44.74208	1996000	-0.009513571	131.79991	0.0	-16.419075	0.63823247	1.9222497e-09	2012.9341633319855
499	283.23444	17.285814	305.0687	246.58376	249.4375	79.85155	15.751581	121.56875	51.172264	2000000	0.008026575	70.26781	0.0	-21.111858	0.6385238	1.475215e-09	2016.4916789531708
