Epoch	AverageEpRet	StdEpRet	MaxEpRet	MinEpRet	EpLen	AverageVVals	StdVVals	MaxVVals	MinVVals	TotalEnvInteracts	LossPi	LossV	DeltaLossPi	DeltaLossV	Entropy	KL	Time
0	-208.36905	131.72351	-11.457791	-503.827	87.82222	0.272852	0.054809235	0.6304487	-0.011186287	4000	0.0017349916	17649.326	0.0	-995.00586	1.3829739	-4.1723253e-10	2.941352367401123
1	-168.63974	84.67813	-8.180512	-395.2857	87.68889	-4.194114	0.54097	0.008433521	-4.7371516	8000	0.008133485	10549.026	0.0	-758.7178	1.3293697	9.983778e-10	5.853886365890503
2	-159.19252	74.21845	-63.93147	-408.47812	97.48781	-8.3756485	1.4710729	5.2279506	-8.808836	12000	0.015275444	7855.137	0.0	-547.36816	1.3161374	-9.387732e-10	8.783804178237915
3	-128.61253	69.504295	-6.359678	-316.60284	106.78378	-11.714455	0.104190715	-10.248246	-11.802687	16000	-0.0020811595	4551.8804	0.0	-238.35107	1.311622	-2.4735927e-09	11.823625326156616
4	-96.28451	42.20563	-20.2471	-196.30359	141.0	-13.926879	0.066210754	-13.471483	-13.99571	20000	-0.01470047	1630.9171	0.0	-71.37891	1.2762372	1.1026859e-09	14.972933292388916
5	-126.51951	80.407936	48.16268	-259.7886	205.3158	-15.204654	0.13683425	-13.968101	-15.278903	24000	0.02561328	2147.136	0.0	-62.71338	1.1934241	-2.1606683e-09	18.387742280960083
6	-96.33732	128.82254	30.28759	-402.34177	219.29411	-16.367386	0.1758692	-14.940403	-16.47741	28000	0.07307738	4377.588	0.0	-60.98291	1.1156284	1.3411044e-10	22.050348043441772
7	-68.78036	98.93306	30.927164	-350.76605	258.7143	-17.56134	0.13957117	-16.945854	-17.650442	32000	0.025958996	2568.4153	0.0	-7.9748535	1.1513808	5.2154064e-10	26.44476318359375
8	-122.30267	145.56198	65.61069	-444.37735	333.33334	-18.074427	0.09704729	-17.542948	-18.145224	36000	0.019705663	4661.6836	0.0	-54.70459	1.1156425	6.854534e-10	31.139459133148193
9	-153.45149	69.83178	-37.59137	-223.64258	496.7143	-19.28734	0.09723949	-18.526306	-19.358095	40000	-0.009271788	2527.83	0.0	-29.384521	1.0805511	3.427267e-10	36.4412579536438
10	-145.16206	53.467434	-56.985348	-191.43675	929.75	-20.246656	0.124670334	-19.540339	-20.339636	44000	0.021137819	1168.0093	0.0	-0.16101074	1.0686443	-3.0845404e-09	43.97826099395752
11	-48.662537	32.565723	14.712179	-76.25227	653.0	-20.147785	0.19194977	-19.132362	-20.31814	48000	-0.00013690758	859.1961	0.0	-9.444275	1.0937692	5.364418e-10	51.10758113861084
12	-49.661957	58.696613	43.07871	-174.59866	495.875	-19.342043	0.8325874	-6.623143	-19.753197	52000	0.010948118	1075.8748	0.0	-9.18811	1.1261313	1.0430813e-10	58.978501081466675
13	-11.450294	44.142197	38.420048	-147.05252	199.4375	-19.183395	0.44379684	-16.632214	-19.414383	56000	0.03907055	1198.2689	0.0	-21.164062	1.0811344	-1.1920929e-09	63.82829427719116
14	-20.401304	32.432106	30.855839	-112.11801	149.65384	-18.611929	0.11982139	-17.79719	-18.678719	60000	0.041258864	1639.131	0.0	-5.8826904	1.0781004	-2.384186e-10	68.40581607818604
15	-3.7909343	22.134428	53.833652	-32.524033	170.55556	-18.012733	0.27806073	-16.7869	-18.1637	64000	0.04839458	1289.9897	0.0	-21.193115	1.0354038	3.1292438e-10	73.64472508430481
16	4.882905	32.818176	69.00139	-52.904186	258.07144	-17.077152	0.20076537	-16.239256	-17.220291	68000	0.044777047	1625.7562	0.0	-26.92566	0.99772584	-1.5795231e-09	79.42812728881836
17	35.590996	32.556305	81.50227	-10.204167	651.4	-15.55399	0.9111829	-9.5448475	-16.088194	72000	-0.015457486	1031.9476	0.0	-48.847534	1.031064	2.2500752e-09	86.20622110366821
18	22.032581	41.30401	128.22188	-30.55686	324.4	-13.8937645	2.9078453	1.781224	-14.920012	76000	-0.0229908	1484.052	0.0	-27.12976	1.0925918	-4.0233136e-10	91.67462921142578
19	37.03268	40.832752	135.00514	-23.640446	231.94118	-13.608758	0.37814334	-11.23285	-13.771869	80000	-0.00487383	1702.0087	0.0	-51.84668	1.0594727	1.1920929e-09	96.6139624118805
20	42.945255	37.415928	135.54686	-1.71666	291.9091	-12.088487	0.09149556	-11.166222	-12.124277	84000	0.01304612	1409.3162	0.0	-60.37854	0.9076712	-3.2782554e-10	101.61128616333008
21	27.323801	56.48029	192.39198	-52.83574	195.55	-10.251655	0.053718816	-9.72735	-10.28749	88000	0.05863909	2210.4558	0.0	-33.034668	0.88479644	-2.384186e-10	105.32457613945007
22	90.9904	106.550186	278.99655	-55.898293	331.9091	-8.857815	0.027701665	-8.543734	-8.87368	92000	-0.00889811	2320.5522	0.0	-134.97363	0.89869994	-3.2782554e-09	110.01651930809021
23	62.129333	80.14229	173.53668	-38.307106	621.3333	-6.1269054	0.011983693	-6.0667677	-6.1347594	96000	-0.050729915	1037.4443	0.0	-35.108093	0.9235884	-3.2782554e-10	114.96292018890381
24	-2.2540472	66.65173	158.73038	-104.542274	280.30768	-4.5900908	0.016836347	-4.4807024	-4.605772	100000	0.05044523	1597.1267	0.0	-0.6361084	0.8561163	1.3411044e-10	119.52599620819092
25	28.603954	41.40443	62.448807	-41.021225	979.75	-4.3311863	0.008073933	-4.2845254	-4.3390136	104000	-0.09248658	365.43875	0.0	-5.3361816	0.86166465	-8.1956386e-10	125.17452311515808
26	76.803215	90.76987	183.57985	-90.02783	647.1667	-3.7313924	0.063683614	-3.575142	-3.772944	108000	-0.0020856217	1183.1663	0.0	-28.982666	0.8908076	-2.9355287e-09	130.98198413848877
27	70.47324	96.369774	210.04362	-67.62818	509.14285	-2.40321	0.0144074755	-2.3069406	-2.414903	112000	-0.04077171	1103.5215	0.0	-16.381348	0.8885549	7.0035455e-10	136.67735505104065
28	119.26675	56.74365	212.72571	70.00447	839.5	-1.3159976	0.012979349	-1.1735439	-1.3231548	116000	-0.06383047	654.66174	0.0	-30.350403	0.8642711	2.2351743e-09	142.69379830360413
29	68.22509	68.31561	125.5788	-61.87442	722.2	0.13949072	0.003115584	0.15887189	0.13702683	120000	-0.027530367	1037.5293	0.0	-10.368042	0.98907316	3.5464764e-09	148.69853115081787
30	173.21274	53.72313	265.978	137.49857	829.0	1.0501477	0.007807369	1.053743	0.9988165	124000	-0.02179889	911.0019	0.0	-36.56787	0.85699594	2.041459e-09	154.82339811325073
31	89.6527	59.142773	149.43866	13.240442	665.2	2.6788383	0.028252048	2.6919942	2.472911	128000	0.039231658	759.4957	0.0	-5.796631	0.79504156	2.5480986e-09	160.92768836021423
32	81.577034	94.11256	246.0022	-16.995098	571.5	3.3977745	0.059552666	3.4276698	2.7928786	132000	0.010532195	1153.1356	0.0	-9.775635	0.7629199	-4.5597552e-09	165.70012426376343
33	139.37549	72.02866	221.09892	5.4192905	794.2	4.124508	0.27477178	4.272887	2.7972028	136000	0.017897652	734.6815	0.0	-15.303284	0.80657965	5.289912e-09	170.8848111629486
34	131.44797	79.459694	222.98662	-16.53194	697.0	5.252488	0.14516114	5.307981	3.2941706	140000	-0.028723832	932.23627	0.0	-20.21576	0.73827046	2.95043e-09	176.20377111434937
35	134.67746	98.766106	257.27008	0.21317919	535.5	6.333389	0.547935	6.5796995	1.4440109	144000	-0.0029916845	1134.2919	0.0	-89.29895	0.7292505	-7.748604e-10	181.37972235679626
36	196.95813	90.8693	260.2608	-15.138584	522.1429	7.264464	2.344811	8.414243	-4.4243045	148000	-0.015863335	1508.63	0.0	-159.92004	0.6151405	-1.6093255e-09	186.01906514167786
37	91.106895	104.52079	263.40253	-14.280989	416.8889	10.057636	4.207045	11.888211	-9.108721	152000	0.010422196	2005.5115	0.0	-56.042847	0.72246486	1.1324882e-09	190.81022906303406
38	71.521736	105.06296	279.41275	-24.67282	265.57144	10.760241	4.916916	13.187339	-10.703671	156000	0.013193651	2344.6987	0.0	-69.75708	0.6363717	-4.768372e-10	194.68744611740112
39	114.17196	133.24854	293.97913	-65.80936	280.92856	12.931279	3.707114	14.471909	-11.816459	160000	-0.0035173951	2652.8364	0.0	-106.91968	0.6076223	3.2931566e-09	198.68687319755554
40	52.52284	103.87624	270.88858	-51.221188	231.14285	15.635434	4.1149335	16.572601	-12.267244	164000	0.020659653	2328.445	0.0	-131.72754	0.63530785	3.0845404e-09	202.67845606803894
41	119.075066	126.68052	287.734	-55.54855	298.3846	14.20206	8.071292	17.02929	-15.678908	168000	0.012254974	2652.13	0.0	-95.3208	0.5533196	-5.2154064e-10	206.513188123703
42	126.52104	169.78671	291.52637	-189.84741	314.3	17.564907	7.5378947	19.626858	-18.163687	172000	-0.0735689	2816.7266	0.0	-81.08203	0.6885097	-1.3709068e-09	211.32524633407593
43	117.42073	150.59438	287.2241	-85.42468	230.41176	19.998562	0.34559348	20.060575	16.063187	176000	-0.06769921	3918.374	0.0	-50.54126	0.64200723	-1.7136336e-09	214.92118906974792
44	57.63573	151.66426	285.26266	-116.306076	345.7	22.214855	0.025905246	22.219545	21.953142	180000	-0.064301625	2368.946	0.0	-42.84619	0.6648578	2.8759242e-09	219.69389629364014
45	-89.64045	147.53778	249.03947	-186.63704	571.1429	20.313328	0.0013293548	20.313612	20.29795	184000	-0.07010458	3384.0747	0.0	-473.60962	0.81541705	-6.705523e-10	225.71569418907166
46	-159.71413	59.1963	-93.796104	-228.17824	932.25	13.987598	0.00017926046	13.9876585	13.986187	188000	-0.04325209	1908.395	0.0	-284.11755	0.8675438	-7.748604e-10	232.38459634780884
47	-119.9959	26.762756	-80.49427	-152.10004	896.0	9.20025	1.1273554e-05	9.200253	9.200161	192000	-0.052782096	1060.0645	0.0	-146.39722	0.8693976	1.8626451e-09	239.26397109031677
48	-118.023415	81.68706	3.7971683	-226.42947	997.0	5.3758082	0.9961772	5.832568	0.65851027	196000	-0.025980327	958.80066	0.0	-111.97998	0.8804698	-1.2516975e-09	246.2641532421112
49	-111.751076	46.985153	-35.484406	-163.82617	1000.0	3.2955215	0.31206194	3.3713527	0.3854861	200000	-0.031152824	590.67993	0.0	-71.71863	0.86500275	7.301569e-10	252.9140591621399
50	-68.941376	37.94298	-16.908417	-122.49165	963.0	0.41486013	0.8294238	1.066039	-0.7614265	204000	-0.07023071	772.912	0.0	-10.539001	0.88852465	4.61936e-10	258.6486542224884
51	-79.11591	39.325222	-32.21565	-133.80511	856.5	0.7805131	1.2612768	1.6609229	-1.4443998	208000	-0.040211953	924.3618	0.0	-42.09015	0.8750385	-2.0861626e-09	265.44333124160767
52	12.855647	98.811905	207.41354	-61.82581	784.0	0.99708855	2.2527666	2.6059601	-2.504425	212000	-0.11473158	859.52875	0.0	-15.964905	0.833744	3.0100347e-09	273.25124311447144
53	55.118874	76.12633	167.61089	-19.59851	916.5	0.45659107	2.668313	2.9285765	-2.8825788	216000	-0.15617834	771.4379	0.0	-34.78882	0.8249047	1.0728836e-09	279.9074122905731
54	-42.591606	65.74141	13.888795	-153.5266	911.5	0.8488202	2.7490344	3.1195066	-3.0658164	220000	-0.047079116	749.02527	0.0	-27.970764	0.8201621	-2.8908254e-09	286.8454451560974
55	-28.1483	13.335541	-13.65002	-47.740784	1000.0	2.187291	2.7905953	3.970932	-3.9892595	224000	-0.059028316	351.34436	0.0	-75.15686	0.87446684	4.4703484e-11	293.75971126556396
56	-25.04108	23.789589	-0.7835418	-63.858707	1000.0	-2.409004	2.1268516	3.6178653	-3.92499	228000	-0.10445493	298.84155	0.0	-32.93106	0.8423959	1.1771918e-09	302.4174282550812
57	-22.243607	25.549763	13.782296	-56.32185	1000.0	-3.8726158	2.5121012	4.8271046	-5.0004964	232000	-0.10073215	473.6699	0.0	-64.48111	0.829884	2.2351741e-10	309.49000334739685
58	-40.39622	4.013722	-36.11135	-46.11674	1000.0	-2.1012368	3.9238243	6.3520784	-6.514422	236000	-0.06820598	358.22427	0.0	-78.36807	0.8277313	5.811453e-10	316.8595292568207
59	-53.893036	14.84735	-31.842354	-72.63046	1000.0	-4.918266	4.1942654	7.8693943	-8.1207485	240000	-0.06423895	298.13623	0.0	-49.972733	0.8356783	-5.662441e-10	323.9986653327942
60	-19.50912	13.418877	-5.6911054	-41.617767	1000.0	-7.7887707	4.927478	9.303795	-9.598322	244000	-0.092698336	507.38034	0.0	-52.195312	0.8076329	-1.4156103e-09	331.9465661048889
61	-12.000424	12.287473	0.7105487	-29.072947	1000.0	-8.065588	7.063441	11.185333	-11.478219	248000	-0.061219927	397.4847	0.0	-33.906555	0.81915647	1.9669533e-09	340.47146701812744
62	17.616203	37.881	70.96092	-40.29056	555.6667	-8.877555	9.01505	12.891458	-13.164465	252000	-0.030554937	486.6391	0.0	-31.220276	0.7697415	-1.3411044e-10	347.4969902038574
63	-21.492718	23.80107	16.795498	-46.44921	798.5	-10.19256	9.559401	14.367694	-14.602034	256000	-0.03240076	584.44434	0.0	-73.83664	0.77921104	-1.4901162e-11	355.90340399742126
64	14.500214	16.585855	32.75631	-13.739361	630.4	-11.643547	9.772985	15.447202	-15.644602	260000	-0.018122185	348.68768	0.0	-36.431305	0.76176447	-1.7434358e-09	363.4544801712036
65	-7.1142974	20.299334	21.975615	-29.824652	629.8	-10.633078	10.652823	15.708728	-15.818476	264000	-0.028271908	303.77173	0.0	-4.7094727	0.7467654	1.1771918e-09	370.8431191444397
66	6.1424704	52.015015	100.690704	-63.578793	356.1	-6.305793	12.714067	15.742383	-15.7756605	268000	0.049189195	588.81647	0.0	-63.989685	0.57782066	-5.915761e-09	376.6213231086731
67	-1.2330987	59.536804	178.40929	-61.044716	178.11765	3.3815675	10.059646	15.040872	-14.951244	272000	0.02686493	1337.7194	0.0	-149.02527	0.56275225	1.4156103e-09	381.11084723472595
68	37.164368	101.61103	242.67305	-64.229904	212.33333	0.2124568	9.15952	15.061605	-14.897221	276000	-0.024134075	1358.2312	0.0	-193.90833	0.5315976	-7.0780515e-09	385.73117327690125
69	15.87369	91.12498	242.85765	-83.64243	245.8125	-0.14114831	12.029348	15.713921	-14.701371	280000	-0.022047028	1241.1411	0.0	-108.35278	0.5590912	-2.399087e-09	390.13581109046936
70	18.815304	77.867065	171.71762	-58.447693	357.7	3.6933565	14.080455	17.878304	-17.57875	284000	-0.028905327	817.06573	0.0	-125.368835	0.5995564	2.026558e-09	395.55337023735046
71	23.906397	110.412605	246.9116	-90.11676	158.32	7.94753	14.313262	19.308577	-19.031767	288000	-0.019225791	2432.2422	0.0	-284.3501	0.45172504	3.7252904e-10	399.2804832458496
72	13.475494	101.71507	241.64955	-101.11447	161.69565	5.918726	15.630841	20.606955	-20.269478	292000	-0.022440506	1596.1915	0.0	-190.94446	0.45052385	3.7699937e-09	402.9905831813812
73	-11.794246	68.90037	245.52513	-140.12302	113.51428	-0.37305236	19.541216	23.696764	-23.2806	296000	0.011389413	1778.605	0.0	-217.52026	0.44414327	7.0035455e-10	406.45016717910767
74	16.231699	106.16038	229.67796	-90.552315	280.92856	-7.6371903	19.055315	25.263739	-24.903297	300000	-0.0060761757	1133.712	0.0	-61.141846	0.55612487	-1.758337e-09	411.6188941001892
75	32.67214	100.46033	250.9612	-66.571724	163.79167	10.863158	20.931784	26.391735	-25.939922	304000	0.004497485	2158.6536	0.0	-91.52197	0.40539083	8.642673e-10	415.3747363090515
76	47.592823	112.73416	270.59607	-84.01136	155.52	11.138621	20.244898	26.618334	-26.197313	308000	-0.001180667	2635.351	0.0	-215.16797	0.395757	3.2931566e-09	418.7874221801758
77	85.092384	129.86682	291.86783	-110.52913	203.42105	9.038267	21.32004	28.30082	-27.77777	312000	-0.03732212	2885.579	0.0	-448.8479	0.4241228	4.0978194e-09	422.8587532043457
78	53.02244	144.50656	257.29346	-192.91525	226.73334	0.7579949	24.068068	30.967974	-30.101067	316000	-0.042539228	2010.8213	0.0	-202.1925	0.5409656	1.937151e-10	427.03259325027466
79	47.779488	129.31207	276.29086	-185.03482	197.55	6.953668	26.60785	35.26588	-34.289906	320000	-0.019704178	2245.14	0.0	-189.85327	0.498659	3.3825636e-09	430.95948004722595
80	116.94019	128.09187	282.30225	-122.579575	232.17647	17.448462	28.061327	38.671642	-37.633602	324000	-0.047670882	2940.4983	0.0	-647.1343	0.45031184	4.5895576e-09	434.77086114883423
81	150.2071	115.34048	287.76578	-24.615414	203.6875	30.072187	20.395714	40.446682	-38.002197	328000	-0.028901756	2786.184	0.0	-318.29004	0.413994	1.9818545e-09	438.50995206832886
82	95.34043	130.26534	279.01584	-77.90451	244.5	31.492273	19.844437	43.174286	-41.751762	332000	-0.0007647235	2607.1934	0.0	-622.937	0.39761826	-8.791685e-10	442.36262917518616
83	37.23716	120.56448	262.5055	-87.80244	237.5	10.492875	31.528936	45.80105	-44.201252	336000	-0.013269511	2317.8577	0.0	-166.43872	0.4847967	1.192093e-10	446.0439500808716
84	22.766949	138.44518	256.30518	-187.38908	270.35715	6.2414823	35.186394	47.270184	-43.67522	340000	-0.034417726	1539.8633	0.0	-138.14465	0.56560767	-8.3446505e-10	450.0645980834961
85	36.44981	147.05324	288.6719	-153.05434	328.5	18.967554	34.571827	50.118706	-36.19912	344000	-0.020055687	1783.6831	0.0	-120.0813	0.5671467	-3.2037497e-09	454.454793214798
86	-44.835613	147.12486	264.5657	-166.73949	351.72726	-1.6358528	36.79061	50.47477	-49.305573	348000	-0.09720228	1732.613	0.0	-693.3386	0.58238876	-7.4505804e-11	458.9597702026367
87	16.680346	172.40967	287.71573	-162.24231	316.75	-0.17622034	39.062054	52.95323	-52.39252	352000	-0.088964574	1685.978	0.0	-336.02283	0.5701577	5.9604643e-10	463.2729301452637
88	-88.13797	90.36406	139.91039	-166.03793	425.22223	2.5934913	43.126198	55.510864	-46.191257	356000	0.00030950975	1315.0908	0.0	-273.44653	0.61590576	-7.8976153e-10	467.9075083732605
89	-121.26516	38.187756	-6.9432077	-164.77695	283.2857	-20.564995	33.630814	55.344814	-45.104614	360000	0.016185844	1282.8883	0.0	-321.83295	0.6040119	5.2154064e-10	472.1857752799988
90	-126.2241	20.659597	-72.218834	-154.87677	325.16666	-29.87264	31.861452	57.773087	-49.562256	364000	-0.015903942	704.175	0.0	-152.64215	0.6126047	-3.874302e-10	476.70353722572327
91	-129.63486	16.372871	-89.05939	-153.54031	354.0	-31.964039	34.45596	60.64063	-53.481003	368000	-0.010755697	510.0411	0.0	-94.51291	0.6169714	1.6391277e-09	481.20750617980957
92	-129.56215	21.655092	-83.626366	-161.9677	355.0909	-35.344627	31.696167	62.615005	-56.60075	372000	-0.02072213	346.63165	0.0	-61.149323	0.6150914	2.1308662e-09	485.57093024253845
93	-135.95502	22.681208	-90.20873	-167.54819	440.1111	-34.766125	34.686184	63.837837	-58.677532	376000	-0.02333221	205.53822	0.0	-29.20221	0.6219352	2.0116568e-09	490.41469621658325
94	-144.13448	24.221762	-103.94464	-181.87512	461.75	-35.924126	33.354805	64.70436	-60.006466	380000	-0.00356742	188.33456	0.0	-30.500107	0.6383058	1.1175871e-09	495.30037808418274
95	-142.03793	21.542444	-115.27581	-178.85475	542.2857	-27.750492	38.577477	65.46969	-60.84964	384000	-0.003610027	155.78471	0.0	-14.352524	0.62740475	2.0116568e-09	500.9658212661743
96	-134.13458	19.48693	-98.29259	-163.03275	553.8571	-38.051662	32.469204	65.47473	-61.914955	388000	-0.0018089266	236.08482	0.0	-128.2024	0.635579	-3.7252904e-10	506.81251406669617
97	-154.97896	42.26732	-77.77934	-198.58868	666.0	-35.045944	29.876963	64.7299	-61.872448	392000	-0.01602174	239.79198	0.0	-115.612175	0.65251744	7.599592e-10	513.2373239994049
98	-172.98827	17.885845	-139.93066	-190.6175	753.4	-25.491707	29.81666	65.24666	-60.333187	396000	-0.0069754315	138.52657	0.0	-30.699913	0.6532832	7.1525574e-10	519.1711132526398
99	-113.21876	37.415943	-78.480736	-175.59381	967.25	-25.374613	24.583605	66.06498	-58.463562	400000	-0.045866027	137.46631	0.0	-51.318863	0.66529024	-1.4901161e-09	526.2548069953918
100	-88.15977	21.603249	-63.963852	-112.47726	1000.0	-17.846855	20.319643	55.191154	-35.067596	404000	-0.019253384	46.396023	0.0	-17.616747	0.6817175	-1.5199184e-09	532.6892192363739
101	-52.295067	14.663537	-30.62629	-69.570656	1000.0	-14.075855	17.946926	47.112045	-27.626139	408000	-0.059838556	31.681236	0.0	-10.7639065	0.6616451	-4.1723253e-10	540.8948571681976
102	-33.174267	25.763624	-1.531838	-68.68377	784.75	-13.127359	21.070986	64.869835	-29.013765	412000	0.030014852	258.2631	0.0	-149.88974	0.6501518	-8.791685e-10	548.2995090484619
103	-31.41416	46.663948	4.5668983	-110.55723	788.0	-10.844443	17.952263	52.742565	-33.033356	416000	0.022715367	251.59998	0.0	-58.17067	0.63333136	-1.1324882e-09	555.6156463623047
104	59.8292	90.70557	171.50546	-48.270493	783.6	-2.8240507	26.273823	66.769844	-28.68778	420000	-0.033859935	207.62497	0.0	-55.260635	0.6190571	-2.6226044e-09	562.0045392513275
105	7.696185	171.18806	214.01482	-277.71414	658.6	1.0643876	24.331587	66.51893	-49.346825	424000	0.014100686	832.238	0.0	-152.00757	0.5919501	1.7881393e-09	568.2111432552338
106	-131.32481	226.04153	193.2948	-563.05634	288.0	10.489023	23.811995	66.51978	-59.23782	428000	0.05291165	8306.587	0.0	-2103.296	0.52891994	-3.2037497e-09	572.3775441646576
107	-119.106	226.11243	179.50363	-664.795	322.27274	-11.120346	43.669724	69.26019	-70.403046	432000	0.06863153	6399.957	0.0	-776.22314	0.5078359	-2.2798776e-09	576.4865491390228
108	122.58264	138.92618	282.0976	-158.30359	487.25	-15.8699045	30.855513	46.05785	-72.240654	436000	-0.086117566	3073.169	0.0	-1708.7277	0.5203711	5.364418e-10	581.1713511943817
109	48.969025	147.42677	221.09485	-246.46819	274.7143	14.507184	16.959038	46.660107	-71.699905	440000	-0.0144005995	2167.799	0.0	-416.51746	0.41504425	-3.144145e-09	585.1641261577606
110	42.950806	119.37273	178.20842	-165.79958	299.6154	21.630682	20.767635	54.73664	-72.06033	444000	-0.007508893	1910.515	0.0	-256.70825	0.46944135	-2.6226044e-09	589.1332023143768
111	26.286217	112.08807	202.50475	-127.526985	248.3125	9.039854	18.527662	30.985447	-68.83526	448000	-0.0039187353	2210.0906	0.0	-230.02332	0.4951995	3.5315753e-09	593.0930700302124
112	13.25774	104.82436	232.35822	-78.273	186.42857	6.825599	18.576757	25.69882	-70.013664	452000	0.014074307	2156.7034	0.0	-143.52747	0.45129573	-1.0877848e-09	596.6662921905518
113	-34.605473	87.85583	205.59544	-129.85562	162.29167	2.1783755	18.77708	27.93786	-64.43683	456000	0.03241939	2527.8835	0.0	-740.5282	0.47842094	-1.4305115e-09	600.0043892860413
114	-45.582867	68.12206	247.0775	-120.3559	145.25926	-17.227488	32.82587	30.30213	-71.28656	460000	0.06103049	1684.1552	0.0	-228.54395	0.48094565	-1.6242265e-09	603.1621313095093
115	-58.82869	47.63169	134.95215	-109.70484	150.53847	-24.961432	34.69503	22.554873	-71.65396	464000	0.060336985	1004.00037	0.0	-174.20898	0.49040076	-1.7881393e-09	606.3988800048828
116	-78.09532	28.648106	-8.722948	-139.73412	142.67857	-26.186663	32.518433	18.989422	-71.36923	468000	0.09683167	602.85455	0.0	-215.60971	0.5067198	-2.8461218e-09	609.5530021190643
117	-70.51535	38.88847	-16.70558	-177.36275	138.17857	-29.511734	32.266068	18.540024	-72.94065	472000	0.093418986	449.235	0.0	-56.875427	0.49876395	8.046627e-10	612.744017124176
118	-67.264175	55.302174	150.2656	-168.8369	148.6923	-37.439877	29.861382	17.557936	-74.42482	476000	0.029506233	894.1456	0.0	-125.77612	0.5139386	-1.1473894e-09	615.9216871261597
119	-60.162598	52.68002	148.82634	-112.750145	171.0	-32.560017	30.29456	18.791348	-74.57297	480000	0.033791162	770.8295	0.0	-219.91125	0.4798012	-2.667308e-09	619.2813212871552
120	-75.043015	67.72995	164.68924	-167.07104	183.71428	-30.796387	28.638403	26.066395	-73.95126	484000	0.045650546	1231.6472	0.0	-212.99133	0.50232506	1.2367963e-09	622.6373991966248
121	-26.267607	97.66773	182.19278	-165.6403	249.875	-29.579649	28.773016	27.938265	-76.24599	488000	-0.053197253	1623.1238	0.0	-787.92255	0.50543964	2.8759242e-09	626.6259262561798
122	-67.50564	53.515224	123.922005	-110.56357	219.38889	-16.900171	32.0349	62.87012	-73.02516	492000	0.03157574	1690.4337	0.0	-725.62195	0.5158038	-1.3113022e-09	630.2724821567535
123	-4.4646096	105.99477	183.08708	-204.91464	282.15384	-25.31107	26.238605	24.474497	-73.840996	496000	-0.008832705	1961.7739	0.0	-761.32874	0.4730746	-1.5944243e-09	634.2490901947021
124	6.3230658	84.03275	148.6983	-77.315956	388.4	1.5085397	16.793211	51.067917	-62.19823	500000	0.01723372	1337.6635	0.0	-255.0747	0.483629	-4.3660404e-09	638.500086069107
125	3.4951658	100.364235	164.7941	-101.99636	361.54544	1.41405	17.564648	35.31257	-61.685577	504000	-0.00738318	1358.4652	0.0	-348.1344	0.5298846	-3.5762787e-10	642.9045622348785
126	67.02282	92.85751	164.51889	-32.905125	631.3333	1.6726024	17.28568	44.661087	-59.689945	508000	-0.056583464	735.7153	0.0	-266.19763	0.5562163	3.1590461e-09	648.4648361206055
127	40.61164	42.522083	81.19034	-30.847202	833.75	12.726592	13.545857	42.019157	-15.502518	512000	-0.044197816	562.65045	0.0	-279.0052	0.6262251	-2.6524067e-09	654.9634232521057
128	-31.825348	35.323673	0.855537	-86.07509	888.25	5.313962	9.250253	30.190899	-24.703413	516000	-0.022073084	432.24966	0.0	-181.86057	0.61538607	-3.4570693e-09	662.5438041687012
129	-21.606934	15.9787445	-4.624437	-41.991386	1000.0	-1.1361793	8.224759	24.978401	-14.093515	520000	-0.07210005	97.3519	0.0	-35.36755	0.6341545	-2.1457671e-09	669.3952209949493
130	-37.818306	12.770943	-16.99025	-48.63074	1000.0	3.834054	10.026229	24.688503	-9.932322	524000	-0.092810236	193.3152	0.0	-143.71942	0.626113	1.5795231e-09	676.9771041870117
131	-48.047325	14.679071	-33.57908	-66.55477	1000.0	-0.7950616	10.351578	23.050873	-10.808663	528000	-0.10270375	81.29908	0.0	-57.81606	0.6106931	7.4505804e-11	683.2039663791656
132	-66.74373	21.02774	-36.95009	-90.86718	1000.0	-2.673058	7.8254266	22.60421	-11.840403	532000	-0.072656736	113.393326	0.0	-59.96422	0.6272127	-1.4603138e-09	690.2716851234436
133	-86.933174	29.504442	-57.632355	-136.0618	1000.0	-6.1564665	7.008867	21.335224	-12.841603	536000	-0.08029182	85.82785	0.0	-39.105858	0.60534644	9.834766e-10	696.3143382072449
134	-106.58779	14.747676	-83.71901	-120.71666	1000.0	-7.777007	6.927563	19.988262	-15.774291	540000	-0.06973158	94.82547	0.0	-39.072006	0.6221558	1.6093255e-09	704.1279292106628
135	-126.616	32.25223	-90.14459	-175.1714	924.5	-11.479127	4.432315	7.718072	-17.008804	544000	-0.045518406	178.22528	0.0	-24.436707	0.6169641	-2.1904707e-09	709.3238263130188
136	-141.44379	40.154488	-103.43023	-208.80566	904.0	-15.144004	2.6958132	-7.6110225	-18.458096	548000	-0.035815444	139.10352	0.0	-3.388855	0.6200458	-3.3527612e-09	714.9880182743073
137	-85.72104	22.039951	-54.671864	-112.75771	1000.0	-16.660381	3.2836359	-2.8665576	-19.332457	552000	-0.05098234	80.94989	0.0	-35.69375	0.5998908	2.5331975e-10	721.298876285553
138	-53.465843	15.465279	-35.97793	-78.15521	1000.0	-11.728497	5.0896373	13.474236	-15.894316	556000	-0.08394959	47.211433	0.0	-19.599411	0.59834284	2.9802324e-11	729.1217510700226
139	-56.996784	8.737401	-46.61897	-69.88813	1000.0	-10.0823765	5.419249	9.97219	-17.330801	560000	-0.090701446	66.58334	0.0	-3.9276276	0.5802723	2.6226044e-09	735.4539182186127
140	-64.90149	11.427063	-45.27977	-73.11911	1000.0	-11.192768	1.7785815	-3.4850278	-13.054615	564000	-0.07578225	80.053535	0.0	-3.1357727	0.57659924	-1.0579825e-09	742.8722150325775
141	-64.851654	33.791508	-30.03883	-120.27732	937.0	-8.484243	6.026617	28.606739	-13.75529	568000	-0.017286722	210.11243	0.0	-20.219757	0.56404984	3.7252903e-09	749.4419550895691
142	-77.074524	55.279816	-29.233612	-167.20013	962.75	-11.43884	6.0183873	21.250504	-17.575497	572000	-0.04121835	279.11597	0.0	-19.974884	0.5652139	1.1175871e-09	755.9786372184753
143	-69.96298	24.699808	-39.03383	-101.43203	1000.0	-11.79404	6.46691	8.481085	-17.816723	576000	-0.087434545	66.86745	0.0	-8.617165	0.5757189	9.685754e-10	763.5403251647949
144	-45.711567	11.987764	-32.43102	-64.16901	1000.0	-10.934422	8.274478	19.787657	-17.012568	580000	-0.09348297	65.086395	0.0	-7.4062424	0.5676346	6.556511e-10	770.554003238678
145	-76.09799	58.352478	-30.622276	-175.94958	903.75	-8.277795	9.972199	22.522652	-16.735971	584000	-0.019372111	242.4981	0.0	-13.076721	0.5653805	-1.1175871e-09	776.4129190444946
146	-45.954308	6.829629	-35.193314	-53.858593	1000.0	-11.4291725	9.462063	22.229542	-17.311234	588000	-0.09039296	35.00356	0.0	-8.762329	0.58033407	1.2218953e-09	782.4914951324463
147	-83.53076	60.946407	-22.181532	-183.2445	940.75	-8.401838	7.7264566	18.786518	-16.207592	592000	-0.02481926	197.18738	0.0	-7.343521	0.56148446	1.7881394e-10	789.7488980293274
148	-69.477104	16.751007	-49.10856	-92.82577	1000.0	-10.015077	10.242159	19.893028	-17.16862	596000	-0.0888428	22.690655	0.0	-4.881687	0.58128244	1.0430813e-10	795.2684850692749
149	-88.176094	29.340212	-60.175194	-137.34518	929.5	-7.7497444	7.4001527	12.803662	-16.225801	600000	-0.0064919153	213.98975	0.0	-68.10246	0.56698453	-4.1127204e-09	801.1480731964111
150	-120.61996	39.963715	-71.259865	-159.89357	652.2	-11.109931	5.312666	5.161722	-17.497686	604000	-0.035515673	468.31302	0.0	-71.979004	0.5563104	1.192093e-10	806.6943001747131
151	-135.31285	24.235245	-77.93155	-162.94186	352.0909	-6.39194	6.6186404	11.268587	-21.226128	608000	-0.036321	1314.9739	0.0	-731.8204	0.53510076	-8.642673e-10	810.9618141651154
152	-146.18333	24.113596	-91.362015	-186.53091	309.25	-26.547657	3.537606	-17.362892	-29.597797	612000	-0.020009205	635.1087	0.0	-132.9252	0.55103076	-6.4074995e-10	814.8918693065643
153	-146.61969	28.80266	-105.872086	-188.91727	264.66666	-31.89916	3.6165316	-22.136826	-35.433846	616000	-0.041912682	700.9162	0.0	-156.32782	0.53632593	6.2584876e-10	818.692241191864
154	-167.26723	20.532253	-133.6022	-200.53209	262.26666	-37.700897	4.53501	-26.600214	-40.961357	620000	0.009095985	584.59186	0.0	-127.30005	0.52540684	6.705523e-10	822.4319112300873
155	-167.92293	18.824665	-146.5933	-214.3113	251.66667	-43.87328	3.825122	-30.834343	-45.72863	624000	-0.016857356	468.8585	0.0	-65.53717	0.54210514	1.1175871e-09	826.1150081157684
156	-185.37686	26.817629	-144.75952	-235.61983	263.86667	-46.722538	4.7712	-33.745056	-49.245453	628000	-0.010132668	410.21417	0.0	-65.58014	0.52415013	2.1308662e-09	829.8053541183472
157	-178.26283	31.530895	-118.81383	-240.14203	248.6	-50.777985	4.3017945	-36.50915	-52.495846	632000	-0.00657074	395.3524	0.0	-27.781464	0.5206545	-1.4454127e-09	833.4795792102814
158	-178.18355	24.179295	-133.47281	-215.73338	252.2	-53.04688	4.403659	-38.382347	-54.715767	636000	-0.001382858	348.97476	0.0	-23.418884	0.5112972	-5.5134297e-09	837.2637782096863
159	-170.614	17.954617	-138.46007	-192.4062	276.7143	-54.246468	5.4661345	-40.024807	-56.74357	640000	-0.0312945	398.67386	0.0	-12.332581	0.51318175	-4.157424e-09	841.1124370098114
160	-180.31633	20.30048	-132.24707	-210.45726	264.53333	-54.498245	5.9162292	-40.60477	-57.715088	644000	-0.025369544	375.86234	0.0	-14.6631775	0.5093725	-1.0728836e-09	844.84748005867
161	-170.8184	26.381538	-127.58741	-225.64442	227.0	-57.005646	4.4694624	-41.73114	-59.189056	648000	-0.0027835937	289.91858	0.0	-24.84256	0.5263232	-1.2814999e-09	848.3675081729889
162	-156.22171	18.048655	-105.34744	-181.3535	247.1875	-56.38549	5.7351494	-43.04678	-60.755375	652000	-0.007144535	337.69113	0.0	-14.772003	0.4966713	-1.2367963e-09	852.0588390827179
163	-170.29807	20.155233	-123.42836	-209.66078	232.52942	-55.48323	5.8153152	-43.352535	-61.378006	656000	0.00024965787	226.9935	0.0	-24.627655	0.5328927	8.3446505e-10	855.6303973197937
164	-159.1257	22.813305	-113.929474	-210.5466	239.0	-56.123245	7.2397146	-44.48521	-63.17194	660000	-0.030686319	269.04202	0.0	-21.877365	0.526303	2.7120113e-09	859.2760841846466
165	-157.72104	18.95041	-118.47097	-188.54935	280.35715	-53.861076	8.738925	-43.607708	-64.1143	664000	-0.034345496	323.11432	0.0	-9.843689	0.5069511	1.5497208e-09	863.185554265976
166	-154.98573	21.783491	-126.627594	-195.55751	299.92307	-52.922836	8.951297	-42.683155	-64.09393	668000	-0.05253382	388.61957	0.0	-89.99188	0.5001597	1.0430813e-10	867.0539162158966
167	-144.32802	19.857296	-116.19027	-177.10674	360.27274	-47.00422	12.538493	-32.97784	-63.30815	672000	-0.026303956	402.88843	0.0	-62.26425	0.49944636	-7.4505804e-11	871.4743580818176
168	-147.58705	21.984709	-104.146416	-179.42801	394.4	-44.09831	13.104352	-28.950556	-62.41813	676000	-0.015934361	375.67944	0.0	-155.88654	0.5112355	-5.2154064e-10	876.0003960132599
169	-136.70644	27.10328	-84.00685	-165.08795	468.75	-38.273956	19.019796	-6.458473	-61.85881	680000	-0.017554456	281.20575	0.0	-123.00386	0.50868076	-1.1175871e-09	880.5776860713959
170	-158.95924	14.050312	-144.00133	-185.778	652.3333	-35.098602	21.470139	8.602738	-62.312088	684000	-0.046407737	325.1086	0.0	-182.90724	0.5066813	-2.2351743e-09	886.2544000148773
171	-152.8663	30.766266	-109.698204	-189.17285	850.75	-31.761118	20.474592	23.599607	-62.147316	688000	-0.04084844	305.63678	0.0	-131.5525	0.51263237	-2.0861626e-10	893.0016541481018
172	-95.99662	22.022371	-62.37805	-122.9737	1000.0	-18.225283	13.09066	29.16802	-41.65434	692000	-0.030348046	59.19618	0.0	-30.43628	0.5110095	-2.0861626e-10	899.6341671943665
173	-96.68269	4.577862	-89.70055	-102.51111	1000.0	-15.126461	6.997949	29.32592	-24.986032	696000	-0.031216456	25.682133	0.0	-7.0192223	0.5299218	1.5199184e-09	906.9387903213501
174	-94.833084	9.624466	-84.832344	-108.71612	1000.0	-15.045704	8.698961	27.649662	-22.182459	700000	-0.04723776	21.785975	0.0	-5.4928894	0.5309	2.5480986e-09	915.6008009910583
175	-63.87781	29.404362	-17.837439	-95.70224	1000.0	-15.1865635	10.373761	41.560528	-21.42861	704000	-0.037634596	68.396675	0.0	-29.557816	0.5078654	4.2021275e-09	924.810004234314
176	-35.567635	36.495262	26.776752	-64.61667	771.0	-12.592484	13.063548	41.68634	-83.02651	708000	0.0042134663	35.371197	0.0	-10.502996	0.47864994	3.1292438e-10	931.742308139801
177	-85.64171	21.040152	-51.082607	-108.053856	1000.0	-10.049145	14.16974	43.537262	-20.09751	712000	-0.015901627	45.76568	0.0	-27.773203	0.45827904	-1.013279e-09	938.2660732269287
178	-142.41164	90.772964	-72.797874	-298.45526	769.75	-14.3908615	12.102721	40.149338	-55.708107	716000	-0.006513623	809.82275	0.0	-283.71204	0.43146107	3.9935113e-09	945.1803221702576
179	-76.16838	16.379187	-60.181923	-98.91943	1000.0	-13.375689	15.501426	47.300262	-24.344976	720000	-0.0348313	40.54504	0.0	-18.039968	0.41072828	2.0563602e-09	952.3120203018188
180	-185.01457	123.728874	-51.091522	-390.13428	640.2	-14.953966	15.309075	49.779068	-87.48104	724000	0.017941728	1267.2714	0.0	-353.90344	0.38047844	2.0861626e-10	959.872376203537
181	-182.29434	132.28366	-91.44747	-438.83087	647.0	-15.901089	14.063604	37.603195	-89.7715	728000	0.01085172	1007.03326	0.0	-118.05194	0.38516778	3.1292438e-10	966.0070531368256
182	-158.2535	135.49113	-58.380295	-391.24942	775.5	-12.715541	17.116398	51.922142	-92.91141	732000	-0.018192457	475.61377	0.0	-78.25745	0.3765356	-2.965331e-09	971.8459961414337
183	-199.81346	138.84586	-74.59615	-381.1877	643.6	-16.85769	20.631657	44.116024	-95.48128	736000	-0.022528378	648.2862	0.0	-74.88037	0.36971888	2.5779008e-09	977.8555293083191
184	-110.356476	56.90481	-67.62741	-207.44952	778.0	-17.394	18.545237	30.405746	-98.14174	740000	-0.0050603366	326.06143	0.0	-246.06897	0.3733606	2.9802323e-09	984.3219583034515
185	-1.7043877	122.58847	207.4203	-102.3644	832.75	-12.986833	16.58761	52.677197	-84.25128	744000	-0.027954508	765.0071	0.0	-623.1603	0.3487477	2.4288893e-09	990.8935091495514
186	-90.20253	73.282455	19.190832	-203.97221	774.2	-7.809657	15.468269	57.933678	-30.677395	748000	0.02725914	428.22778	0.0	-196.18704	0.37618774	-1.7881394e-10	997.4683582782745
187	-87.05778	29.151588	-37.484585	-120.54036	708.0	-13.759354	13.676636	28.09687	-66.145294	752000	0.0155266	155.2645	0.0	-18.056091	0.38952377	-3.874302e-10	1004.6683299541473
188	-52.753265	35.59588	12.794035	-90.0566	594.6667	-12.952542	13.993951	28.170961	-74.4909	756000	0.01411081	211.27914	0.0	-17.406342	0.39920452	2.6822091e-09	1011.2137920856476
189	-49.71119	44.87253	31.872171	-96.64565	688.8	-13.160119	14.138494	37.555637	-75.853	760000	0.017704662	211.46292	0.0	-10.900375	0.41545394	-8.046627e-10	1018.8733451366425
190	-54.030712	38.192493	-6.9402943	-108.60199	636.2	-12.852258	15.345852	39.007374	-73.186554	764000	0.014158191	86.82245	0.0	-44.219547	0.43459448	-4.842877e-09	1025.0308752059937
191	-89.16876	24.36441	-60.227154	-131.25638	635.5	-8.0915365	14.069787	37.38769	-73.63867	768000	-0.0047347154	448.28458	0.0	-123.93652	0.43359903	-4.0382147e-09	1030.995625257492
192	-68.89255	56.073296	38.74667	-150.45317	498.2857	-16.42589	19.341389	36.271328	-87.90825	772000	-0.0045336685	351.57245	0.0	-104.011536	0.42853093	-2.4139881e-09	1036.787581205368
193	-81.94042	44.035446	-1.4059967	-138.98935	565.1667	-21.018745	21.420584	39.948444	-92.37756	776000	-0.014825166	315.11606	0.0	-23.078186	0.42893425	-2.7567149e-09	1043.2678651809692
194	-104.46892	35.151817	-44.42114	-152.4614	470.125	-17.47932	23.15406	41.60021	-40.162155	780000	-0.022887895	461.24512	0.0	-113.44931	0.4312697	2.6375055e-09	1048.5863552093506
195	-101.2491	58.1263	24.632338	-173.92947	453.0	-23.981073	25.681097	42.948105	-92.30336	784000	-0.012846854	408.42706	0.0	-106.71329	0.43057275	-2.4437905e-09	1053.7612631320953
196	-77.54272	66.97692	34.32592	-176.5495	291.53845	-20.626202	33.218704	53.89943	-94.361916	788000	0.039538164	405.89532	0.0	-128.20517	0.40799952	-2.0861626e-10	1058.178806066513
197	-111.5424	48.175934	-2.0768433	-176.37613	388.9	-27.942665	33.07599	59.41618	-81.09979	792000	0.016241925	277.24045	0.0	-132.23761	0.43394	4.991889e-09	1062.8621771335602
198	-80.27676	56.93236	27.613688	-155.68547	332.0	-24.672964	31.68968	60.097218	-104.59546	796000	0.003294271	203.79922	0.0	-64.03552	0.4386954	3.0398368e-09	1067.528499364853
199	-83.89005	41.39931	11.596112	-122.81418	330.25	-24.042477	35.63497	62.3935	-105.04061	800000	-0.014462285	235.2452	0.0	-71.17464	0.444501	1.1622906e-09	1071.9136672019958
200	-75.31458	57.24126	19.077827	-140.91663	321.25	-29.948433	34.39387	61.669884	-96.555725	804000	-0.02968255	301.36203	0.0	-109.08516	0.44432992	3.7699937e-09	1076.824457168579
201	-94.7792	47.373344	36.141308	-145.89792	328.41666	-26.750317	35.40723	63.13776	-99.58368	808000	-0.027512593	185.22905	0.0	-35.01294	0.43815905	2.6375055e-09	1081.4076652526855
202	-118.602516	44.789658	-27.028591	-174.72046	395.2	-34.29743	30.86076	61.133896	-101.16826	812000	-0.02314361	176.48743	0.0	-40.705338	0.44151145	4.9322844e-09	1087.005981206894
203	-101.460594	67.81296	10.839564	-172.82121	400.1111	-34.514736	35.780323	64.92995	-96.79417	816000	-0.01867965	103.48309	0.0	-54.519836	0.438935	-4.7683715e-09	1091.8861322402954
204	-114.981674	34.484085	-76.88702	-193.97557	493.0	-30.735655	30.952337	64.50021	-81.544365	820000	-0.04315253	173.58148	0.0	-105.86128	0.4478303	-1.8924475e-09	1097.0652341842651
205	-123.48082	62.778416	20.438223	-190.36116	467.25	-27.163515	32.395706	81.48762	-80.842926	824000	0.0069844495	98.63827	0.0	-48.440582	0.4411062	-1.1026859e-09	1101.9789681434631
206	-120.20813	76.16767	29.5415	-217.16048	518.4286	-30.203129	32.85474	66.7886	-92.00576	828000	-0.030292539	132.93025	0.0	-47.08766	0.45613447	-2.3841857e-09	1108.032645225525
207	-115.5531	81.38971	21.187162	-208.12994	545.8571	-22.600653	29.774265	66.79677	-92.71785	832000	-0.044779934	145.2146	0.0	-42.091324	0.46223798	-1.0430813e-09	1113.9733231067657
208	-150.7022	43.111122	-102.60277	-211.8651	625.0	-29.239235	29.372004	68.20782	-82.243095	836000	-0.035385333	79.48854	0.0	-28.48381	0.47741157	6.854534e-10	1120.0164852142334
209	-144.75626	62.115837	-1.9391484	-202.32814	492.625	-26.78934	31.08466	69.30363	-102.18124	840000	0.01307382	70.67219	0.0	-16.807766	0.47661394	-1.5795231e-09	1125.2399861812592
210	-149.5437	59.538986	-6.579955	-189.48048	568.1429	-29.640615	29.771866	66.98517	-83.67952	844000	-0.01671069	116.37443	0.0	-43.26059	0.47526056	-4.61936e-09	1130.4555141925812
211	-135.74493	96.4108	38.30589	-231.6663	617.8	-31.142828	28.328346	68.875755	-85.23433	848000	-0.005381795	92.98822	0.0	-37.036503	0.48987672	-4.529953e-09	1136.0102851390839
212	-143.24738	91.002815	39.713882	-229.49214	618.6667	-26.217512	28.285452	71.88627	-81.52334	852000	-0.0013945153	101.692665	0.0	-37.21025	0.48621127	-8.940697e-11	1141.6485092639923
213	-179.78714	81.893074	-38.908646	-234.55823	937.0	-25.55	26.24075	73.428535	-82.88183	856000	-0.016020887	100.88847	0.0	-41.406326	0.48609877	-8.791685e-10	1147.809650182724
214	-140.53336	51.671238	-81.18765	-199.01918	938.5	-25.202988	29.543104	78.1293	-83.4965	860000	0.0075465953	184.48157	0.0	-126.18164	0.46981236	-1.1622906e-09	1153.9714131355286
215	-28.90435	45.667164	19.353193	-94.01954	782.0	-17.999496	26.720547	81.63624	-89.12676	864000	0.0041085826	403.8327	0.0	-293.81967	0.46351695	-2.2351741e-10	1160.3694822788239
216	-30.136587	27.079407	3.417708	-73.2679	635.4	-12.140037	22.149944	79.575745	-61.570297	868000	0.003125977	131.92583	0.0	-71.36525	0.46386677	5.9604643e-10	1167.0116212368011
217	-25.230322	44.59366	50.53864	-72.026474	640.4	-10.020681	23.949324	100.95536	-75.843735	872000	0.012686758	110.53023	0.0	-57.846157	0.46954048	1.2516975e-09	1174.4172921180725
218	-35.426533	8.203769	-26.805658	-45.47719	1000.0	-13.553672	17.392962	82.65225	-22.596373	876000	-0.04244523	93.88337	0.0	-49.990368	0.4550142	-1.2814999e-09	1181.4552402496338
219	-26.945673	25.385708	0.12765801	-57.200966	1000.0	-12.4239645	20.25807	72.58843	-54.010868	880000	-0.029698407	131.3209	0.0	-81.6695	0.45268992	5.5134297e-09	1188.4118361473083
220	-4.542543	6.0534186	3.1954675	-10.706082	1000.0	-10.525465	19.977142	76.561356	-22.21445	884000	-0.06355089	43.96114	0.0	-29.163105	0.44581428	-4.768372e-10	1195.4817373752594
221	7.301804	8.90875	20.782576	-3.9553673	773.0	-8.312752	22.821129	80.57653	-75.235886	888000	-0.013613858	109.614174	0.0	-37.83603	0.4365722	1.6391277e-09	1202.3213970661163
222	74.1338	114.960556	299.47314	-1.7458324	654.8	-5.395136	28.078098	97.42868	-106.228745	892000	-0.050313663	468.5454	0.0	-276.68243	0.41621965	-1.7285346e-09	1209.1101212501526
223	3.393155	20.123617	27.655678	-26.893597	781.25	-5.557042	24.217106	87.82543	-61.846878	896000	-0.0028412307	82.10679	0.0	-32.452507	0.43329594	8.3446505e-10	1216.3554801940918
224	136.69633	106.050606	264.6594	5.298577	775.8	11.837784	33.24715	98.59633	-39.333538	900000	-0.067047454	1040.434	0.0	-732.005	0.45538712	-1.6987324e-09	1223.6996331214905
225	234.11404	14.000388	257.9619	206.85738	465.25	23.807878	29.758204	99.43297	-77.45806	904000	-0.04571589	1214.05	0.0	-938.0206	0.38650122	-1.2218953e-09	1228.4135522842407
226	137.58737	118.0034	254.54541	-15.246383	299.3846	39.932423	26.29791	96.260704	-59.86617	908000	0.009640611	1746.8978	0.0	-700.75574	0.34673896	-3.516674e-09	1232.653448343277
227	205.66858	75.4496	288.50763	34.746456	404.875	27.135756	25.184467	91.7192	-82.50671	912000	-0.11231923	964.37195	0.0	-389.45483	0.41199255	7.3313715e-09	1237.350583076477
228	192.41429	76.147255	251.48376	14.820219	329.91666	42.236	21.954613	96.19385	-18.865286	916000	-0.06365892	646.64825	0.0	-288.76468	0.3835343	-1.758337e-09	1241.5514001846313
229	117.26942	108.441574	255.4692	-15.194548	183.09525	46.46444	28.962706	96.52991	-104.78263	920000	-0.006769144	1209.0951	0.0	-371.24213	0.2817138	1.4007091e-09	1245.0620951652527
230	152.50264	96.412674	249.51132	-4.8893104	378.5	55.187637	33.43283	89.18949	-111.622795	924000	-0.12384979	2662.4973	0.0	-1939.8232	0.4054068	1.2308359e-08	1249.4852242469788
231	164.6486	117.16573	287.0754	-13.491888	261.66666	40.349342	28.141914	95.208466	-114.44483	928000	-0.063687705	1086.0056	0.0	-491.56042	0.3360084	-5.662441e-10	1253.4493861198425
232	211.53427	91.21237	270.17877	-10.357041	399.6	36.6035	32.974995	104.19513	-79.81421	932000	-0.018948525	721.12506	0.0	-248.92249	0.36161986	-2.4735927e-09	1257.8269140720367
233	175.50212	101.10138	271.33054	24.133867	290.3846	52.691647	28.19222	107.50288	-89.51118	936000	-0.07759077	1672.4674	0.0	-910.0621	0.34729514	-1.4305115e-09	1261.6784691810608
234	173.69188	99.92888	275.60114	23.158804	363.36365	37.167908	31.12117	108.487144	-113.59747	940000	-0.054321814	636.47375	0.0	-128.49377	0.37676373	-4.172325e-09	1266.1260542869568
235	196.68404	98.169235	273.7714	-14.097163	358.9091	45.51029	21.193867	108.65502	-62.726936	944000	-0.07961851	835.59186	0.0	-209.53467	0.3602939	-2.4139881e-09	1270.2097573280334
236	194.92665	106.62889	292.2004	-31.111734	342.63635	42.296722	25.193577	109.09047	-96.759834	948000	-0.08663376	1367.8098	0.0	-508.09265	0.3442899	-1.013279e-09	1274.367419242859
237	211.17099	85.05024	277.80325	9.039434	326.72726	47.00725	23.145716	108.39921	-22.48301	952000	-0.06944375	1121.6268	0.0	-463.60596	0.28700808	1.6093255e-09	1278.4493460655212
238	234.84676	43.740765	262.28006	107.45396	339.1	41.575073	28.313349	110.32233	-34.288513	956000	-0.0860492	794.1567	0.0	-411.77707	0.34128714	5.066395e-10	1282.774432182312
239	193.20128	107.15861	276.87888	-23.3312	289.46155	54.38053	26.89221	110.33091	-83.08956	960000	-0.07349628	1509.6741	0.0	-762.20215	0.29241738	-3.5464764e-09	1286.6470682621002
240	161.39127	122.65772	271.81442	-37.262184	242.0	50.335487	26.597809	109.773636	-70.04967	964000	-0.015863232	2058.7703	0.0	-566.6638	0.2576964	0.0	1290.2797963619232
241	211.49408	80.34522	275.39987	-0.49358654	343.36365	49.919086	20.555166	110.15223	-72.88674	968000	-0.0539081	834.33014	0.0	-491.53403	0.3111706	-3.6656858e-09	1294.6723110675812
242	198.51085	94.61311	268.6136	-8.874059	258.53333	51.144474	24.660927	109.15055	-107.622604	972000	-0.02605668	717.52625	0.0	-366.2528	0.2760392	1.5199184e-09	1298.3563141822815
243	237.93591	47.71697	287.38882	80.77262	276.64285	61.900955	25.41483	111.86073	-57.170967	976000	-0.007819122	651.99567	0.0	-258.18097	0.2409744	8.9406965e-10	1302.0362973213196
244	166.70595	108.86261	256.2313	-30.411554	310.83334	62.500298	18.220482	111.75092	-71.67553	980000	-0.04990054	1588.4456	0.0	-1177.5674	0.31816703	1.3709068e-09	1305.981248140335
245	143.81418	113.18908	263.83154	-50.947548	392.6	38.119762	30.150179	109.62839	-56.299877	984000	-0.045219325	1743.4888	0.0	-888.69037	0.37227073	-2.1457671e-09	1310.6134650707245
246	185.41641	103.398384	274.75674	0.26830262	257.66666	36.297485	31.735485	108.95965	-74.82316	988000	-0.038527083	1518.8182	0.0	-465.68628	0.25149325	1.0430813e-09	1314.256497144699
247	199.23727	87.33016	254.90944	19.982992	322.0	51.988056	25.85676	109.360245	-46.717884	992000	-0.059836715	1619.34	0.0	-664.6236	0.31273553	4.5895576e-09	1318.5648221969604
248	175.91818	94.52908	261.5676	-41.955452	476.125	43.71335	20.609943	109.37995	-77.18641	996000	-0.064763136	1315.0863	0.0	-605.6339	0.356017	-8.612871e-09	1323.3308353424072
249	144.45743	119.42572	291.22336	-39.141335	265.0	27.539581	32.837822	109.72005	-108.03064	1000000	-0.05095821	1615.4586	0.0	-728.8735	0.24815933	1.6987324e-09	1327.1790692806244
250	142.4671	124.28472	289.2062	-46.112762	358.9091	44.091114	25.928564	111.69906	-42.31667	1004000	-0.055048607	1925.2035	0.0	-823.2516	0.33625513	-3.3080578e-09	1331.4622399806976
251	198.6247	84.42414	275.9475	0.967627	295.69232	33.953728	30.414227	110.60863	-92.00356	1008000	-0.033703927	1088.6483	0.0	-663.00916	0.23845592	-2.4139881e-09	1335.3955421447754
252	171.61758	102.32215	260.81207	-6.642289	264.14285	48.857872	24.130867	110.5869	-97.562126	1012000	-0.016526693	753.33624	0.0	-129.56561	0.24242133	-3.4570693e-09	1339.269140958786
253	208.01968	30.655106	240.47806	152.59402	432.22223	41.35945	29.884716	111.287895	-36.867958	1016000	-0.06832868	1012.55176	0.0	-637.9204	0.29965308	-1.7881393e-09	1343.8215832710266
254	157.17587	113.694916	276.92236	-52.751133	341.81818	42.71361	22.227278	111.77574	-47.58825	1020000	-0.023366941	1600.7104	0.0	-640.9996	0.23640141	-2.0861626e-10	1347.9202842712402
255	141.92628	107.53219	258.22815	-59.57185	326.41666	21.390446	32.340424	110.08145	-77.66189	1024000	-0.010852439	1197.8911	0.0	-250.93176	0.23780698	6.556511e-10	1351.826157093048
256	119.18392	115.79522	233.49236	-56.276	441.77777	41.017075	31.687698	112.93572	-45.06625	1028000	-0.04989478	2322.2058	0.0	-1130.7234	0.31070206	-2.4437905e-09	1355.935544013977
257	150.1496	100.8035	241.05211	-64.06224	414.22223	21.209696	26.608597	107.5658	-68.04957	1032000	-0.046365924	981.43286	0.0	-220.14618	0.22430918	3.3080578e-09	1360.2208943367004
258	184.82617	60.151134	242.58789	53.61897	477.25	23.990128	28.28535	106.84453	-37.61792	1036000	-0.0116807455	755.62476	0.0	-282.09317	0.19512893	-4.1723253e-10	1364.5015070438385
259	35.92004	112.93967	187.56851	-121.107574	472.7143	27.61008	26.544312	108.96986	-43.749878	1040000	-0.028216118	1666.7494	0.0	-777.65875	0.33941835	4.798174e-09	1369.1496422290802
260	48.799835	122.34478	229.3019	-123.45529	503.85715	2.4502292	26.38968	94.97345	-95.956894	1044000	-0.023451714	998.27563	0.0	-168.74628	0.3240701	-4.768372e-10	1373.862267255783
261	128.33809	131.21634	296.72592	-39.73047	391.125	13.333166	26.042713	103.73044	-79.28488	1048000	-0.048542008	1062.3906	0.0	-243.82013	0.3666132	-3.2782554e-10	1378.814847946167
262	125.42779	61.45655	223.09993	30.723997	644.8333	19.754507	23.891647	111.14765	-46.33185	1052000	-0.089666106	563.67236	0.0	-226.01324	0.4295999	6.198883e-09	1384.0773661136627
263	72.49442	110.41908	221.1018	-86.66845	274.2143	23.838457	33.512745	109.590836	-85.23389	1056000	-0.016027197	1902.0422	0.0	-718.6212	0.21612751	-3.963709e-09	1388.0338790416718
264	118.453316	120.69711	301.78323	-50.733673	257.13333	17.974522	35.29048	101.085464	-103.41101	1060000	-0.0022525063	1612.3573	0.0	-420.88293	0.22109872	3.0100347e-09	1391.9139320850372
265	55.68346	121.86567	219.29404	-120.7801	321.16666	22.20266	30.033602	107.79919	-113.1541	1064000	-0.016640605	1360.398	0.0	-484.32062	0.2395907	-1.7881394e-10	1396.0288910865784
266	122.19812	105.493004	263.53516	-57.66827	332.25	14.795181	36.684837	112.592316	-96.23634	1068000	-0.012014784	1591.026	0.0	-656.1324	0.30176827	5.632639e-09	1400.0839631557465
267	79.94807	105.536476	192.0228	-65.10515	336.0	35.65382	25.811777	102.40243	-68.066444	1072000	-0.021144506	1723.9137	0.0	-661.2457	0.26235914	2.1457671e-09	1404.288761138916
268	109.29311	113.20404	232.72069	-57.507298	264.46667	16.187471	28.421629	95.74196	-106.340515	1076000	-0.0028645191	1720.0272	0.0	-413.06116	0.2214699	-5.364418e-10	1407.932940006256
269	13.478128	107.399284	202.95963	-122.368164	224.8125	24.764559	31.720467	101.20529	-91.01842	1080000	0.0058925604	2440.7205	0.0	-1059.195	0.21286038	3.2782554e-09	1411.524361371994
270	42.29598	99.07496	217.22037	-84.34465	179.0	2.24446	38.7688	83.218544	-116.833084	1084000	-0.009627157	1800.8622	0.0	-344.062	0.22858213	4.0084123e-09	1415.0761940479279
271	45.252266	103.22778	258.11804	-90.64902	173.39131	15.218761	40.024128	91.118034	-109.95704	1088000	0.016766101	1338.5065	0.0	-200.61536	0.21409988	3.874302e-10	1418.4757051467896
272	65.29276	111.231	253.62627	-41.769176	163.91667	19.96203	36.19705	77.75125	-120.3934	1092000	-0.016220085	1777.7153	0.0	-384.39734	0.1998417	-2.026558e-09	1421.7913422584534
273	32.581203	94.28967	209.7072	-60.933445	143.51852	18.779228	36.843067	93.73346	-104.61283	1096000	0.00050614285	1380.5917	0.0	-247.2107	0.22488773	-3.1292438e-09	1425.0555052757263
274	-1.292239	67.76508	212.58115	-77.24379	158.68	12.314601	35.410362	87.08226	-102.63346	1100000	0.0071181008	2093.7478	0.0	-1206.4514	0.2415967	-2.1755695e-09	1428.2718420028687
275	25.88515	91.32835	235.67793	-78.80346	151.42308	-2.705184	44.459824	87.92855	-116.36954	1104000	0.0018107584	1917.5953	0.0	-382.73755	0.22864679	5.185604e-09	1431.5286502838135
276	25.245327	95.177216	260.4886	-53.614872	152.92308	12.344345	40.780193	80.71926	-111.80832	1108000	-0.0050468636	1386.0753	0.0	-292.5807	0.20907666	4.4703483e-10	1434.7199113368988
277	9.569204	65.65669	262.7476	-45.69485	128.29033	-1.2435586	39.54729	81.898254	-117.23445	1112000	0.008897253	1159.5814	0.0	-238.6341	0.23667856	-3.516674e-09	1437.8802781105042
278	52.349106	115.0324	262.6514	-67.930756	174.72728	1.6769433	42.806587	75.81054	-112.448685	1116000	-0.009845981	2282.424	0.0	-661.6052	0.20127225	1.1324882e-09	1441.1563622951508
279	32.0401	103.0523	267.59848	-63.225197	160.5	16.42583	43.536537	91.1646	-101.31868	1120000	-0.005447405	1451.9537	0.0	-206.46277	0.21197513	-1.1622906e-09	1444.362621307373
280	64.213715	113.76662	277.63016	-78.437225	173.39131	6.159932	45.43788	88.46355	-110.35761	1124000	-0.009146904	2206.7021	0.0	-280.53638	0.21686547	7.0035455e-10	1447.667669057846
281	91.98484	120.57934	249.37505	-55.893894	194.55	23.034948	42.72894	89.27634	-106.58803	1128000	0.013716238	1976.0762	0.0	-297.67603	0.20103772	2.5331974e-09	1451.010647058487
282	60.709007	105.916824	251.59067	-47.520554	188.75	28.10873	35.05308	95.69287	-116.849304	1132000	0.0019053246	1924.9962	0.0	-336.33704	0.21187258	2.4139881e-09	1454.3824791908264
283	79.92459	118.77805	246.27373	-58.4798	189.2381	18.906384	41.084457	87.09868	-113.95144	1136000	-0.01169902	1834.5298	0.0	-352.7058	0.20506684	-1.296401e-09	1457.7676782608032
284	108.313515	124.69838	293.27792	-51.207844	197.85	32.21966	37.39705	98.73959	-95.186516	1140000	0.014754767	1749.1561	0.0	-401.78418	0.19136581	-6.854534e-10	1461.083166360855
285	71.698	122.729744	259.98376	-68.91485	191.1	28.91638	40.262405	112.765	-114.6099	1144000	0.0038026997	1883.3522	0.0	-277.0874	0.20287782	4.917383e-10	1464.440835237503
286	158.30971	110.08748	288.83572	-21.610907	220.76471	30.304918	44.825237	110.00815	-104.63559	1148000	0.011288153	1870.4586	0.0	-1000.404	0.19312125	-7.3611734e-09	1467.9453511238098
287	158.57031	130.79633	293.85834	-44.282684	230.11765	53.893803	29.030169	114.53235	-77.96389	1152000	-0.007505372	2112.3638	0.0	-1041.7354	0.17406188	-6.437302e-09	1471.3950581550598
288	109.91386	117.17108	279.8981	-36.791176	213.94118	40.855633	41.06125	119.58587	-106.25271	1156000	0.0010961947	1932.451	0.0	-562.43555	0.18818544	4.6491624e-09	1474.9394450187683
289	112.12154	132.61588	301.45157	-67.44926	223.58824	33.51667	33.628918	111.82439	-97.889015	1160000	-0.0008874029	1810.0189	0.0	-511.61108	0.20063387	2.399087e-09	1478.415961265564
290	112.429535	129.0476	293.53152	-63.900867	209.61111	20.862568	44.65355	123.5669	-124.37428	1164000	-0.011415243	2111.1443	0.0	-709.28357	0.19968748	1.5497208e-09	1481.8915140628815
291	141.51756	135.53818	301.7653	-90.928444	243.3125	37.643257	33.66049	98.68002	-103.40607	1168000	-0.00046215678	1693.2081	0.0	-303.06543	0.1946898	4.7683715e-09	1485.4361152648926
292	184.34343	108.92152	298.69577	-51.519054	283.07144	44.637684	33.407406	124.71652	-92.11092	1172000	-0.001400906	1493.7413	0.0	-282.27185	0.18373717	-1.6093255e-09	1489.4199233055115
293	79.90803	128.54254	288.73895	-71.1869	219.16667	44.613155	35.91277	129.8227	-111.23812	1176000	-0.014707023	2953.076	0.0	-1519.6226	0.19121914	4.3660404e-09	1492.9765131473541
294	47.179325	118.44702	245.06339	-60.035122	255.2	2.4248939	51.371063	119.543236	-125.16795	1180000	-0.004171286	1434.925	0.0	-172.52966	0.20242901	-3.248453e-09	1496.591343164444
295	68.271194	127.46451	296.03732	-72.52271	262.13333	-0.66536844	49.27963	108.63304	-114.959526	1184000	-0.008868469	1425.4001	0.0	-494.07355	0.19837229	1.9669533e-09	1500.3355100154877
296	125.26757	132.44426	273.3566	-51.86946	280.5	38.56344	48.664574	130.6487	-122.42702	1188000	-0.012930262	2423.9573	0.0	-946.8363	0.17036802	4.708767e-09	1504.0134720802307
297	151.92229	128.77698	290.53424	-105.22396	303.69232	27.37541	38.587154	115.490204	-120.061554	1192000	-0.00028107082	1527.2178	0.0	-258.76257	0.1883901	-4.1425228e-09	1507.913972377777
298	90.47039	127.09004	242.23285	-68.74464	259.4	28.643978	35.91817	123.55924	-118.25504	1196000	-0.007171975	1893.0532	0.0	-190.19519	0.18612011	3.7550927e-09	1511.5255103111267
299	112.04198	143.23756	288.69772	-147.17517	273.92856	27.282318	36.391735	113.1342	-116.33129	1200000	0.010214909	2263.7126	0.0	-755.57104	0.17771809	-7.4505807e-10	1515.1844701766968
300	105.45236	134.89648	286.32144	-79.26612	227.0	26.724949	41.61745	124.74547	-112.147415	1204000	-0.009787834	1926.418	0.0	-423.06396	0.18836291	-4.5001505e-09	1518.6814620494843
301	206.13892	106.991005	311.09268	-5.0479474	248.875	44.77044	39.017056	126.45597	-94.03489	1208000	0.009308963	1316.8846	0.0	-674.31525	0.14853655	2.026558e-09	1522.2389731407166
302	110.68313	130.66774	310.7982	-39.690308	238.33333	51.377117	33.888504	131.7308	-101.943985	1212000	0.017276108	1756.4808	0.0	-965.0381	0.14985095	-2.6226044e-09	1525.9481642246246
303	86.61277	119.255905	296.16788	-36.447235	204.0	34.27706	47.495266	130.63759	-111.257355	1216000	-0.0147164725	1912.5692	0.0	-927.43207	0.18394187	2.0563602e-09	1529.3099031448364
304	152.08531	123.997955	295.4504	-28.986084	221.64706	27.412395	47.60317	125.58649	-114.63985	1220000	-0.0008378868	1431.9767	0.0	-881.0018	0.16729747	4.053116e-09	1532.6967332363129
305	164.31818	122.77729	307.57117	-36.70337	232.64706	55.784508	39.016182	129.45917	-114.19822	1224000	0.00024600816	1196.5981	0.0	-245.17853	0.15154962	-2.4139881e-09	1536.1734111309052
306	138.48962	127.59883	305.86548	-47.028957	226.52942	56.667923	37.48355	128.41231	-102.968216	1228000	0.021748746	1808.8367	0.0	-731.5116	0.15815987	-8.3446505e-10	1539.6223883628845
307	111.65138	128.25705	326.82587	-55.002678	195.75	27.581705	47.983345	129.30579	-114.4717	1232000	-0.009186318	1490.9253	0.0	-462.3274	0.18009488	-7.122755e-09	1542.9536082744598
308	169.20131	125.35408	307.06842	-21.03722	217.33333	47.1952	43.93672	121.39293	-115.806274	1236000	-0.0019266788	834.0738	0.0	-225.39917	0.16395712	-9.834766e-10	1546.3830661773682
309	139.74013	142.80273	297.57642	-42.150238	230.23529	59.97407	35.548435	126.89062	-106.05496	1240000	-0.0052644834	1403.5088	0.0	-724.83234	0.17445962	9.23872e-10	1549.850669145584
310	155.54146	111.326195	282.77292	-5.934405	225.17647	45.910984	41.42196	122.20793	-112.15685	1244000	-0.014733773	1292.8038	0.0	-303.01355	0.17878535	-2.9802323e-09	1553.413880109787
311	162.90842	123.59149	298.19696	-19.286142	220.27777	54.240044	32.413433	112.23555	-126.701675	1248000	0.0003334282	1195.6267	0.0	-258.96814	0.17707437	-2.115965e-09	1556.8596620559692
312	203.67276	102.69031	316.00024	4.1603456	230.76471	49.639843	38.96602	122.71998	-106.016014	1252000	0.017550262	1365.3135	0.0	-520.1459	0.15030934	-4.9322844e-09	1560.4597833156586
313	192.49146	109.8547	298.69916	17.881702	221.11765	57.197937	33.860607	129.81937	-129.56561	1256000	-0.016045868	726.53784	0.0	-238.56631	0.17898168	9.894371e-09	1563.9778971672058
314	186.96365	107.77372	299.23706	4.2555766	233.375	59.290874	27.50789	130.64243	-92.978516	1260000	-0.0044592726	1440.0591	0.0	-270.97327	0.18397386	-2.771616e-09	1567.4344251155853
315	196.5115	114.14259	310.27292	-16.304583	302.6154	59.814728	27.0803	121.27087	-105.76222	1264000	0.0048806774	1976.8873	0.0	-965.46	0.14029303	-6.2584876e-10	1571.0924801826477
316	157.30302	112.97449	284.92484	6.273495	249.73334	49.55504	32.628044	128.08751	-70.663956	1268000	-0.010550971	1131.1355	0.0	-244.7821	0.18823749	2.3245812e-09	1574.6705791950226
317	210.27745	89.12105	294.70276	-5.152379	280.92307	44.07934	35.101273	118.61468	-94.4147	1272000	-0.010164413	852.82745	0.0	-376.16074	0.16591565	3.9935113e-09	1578.5126173496246
318	144.29427	130.02417	276.3098	-84.399864	317.0	43.52879	31.667286	123.49267	-99.707794	1276000	-0.009584854	1822.423	0.0	-543.0962	0.17916937	2.3543836e-09	1582.5334310531616
319	161.8782	112.94855	297.3122	-49.303703	262.13333	42.479134	35.201565	120.75243	-90.388885	1280000	-0.034035657	1063.6703	0.0	-544.7504	0.19038886	-2.0712614e-09	1586.2591552734375
320	168.20035	114.70444	320.13373	-77.73188	301.30768	45.587257	31.976665	115.80911	-88.10603	1284000	0.0028564688	1761.6215	0.0	-649.86145	0.16340075	1.0728836e-09	1590.1762652397156
321	130.26979	164.8806	297.7471	-222.06322	307.23077	39.331184	31.208527	107.027214	-86.4862	1288000	0.0121935	1937.9117	0.0	-863.3285	0.17420647	1.6987324e-09	1594.1206531524658
322	141.46645	139.50812	287.3739	-178.26598	281.14285	37.142036	43.545677	121.12517	-114.8586	1292000	-0.012748886	1355.2075	0.0	-389.32434	0.18507685	2.4437905e-09	1597.8873252868652
323	149.97208	111.29187	284.0864	-36.00567	284.7143	36.89822	29.878277	103.24772	-94.84797	1296000	-0.029901376	1658.181	0.0	-418.18738	0.1819625	-7.1525574e-10	1601.7068512439728
324	139.9464	144.10524	287.74838	-228.27472	314.91666	32.188572	31.395575	95.87161	-106.25838	1300000	-0.008695649	1918.8682	0.0	-547.86	0.1705163	-3.5762787e-10	1605.802353143692
325	175.4783	146.868	291.9739	-246.30275	306.53845	35.20489	30.958347	94.72931	-88.576385	1304000	-0.025271267	1863.4838	0.0	-696.5669	0.17829977	-1.8179417e-09	1609.714857339859
326	157.23155	127.31105	282.3022	-55.878284	264.8	49.582886	27.502718	98.69658	-109.17684	1308000	0.0050773737	1192.9369	0.0	-526.5843	0.18719639	-4.8577786e-09	1613.5611402988434
327	207.57278	94.3909	296.79257	25.872984	283.3846	37.953373	33.57354	111.856964	-92.359634	1312000	-0.008384798	870.7351	0.0	-527.0821	0.17599945	3.5762787e-10	1617.3468022346497
328	193.22017	128.38684	292.6852	-147.18538	284.07144	54.77844	25.460339	110.5885	-106.97012	1316000	-0.026608605	1326.15	0.0	-347.01514	0.18849826	2.2053719e-09	1621.1793701648712
329	219.27417	83.54738	291.94077	25.511318	299.0	53.75172	23.970654	102.01698	-115.26136	1320000	-0.001031568	569.5817	0.0	-209.45749	0.16731906	-1.0728836e-09	1624.9894881248474
330	158.18353	128.74646	296.3587	-146.65544	286.84616	44.49476	28.94934	102.21256	-90.61338	1324000	0.004000209	881.957	0.0	-464.466	0.17733806	-1.2814999e-09	1628.8518812656403
331	223.81995	82.285324	295.58002	15.530083	283.14285	54.57424	29.62342	110.248474	-78.70566	1328000	-0.010815748	1020.191	0.0	-370.2735	0.16360705	4.902482e-09	1632.5773870944977
332	229.21571	57.434864	280.90585	48.850338	276.5	56.2621	22.813448	107.46832	-72.27377	1332000	-0.0117492955	516.54767	0.0	-235.07861	0.16370475	4.4703483e-10	1636.2626161575317
333	204.67155	98.77555	266.02972	-24.783926	244.875	64.76891	23.026941	113.45808	-95.26583	1336000	-0.021715116	318.21588	0.0	-204.9046	0.18264483	4.768372e-10	1639.8773481845856
334	167.0217	114.58731	278.9456	-86.75403	284.92856	58.479305	25.81431	111.42503	-86.17187	1340000	0.008450316	1999.2394	0.0	-991.67676	0.14741504	-2.771616e-09	1643.5918831825256
335	213.93446	129.43282	311.05707	-218.24686	281.0	52.16704	31.022654	107.86159	-86.75022	1344000	-0.0039014292	1426.4277	0.0	-369.51685	0.15026413	1.7732382e-09	1647.3853352069855
336	214.64131	92.67605	306.03378	-5.6505513	225.52942	69.59413	22.410961	116.082275	-59.775055	1348000	0.004483654	878.1403	0.0	-118.08197	0.16535258	-5.2303077e-09	1650.8862881660461
337	262.25336	32.30535	318.10278	180.47072	259.57144	62.268875	30.508749	114.76783	-66.43784	1352000	0.0064946595	794.50146	0.0	-479.14322	0.1396987	7.301569e-10	1654.51717710495
338	170.98547	108.61897	279.46637	-27.562368	229.76471	64.988625	28.057514	116.333664	-76.69432	1356000	-0.0032056433	1288.5679	0.0	-638.6731	0.16060492	-1.1026859e-09	1658.0661129951477
339	184.79706	110.06004	285.10236	-9.785393	248.5	58.21952	35.01039	118.37406	-91.53566	1360000	-0.0041897986	1355.2412	0.0	-331.85376	0.13936676	6.7055224e-09	1661.5447161197662
340	176.38759	107.31496	282.0725	-27.164082	274.64285	56.429184	36.193893	103.030594	-91.07954	1364000	0.029396227	1936.4467	0.0	-1020.99817	0.13835889	-4.23193e-09	1665.4205131530762
341	159.29028	121.64474	289.89716	-29.860453	210.1579	51.267033	28.880842	109.35787	-82.27749	1368000	-0.011894917	1333.0354	0.0	-331.88245	0.16448978	1.4901162e-11	1668.8570020198822
342	183.1542	113.34086	298.78854	8.093337	280.07144	52.177994	30.90718	110.53973	-93.47361	1372000	-0.010854559	945.489	0.0	-502.0214	0.20746371	-2.7418137e-09	1672.688351392746
343	178.07536	112.30424	299.94293	-3.0752826	226.94118	56.525593	34.74459	113.36642	-115.01411	1376000	-0.0256004	1574.3973	0.0	-507.1443	0.16339223	-3.7699937e-09	1676.2386412620544
344	216.35783	69.39173	284.7326	61.04336	273.42856	44.294823	32.685722	114.03533	-99.1228	1380000	-0.0347734	1322.8506	0.0	-496.47284	0.20206678	-3.5762787e-10	1679.930525302887
345	202.30093	89.10864	280.71027	7.9169216	256.13333	57.58526	25.01638	97.87647	-70.19065	1384000	0.0014726744	979.24646	0.0	-274.76178	0.16853741	3.799796e-09	1683.6368923187256
346	200.4592	113.99892	297.76334	-16.086327	231.23529	59.850437	24.196613	96.042534	-72.6868	1388000	0.008501212	1163.0818	0.0	-278.352	0.16635743	-2.8014182e-09	1687.1337180137634
347	181.03955	111.46308	284.49982	-6.903727	232.58824	61.46006	28.688131	110.29739	-91.73517	1392000	-0.007272987	1262.749	0.0	-285.08044	0.16087835	7.748604e-10	1690.6493439674377
348	183.7971	112.25314	289.47235	-5.342508	247.5	48.027184	29.624598	102.15151	-115.44152	1396000	-0.0017674506	1159.2727	0.0	-427.57703	0.15994187	3.2037497e-09	1694.3780682086945
349	212.69362	90.7436	293.08762	36.023235	231.70589	61.150227	25.904255	111.4138	-91.103355	1400000	-0.020614486	823.0975	0.0	-272.4933	0.1726699	-3.5464764e-09	1697.9548201560974
350	232.77129	68.55513	287.7605	62.470573	245.53334	60.867516	26.181353	109.798355	-61.469044	1404000	-0.0014442267	638.71564	0.0	-213.44531	0.17345086	-3.5762787e-10	1701.6234571933746
351	231.46738	86.67139	292.3136	-22.083511	282.45456	58.27601	25.895975	104.01278	-62.417988	1408000	-0.006769979	1215.8671	0.0	-579.9328	0.15565088	6.9737434e-09	1705.557157278061
352	191.6417	102.47009	283.57233	18.39387	246.375	59.054512	28.420443	112.05015	-93.51018	1412000	-0.027114592	802.0515	0.0	-143.92023	0.18291196	-3.874302e-10	1709.1948771476746
353	224.90224	74.60766	280.32733	33.05007	267.92856	54.549572	26.758701	100.43243	-80.99648	1416000	-0.031051222	411.228	0.0	-317.44635	0.1961102	-6.854534e-10	1712.920021057129
354	214.10454	96.516335	294.0604	27.649218	268.0	60.097538	26.9614	108.27514	-94.97651	1420000	-0.0060921134	772.26575	0.0	-296.36862	0.18094315	-6.2584876e-10	1716.7463872432709
355	259.29892	13.89979	280.3129	235.5008	277.92856	61.67097	18.943727	101.84608	-38.586197	1424000	-0.04873105	216.99599	0.0	-154.13573	0.19314414	2.3245812e-09	1720.6569001674652
356	247.06567	21.55958	279.56104	216.11375	301.33334	64.64929	19.404997	106.18871	-37.891403	1428000	-0.023954622	94.685425	0.0	-29.83963	0.19492634	-3.7252903e-09	1724.5601871013641
357	225.76677	61.542446	278.48502	32.16757	324.41666	66.3149	19.927238	106.75664	6.698306	1432000	0.0006498389	870.47595	0.0	-520.8099	0.19262819	-2.7120113e-09	1728.5621991157532
358	229.08003	60.94749	280.2318	33.82816	312.58334	56.915882	21.225145	104.54854	-80.17294	1436000	-0.020698074	144.47597	0.0	-50.535637	0.19805188	-4.2915342e-09	1732.698937177658
359	255.25395	23.27712	298.76166	226.15953	360.3	54.078976	24.941397	102.59719	-2.0899444	1440000	-0.01128416	465.02808	0.0	-219.41441	0.18491854	3.0994416e-09	1737.16033411026
360	239.01451	25.581224	273.56366	195.55035	355.0	51.404804	18.652348	102.233665	17.361048	1444000	-0.056465957	129.05278	0.0	-75.4349	0.21334437	-2.2351743e-09	1741.6492381095886
361	238.00774	16.133345	255.2708	201.35852	423.66666	46.459312	23.703693	101.90952	15.605952	1448000	-0.02095205	52.785816	0.0	-13.275734	0.22649668	-2.2649764e-09	1746.1827173233032
362	240.52682	19.989807	278.265	218.54878	420.55554	47.17714	23.769648	100.3409	11.460982	1452000	-0.020478122	68.7444	0.0	-19.061718	0.218443	-1.4007091e-09	1750.981258392334
363	202.90036	35.388504	239.78157	116.36412	499.25	44.83161	24.094421	100.69121	14.524124	1456000	-0.016244318	544.314	0.0	-300.2237	0.21745338	-2.9802324e-11	1756.1898093223572
364	209.28178	22.977463	265.6882	185.50153	461.625	32.532375	20.953215	101.78082	12.038972	1460000	-0.016025657	135.34091	0.0	-88.92774	0.22030334	3.8444994e-09	1761.222323179245
365	233.29778	24.408905	291.1087	209.04686	456.75	38.647892	24.983307	101.70037	1.8880475	1464000	-0.031836636	82.79391	0.0	-12.82917	0.21015	2.5331974e-09	1766.0260269641876
366	206.173	32.403934	248.74185	136.91391	570.0	40.247093	24.4571	94.31029	5.1224566	1468000	0.032924313	821.9511	0.0	-672.43317	0.19111949	1.1026859e-09	1771.5100672245026
367	234.82413	21.886585	272.34552	206.9563	461.375	35.603497	20.062664	103.12257	12.266329	1472000	-0.06052124	147.95197	0.0	-106.43557	0.22217752	-6.556511e-10	1776.5514271259308
368	223.89162	26.420692	277.9902	197.4036	439.22223	38.000824	23.276255	100.430214	3.7144792	1476000	-0.031211946	74.82219	0.0	-33.37666	0.21517377	-1.7881393e-09	1781.5751831531525
369	220.0029	14.908669	244.1192	195.14255	457.0	38.89699	22.36891	89.28019	12.61666	1480000	7.097888e-05	63.088116	0.0	-6.355404	0.22416322	-1.5795231e-09	1786.6323063373566
370	227.49805	56.572998	293.1978	92.47293	473.0	47.337593	23.92174	103.65398	4.021839	1484000	-0.10089241	1110.2808	0.0	-741.2418	0.26653183	-3.6358834e-09	1791.5151500701904
371	207.02629	63.262596	282.761	32.827854	398.9	43.33818	25.345045	103.6188	-77.590935	1488000	-0.009338162	343.09134	0.0	-157.42792	0.20191772	1.4603138e-09	1796.298501253128
372	224.88971	14.9495735	254.26822	201.16557	425.1111	37.35285	21.382252	88.196495	12.307512	1492000	-0.021346375	65.21436	0.0	-46.249367	0.23167412	-4.4107438e-09	1801.1760792732239
373	242.15137	31.20576	279.1916	171.67488	438.55554	45.639305	25.272224	107.30837	1.7777469	1496000	0.042449914	418.76743	0.0	-267.98712	0.19104058	-2.1457671e-09	1805.8061623573303
374	215.45517	121.782875	288.27875	-145.4314	379.0	43.81537	23.081505	97.988686	-14.0979595	1500000	0.021802098	1003.15466	0.0	-702.9396	0.20428424	2.2649764e-09	1810.0295832157135
375	251.68697	23.56913	286.56192	206.24873	374.6	50.37851	20.093037	99.75657	-32.818634	1504000	-0.008346054	170.97311	0.0	-115.41078	0.2023463	-2.7418137e-09	1814.3578281402588
376	245.91953	23.625484	276.6339	203.79465	360.27274	52.78023	21.929592	100.1518	14.027791	1508000	0.0020419464	44.533634	0.0	-13.871374	0.2043006	3.606081e-09	1818.58935713768
377	230.92958	43.944645	287.13828	137.91776	407.0	51.440914	24.022717	101.47897	-52.04658	1512000	0.014240609	951.30457	0.0	-517.2302	0.1763861	-4.798174e-09	1822.9027981758118
378	250.3109	32.82112	299.58444	167.15523	345.27274	50.88836	20.862835	101.22112	-16.61242	1516000	-0.00641731	299.7603	0.0	-119.03447	0.18857153	3.2782554e-10	1827.2620480060577
379	247.51738	25.40071	293.79364	214.90529	323.72726	52.102196	24.061516	109.52439	-37.311764	1520000	0.014836989	300.96753	0.0	-75.224106	0.1949022	-3.3527612e-09	1831.438398361206
380	262.62173	18.572186	287.8379	233.74573	359.3	57.39123	25.185894	117.27988	-18.865835	1524000	0.0056971046	297.5998	0.0	-106.54401	0.17638074	-2.1308662e-09	1835.7347321510315
381	248.56311	14.883226	264.76212	218.3012	317.16666	51.00106	20.491556	102.50305	-16.015823	1528000	-0.008767035	267.70288	0.0	-237.45529	0.20218606	2.4139881e-09	1839.698949098587
382	260.03186	21.103449	299.88196	231.15546	296.92307	65.351944	18.728025	109.31103	24.556002	1532000	0.020019837	44.091026	0.0	-9.120308	0.19389614	-1.3709068e-09	1843.6328902244568
383	263.05774	19.288836	288.7442	219.63144	308.66666	63.642895	23.483143	110.93192	-0.9153905	1536000	0.00084058143	189.58334	0.0	-98.29057	0.1737871	1.5199184e-09	1847.5932331085205
384	246.42903	57.9558	302.14462	43.184536	250.8	71.70663	17.136604	109.54723	-15.360519	1540000	0.0016406908	197.76326	0.0	-101.07215	0.18129931	4.1425228e-09	1851.3093991279602
385	228.97868	64.23404	282.9473	28.259346	299.84616	64.5068	22.700054	109.70241	-67.16709	1544000	-0.0018651738	680.9743	0.0	-304.7258	0.15982129	2.026558e-09	1855.0860850811005
386	198.06317	100.2468	297.57117	-41.04055	325.91666	55.706	21.489874	102.24833	-22.5231	1548000	0.02603947	1240.4387	0.0	-664.2342	0.1520444	2.9802324e-11	1858.915770292282
387	180.83919	100.9282	295.35263	-2.7020109	241.25	57.7228	32.91598	107.43212	-72.28682	1552000	-0.043356847	1452.0743	0.0	-550.9892	0.16035984	2.6226044e-09	1862.5263810157776
388	183.0871	95.53385	288.33774	3.6889567	245.0	48.437622	32.132523	100.92977	-74.190765	1556000	-0.035538446	1155.1416	0.0	-340.31793	0.19168672	-2.8312206e-09	1866.2667253017426
389	195.29483	99.742455	315.24777	4.56721	250.0	57.848408	27.789415	101.545425	-66.6917	1560000	-0.024645293	1440.9342	0.0	-373.82922	0.14420576	2.2649764e-09	1869.7975261211395
390	148.01784	111.58925	278.2249	-14.927635	250.93333	47.161316	31.526804	106.677666	-69.008095	1564000	-0.022435479	1349.9774	0.0	-338.8056	0.1497422	0.0	1873.4874160289764
391	182.40855	107.49132	293.5057	-0.036567487	214.05556	52.40003	27.034498	90.43976	-76.807014	1568000	0.015252437	861.575	0.0	-484.76236	0.14274691	1.9967556e-09	1876.9625601768494
392	141.56856	114.95761	270.07367	-21.182674	198.6842	64.52157	28.421051	108.27072	-87.11158	1572000	-0.006938255	1561.2338	0.0	-499.9762	0.15775445	-2.3543836e-09	1880.3913803100586
393	170.58482	114.59243	290.44577	-21.761995	206.94737	52.952633	29.50124	107.71165	-67.65844	1576000	-0.010439777	1504.51	0.0	-226.86438	0.15415077	1.1920929e-09	1883.7893171310425
394	122.049225	102.05767	282.76407	14.12648	237.3125	50.456234	36.467102	110.936844	-109.41055	1580000	-0.061398234	1353.4094	0.0	-759.92334	0.23285308	1.8775463e-09	1887.5154123306274
395	195.28719	109.47235	277.39606	-5.2528825	221.11111	53.111797	27.864046	106.19908	-98.78592	1584000	-0.0058465553	1018.6921	0.0	-334.41345	0.14158404	1.6391277e-09	1891.0301492214203
396	196.55522	116.41556	279.89597	-46.41279	234.88235	68.3115	20.51357	111.39217	-66.98561	1588000	-0.00030479633	1727.2898	0.0	-547.5592	0.13405332	4.1723253e-10	1894.5529022216797
397	181.60475	112.59111	314.3917	-5.346896	195.7	62.17694	31.67885	112.03494	-100.55118	1592000	-0.006102835	1361.374	0.0	-306.62537	0.14350083	2.861023e-09	1897.9369840621948
398	156.11679	126.25724	283.8058	-31.685177	192.2	57.705948	37.188034	112.22684	-101.16822	1596000	0.0011267768	1400.7937	0.0	-609.2354	0.14272244	-1.3113022e-09	1901.3008632659912
399	222.73317	91.20347	306.44962	-1.7843837	238.75	62.190125	29.044104	112.21524	-40.98282	1600000	0.019512966	1327.0955	0.0	-467.2422	0.12550005	-2.0563602e-09	1904.8086001873016
400	139.83946	121.688324	314.44	-30.241434	179.63637	65.71841	31.758556	112.34175	-102.1615	1604000	-0.0070042303	1900.6906	0.0	-710.92163	0.14326023	1.9967556e-09	1908.1241300106049
401	192.0995	116.458405	298.73132	-26.072971	217.17647	53.92307	37.208797	112.48099	-106.54967	1608000	0.0038577619	1359.609	0.0	-342.1006	0.13401373	-6.9737434e-09	1911.6282231807709
402	191.86577	105.85806	298.70657	10.541684	221.47058	57.808624	33.74718	114.424706	-104.63149	1612000	-0.01169905	992.78296	0.0	-596.5873	0.13076566	-5.960465e-11	1915.0939240455627
403	197.29973	100.2647	290.6379	13.928877	199.5	62.65282	37.80727	113.997375	-117.75877	1616000	0.0004212566	754.33624	0.0	-203.3454	0.13140695	-1.6391277e-09	1918.5180070400238
404	237.02612	68.82389	293.1652	26.024786	222.22223	68.85861	28.352354	113.684456	-104.5498	1620000	-0.0066842553	934.8266	0.0	-405.0603	0.12750857	-2.4437905e-09	1921.9365701675415
405	181.57495	115.45791	290.42676	7.01775	187.2	80.132645	25.55075	115.60312	-113.91283	1624000	0.0054739397	1317.848	0.0	-514.51117	0.13341215	-7.1525574e-10	1925.2795042991638
406	174.43506	111.01169	275.36844	-24.312092	217.0	60.926006	34.588593	114.90576	-131.07874	1628000	-0.0074520595	1453.1208	0.0	-618.602	0.11993957	1.192093e-10	1928.7270340919495
407	181.11494	108.92502	278.99985	-4.0207014	188.4375	51.12313	35.89837	114.058365	-133.15854	1632000	-0.031530008	715.5027	0.0	-323.87778	0.21157314	-7.838011e-09	1932.4848990440369
408	125.33568	115.37413	271.6982	-17.032415	206.26315	52.445534	43.17539	112.59312	-131.23325	1636000	-0.03304308	1928.6014	0.0	-1049.5991	0.13065863	3.0398368e-09	1935.9058470726013
409	165.05936	116.59642	283.917	7.491799	190.95	51.35096	35.958153	106.210686	-103.956795	1640000	0.019406945	1074.5718	0.0	-284.99536	0.13140348	9.834766e-10	1939.3220369815826
410	158.33597	114.14686	288.12704	0.9303575	185.28572	51.8499	43.68457	115.25766	-132.46552	1644000	-0.00022421646	970.3631	0.0	-303.0307	0.1356605	-1.6391277e-09	1942.7546191215515
411	197.20468	103.40819	276.76932	-9.914777	229.76471	60.81103	35.418877	116.0696	-116.67724	1648000	-0.0040760306	961.9869	0.0	-306.34222	0.11409802	-1.4007091e-09	1946.2979681491852
412	184.46742	117.28621	302.90698	-1.4663659	193.85	62.794018	31.37515	115.35799	-127.381714	1652000	-0.0077591026	1367.9204	0.0	-288.38843	0.12714237	1.1324882e-09	1949.5975542068481
413	157.35942	123.9495	305.29645	-13.685256	191.0	57.99004	37.845787	121.66484	-110.281494	1656000	-0.010174465	987.12366	0.0	-296.6714	0.13421953	1.0430813e-09	1952.9062640666962
414	175.86513	114.02907	293.29755	-18.404774	201.47368	63.494884	35.39729	126.40877	-127.12065	1660000	-0.007999029	1064.985	0.0	-244.29224	0.12454845	-2.1457671e-09	1956.2997121810913
415	184.33398	107.55579	304.7655	6.8092046	203.6842	57.14824	37.73775	125.18674	-122.474106	1664000	0.0036648964	563.05194	0.0	-311.6767	0.1384478	1.013279e-09	1959.7602400779724
416	100.982635	112.01308	278.60352	-35.4275	172.86363	54.96462	39.238464	116.79287	-124.49057	1668000	-0.014707074	2789.502	0.0	-1259.6399	0.13243482	6.2584876e-10	1963.1045622825623
417	143.97777	114.30328	283.64206	-0.11246442	240.875	47.127247	34.620636	113.49145	-110.5365	1672000	-0.06350185	1197.914	0.0	-644.63416	0.2328276	-5.662441e-09	1966.9118630886078
418	153.71709	117.553	270.21188	-5.1875606	206.1579	53.682922	39.284668	117.994995	-140.57352	1676000	-0.017376954	952.02936	0.0	-336.3565	0.13163461	-8.940697e-11	1970.2752742767334
419	156.11618	118.07921	279.04132	-10.281752	249.53334	47.956867	37.96671	117.16303	-127.10921	1680000	-0.029790238	1023.5114	0.0	-251.77026	0.1764772	-1.1026859e-09	1974.1125030517578
420	79.13027	99.658226	267.9178	-12.485245	178.31818	34.049843	41.564068	110.49298	-121.4086	1684000	0.0022110096	1843.3893	0.0	-588.7023	0.13929819	-1.7136336e-09	1977.5450670719147
421	116.036514	117.85148	284.8643	-42.498325	180.57143	35.556805	41.728134	109.79893	-124.02008	1688000	-0.01883621	1412.0808	0.0	-402.97986	0.13270085	-4.1723253e-10	1980.8546872138977
422	138.69174	119.06185	268.49585	-49.262672	199.9	46.07598	41.880634	114.45165	-115.788025	1692000	0.0022101905	1009.7569	0.0	-349.29095	0.13135818	-3.8743018e-09	1984.256812095642
423	125.5564	121.48708	270.62427	-35.589176	217.72223	49.49928	40.049713	112.67074	-120.7671	1696000	0.010534478	1288.3368	0.0	-347.67114	0.12642635	-1.9222497e-09	1987.805724143982
424	94.02509	112.254005	268.90967	-27.850306	168.26086	31.620775	41.723244	110.35925	-116.509834	1700000	-0.01058737	1685.8179	0.0	-864.37915	0.13835111	3.784895e-09	1991.2917711734772
425	116.97292	122.9146	281.25656	-30.129549	194.4	40.771217	39.55243	100.3689	-113.69609	1704000	0.005943803	1450.6738	0.0	-322.0741	0.13326201	-3.6358834e-09	1994.7189853191376
426	82.54959	111.52824	273.0838	-33.621857	166.52174	34.462982	42.78376	100.226425	-131.64616	1708000	-0.014209476	1567.2657	0.0	-343.59656	0.14495164	-3.8743018e-09	1997.993497133255
427	63.91956	110.29374	278.0888	-54.08398	167.91304	23.94736	42.711914	106.20477	-109.503006	1712000	-0.007929382	1763.8282	0.0	-335.8943	0.1354464	-7.4505807e-10	2001.2990012168884
428	83.20896	119.46816	266.17065	-44.77545	178.31818	25.0351	39.647133	99.380806	-97.39729	1716000	0.0015803172	1696.9117	0.0	-317.8037	0.13350818	-8.493662e-10	2004.5942871570587
429	98.04359	128.86775	274.46924	-62.54982	184.7619	34.968876	41.43421	118.50179	-105.99408	1720000	0.001370571	1536.6226	0.0	-577.2923	0.12311539	6.2584876e-10	2008.2521061897278
430	45.69892	98.42354	265.84454	-56.693123	152.03847	23.567913	39.592476	99.11519	-103.13781	1724000	-0.0027954425	1689.1906	0.0	-397.83765	0.12709257	-4.2617323e-09	2011.4613411426544
431	73.22171	119.72771	267.31372	-60.17657	171.34782	22.058153	40.337883	93.759026	-93.876366	1728000	0.0042182603	1886.9446	0.0	-195.0492	0.11984713	5.364418e-10	2014.7055900096893
432	87.448044	133.34412	267.09406	-157.31387	184.71428	27.65139	42.410786	92.73876	-98.453064	1732000	0.009156259	1857.7423	0.0	-397.4076	0.11663018	2.3245812e-09	2018.0904240608215
433	45.732906	99.320564	248.35219	-49.65641	158.68	21.965458	39.38241	98.555244	-104.98422	1736000	0.003246925	2061.243	0.0	-851.72253	0.11808013	-3.5762786e-09	2021.3438923358917
434	19.815248	94.575874	258.48322	-89.7302	133.27586	11.489469	39.42595	85.05295	-98.48819	1740000	0.008825764	1427.3108	0.0	-463.43085	0.13837513	2.8312206e-09	2024.5850160121918
435	81.40437	127.46407	241.36902	-91.35049	179.90909	16.414906	43.35527	85.47332	-110.04412	1744000	0.0013313551	1918.1992	0.0	-723.87	0.11588143	-2.5629998e-09	2027.8930311203003
436	58.262096	118.21063	259.13562	-65.33958	165.58333	28.745367	38.023975	97.7461	-110.51006	1748000	0.004739419	1910.1084	0.0	-439.05957	0.11799238	-4.4852495e-09	2031.1633851528168
437	52.2851	114.6911	267.73813	-103.62838	173.26086	24.589508	38.29505	91.54488	-108.58449	1752000	-0.01663562	1807.8905	0.0	-388.61633	0.12173083	-3.3676624e-09	2034.4681322574615
438	76.25168	115.19697	263.01813	-45.122585	183.80952	24.015532	37.117146	89.260994	-96.18223	1756000	-0.007210319	1304.0663	0.0	-177.49036	0.10680932	-3.0398368e-09	2037.796958208084
439	39.348625	124.17245	269.13754	-175.18506	187.5238	15.581896	42.061954	88.749344	-103.76529	1760000	-0.0020032723	2348.004	0.0	-969.3412	0.12513334	9.536744e-10	2041.2619211673737
440	61.9136	125.719826	259.7629	-64.14123	180.18182	7.665532	37.92726	79.812485	-114.03885	1764000	-0.008785746	2490.3887	0.0	-765.1846	0.12539613	-1.847744e-09	2044.662662267685
441	49.792465	122.64927	261.22388	-151.64334	159.08333	17.901505	41.812084	95.46028	-111.64515	1768000	-0.0002795518	1740.6349	0.0	-332.30054	0.122520395	-5.364418e-10	2047.9542829990387
442	85.78733	129.96358	268.7935	-78.66432	192.7	39.31297	37.417557	89.90361	-101.24957	1772000	0.018234776	1340.2554	0.0	-631.2691	0.10882919	-2.2053719e-09	2051.340394973755
443	53.281517	107.29489	252.90619	-73.268425	167.95653	22.244308	40.79487	89.341125	-101.96276	1776000	-0.0024145958	1799.469	0.0	-315.8662	0.12899707	-5.1558016e-09	2054.6119232177734
444	64.75538	126.94482	265.09125	-96.5745	194.75	26.522938	40.18319	90.6196	-116.83917	1780000	0.010707801	1859.3153	0.0	-552.1455	0.11510407	-4.9173834e-09	2058.059566259384
445	71.80463	118.05532	251.78333	-57.957054	198.78947	21.043276	39.769386	86.51294	-108.44483	1784000	-0.011751013	1531.5297	0.0	-398.1947	0.1182837	-1.8179417e-09	2061.4395010471344
446	90.738976	137.37227	264.2402	-131.21783	190.19048	28.94559	41.20285	94.04237	-112.39145	1788000	-0.0010887461	1959.9684	0.0	-675.4651	0.11648755	3.8444994e-09	2064.789102077484
447	129.37448	116.33051	266.00946	-23.404037	249.25	42.055477	33.257614	95.92384	-100.48735	1792000	0.0054420102	1673.0337	0.0	-837.0101	0.09386232	-6.2584876e-10	2068.365760087967
448	109.23291	130.10672	251.00337	-70.45809	206.78947	32.076702	38.187153	89.63645	-108.39369	1796000	-0.021372978	1273.796	0.0	-458.9364	0.111861765	-7.4505804e-11	2072.006838083267
449	95.146965	121.61523	259.07956	-50.377106	205.6842	37.17343	41.065838	97.777466	-102.982544	1800000	0.0034479103	1755.7372	0.0	-416.16724	0.11387786	-8.791685e-10	2075.6563460826874
450	132.3464	132.42467	269.96136	-49.7311	216.55556	30.871584	39.233276	92.88549	-100.542015	1804000	-0.00916345	1778.578	0.0	-277.55566	0.108291045	0.0	2079.0483491420746
451	111.125984	124.76845	269.49292	-49.204353	232.29411	35.594135	36.29518	99.6788	-107.55232	1808000	0.0033453635	1654.0745	0.0	-496.70544	0.11431457	2.2351743e-09	2082.7857620716095
452	89.00819	129.18315	263.06146	-62.97993	220.11765	33.746647	32.78307	93.09442	-109.70234	1812000	-0.0039865375	2147.8916	0.0	-839.76965	0.109843686	-5.7965517e-09	2086.2481842041016
453	113.649635	137.0223	283.38525	-106.7902	220.33333	32.370888	40.26085	98.00259	-127.07995	1816000	-0.010007664	1572.5895	0.0	-415.92578	0.11064593	-8.9406965e-10	2089.7483751773834
454	116.11337	124.83014	274.6032	-35.644073	195.78947	44.156147	38.01827	108.82139	-109.517944	1820000	-0.0016576322	711.49677	0.0	-262.92874	0.10837032	1.4305115e-09	2093.223035097122
455	155.07089	121.949745	269.47403	-29.120539	234.625	44.041214	36.184402	109.6348	-102.51401	1824000	-0.0020177597	551.207	0.0	-149.03986	0.110248335	2.9802322e-10	2096.850881099701
456	130.50584	139.42378	276.6264	-125.71569	210.52632	49.390728	37.967457	107.40516	-121.97384	1828000	-0.006439634	1282.057	0.0	-472.98773	0.11716309	1.4901161e-09	2100.2991812229156
457	185.40988	116.04908	277.43927	-17.39606	274.42856	43.00744	45.097878	108.8251	-114.24517	1832000	0.00016730333	764.2114	0.0	-332.29016	0.11990405	-2.3841857e-09	2103.8518731594086
458	183.19406	103.308945	270.717	-3.8153095	258.0	52.33789	35.75314	108.04632	-109.24325	1836000	0.0021585894	1463.1398	0.0	-638.64276	0.11891834	3.427267e-10	2107.597114086151
459	206.87955	83.084595	261.77042	5.490961	305.30768	49.006886	34.39598	104.32609	-105.50775	1840000	-0.011223843	608.44763	0.0	-214.99982	0.11474823	1.6987324e-09	2111.460991382599
460	228.91005	71.74882	309.5025	3.8735483	318.91666	56.426235	24.495201	98.31601	-102.07023	1844000	-0.011445027	1115.6052	0.0	-459.0522	0.11435913	1.4603138e-09	2115.2687890529633
461	239.90527	26.871645	269.17648	175.85269	375.3	54.610893	20.26899	90.58446	-1.8482795	1848000	0.0034424025	658.22546	0.0	-329.9139	0.121303454	2.3841857e-09	2119.4500892162323
462	246.06161	26.808962	280.46735	189.51869	361.0	57.798275	13.875066	88.02308	-5.469636	1852000	-0.007327297	564.5173	0.0	-223.68741	0.11851494	-1.4007091e-09	2123.6929903030396
463	198.97633	121.02204	274.48303	-117.7152	478.375	50.114334	17.916805	90.36534	-86.14552	1856000	-0.005750748	1316.8395	0.0	-972.1685	0.13012575	1.1175871e-09	2128.610408306122
464	214.64384	32.535263	253.0037	141.89035	512.5714	39.59685	20.764603	91.40271	7.314409	1860000	-0.009382663	394.98663	0.0	-170.36922	0.13042854	8.046627e-10	2133.8036563396454
465	205.00053	7.1502976	219.79208	197.73332	587.3333	31.667353	20.903214	84.22976	3.4092832	1864000	-0.020423533	214.02356	0.0	-93.94497	0.1377905	-1.3411046e-09	2139.2545461654663
466	195.04681	10.531018	215.43967	182.69386	617.3333	32.76952	22.190956	90.85576	0.013483763	1868000	0.009280824	416.3148	0.0	-182.8594	0.1402247	2.503395e-09	2145.0948400497437
467	131.9109	73.49838	178.47795	4.788497	783.5	19.875074	23.604387	97.15712	-8.871512	1872000	0.010098145	338.91055	0.0	-111.47757	0.14114594	2.0861626e-10	2152.7166142463684
468	125.41836	75.53952	198.65915	2.5536933	783.5	10.672639	21.405802	97.95589	-12.42885	1876000	-0.0087992195	181.80898	0.0	-47.243378	0.13728186	-1.7881394e-10	2159.6908531188965
469	71.25412	58.567112	143.55795	4.377531	969.5	8.144485	20.94201	98.85653	-14.542059	1880000	-0.0067234915	164.39613	0.0	-55.6483	0.13436472	-1.7881393e-09	2167.4906492233276
470	72.6229	88.36941	224.29556	10.54355	905.75	1.8726157	26.748014	96.86537	-101.13974	1884000	-0.0047917897	265.29684	0.0	-178.13596	0.1289759	8.940697e-11	2174.0245440006256
471	11.536285	14.611435	26.144781	-4.8440356	1000.0	-2.1518886	19.759464	94.11581	-16.158623	1888000	0.0078673335	48.569084	0.0	-27.242922	0.1262648	-2.0563602e-09	2180.9915041923523
472	-14.303702	22.0543	14.636921	-41.473354	1000.0	-5.513369	22.966274	97.37248	-18.552025	1892000	-0.016382558	52.32373	0.0	-26.046976	0.13232176	4.4703483e-10	2188.9062361717224
473	-15.010218	17.557371	2.9550934	-34.98016	1000.0	-7.8403535	20.14954	89.57331	-47.13683	1896000	-0.0066889785	176.18582	0.0	-100.1942	0.12586217	-7.4505807e-10	2195.776622056961
474	-38.32741	29.422754	-10.772664	-83.603294	1000.0	-6.315808	16.692957	59.853252	-18.506054	1900000	-0.009657022	33.53083	0.0	-8.386251	0.13741364	-8.642673e-10	2204.0095343589783
475	-21.816761	16.868904	-0.25628024	-45.748867	1000.0	-3.4682589	15.564459	69.69889	-18.193018	1904000	0.0055766418	68.99949	0.0	-36.292927	0.13510628	6.854534e-10	2210.704627275467
476	-37.090385	12.747851	-25.185545	-58.56998	1000.0	-0.69988513	16.610739	61.759644	-16.668661	1908000	-0.010941939	92.40117	0.0	-71.883255	0.14167336	-1.192093e-10	2217.188895225525
477	-48.460438	14.994325	-26.189579	-64.556526	1000.0	-7.744393	14.222837	62.83763	-18.181984	1912000	-0.021370277	30.44913	0.0	-11.793079	0.14396928	-4.768372e-10	2224.0903491973877
478	-56.87198	5.6271935	-49.86652	-64.75418	1000.0	-6.471825	15.89905	66.59498	-17.807394	1916000	-0.012219567	36.976738	0.0	-13.274605	0.14993091	1.6391277e-09	2231.6879370212555
479	-75.01033	2.6502397	-70.82882	-78.10361	1000.0	-5.9584956	15.259652	72.246185	-17.804846	1920000	-0.010937803	72.95799	0.0	-43.23933	0.15445131	-1.5199184e-09	2237.8159170150757
480	-100.80721	15.838099	-84.42742	-126.939224	1000.0	-9.659697	13.442807	61.681313	-19.269432	1924000	-0.00019418787	43.892853	0.0	-18.38968	0.17139117	-1.5646219e-09	2245.540780067444
481	-102.2155	7.7407107	-90.39931	-110.410965	1000.0	-12.3531	11.124449	35.02801	-20.076002	1928000	-0.0018104024	23.958326	0.0	-6.8625164	0.18503052	4.172325e-09	2252.0685250759125
482	-117.43753	13.398589	-104.89371	-137.06032	1000.0	-13.830881	9.456753	34.754173	-21.390797	1932000	-0.010400843	32.388897	0.0	-8.865608	0.1792619	3.3825636e-09	2260.2921772003174
483	-119.20123	22.823391	-99.56502	-155.71378	1000.0	-14.438093	10.207347	40.300255	-22.271675	1936000	0.006009474	21.562685	0.0	-5.645854	0.18958966	-2.6375055e-09	2265.82919216156
484	-127.32182	15.881779	-104.63329	-147.59052	1000.0	-15.710896	9.792592	35.71345	-22.054317	1940000	-0.01144591	27.093082	0.0	-5.82917	0.18411297	3.6358834e-09	2271.881880044937
485	-118.01515	21.19877	-86.309105	-138.53664	1000.0	-17.015934	8.115748	29.872492	-22.193827	1944000	0.0045099207	18.572966	0.0	-7.282301	0.19132958	2.7120113e-09	2278.30321931839
486	-90.50224	15.775386	-72.701614	-114.46337	1000.0	-14.917646	14.865615	48.977962	-23.479116	1948000	-0.014863909	34.412163	0.0	-15.981321	0.17597581	4.8577786e-09	2285.1867361068726
487	-87.75957	12.992496	-68.69781	-100.16688	1000.0	-14.039528	10.582924	35.58917	-21.981209	1952000	-0.04429496	17.764126	0.0	-3.0377445	0.18778673	-3.874302e-10	2291.1010222434998
488	-83.4377	19.57241	-68.9665	-116.57211	1000.0	-14.145148	12.6537485	45.73061	-23.012583	1956000	-0.03168447	18.153038	0.0	-3.1437454	0.18908009	3.0249356e-09	2297.6483891010284
489	-77.48526	18.65565	-53.363415	-103.66908	1000.0	-14.213107	12.816869	45.8547	-22.179531	1960000	-0.011215012	21.543024	0.0	-5.297695	0.19235311	4.4703483e-10	2304.3520770072937
490	-61.190487	9.162841	-48.3028	-73.21013	1000.0	-13.361475	14.613275	51.600784	-22.26455	1964000	-0.03170376	21.183113	0.0	-7.073244	0.1788181	-1.1622906e-09	2310.7351820468903
491	-46.668922	13.837152	-31.529354	-67.13145	1000.0	-10.114508	13.530295	46.127453	-21.126781	1968000	-0.030767394	28.019688	0.0	-9.169676	0.18462385	1.6987324e-09	2317.1103332042694
492	-71.164406	25.737455	-33.167965	-104.38754	1000.0	-11.134752	15.3464775	54.413467	-21.366621	1972000	-0.017576516	29.017832	0.0	-9.47299	0.18338755	-2.9206275e-09	2324.067372083664
493	-48.822353	21.87816	-21.503798	-82.67963	1000.0	-12.084342	14.606891	59.17065	-20.68694	1976000	-0.014746086	25.584547	0.0	-9.319502	0.1885894	7.1525574e-10	2331.4775080680847
494	-32.17597	17.206615	-8.110822	-56.13134	1000.0	-10.984297	13.931226	51.755585	-20.121689	1980000	-0.04366561	23.248266	0.0	-8.094747	0.18803294	3.1292438e-10	2338.7624802589417
495	-31.651577	10.701186	-14.399013	-42.93217	1000.0	-8.859044	14.096178	61.65384	-18.625034	1984000	-0.04319472	17.259657	0.0	-2.5266142	0.18226251	-1.6838312e-09	2346.124907016754
496	-20.959063	12.736755	-11.146696	-42.74921	1000.0	-6.9905357	17.486935	60.42851	-18.783072	1988000	-0.041437462	17.757637	0.0	-3.3271399	0.17634091	-2.8014182e-09	2353.869294166565
497	-38.160126	9.122169	-25.009817	-50.650925	1000.0	-6.215703	14.445065	60.924255	-18.267569	1992000	-0.032630093	29.685251	0.0	-17.852228	0.17635445	-2.6375055e-09	2362.742415189743
498	-25.901253	16.044096	-13.080844	-53.136528	1000.0	-8.924937	14.376545	58.67633	-18.715153	1996000	-0.01699778	27.505112	0.0	-11.455675	0.18320678	-2.8014182e-09	2370.601629257202
499	-33.252422	9.745291	-19.465233	-47.00002	1000.0	-6.276836	13.275522	57.875652	-17.778126	2000000	-0.009065001	24.899261	0.0	-12.717312	0.17796199	2.4139881e-09	2378.5239453315735
