Epoch	AverageEpRet	StdEpRet	MaxEpRet	MinEpRet	EpLen	AverageVVals	StdVVals	MaxVVals	MinVVals	TotalEnvInteracts	LossPi	LossV	DeltaLossPi	DeltaLossV	Entropy	KL	Time
0	-223.68144	115.13809	-54.664207	-434.17288	86.022224	-0.08471998	0.033447966	0.07851274	-0.26880956	4000	0.010373682	18933.59	0.0	-1013.1914	1.3500996	-2.9802324e-10	0.970841646194458
1	-161.13635	93.108475	-31.816525	-460.447	79.55102	-3.9668365	0.72763956	2.3932564	-4.4492235	8000	-0.016048789	11254.017	0.0	-716.33374	1.3042281	4.470352e-11	1.9071087837219238
2	-112.87569	58.42714	18.687582	-309.62793	84.55319	-7.8969874	0.17084172	-2.7487223	-8.017377	12000	-0.038850687	4894.541	0.0	-247.12549	1.2231565	-2.9802324e-10	2.8225207328796387
3	-128.0895	50.297764	-61.017097	-307.5221	87.568184	-10.14347	0.15916213	-2.2066543	-10.221951	16000	-0.037719395	4495.1914	0.0	-272.26685	1.0843056	-2.0861626e-09	3.717129945755005
4	-109.32062	82.724495	24.939201	-311.2177	113.70588	-12.454626	0.09255158	-11.15186	-12.532112	20000	0.0026295444	3891.808	0.0	-165.49805	1.0484571	-7.7486045e-10	4.679428815841675
5	-283.28036	175.3556	-31.353624	-576.022	184.5238	-14.210934	0.37398055	-11.977946	-14.414643	24000	0.11404298	17185.453	0.0	-683.41895	0.9353405	-7.301568e-10	6.039326906204224
6	-511.2908	211.68546	-13.203597	-967.69116	148.3077	-17.915176	0.029104177	-17.474768	-17.933393	28000	0.31035155	51834.055	0.0	-2159.8223	0.6866684	-1.937151e-10	7.271802663803101
7	-552.141	121.38572	-233.99576	-745.20514	157.375	-23.455011	0.009125704	-23.388313	-23.462683	32000	0.24126197	47340.09	0.0	-1711.8613	0.6328893	-3.4868717e-09	8.42428183555603
8	-539.3941	96.2193	-338.57898	-695.85754	189.45	-27.93425	0.0081136525	-27.886827	-27.941309	36000	0.29987723	38084.004	0.0	-1217.0283	0.69296646	-2.5331973e-10	9.668298959732056
9	-472.76193	127.064285	-83.1327	-652.62744	197.38889	-31.522509	0.07328432	-30.575115	-31.537945	40000	0.22424376	24778.447	0.0	-595.27637	0.8136302	-3.695488e-09	11.019954919815063
10	-311.3259	175.90465	-27.97386	-587.4853	185.66667	-34.050343	0.014640787	-33.92554	-34.058628	44000	0.19737333	15893.283	0.0	-260.00098	0.8776484	3.1888485e-09	12.222537994384766
11	-156.12073	164.86363	18.130156	-520.91345	145.44444	-35.723778	0.3538505	-28.588573	-35.76203	48000	0.090950996	7114.092	0.0	-51.496826	1.0065771	-2.5182962e-09	13.256442785263062
12	-72.35675	67.04011	41.486122	-233.28339	123.51613	-36.523697	0.136231	-34.448555	-36.543118	52000	0.030430399	1722.9597	0.0	-0.12408447	1.0612521	6.556511e-10	14.291515827178955
13	-58.157757	45.91325	24.713638	-206.39032	97.625	-36.613358	0.035106707	-35.78956	-36.620033	56000	0.01550395	1356.8569	0.0	-1.0558472	1.1078053	6.5565114e-10	15.305548667907715
14	-44.787262	51.736217	52.265934	-186.65466	106.25	-36.497047	0.06299761	-35.73862	-36.511326	60000	0.061590604	1701.1686	0.0	-9.172974	1.1074243	1.8924475e-09	16.321406841278076
15	-6.532752	23.517458	39.35723	-53.449238	145.40741	-36.16083	0.041720323	-35.93055	-36.17933	64000	0.018784475	1863.4921	0.0	-43.59967	1.0823876	-1.1771917e-09	18.02527165412903
16	9.136448	34.637672	53.698486	-48.725693	230.0	-35.395412	0.05361371	-34.867863	-35.418	68000	0.028917257	1978.8379	0.0	-54.794983	0.98296857	1.3262034e-09	19.886298656463623
17	45.865944	34.34932	93.72639	-8.910271	673.4	-34.46772	0.09740803	-33.918293	-34.52617	72000	0.031356037	2087.83	0.0	-74.02869	0.9940374	-5.215407e-10	22.160038709640503
18	-76.06972	154.52669	165.79715	-255.6178	457.16666	-33.416576	0.21200381	-31.735134	-33.502865	76000	-0.03105922	2326.277	0.0	-279.93884	0.9003155	5.9604643e-10	24.420727729797363
19	-192.3658	159.98965	191.19556	-314.11862	528.0	-30.166483	9.53789	19.35685	-32.84517	80000	-0.059435047	1746.4395	0.0	-51.639587	0.9995489	-1.1026859e-09	26.636411905288696
20	-51.79364	207.01971	181.20425	-309.83926	557.8333	-24.199066	18.426582	27.66116	-33.029423	84000	-0.028620582	1716.2012	0.0	-299.76733	0.9239277	-4.023314e-10	28.96606993675232
21	89.192444	116.3045	260.71335	-113.50494	481.57144	-5.816911	20.37268	30.330723	-26.590048	88000	0.036285453	2608.9814	0.0	-1209.638	0.74277216	-7.8976153e-10	31.25087261199951
22	51.54147	81.847206	161.35553	-124.15278	403.625	10.275037	16.987135	27.996912	-23.574839	92000	-0.01751441	1302.0377	0.0	-129.9674	0.7269547	-4.6193593e-10	33.1233868598938
23	95.42062	101.69898	266.28998	-14.797549	357.33334	6.9877715	16.942312	28.307652	-24.69799	96000	-0.107825905	1735.1394	0.0	-228.67065	0.725393	-2.1755695e-09	34.95645880699158
24	162.72371	103.630424	266.78876	-43.757	562.2857	13.603383	12.706966	30.195538	-14.577015	100000	-0.0846339	1123.9232	0.0	-207.15851	0.6958984	-2.3841857e-09	37.35844087600708
25	123.729416	87.6389	221.12097	25.689287	617.0	14.59231	13.741274	31.145752	-16.41799	104000	-0.02232885	740.40326	0.0	-121.13818	0.70458925	-4.3213388e-10	39.60647773742676
26	177.22894	42.16095	242.03706	129.42654	723.6	15.508278	8.224726	30.330444	-3.1752148	108000	-0.06737258	597.2079	0.0	-66.72644	0.66246676	-5.9604655e-11	42.20472598075867
27	61.140476	48.037045	137.64212	9.849518	948.25	21.388664	8.680466	30.96904	-15.482544	112000	-0.114442445	572.4415	0.0	-302.89307	0.8178413	-3.6507846e-09	45.55135679244995
28	-74.76456	17.930609	-52.93871	-93.172806	1000.0	9.562994	3.4148943	20.956703	3.0909848	116000	-0.093321525	659.28253	0.0	-421.5462	0.9214337	1.0430812e-10	49.16620683670044
29	-82.72967	24.683897	-48.179382	-111.956696	1000.0	-10.74958	3.8859482	1.1647546	-16.76057	120000	-0.06628638	135.79817	0.0	-61.75544	0.92464733	-2.4884939e-09	52.55573081970215
30	-88.2147	13.716483	-74.58688	-109.48871	1000.0	-18.40627	7.06093	14.021828	-24.786957	124000	-0.038507923	126.31494	0.0	-52.7137	0.9043304	2.1308662e-09	55.50593090057373
31	27.7569	56.98205	92.42071	-35.052822	779.75	-18.402348	11.087658	24.628984	-28.342888	128000	-0.06960468	333.22375	0.0	-183.20523	0.8387282	3.8743018e-09	58.096972703933716
32	157.01904	29.381014	189.01752	109.43691	766.25	-0.92683923	13.64125	29.177877	-27.643436	132000	-0.102144	648.02246	0.0	-223.47038	0.7044264	4.1425228e-09	60.452897787094116
33	156.2434	124.30931	293.68756	-54.754005	397.625	13.321266	9.924894	30.226885	-6.127072	136000	-0.04429746	1356.3036	0.0	-203.62573	0.64190125	1.1920926e-09	62.22533559799194
34	121.17644	137.0704	303.55588	-59.091232	240.625	21.500036	11.791737	31.25042	-21.572033	140000	-0.042980626	2813.4924	0.0	-483.16467	0.62375116	1.5795232e-09	63.56562781333923
35	61.98539	118.89524	242.01045	-72.24244	247.53334	22.252985	17.156168	32.651745	-33.46288	144000	-0.015027235	2258.1646	0.0	-134.07709	0.650692	-7.539988e-09	64.93075776100159
36	26.117886	100.79524	223.05708	-63.10895	276.92307	14.108654	23.869013	32.76627	-34.51853	148000	0.011845798	1789.9763	0.0	-81.56384	0.70085365	7.450582e-11	66.60213971138
37	1.0632615	80.5704	254.74521	-64.32917	184.38095	4.11308	27.281033	32.683754	-34.47796	152000	0.041520678	1845.5356	0.0	-139.61133	0.6896912	-2.6375055e-09	67.79835796356201
38	90.62968	93.123886	258.8947	-53.638477	199.16667	5.13038	27.853657	33.335037	-35.186653	156000	-0.01277663	2749.3738	0.0	-580.46326	0.53194785	1.9222497e-09	69.17109084129333
39	10.547192	88.900696	203.47049	-92.713936	208.33333	10.552866	24.843988	33.534397	-35.305176	160000	-0.019117054	2386.8809	0.0	-601.1793	0.6718881	3.6507846e-09	70.52713584899902
40	1.1879154	101.42145	212.95302	-119.648186	323.36365	-3.0315826	26.189272	34.033386	-35.84432	164000	0.0015590433	1512.0305	0.0	-72.76944	0.6800111	-2.69711e-09	72.34604787826538
41	125.298805	129.10522	268.68707	-139.45396	370.8	-2.9947321	26.218704	34.334904	-36.158817	168000	-0.030334678	2074.0264	0.0	-544.67	0.574895	-8.3446505e-10	74.07144379615784
42	68.82476	174.18465	285.47552	-164.2662	406.1111	14.6774435	23.061388	34.457146	-36.202183	172000	0.00048105046	2146.6826	0.0	-583.66144	0.629769	-2.2351743e-10	76.01600670814514
43	38.10642	153.11053	233.51202	-164.31337	435.57144	10.878523	24.978012	34.899284	-36.684887	176000	0.0028810333	1296.2928	0.0	-242.57959	0.6209365	1.7881396e-10	78.340247631073
44	143.91049	106.25182	236.91469	-104.08625	558.4286	12.240685	24.837275	35.346764	-37.155247	180000	-0.07672891	1363.5813	0.0	-351.9251	0.57631963	5.364418e-10	80.37968277931213
45	124.50895	119.46914	204.36536	-82.087616	646.0	14.835049	14.852251	35.290283	-31.25292	184000	-0.07419504	948.1315	0.0	-281.4447	0.69838476	-4.2319295e-09	82.78110480308533
46	63.835938	104.31044	193.6652	-68.81032	756.75	10.809078	10.526774	35.406246	-17.522923	188000	-0.06600186	719.9148	0.0	-152.32974	0.7481346	-2.965331e-09	85.84398674964905
47	-32.998745	14.358711	-18.82867	-55.290874	1000.0	4.5628076	10.231118	33.84752	-6.4313765	192000	-0.10336867	148.81157	0.0	-112.13362	0.7987649	8.34465e-10	89.3517918586731
48	-75.138626	24.490812	-44.329777	-101.48066	1000.0	-3.379424	11.019819	34.760418	-13.542678	196000	-0.1010734	143.61185	0.0	-62.59941	0.8029925	1.2069941e-09	92.30602979660034
49	-102.68519	89.28946	11.951176	-213.32283	566.4286	-6.4246845	15.368131	35.71086	-23.735344	200000	-0.008607466	528.5675	0.0	-131.50125	0.75676644	1.4901158e-10	94.96061587333679
50	-126.31409	45.029537	-27.931255	-170.52644	513.4286	-9.725145	17.648159	35.016624	-26.278053	204000	-0.06466304	761.6946	0.0	-89.2294	0.72978693	1.490108e-11	96.86069560050964
51	-112.329575	62.55754	4.878224	-172.66406	346.4	-11.82101	18.969269	36.672955	-26.669746	208000	0.022585275	819.0513	0.0	-93.540344	0.7095808	-1.6391278e-09	98.44435787200928
52	-144.89278	27.871637	-94.29488	-177.29457	348.55554	-18.61754	13.785957	36.14181	-27.959753	212000	0.007549402	923.8003	0.0	-149.198	0.747049	-4.4703474e-10	100.09039998054504
53	-128.44766	30.477419	-73.29284	-175.88963	318.0909	-19.942646	13.04262	25.962936	-29.530468	216000	0.014014279	923.55115	0.0	-123.497284	0.69862396	5.9604766e-11	101.67070364952087
54	-126.74233	39.56886	-54.028168	-186.16878	359.5	-24.7657	9.275464	21.083855	-30.376945	220000	-0.039219715	744.10614	0.0	-95.93231	0.70657396	3.576279e-10	103.33534979820251
55	-125.375946	33.487972	-57.62293	-163.54866	416.625	-22.347492	15.112239	23.577803	-32.73574	224000	-0.035132077	550.5331	0.0	-77.700424	0.7160735	6.7949295e-09	105.16659379005432
56	-120.09033	84.60241	21.156748	-215.35884	545.1667	-20.645037	18.669819	27.958836	-37.33588	228000	-0.018810978	369.41864	0.0	-50.67079	0.7317358	2.0563604e-09	107.55645060539246
57	-119.18411	15.767667	-100.71912	-144.1681	1000.0	-24.14475	15.031421	23.410446	-33.478504	232000	-0.024645947	142.30484	0.0	-95.22792	0.77376974	-5.4836273e-09	110.12193775177002
58	-93.7429	14.804857	-69.79897	-109.35902	691.75	-15.301737	14.333311	28.715973	-30.654926	236000	-0.0030430518	210.80338	0.0	-27.782455	0.7326647	-1.0281802e-09	112.40113091468811
59	-135.89696	52.49455	-60.575146	-205.497	709.25	-12.767509	15.68535	28.565096	-33.858543	240000	0.02723349	505.09637	0.0	-51.4476	0.76186436	2.9951333e-09	114.60451292991638
60	-114.0981	72.99621	-65.79314	-258.5829	752.0	-19.021849	19.373398	29.594526	-33.349888	244000	0.015713261	842.732	0.0	-107.11066	0.71870553	-3.3676626e-09	116.81603980064392
61	-54.150536	20.068542	-30.561096	-78.73798	652.6	-13.538881	16.029297	30.042313	-30.63845	248000	0.036805786	266.30258	0.0	-48.259895	0.7225358	-2.30968e-09	119.31221175193787
62	-37.46513	21.016666	-16.684626	-64.74083	1000.0	-12.850327	11.7515	25.920523	-24.915571	252000	-0.08007338	121.96712	0.0	-36.601807	0.76149917	6.407499e-10	122.44268369674683
63	-38.578693	32.6641	-10.310517	-90.984535	1000.0	-10.599762	14.409131	32.35117	-26.776892	256000	-0.04669103	111.64464	0.0	-20.836191	0.7434429	1.3560056e-09	125.00887680053711
64	-29.46187	21.23012	-3.2398684	-57.288757	1000.0	-6.189277	16.050917	38.314438	-19.444883	260000	-0.07327055	53.052193	0.0	-10.371118	0.746923	-1.9371509e-09	128.11976075172424
65	-48.32335	45.178635	-10.195041	-125.40273	788.0	-4.594777	17.972933	39.960762	-19.551987	264000	0.01703813	351.83572	0.0	-118.223236	0.70558906	9.536743e-10	130.45765471458435
66	-64.16014	4.234879	-60.617317	-71.280304	1000.0	-8.436119	11.649038	34.893337	-18.052162	268000	-0.069901	32.598385	0.0	-4.781494	0.756081	3.0994416e-09	133.2297248840332
67	-50.101734	21.150555	-27.568335	-82.0561	1000.0	-7.559565	13.931507	33.21559	-20.082514	272000	-0.10545556	51.837227	0.0	-15.891413	0.7467695	1.8328428e-09	136.02619576454163
68	-31.686796	20.244452	-6.594854	-57.86726	1000.0	-11.24303	11.723112	30.740656	-22.226309	276000	-0.048215367	112.061584	0.0	-23.664078	0.7277583	2.3841862e-10	139.0412838459015
69	-38.501854	14.094545	-19.138918	-53.317482	1000.0	-8.223552	14.3341465	32.47873	-21.374454	280000	-0.045435954	45.04683	0.0	-8.38038	0.72402096	2.1904707e-09	142.5691146850586
70	-23.070843	16.952328	0.8434209	-44.050797	1000.0	-10.608453	12.872994	31.676931	-21.396708	284000	-0.043315027	69.66289	0.0	-14.95801	0.73989165	-6.109476e-10	145.74998378753662
71	-23.080273	23.459167	8.695297	-56.79033	1000.0	-8.847684	13.7409525	32.542492	-22.828733	288000	-0.08199766	60.60729	0.0	-7.769533	0.71380603	4.261732e-09	149.4412326812744
72	15.343412	58.185196	113.14602	-29.682314	970.5	-7.328222	15.252979	31.569632	-29.521177	292000	-0.12170622	293.46402	0.0	-64.25661	0.69790906	1.3709068e-09	152.49298095703125
73	37.678764	101.96374	133.11937	-132.54027	941.5	-2.4177978	13.869367	38.045013	-23.755768	296000	-0.042039394	289.4266	0.0	-30.738491	0.6308653	-6.7800285e-09	155.5989968776703
74	53.98224	70.062195	127.73669	-58.499832	874.5	-1.325775	13.90329	38.296032	-24.209406	300000	-0.004400477	258.0656	0.0	-16.88623	0.6292986	5.5879354e-09	158.57859468460083
75	123.74532	26.215433	152.41946	84.37528	1000.0	-0.4764501	11.791121	39.344395	-21.426945	304000	-0.03382114	194.6305	0.0	-119.19954	0.63869596	2.8163196e-09	161.14388394355774
76	179.27885	72.38709	232.12003	20.611202	506.5	10.850532	14.159027	40.743454	-4.622774	308000	-0.078450434	970.0635	0.0	-357.25143	0.606056	3.606081e-09	163.26006865501404
77	237.73912	17.889336	257.6058	205.51727	424.75	21.7658	11.13981	40.894844	6.88988	312000	-0.11205741	963.2379	0.0	-460.01605	0.5906253	5.155802e-09	164.84990882873535
78	251.51172	14.59222	277.03455	232.46501	391.77777	36.48064	3.4123116	43.55231	30.511963	316000	-0.13517827	601.3415	0.0	-144.17905	0.58023775	8.866191e-09	166.4474687576294
79	251.49121	20.553967	286.09134	218.96472	363.7	42.13833	4.378458	46.385353	27.256891	320000	-0.09012477	567.19324	0.0	-91.66411	0.52980846	-3.784895e-09	167.91306495666504
80	237.04276	36.725266	276.1641	155.28543	406.33334	44.31901	8.940244	49.620502	-0.8875754	324000	-0.07920854	756.025	0.0	-144.17154	0.49084935	-1.4603139e-09	169.55442667007446
81	228.57184	16.94457	254.70299	200.56073	434.125	40.629757	5.817096	50.93274	32.79447	328000	-0.05705914	383.2393	0.0	-25.531265	0.4628895	-1.7881393e-09	171.1486897468567
82	194.49594	108.148094	283.47815	-19.73304	351.3	41.244938	7.500651	51.745705	31.559288	332000	-0.023710784	1185.5132	0.0	-82.77434	0.46549213	3.695488e-09	172.53408479690552
83	184.62259	100.67959	254.97589	-16.900991	373.7	36.682095	11.118336	52.728462	17.308033	336000	-0.030415433	1073.6726	0.0	-92.965576	0.4286162	2.2351743e-09	173.9432876110077
84	162.43135	114.288574	269.7219	-37.18277	344.0	35.169315	15.036298	53.76642	-11.718499	340000	-0.009913934	1528.7483	0.0	-199.86115	0.41070896	-6.556511e-10	175.33305382728577
85	135.74364	127.24033	255.6793	-54.274616	332.72726	33.261112	15.089981	54.983204	7.53483	344000	-0.012431916	1696.221	0.0	-55.601074	0.43204415	-3.516674e-09	176.7928786277771
86	41.6172	114.510864	232.76685	-78.42812	322.9	24.34097	18.244543	56.10693	-14.722652	348000	0.022297371	2105.9714	0.0	-596.4621	0.45807827	5.125999e-09	178.32585978507996
87	107.77917	106.9646	225.99037	-47.11502	329.0909	9.303376	24.13404	55.707916	-54.884243	352000	-0.05081011	1845.206	0.0	-611.0358	0.4191364	4.4703463e-10	179.80424070358276
88	37.993492	99.540085	206.19691	-60.545376	375.3	21.27047	13.120097	48.721737	-57.03656	356000	0.009743077	1537.136	0.0	-422.98615	0.46469682	6.854534e-10	181.23338174819946
89	38.21656	101.46265	266.5371	-91.79522	247.0625	10.681444	31.145628	55.632175	-56.721058	360000	0.017370291	1393.3519	0.0	-148.59827	0.4107625	-1.9967556e-09	182.74612092971802
90	84.558914	129.36969	278.41666	-49.65599	333.81818	8.214883	29.59778	55.039158	-47.44148	364000	0.008797023	1539.4783	0.0	-424.71857	0.3949498	-2.2649767e-09	184.1505217552185
91	-11.582247	101.964195	244.24901	-107.446785	343.72726	5.690112	28.218733	56.821995	-49.664154	368000	0.021914333	1137.7012	0.0	-310.72803	0.45685053	3.2782554e-09	185.47154784202576
92	44.087296	120.277855	223.48618	-101.63689	351.9	0.83940876	32.183098	57.59279	-56.211693	372000	0.01855027	1660.5726	0.0	-462.23267	0.4126839	1.1920929e-09	187.05503058433533
93	35.209232	105.03359	222.96617	-90.966576	265.92856	12.856741	22.18098	56.684547	-21.69192	376000	-0.0013989247	1776.073	0.0	-293.42834	0.4093931	-9.834766e-10	188.43548893928528
94	38.13702	108.998985	208.14615	-88.040955	293.76923	17.420391	15.969224	56.120792	-6.7435966	380000	0.0114219	1535.9819	0.0	-273.80603	0.39988357	8.761883e-09	189.75328993797302
95	22.935436	101.58451	211.78003	-107.53279	273.30768	9.097946	21.293512	54.50854	-37.95225	384000	0.055785913	1301.9286	0.0	-224.31631	0.42427206	1.6987324e-09	191.26824593544006
96	12.541265	108.04282	225.78358	-107.4146	275.2143	6.9974093	18.826754	53.42478	-37.017593	388000	0.024898712	1443.3328	0.0	-298.01486	0.41909766	1.0430812e-09	192.6431667804718
97	-13.190879	98.551895	185.44376	-105.04069	227.41176	2.9935968	21.211687	50.106773	-52.565598	392000	0.016168814	1742.1381	0.0	-523.7374	0.4106276	3.4272671e-09	194.0182967185974
98	31.580364	119.912674	214.80675	-98.42937	341.3	-4.9418406	33.332035	60.90036	-56.129944	396000	0.021185819	1375.6451	0.0	-393.19586	0.41143778	-2.592802e-09	195.59096765518188
99	64.09806	132.13644	241.19641	-113.13541	326.0	11.062451	19.023712	59.584732	-56.034847	400000	0.0067752544	1636.211	0.0	-187.96552	0.40565944	-6.3180923e-09	197.16022968292236
100	20.750698	125.99626	208.74855	-132.62502	376.66666	22.91191	17.980103	62.452614	-43.63332	404000	0.046740092	1518.15	0.0	-517.0039	0.3826381	2.771616e-09	198.83069372177124
101	98.06946	116.34757	250.01408	-93.099846	515.8333	10.593334	21.779022	62.332912	-53.4056	408000	-0.015196351	825.2345	0.0	-206.43936	0.3813159	1.0132789e-09	200.77861094474792
102	-5.145518	141.07008	303.92746	-114.342316	536.3333	13.419103	16.274143	64.239845	-45.92764	412000	0.014097119	693.4278	0.0	-326.9809	0.40311348	3.9935113e-09	202.87049984931946
103	-140.18315	51.240192	-65.69599	-226.77495	633.3333	0.23265497	11.628319	36.81624	-33.88047	416000	0.01545587	841.23114	0.0	-454.61334	0.42467642	-7.3611734e-09	204.91926670074463
104	-177.32971	103.581505	-34.57081	-285.85068	831.5	-12.958726	16.349268	29.3803	-63.361755	420000	0.011624512	425.04807	0.0	-114.22775	0.42347348	-5.90086e-09	207.07879090309143
105	-209.89972	54.463886	-128.28676	-276.99966	497.125	-12.53035	21.084631	45.13512	-37.815254	424000	0.021093387	978.16846	0.0	-620.08093	0.42191106	-1.6987325e-09	209.13247776031494
106	-189.75545	90.87239	25.112236	-276.37927	411.44446	-32.400204	27.402992	56.858097	-53.296345	428000	0.030661557	400.7235	0.0	-103.03755	0.4241798	-1.1116266e-08	210.65881967544556
107	-212.27705	85.17608	-111.19825	-318.01166	910.0	-30.516174	22.906326	44.17195	-55.263496	432000	0.03167947	176.4667	0.0	-47.21915	0.4105647	-2.026558e-09	213.4326148033142
108	-122.02755	41.586487	-88.95149	-193.31436	1000.0	-23.238497	21.513113	43.95009	-54.707623	436000	0.02484744	156.77388	0.0	-104.60339	0.42135572	5.8114527e-09	216.11513876914978
109	-55.589592	41.663788	-5.9822574	-111.53676	1000.0	-7.8506603	17.067514	59.649567	-25.826464	440000	0.019250356	171.09663	0.0	-97.51608	0.42068183	-7.897616e-09	218.33353686332703
110	-21.578434	13.755526	-6.8327384	-37.752625	1000.0	-2.673888	17.6546	67.06159	-17.22553	444000	0.017103046	55.02874	0.0	-16.807415	0.38502628	8.642673e-09	220.75446557998657
111	-18.326157	39.57342	32.525417	-64.0653	1000.0	3.325962	19.057043	67.96449	-15.989439	448000	0.018677521	201.6705	0.0	-126.59953	0.38966876	1.2814998e-09	223.08903670310974
112	105.45567	135.93687	296.0209	-38.37426	817.25	10.055752	21.439661	68.189125	-40.786766	452000	-0.03563705	279.122	0.0	-144.05135	0.37229842	1.5497208e-09	226.09026670455933
113	-14.497592	20.967402	6.6551323	-47.60553	1000.0	0.48878232	11.01327	37.73926	-13.1058445	456000	0.021926828	218.36441	0.0	-130.42007	0.3769958	-9.834766e-10	229.2845208644867
114	40.990993	81.0598	177.10728	-32.223377	963.5	10.171096	14.248574	68.400085	-5.973998	460000	0.025409186	219.85443	0.0	-86.60883	0.35882267	-1.1026859e-09	232.4757046699524
115	-6.739564	21.108358	29.14249	-25.27206	1000.0	7.7076774	10.917515	66.234726	-9.574867	464000	0.04814443	361.2164	0.0	-259.65375	0.364034	5.066395e-09	235.8675708770752
116	-2.038217	12.727976	19.784407	-11.498845	1000.0	0.45992616	12.642556	68.392555	-15.9640465	468000	0.008157479	66.543846	0.0	-39.52688	0.36230206	2.9802327e-11	239.27950167655945
117	14.451947	18.2769	36.30723	-14.420889	1000.0	4.994901	17.363878	69.832436	-17.38957	472000	0.011202773	147.21902	0.0	-80.61984	0.36042392	2.2351743e-09	242.79267287254333
118	-3.037942	13.554439	19.39424	-15.936342	1000.0	-0.18775104	7.62999	19.492243	-13.93537	476000	0.011314802	89.71197	0.0	-35.93979	0.36834905	3.784895e-09	246.28284978866577
119	-15.593413	26.37401	15.150327	-44.29364	1000.0	5.0821776	15.445893	63.14116	-14.660855	480000	-0.0033892547	145.17047	0.0	-107.991196	0.3741867	5.3048135e-09	249.51254391670227
120	5.1708407	23.867424	21.044645	-36.05181	1000.0	2.511421	14.724758	49.75867	-15.915603	484000	0.0068510585	79.77351	0.0	-57.21452	0.36910337	7.45058e-10	252.45774269104004
121	5.509306	78.31719	139.41925	-55.684155	990.75	2.1360865	11.976995	47.72645	-14.973572	488000	-0.036507662	114.68471	0.0	-50.406055	0.39267942	-1.9669533e-09	255.24092268943787
122	17.050436	54.623657	110.500244	-23.633614	884.5	15.236531	22.233234	70.34228	-13.861366	492000	0.05476822	750.17163	0.0	-368.9401	0.37914002	4.9471858e-09	257.9203608036041
123	-44.210674	129.65195	195.00468	-172.85068	672.4	9.518617	16.22525	65.57068	-33.0536	496000	0.045594156	1386.4758	0.0	-755.0747	0.42348647	-1.1354685e-08	259.708961725235
124	57.45111	130.53711	217.78352	-120.44228	628.8	-1.3721334	25.069164	48.80513	-59.252953	500000	0.039255776	853.23615	0.0	-313.36542	0.41659865	3.2782554e-10	261.6262798309326
125	113.899765	104.689766	208.38222	-86.11742	650.4	8.054598	21.935314	48.328472	-40.698753	504000	-0.020820541	726.2822	0.0	-203.25848	0.4055488	-5.379319e-09	263.6971688270569
126	-2.1388347	129.20877	216.12778	-164.97104	554.0	17.880346	19.134714	63.57	-34.2355	508000	0.03828724	1137.1769	0.0	-385.72028	0.43335265	4.61936e-09	265.7370707988739
127	55.396496	146.61986	178.921	-192.09978	594.0	-0.8435776	19.359623	46.65724	-50.282124	512000	-0.0063378606	899.4679	0.0	-148.8299	0.45336854	-4.1425228e-09	267.46043586730957
128	81.511475	144.0868	203.36086	-171.60924	566.5	10.67721	19.937214	63.291542	-51.362972	516000	-0.0055701425	918.0298	0.0	-63.061646	0.4542681	9.6708535e-09	269.45338678359985
129	-94.992065	41.391117	-28.277182	-139.90471	414.85715	16.415394	19.922237	63.59267	-51.87041	520000	0.09465447	3109.1567	0.0	-2207.0903	0.4490049	6.109476e-10	270.99675583839417
130	-33.15746	104.50423	182.67448	-187.59103	382.1	-6.456057	24.679226	42.64775	-67.92672	524000	-0.009625349	1430.3677	0.0	-323.4322	0.49438983	-2.8908251e-09	272.56660771369934
131	-35.18039	128.89922	195.33698	-291.32153	363.2	-10.104287	30.082924	51.51077	-75.42734	528000	-0.0027569807	1478.2463	0.0	-396.92828	0.44624764	-7.912517e-09	274.0742828845978
132	55.455513	143.9862	210.20337	-209.869	487.625	1.0954576	24.232122	28.226765	-76.822266	532000	-0.049831584	1256.8206	0.0	-401.35864	0.45785356	-1.5169382e-08	276.14253067970276
133	-32.256065	108.02413	149.49721	-140.05275	343.18182	15.417715	13.477138	37.055244	-76.744545	536000	0.007433871	2490.2002	0.0	-1063.5159	0.49617928	-7.927418e-09	277.6829466819763
134	-71.68995	31.117685	-32.1139	-139.88994	304.0	-11.766795	24.13179	30.323383	-78.6147	540000	0.051377114	898.65875	0.0	-402.18723	0.5096606	-7.331371e-09	279.02990078926086
135	-36.42757	111.88714	183.15166	-139.41919	299.83334	-10.806362	23.16816	35.20749	-78.90051	544000	-0.047311373	1693.0564	0.0	-601.51733	0.48392344	-4.127622e-09	280.441547870636
136	-13.889869	133.86057	186.78186	-183.45302	329.0909	-9.547482	23.692774	72.247246	-78.314995	548000	-0.04038406	1851.4155	0.0	-380.69983	0.48643762	-7.0035444e-10	281.78205966949463
137	-23.936249	127.13842	180.22859	-161.21922	277.0	-4.6390967	26.97482	76.88768	-79.29567	552000	0.033803508	1435.1299	0.0	-354.87094	0.4386313	-2.8312206e-09	283.2148926258087
138	-63.12207	99.27431	174.12544	-224.32538	248.6	-1.7010623	24.378159	75.969894	-79.22657	556000	0.05137351	1354.3413	0.0	-397.85516	0.48229647	-6.794929e-09	284.55118584632874
139	-73.524025	113.621216	181.73077	-224.92567	281.53845	-12.11426	27.660957	76.307014	-80.17312	560000	0.05965291	1405.5464	0.0	-105.25098	0.47371495	5.7518483e-09	285.86519980430603
140	-82.88839	72.349915	151.26207	-180.36974	258.13333	-14.209542	24.405954	74.75569	-81.617485	564000	0.053292315	849.77893	0.0	-187.03256	0.504714	-8.895993e-09	287.1739797592163
141	-64.86854	102.21012	182.95749	-194.83939	280.7857	-19.132195	26.450983	54.19323	-82.89307	568000	0.0013762736	1293.859	0.0	-149.18726	0.49233556	2.9802383e-11	288.4514048099518
142	-75.80654	72.1467	157.09071	-143.08188	263.57144	-19.26163	26.986443	60.25529	-83.6176	572000	0.011787313	565.4371	0.0	-38.88568	0.49222678	5.319715e-09	289.84226179122925
143	-84.907295	97.33186	139.20901	-194.75375	278.92856	-19.466114	30.465414	77.58106	-83.91831	576000	0.016559714	1220.842	0.0	-106.19858	0.44836313	4.9471858e-09	291.158118724823
144	-78.946014	58.524918	87.06905	-166.83234	277.07693	-18.906551	24.928476	74.47708	-84.50148	580000	0.029294878	485.68903	0.0	-117.706314	0.4769926	-1.505017e-09	292.4998688697815
145	-52.188786	104.93011	197.63042	-139.10315	297.5	-19.49023	35.301926	76.415794	-85.53978	584000	0.003564591	760.52985	0.0	-84.52109	0.47443843	-6.28829e-09	293.9171767234802
146	-15.0937805	97.54832	153.37097	-121.14357	285.25	-19.19473	24.355124	60.825615	-85.36207	588000	-0.040365443	2044.921	0.0	-828.14667	0.44009653	7.092953e-09	295.33188676834106
147	-6.734658	102.66986	174.0411	-113.9583	317.58334	-2.0482028	24.65088	80.299774	-83.83741	592000	0.024760956	1201.1056	0.0	-121.21561	0.4567125	4.7385695e-09	296.76388478279114
148	-2.2458677	111.826	191.86707	-98.83756	323.45456	-3.1113725	22.662052	71.94464	-84.313644	596000	-0.02843311	1103.0818	0.0	-225.90091	0.44599807	9.596348e-09	298.20211577415466
149	-27.350252	72.4899	217.23288	-89.09577	298.69232	-9.436121	26.606586	80.5524	-84.91992	600000	0.04378638	612.9893	0.0	-168.23409	0.4431054	-4.187226e-09	299.7298686504364
150	15.359454	107.791145	234.65074	-69.15482	342.72726	-7.4518466	29.668446	71.76003	-85.92835	604000	-0.024898998	1099.0024	0.0	-225.26645	0.4408846	5.5134297e-09	301.4750277996063
151	70.59529	118.9009	253.81693	-48.21225	389.77777	3.497917	30.978434	76.018555	-86.4779	608000	0.007266418	1192.6693	0.0	-399.84036	0.39353222	-2.1755695e-09	303.19812870025635
152	63.204277	140.61488	207.80048	-116.32962	409.1111	7.082443	22.128395	80.03616	-86.01802	612000	-0.02762368	1406.0719	0.0	-130.17355	0.4269034	4.8130753e-09	304.8551187515259
153	36.093147	117.58388	253.74117	-66.29747	366.7	9.994571	21.842968	83.94106	-84.423035	616000	0.018804165	1132.9146	0.0	-114.4108	0.44973177	-4.2617323e-09	306.4600088596344
154	-13.581839	86.72363	206.47897	-85.884544	387.0	4.6954894	26.126078	80.192116	-86.59061	620000	0.005003227	1020.4397	0.0	-139.49725	0.49293166	7.2121624e-09	308.25549268722534
155	75.21307	115.826675	202.17899	-102.344795	542.8571	4.5555587	30.693052	58.48949	-87.94173	624000	-0.036576763	1220.7872	0.0	-424.61453	0.48633224	7.2121624e-09	310.6779696941376
156	67.547905	91.785614	162.3028	-81.90131	881.25	12.600016	16.294674	44.952034	-87.9825	628000	-0.049658466	419.8483	0.0	-107.64516	0.52835625	1.1920909e-10	313.77794194221497
157	150.37297	93.974106	240.30551	-46.660767	471.0	3.828711	21.094645	52.915516	-88.19082	632000	-0.090423524	1434.3406	0.0	-914.8098	0.44803718	-3.6060812e-09	315.8985028266907
158	126.70287	112.30057	246.36212	-101.80673	637.8333	25.1115	26.369005	82.10776	-76.958374	636000	0.0033552498	847.2427	0.0	-238.33617	0.46905452	-1.26510855e-08	318.55158281326294
159	-34.46134	102.83214	134.27705	-142.05254	726.5	12.283	15.9623	59.729008	-84.98742	640000	0.01373658	1013.0811	0.0	-676.5501	0.48456374	-4.8279762e-09	321.31599164009094
160	15.088699	118.53186	146.30034	-104.63549	792.0	0.69663084	17.108564	42.304615	-86.524185	644000	-0.04850563	600.1637	0.0	-76.59972	0.47070494	-1.4007091e-09	324.1645429134369
161	-8.821558	103.66663	99.67642	-126.286575	833.0	-0.16563086	21.296703	62.971794	-87.09424	648000	-0.03561993	433.133	0.0	-27.085648	0.44780797	6.67572e-09	327.220018863678
162	27.65803	99.16973	198.85292	-41.737293	919.0	-2.9303062	18.302092	65.75924	-31.690907	652000	-0.027553083	374.26666	0.0	-161.64851	0.45912948	7.1972606e-09	331.3577117919922
163	-37.991512	99.41255	110.876976	-169.1914	955.75	2.4374583	13.662155	68.92139	-86.146095	656000	-0.009385885	294.96497	0.0	-76.56188	0.45378458	-7.927418e-09	334.59606766700745
164	-25.42173	19.763252	8.125098	-42.709293	1000.0	-4.3706	10.322103	47.064133	-18.778025	660000	-0.05288855	23.14162	0.0	-3.6781955	0.45541465	5.945563e-09	337.89181900024414
165	-29.196678	41.041912	39.688866	-68.667435	1000.0	-1.9958713	15.758532	75.62703	-83.92825	664000	-0.020305578	158.09407	0.0	-90.254364	0.44001377	6.660819e-09	341.4317078590393
166	-20.171381	17.08356	5.5515656	-40.72403	1000.0	1.1858169	11.625462	67.81559	-14.334057	668000	-0.03418791	37.317394	0.0	-10.922843	0.4379481	-1.2367964e-09	344.50904273986816
167	-17.797672	110.61221	145.78905	-132.89574	889.75	5.69765	17.78063	68.55706	-11.8140135	672000	0.010676367	718.10535	0.0	-189.75305	0.42176142	1.8924475e-09	346.7027027606964
168	21.828018	79.62315	156.8509	-48.07847	949.25	1.1150676	21.455389	67.61464	-40.688965	676000	-0.027934115	101.118805	0.0	-27.042631	0.39677882	-3.5613776e-09	349.70001101493835
169	-14.180737	20.079338	6.817542	-44.822037	1000.0	-0.17991047	13.86024	59.542305	-15.322439	680000	-0.01017501	23.676792	0.0	-6.289855	0.4165103	-3.6656858e-09	352.6802587509155
170	23.867935	60.77152	127.64086	-26.704792	966.5	-0.15542871	16.551708	63.022472	-21.945053	684000	-0.03613851	40.9012	0.0	-8.176266	0.4142217	1.1563301e-08	355.7828137874603
171	50.52623	88.87823	150.6494	-56.68213	934.25	2.3188868	17.184963	70.221954	-14.8705845	688000	-0.040557567	104.65683	0.0	-25.767141	0.39927334	-4.0084123e-09	358.8819477558136
172	5.375718	78.32685	129.37613	-75.69664	867.0	4.1588507	16.907604	70.468025	-14.011131	692000	0.021992644	340.0703	0.0	-65.960594	0.40239447	-1.7434358e-09	361.6497437953949
173	23.606255	66.27717	138.1292	-21.654165	963.25	-0.62127054	16.407862	70.13776	-16.74176	696000	-0.03164627	118.206055	0.0	-38.1314	0.40503412	7.212162e-09	364.29655480384827
174	-21.09118	20.329947	-5.3560095	-55.37552	1000.0	1.9409845	14.411791	45.630707	-16.33964	700000	-0.003118039	51.79007	0.0	-24.919178	0.4095026	1.0326504e-08	367.4046678543091
175	-25.452232	79.34646	104.70746	-105.73463	939.75	1.6079446	19.130898	71.397545	-17.320793	704000	0.015290417	262.875	0.0	-88.291954	0.39900023	-2.8759242e-09	369.7461087703705
176	-25.492489	21.573078	-3.4375205	-49.784946	1000.0	-6.7599688	14.567323	37.841705	-19.195444	708000	-0.03222496	20.748283	0.0	-2.9215841	0.42666346	-1.5497208e-09	372.45051074028015
177	-45.566742	11.762636	-26.047665	-56.280785	1000.0	-6.273191	11.984969	28.194548	-18.369596	712000	-0.032289926	14.69569	0.0	-1.5169125	0.42823225	-4.9918887e-09	375.53104877471924
178	-40.117718	20.68012	-6.328977	-57.318207	1000.0	-6.7179813	11.717739	34.605457	-18.854334	716000	-0.032376885	15.120447	0.0	-1.2639027	0.43727496	5.826354e-09	378.41926884651184
179	-43.562057	12.23312	-22.92881	-54.21768	1000.0	-6.7117696	12.110222	26.861887	-18.508175	720000	-0.018868228	32.968697	0.0	-5.758152	0.43758607	0.0	380.91633582115173
180	-37.27816	17.73358	-10.990305	-57.6493	1000.0	-6.5671797	14.479765	45.076332	-18.567833	724000	-0.019585289	16.310287	0.0	-4.271913	0.43326992	6.258488e-09	383.8858208656311
181	-33.124584	19.112879	-1.2934172	-50.390217	1000.0	-6.5858936	12.69403	34.577393	-17.799267	728000	-0.052406244	14.313311	0.0	-3.5617998	0.4293	-1.245737e-08	387.137375831604
182	-30.680399	35.52741	11.810864	-86.320206	1000.0	-5.1259513	16.378065	46.352104	-18.095854	732000	-0.047262087	18.758478	0.0	-1.3912745	0.41631144	8.955598e-09	390.6780958175659
183	-23.653366	23.585394	13.373725	-44.352646	1000.0	-6.4612765	14.378985	44.623264	-18.60023	736000	-0.022620061	23.036528	0.0	-3.9378638	0.42348608	-1.1324882e-08	393.91034865379333
184	-8.040092	18.748127	10.829477	-38.41823	1000.0	-6.645186	16.108994	49.10798	-18.421494	740000	-0.025802543	44.741142	0.0	-12.194789	0.39889464	3.3676621e-09	396.58652901649475
185	-9.9672985	2.7228668	-5.814605	-12.717997	1000.0	-5.548059	16.516392	52.053535	-18.587173	744000	-0.022548571	29.52887	0.0	-6.590246	0.4201951	-2.220273e-09	399.350213766098
186	-32.690792	30.626957	-2.4544287	-83.19733	1000.0	-7.321971	13.976635	39.973206	-18.569332	748000	-0.04037688	23.969854	0.0	-6.2202992	0.43592432	1.3560058e-09	403.09795093536377
187	-48.190746	16.567492	-22.58933	-63.21657	1000.0	-8.301767	13.632123	38.544334	-19.15733	752000	-0.030189866	15.385958	0.0	-3.2911267	0.45440495	5.125999e-09	406.1579918861389
188	-27.477798	11.464014	-12.916216	-43.57503	1000.0	-8.733921	13.981093	48.51547	-19.212652	756000	-0.030252073	24.82202	0.0	-4.77728	0.45861557	-6.556511e-09	409.36947774887085
189	-13.473195	26.3116	6.8691864	-57.99091	1000.0	-9.03781	14.4614525	45.941765	-19.878635	760000	-0.024433294	57.251163	0.0	-16.721973	0.4548056	1.0251999e-08	413.05351090431213
190	-15.41758	18.359823	11.768857	-39.99024	1000.0	-9.829969	14.217848	50.673737	-20.021322	764000	-0.023757054	91.81123	0.0	-18.61287	0.45970678	-4.61936e-09	416.28035974502563
191	6.423312	21.136116	30.623158	-17.22784	1000.0	-8.099476	14.921433	41.11333	-21.725452	768000	-0.026698753	87.46907	0.0	-34.69104	0.48159665	4.5895576e-09	420.0362617969513
192	3.1852682	10.235793	17.904154	-9.858801	1000.0	-10.294532	19.457684	60.031097	-28.174929	772000	-0.015199301	63.872124	0.0	-28.630993	0.4682331	3.5166743e-09	423.29456782341003
193	53.386112	90.67969	210.22649	-41.000587	500.33334	1.0776731	29.018677	78.962296	-77.26878	776000	0.008942347	797.1395	0.0	-412.43054	0.4492703	-1.5795231e-09	426.55751395225525
194	165.26991	106.98349	231.94218	-94.71194	473.0	9.546203	22.05843	66.3541	-46.104378	780000	-0.017662754	1044.8049	0.0	-627.13324	0.44665092	2.9802383e-11	428.6864547729492
195	81.93963	176.215	270.0814	-284.7889	299.16666	23.352205	26.063147	83.29657	-79.696	784000	0.04676153	1484.955	0.0	-638.3346	0.4495477	-4.172325e-09	430.3735158443451
196	165.11185	180.6003	278.22162	-290.86993	361.0	32.46291	28.45802	83.93989	-76.16896	788000	0.03563931	1002.89136	0.0	-260.06696	0.47527972	6.556511e-10	432.1218297481537
197	174.09782	131.87582	268.10547	-133.94298	461.14285	50.399853	29.340681	86.2223	-88.243286	792000	-0.015976653	1453.165	0.0	-947.81885	0.51172006	1.8477437e-09	434.0615668296814
198	159.1665	130.59724	257.50684	-55.01723	300.4	33.103462	17.969591	67.827156	-92.494484	796000	-0.05109861	913.1191	0.0	-287.88312	0.48814636	-2.3841857e-09	435.6722867488861
199	207.69711	71.67506	266.41235	0.19893986	316.6	38.04921	19.138563	75.638794	-77.44722	800000	-0.036084633	575.86426	0.0	-168.22939	0.47978288	-5.185604e-09	437.1592848300934
200	205.71011	95.202835	271.05396	-41.85339	287.53845	47.84981	15.37472	76.59536	-52.494946	804000	-0.033129107	801.96814	0.0	-328.38803	0.4958589	1.5795231e-09	438.6538779735565
201	157.41826	147.04219	271.50134	-180.11496	297.91666	52.5085	21.663946	86.757576	-75.476944	808000	0.0009932369	1330.7617	0.0	-751.15295	0.48977906	7.3313715e-09	440.56272983551025
202	198.39955	110.8396	289.56305	-35.876724	253.28572	56.580444	20.636898	95.456375	-74.39758	812000	-0.013862372	461.41473	0.0	-214.15472	0.46446484	-5.364418e-09	441.91562271118164
203	226.71901	92.49346	298.6549	-19.777266	263.2	60.830032	21.647614	91.677	-94.02479	816000	0.028474148	402.03302	0.0	-134.63425	0.42292345	-2.3245814e-09	443.27002596855164
204	230.46321	81.9466	283.52484	-49.392315	275.92307	66.89116	16.097532	96.17931	-72.600845	820000	-0.002250613	202.02826	0.0	-42.013275	0.41176116	3.4868717e-09	444.6677768230438
205	230.63702	69.303955	303.19672	27.372778	329.0909	60.34439	18.458145	96.27757	-37.027817	824000	-0.04513637	976.4447	0.0	-721.4003	0.44979513	-7.4803825e-09	446.11876368522644
206	229.314	85.79449	312.6014	-16.063997	250.93333	69.986496	14.122059	96.47174	-57.36655	828000	-0.0009543691	474.11264	0.0	-182.5292	0.36109757	-1.0877848e-08	447.37169575691223
207	228.74248	91.69356	284.08298	-35.785492	253.86667	69.064804	20.462566	98.32176	-67.28755	832000	0.021907633	326.63138	0.0	-77.817894	0.35598215	1.7881392e-10	448.66295194625854
208	238.62227	67.63295	315.3267	28.95937	270.2143	68.79844	16.69906	100.00826	-102.252846	836000	-0.009705981	749.315	0.0	-168.79814	0.34787616	4.0233128e-10	450.1074957847595
209	232.95053	71.024925	299.20715	41.620026	242.4375	67.82457	17.30741	99.745155	-72.627625	840000	0.008393722	269.19522	0.0	-88.487686	0.36415157	1.0281802e-09	451.3446536064148
210	221.52097	83.71379	287.34348	15.617005	257.92856	70.98075	16.70555	101.62742	-36.647453	844000	-0.0043488704	781.2808	0.0	-198.33716	0.3381812	-4.11272e-09	452.65231680870056
211	178.77898	119.135315	295.58783	-14.020417	244.66667	62.603733	16.302181	101.89129	-52.01432	848000	0.011017113	2051.5085	0.0	-433.34918	0.345458	-7.3760744e-09	453.93453884124756
212	171.48898	107.390175	279.07788	-8.736081	263.0	52.910374	24.998796	100.64016	-98.02564	852000	-0.017212523	1511.5994	0.0	-425.2909	0.29056123	-5.8859584e-09	455.1731367111206
213	77.63431	134.73863	280.02966	-77.40174	226.0	42.326797	33.735374	98.17284	-108.06546	856000	0.0099151265	3579.3792	0.0	-1800.2572	0.31619686	2.8312206e-09	456.40868186950684
214	152.73589	126.70106	294.46115	-42.320805	235.9375	22.090696	41.633904	99.53098	-103.52281	860000	-0.014349565	2479.152	0.0	-1003.31665	0.29669836	4.6789648e-09	457.614697933197
215	115.42207	120.94319	269.68484	-29.183393	290.76923	43.333675	25.526127	101.206894	-98.1834	864000	-1.2796372e-05	1924.9033	0.0	-751.90656	0.38881016	4.61936e-09	458.899222612381
216	95.97872	144.19994	287.1189	-93.58388	239.25	30.44911	39.879436	101.1251	-110.21649	868000	-0.018112209	2240.8657	0.0	-415.08478	0.29940775	4.9173834e-09	460.1940357685089
217	124.39315	126.419586	262.23785	-39.72956	218.76471	25.246477	39.717873	100.63613	-109.61375	872000	-0.008978741	2163.9639	0.0	-774.8284	0.31324583	-2.4884936e-09	461.46359181404114
218	144.23517	125.287346	276.35104	-42.54576	257.53333	42.414585	29.627441	99.62551	-97.00285	876000	-0.019653205	1695.1663	0.0	-172.77795	0.28342262	5.871058e-09	462.77449083328247
219	172.60732	122.98099	286.3003	-47.818924	268.7857	41.304928	30.575811	100.03919	-105.24704	880000	0.017527224	1671.6553	0.0	-251.06604	0.27910793	7.301569e-10	464.0140657424927
220	150.95708	135.64809	279.91483	-88.69219	277.92856	45.073196	29.942905	101.273994	-106.24014	884000	0.013554111	1775.9015	0.0	-155.38507	0.2635484	7.554888e-09	465.3840208053589
221	114.44757	138.68266	292.31494	-33.56111	242.75	33.782063	33.034115	101.562546	-108.888504	888000	0.009274882	1874.7454	0.0	-403.78778	0.26252848	-6.765127e-09	466.633181810379
222	104.41422	131.29836	279.99927	-68.15286	233.75	26.251102	36.522156	102.71273	-111.94531	892000	0.01009235	1655.4132	0.0	-248.5744	0.27845478	8.046627e-09	467.85577487945557
223	135.50789	136.53116	290.94388	-60.121853	290.66666	38.753353	36.932014	103.86539	-113.249435	896000	-0.0003313683	1554.3625	0.0	-475.92627	0.24538937	1.0430814e-09	469.2529947757721
224	118.63292	113.732666	263.91107	-32.405777	244.71428	31.294647	36.490425	102.36781	-111.59047	900000	0.013354332	1054.1616	0.0	-137.02643	0.26522732	1.4856457e-08	470.54273772239685
225	143.42282	131.5512	282.44553	-76.2396	260.14285	42.519455	32.37397	103.85319	-109.563896	904000	-0.034162134	1938.8828	0.0	-403.5645	0.28251195	-4.8279762e-09	471.83928394317627
226	127.79834	117.32297	259.38086	-44.948315	262.13333	36.771492	32.50707	105.00334	-108.79288	908000	-0.011014594	1791.2448	0.0	-322.99316	0.26845455	-7.7486035e-09	473.15057373046875
227	154.925	115.94615	271.28638	-7.202573	264.14285	33.271378	35.095085	102.05346	-111.57794	912000	0.011565019	1452.4375	0.0	-301.92783	0.25833073	1.1771919e-09	474.511109828949
228	152.23618	125.25269	285.48303	-28.679253	244.5625	43.23451	31.01822	95.24296	-109.94623	916000	0.048123583	1251.7915	0.0	-473.4021	0.23818447	-9.208918e-09	475.76856780052185
229	122.39813	117.980736	257.74673	-54.985493	220.05882	40.000088	34.820244	109.83016	-112.79618	920000	-0.0046590995	1320.1334	0.0	-264.48795	0.28060442	-8.4936624e-10	477.0275287628174
230	76.89259	124.78981	290.82727	-63.915485	228.94118	40.876186	39.481915	109.74974	-112.40851	924000	0.0014787372	2450.2776	0.0	-1107.7642	0.2485469	1.0430812e-10	478.27056097984314
231	94.81357	136.73134	276.87967	-72.87344	226.375	19.310156	44.84624	105.58869	-111.862816	928000	0.020937407	1721.0271	0.0	-462.5199	0.28410202	-6.8694357e-09	479.4860098361969
232	97.81119	123.69935	275.4886	-57.84818	215.27777	22.959785	49.875965	109.7722	-110.60472	932000	-0.011429897	1868.9241	0.0	-437.23102	0.28307605	9.3877315e-09	480.7440538406372
233	64.504585	124.929756	256.60657	-60.275143	206.77777	21.462473	41.41278	103.465744	-111.91342	936000	0.017208984	1839.4237	0.0	-241.31256	0.25727773	-2.3692848e-09	481.89151883125305
234	78.11028	128.81343	270.33478	-66.80921	210.11765	18.860735	40.33392	107.80312	-111.52123	940000	-0.0075360946	2369.6196	0.0	-434.1374	0.2549462	-5.7816503e-09	483.0283668041229
235	100.663216	133.91599	297.83792	-47.89051	211.64706	33.409145	36.978764	96.65843	-105.903496	944000	0.032247216	1784.6929	0.0	-202.9018	0.23549089	8.940697e-09	484.2117648124695
236	40.962376	109.983086	239.65958	-85.28686	207.73685	21.676626	38.448433	98.14547	-109.8077	948000	0.014021135	2526.52	0.0	-790.605	0.26111698	9.23872e-09	485.3442497253418
237	2.9130204	97.06093	226.8375	-100.66525	189.75	1.5169178	41.679123	78.62096	-112.26819	952000	-0.023503283	1806.4968	0.0	-442.1015	0.30238008	5.066395e-10	486.53244972229004
238	50.982273	135.93596	288.86472	-183.85783	220.35294	0.29469988	44.98358	85.735794	-110.52469	956000	0.008447345	2564.0627	0.0	-768.08105	0.2516637	3.0249356e-09	487.7379536628723
239	-7.2644577	110.741356	263.01993	-131.27875	227.75	11.699282	39.11082	86.69525	-111.09643	960000	0.0012202167	1796.2075	0.0	-825.066	0.2671156	5.8114535e-10	488.96656584739685
240	12.842364	106.66144	209.26665	-83.95439	227.3125	-5.6567254	39.18439	75.2901	-114.073906	964000	-0.03328412	1727.7474	0.0	-591.86206	0.28572196	-9.283424e-09	490.22542572021484
241	-36.0313	59.41799	194.52162	-99.284904	204.8421	-10.543742	39.069027	72.12787	-114.7129	968000	0.019764615	1123.4778	0.0	-390.7558	0.30283108	-1.341105e-10	491.35240864753723
242	8.21543	90.11771	219.70422	-71.645065	243.5	-18.137667	37.977425	67.83542	-114.85895	972000	-0.025165945	1326.2744	0.0	-245.24869	0.27044168	1.6391288e-10	492.5777668952942
243	20.51288	104.6076	236.25188	-88.90975	253.53334	-2.4264238	37.20454	75.687256	-107.57257	976000	-0.025450435	1392.761	0.0	-230.69284	0.26797456	-9.2387187e-10	493.8825149536133
244	37.74818	137.38754	215.37848	-191.98102	314.83334	5.047886	35.932568	80.39046	-111.64975	980000	0.008139597	1911.17	0.0	-593.1496	0.2649427	1.937151e-10	495.329482793808
245	51.006725	125.200836	243.67184	-77.789	307.75	3.0569472	29.056059	79.68023	-112.13982	984000	-0.024883918	1862.4025	0.0	-667.9711	0.26283926	-1.564622e-09	496.7226827144623
246	65.28515	143.87273	264.71985	-93.59228	316.72726	12.792829	30.7707	85.55205	-89.142044	988000	0.0060514463	1853.6724	0.0	-485.17053	0.25064084	-1.7136335e-09	498.15900182724
247	4.2157574	98.503746	190.35957	-75.34391	317.55554	18.289635	30.021357	83.94355	-103.35157	992000	0.0021983702	1170.908	0.0	-366.86984	0.28064907	2.3841857e-09	499.77029180526733
248	49.962112	144.1729	262.45602	-107.757904	359.4	6.957266	24.950922	73.5018	-93.84036	996000	-0.0057782778	1043.759	0.0	-207.97552	0.24969907	6.571412e-09	501.2828278541565
249	86.276596	133.19736	267.4943	-100.48544	445.5	18.061674	28.427412	74.3599	-91.99397	1000000	-0.00044703763	1378.3501	0.0	-429.37317	0.21169204	-2.30968e-09	502.8686456680298
250	169.77376	110.84669	270.0783	-66.72748	521.1667	14.678043	20.594505	68.41471	-74.40138	1004000	-0.0032745502	1019.9225	0.0	-561.97974	0.21729675	3.1590461e-09	504.6307089328766
251	100.11929	135.96214	222.37347	-91.8999	629.3333	21.415123	20.74234	77.7665	-101.82464	1008000	0.012774587	666.6564	0.0	-242.32549	0.22347471	3.1143426e-09	506.72342562675476
252	41.383095	109.8548	160.35309	-70.14527	732.75	7.2698193	24.156652	66.694954	-99.503876	1012000	0.004177305	874.78436	0.0	-298.60873	0.21636787	-4.440546e-09	508.64261388778687
253	53.09224	90.961914	168.47974	-60.239037	759.25	2.0275083	19.022902	76.71106	-55.588776	1016000	-0.008545818	407.05225	0.0	-78.52477	0.23348838	1.7881407e-10	511.2197937965393
254	26.272985	81.19751	166.44461	-30.19977	974.0	1.3687389	18.443844	74.47071	-26.090862	1020000	-0.0119427	102.914185	0.0	-23.81779	0.2239311	-7.2121615e-09	514.1077308654785
255	-58.668503	40.103252	7.959875	-92.43824	840.0	-1.4612899	15.571253	58.688736	-99.51791	1024000	0.011030765	408.64172	0.0	-60.191036	0.23273158	-5.6624416e-10	516.4015028476715
256	49.27896	72.22704	167.883	-25.80222	971.0	-2.834447	21.674715	73.38659	-48.17022	1028000	0.0071357437	224.28276	0.0	-85.87738	0.23534648	1.4901161e-09	518.9114806652069
257	91.56942	91.41338	207.98235	0.5446428	936.75	6.8335176	23.816933	80.9754	-22.296827	1032000	-0.0020969366	144.67917	0.0	-45.47386	0.22692312	1.1920929e-09	521.9374237060547
258	70.46524	62.14582	154.01306	-19.834976	975.25	13.475963	29.743738	81.98509	-18.848501	1036000	0.043444946	437.1247	0.0	-253.54205	0.20086083	1.1920931e-10	524.4960136413574
259	22.937492	98.197754	181.42387	-87.73066	944.75	3.2696989	17.190697	67.94084	-89.88961	1040000	-0.01851962	326.99274	0.0	-90.50133	0.223111	6.7800285e-09	526.9579157829285
260	37.514416	80.4546	171.9423	-32.754112	995.25	-2.8571396	15.617568	74.655495	-18.79133	1044000	-0.005183485	219.7089	0.0	-96.37146	0.22077894	-7.7784055e-09	529.7661817073822
261	-6.9668045	68.1196	101.8177	-83.20653	995.75	1.0544317	17.045004	80.79816	-34.742397	1048000	0.017255312	436.6316	0.0	-146.40103	0.20820028	8.642673e-10	532.6286556720734
262	156.34903	38.96035	195.30772	112.57694	860.0	4.1823177	16.303501	73.784325	-21.404207	1052000	-0.03816978	477.52466	0.0	-380.51184	0.22035803	3.9935113e-09	535.1036117076874
263	130.00316	77.84207	199.4998	3.4972436	873.75	14.972272	24.012512	82.662285	-17.36011	1056000	-0.00014248956	161.35678	0.0	-41.404324	0.21806613	2.4735929e-09	537.7021996974945
264	128.2361	82.333565	182.68275	-14.134892	826.0	12.722471	20.935488	81.5085	-59.30583	1060000	0.013767193	407.26367	0.0	-114.72733	0.23154078	-2.592802e-09	540.3731098175049
265	179.45218	14.233792	202.74934	166.30748	766.25	10.853068	18.700474	79.752754	-15.200922	1064000	-0.019489815	140.91763	0.0	-75.99298	0.2263459	3.1739473e-09	542.6902499198914
266	197.33966	17.00326	212.98178	171.39032	699.75	19.124117	24.11231	83.46876	-14.450718	1068000	0.0018819543	121.498535	0.0	-40.81467	0.22514817	-1.1920929e-09	544.9291348457336
267	167.42705	90.09711	241.2083	-7.8910413	644.6	25.167942	22.723757	83.627335	-11.926721	1072000	0.0018005809	421.40063	0.0	-96.95153	0.2539772	-2.4437905e-09	547.1086988449097
268	168.66953	21.620144	205.72398	153.67	768.75	13.634805	20.345184	80.92115	-14.114046	1076000	-0.015969874	100.25215	0.0	-29.704433	0.23698285	4.783273e-09	549.7113556861877
269	195.8724	13.684008	210.11896	176.21558	769.25	17.96281	24.082537	83.520065	-13.834157	1080000	0.0011758553	69.26726	0.0	-14.457865	0.24591222	-2.1010638e-09	551.9652707576752
270	176.60449	32.07165	230.87352	152.32718	770.5	16.552547	22.968824	84.59483	-9.987373	1084000	-0.00056125503	136.18799	0.0	-36.320885	0.2431126	3.7699937e-09	554.4349246025085
271	200.96631	13.756486	223.98859	190.14108	694.5	15.48495	21.97801	84.61047	-12.000791	1088000	-0.0037011048	239.82404	0.0	-142.41214	0.25811303	1.9371509e-09	556.6985137462616
272	201.93364	16.078854	222.49127	178.39226	610.8333	23.892252	24.982216	85.46413	-3.676993	1092000	-0.00609932	71.02311	0.0	-36.915356	0.25409347	-8.2850455e-09	559.1200540065765
273	173.04576	112.392166	238.84981	-76.990715	539.0	28.099173	24.424713	85.61106	-70.17965	1096000	0.019297449	627.0551	0.0	-161.64752	0.24938414	8.940697e-10	560.9163436889648
274	127.47257	108.00416	223.10735	-42.666584	498.2857	21.959766	20.792007	85.152016	-84.16538	1100000	0.007331323	842.88885	0.0	-203.65839	0.25319064	3.9339065e-09	562.9416017532349
275	65.62495	162.6107	259.69476	-269.10052	376.22223	24.285694	24.30207	91.05513	-87.53227	1104000	-0.017751815	1787.7827	0.0	-506.24014	0.2695509	-2.0116568e-09	564.6144607067108
276	123.66988	135.175	252.70964	-83.15003	417.875	17.441505	22.48945	82.45336	-108.017	1108000	0.00543728	1362.9543	0.0	-439.0144	0.26848435	1.1920929e-09	566.2508788108826
277	128.70195	277.74728	255.81403	-654.4437	396.66666	26.86702	25.00078	89.69897	-106.55081	1112000	-0.0086236885	4212.7583	0.0	-1272.8408	0.22715425	3.2782554e-10	567.898946762085
278	110.47915	228.34126	259.92206	-500.33267	370.5	34.85963	29.062626	95.48404	-107.81311	1116000	-0.000849111	2399.668	0.0	-749.283	0.25987303	-4.2021275e-09	569.3774247169495
279	60.040356	245.3629	250.1185	-590.8662	353.7	30.470335	31.44689	98.86897	-122.99355	1120000	0.008447095	2740.8596	0.0	-592.23724	0.25170195	1.1146069e-08	570.9961037635803
280	214.97293	94.72529	288.17337	-56.634342	360.7	31.697426	30.616932	95.53025	-121.3236	1124000	0.003604928	970.5914	0.0	-647.6154	0.2507393	3.0994416e-09	572.4701507091522
281	211.15085	78.4734	269.0401	-7.839445	403.22223	40.87787	24.577412	94.26496	-120.87214	1128000	0.017824547	568.9501	0.0	-187.50179	0.22801796	-1.952052e-09	573.9624388217926
282	171.63913	119.85614	291.65164	-53.40079	345.77777	45.091	26.314434	108.387535	-106.030785	1132000	-0.0031972025	1747.3572	0.0	-761.64197	0.2909155	1.3858079e-09	575.5478827953339
283	217.54854	86.14634	293.4444	-25.16017	360.9	36.13886	21.559216	82.74585	-113.07342	1136000	-0.01048027	865.13403	0.0	-342.33502	0.21774116	9.089709e-10	577.0242328643799
284	144.88019	137.95828	277.21246	-80.93721	334.63635	38.586323	22.794287	80.63297	-116.774185	1140000	-0.0011122692	1435.7019	0.0	-307.51987	0.2425869	8.687377e-09	578.4832897186279
285	165.78911	142.14833	294.5335	-122.966156	344.27274	40.52638	23.331743	84.34192	-116.61722	1144000	0.027579028	1527.931	0.0	-812.1416	0.22701493	1.5035273e-08	579.9555928707123
286	234.11142	17.467388	265.60764	200.94498	340.1	28.876806	28.182215	73.79448	-120.73717	1148000	-0.058166772	1155.8958	0.0	-852.813	0.23546562	2.026558e-09	581.4882597923279
287	175.02196	113.84278	280.9833	-61.24126	347.63635	49.348534	24.119053	94.939545	-114.635284	1152000	0.010709114	1122.7947	0.0	-356.371	0.221883	1.2367963e-09	583.0526359081268
288	180.81068	120.31861	306.20148	-52.093872	382.2	45.02515	28.267118	87.78771	-117.39035	1156000	-0.022263512	1154.5466	0.0	-463.5188	0.23618016	-5.453825e-09	584.657232761383
289	191.38359	71.87586	265.94513	-10.004131	342.5	37.926033	24.081182	79.759346	-77.7217	1160000	-0.00840903	678.4862	0.0	-211.7788	0.22932348	2.0861626e-09	586.2336168289185
290	192.87617	118.76646	296.8298	-60.250774	325.36365	49.10008	19.235308	78.855804	-63.72901	1164000	-0.014383355	1194.4592	0.0	-251.35432	0.23819074	-4.61936e-09	587.6081919670105
291	129.48631	133.7624	253.7338	-98.50127	327.54544	34.493984	22.182137	85.93603	-93.78884	1168000	0.0032919142	1288.2992	0.0	-314.8255	0.23837678	-3.8295984e-09	589.0481657981873
292	183.24338	113.86342	286.72906	-45.56243	344.4	35.644314	27.300745	81.28814	-92.13233	1172000	0.0036166944	722.25964	0.0	-95.04422	0.22596268	1.1786819e-08	590.5697567462921
293	103.92114	140.00554	307.3747	-109.97616	314.3	36.607212	29.746433	82.44468	-107.08806	1176000	-0.013619075	1737.3308	0.0	-727.4984	0.2852494	-4.708767e-09	592.406724691391
294	55.12979	136.72063	244.11783	-104.81754	356.5	19.499031	36.334805	81.07096	-111.588234	1180000	0.015366471	1283.3755	0.0	-282.33954	0.23949768	2.8908251e-09	594.0057079792023
295	228.55856	44.446293	293.1004	153.43944	363.0	29.425755	33.44823	80.74891	-111.55021	1184000	-0.011885817	1155.0239	0.0	-926.67334	0.20838416	-1.8030405e-09	595.554182767868
296	114.54538	156.96503	284.25662	-94.25175	405.22223	47.62437	23.565971	94.91268	-81.19368	1188000	0.042490877	2114.9734	0.0	-1584.6202	0.19907413	-5.2005054e-09	597.1172027587891
297	182.33437	132.15471	291.8791	-77.552345	349.8	19.133188	37.404335	70.67666	-106.55482	1192000	-0.03540082	1283.574	0.0	-569.51483	0.23329967	-5.4985283e-09	598.5586879253387
298	227.70169	50.203255	290.70786	129.66637	398.5	44.49991	31.045954	80.457565	-35.162174	1196000	0.05523983	1118.1938	0.0	-743.9786	0.17757171	8.642673e-09	600.3570928573608
299	159.5243	124.63078	274.229	-79.95874	380.66666	29.492382	27.510363	79.00898	-98.286125	1200000	-0.04054081	914.88153	0.0	-330.0921	0.23879206	5.379319e-09	601.9728827476501
300	186.12901	101.841194	293.7895	-53.318592	386.33334	32.758892	27.919725	77.87268	-34.677357	1204000	0.006191302	497.7041	0.0	-157.38089	0.23547956	-9.685754e-10	603.7416756153107
301	143.22743	125.108795	281.6068	-82.86135	491.5	27.811415	27.496195	81.62856	-88.03042	1208000	-0.0006368505	765.0448	0.0	-175.1718	0.18934108	-1.4454127e-09	605.838211774826
302	60.167767	143.30865	206.62117	-164.33253	423.75	10.981976	26.225504	70.326324	-93.87882	1212000	-0.0017787039	1160.0337	0.0	-336.99973	0.22636956	8.9406926e-11	607.4948518276215
303	30.43887	146.18906	262.4122	-106.01674	468.625	19.853468	31.446192	81.32662	-104.70903	1216000	-0.013300179	1367.7089	0.0	-722.73645	0.26585025	2.1457671e-09	609.2856860160828
304	66.253204	142.57988	263.5356	-86.20164	430.8889	6.0209055	33.275146	69.71813	-108.22976	1220000	-0.011249474	698.9575	0.0	-117.16171	0.23712333	4.2766333e-09	611.0283577442169
305	69.285065	135.09616	236.00273	-80.10357	463.625	-7.2670875	32.941025	62.88512	-97.4517	1224000	-0.04761754	1227.6052	0.0	-618.8978	0.2468996	6.169081e-09	612.7839176654816
306	143.21193	96.24057	201.2145	-69.69819	569.6667	14.269432	29.611689	75.24452	-96.508255	1228000	-0.0039436873	818.9575	0.0	-301.33356	0.2318494	-8.642674e-10	614.7596998214722
307	53.004093	135.54697	251.28017	-86.684975	456.75	14.522087	21.485613	68.34888	-111.42464	1232000	-0.0074915667	1099.6449	0.0	-699.39703	0.26896164	1.2516979e-09	616.6639318466187
308	58.106068	132.32986	203.10153	-111.219574	588.5	0.76251554	32.261395	70.021416	-105.825554	1236000	-0.012055558	1463.717	0.0	-776.0443	0.2512775	-3.5911798e-09	618.7324175834656
309	52.58478	122.513725	192.35059	-89.528564	602.0	5.999364	23.606985	72.41063	-96.65046	1240000	-0.018352227	719.2865	0.0	-152.96556	0.268892	5.7965517e-09	620.828697681427
310	87.11151	141.48671	237.29059	-113.08561	590.6667	0.6951576	22.259161	67.79151	-62.723366	1244000	-0.01693291	892.521	0.0	-455.4805	0.25410366	-7.0631505e-09	623.0940899848938
311	187.00427	20.922747	211.30833	160.75821	697.25	12.11967	29.378366	78.202995	-44.678326	1248000	-0.038122058	169.46747	0.0	-108.54075	0.25187203	2.8163196e-09	625.4309649467468
312	173.8753	33.59374	224.56253	130.34846	697.25	18.107515	27.733831	91.74299	-21.297749	1252000	-0.013512607	68.15133	0.0	-17.897598	0.26130176	-5.6177374e-09	627.4660427570343
313	131.41154	99.58532	228.14247	-58.742176	690.2	20.203081	27.044102	91.27319	-62.315292	1256000	-0.005270253	311.29892	0.0	-96.93171	0.25039333	1.3560055e-09	629.8499739170074
314	159.78583	37.01775	195.22423	97.60577	828.5	13.862217	26.5276	90.63469	-66.07991	1260000	-0.018037535	331.15262	0.0	-158.2311	0.2561924	6.4224004e-09	632.4563257694244
315	132.14368	70.58592	204.33214	15.485461	864.0	15.757252	21.145721	86.16693	-36.45662	1264000	0.0006208694	227.70674	0.0	-75.22319	0.26446357	2.6822095e-10	635.0796387195587
316	177.04237	10.183398	187.93677	165.80528	765.25	12.301939	22.81331	85.99662	-18.668343	1268000	-0.034347113	89.967606	0.0	-36.41935	0.25428474	3.784895e-09	637.8213827610016
317	116.74192	111.22883	210.38232	-60.83503	563.0	18.829287	25.929914	98.49224	-75.61111	1272000	-0.015371698	291.0465	0.0	-107.3659	0.26316082	1.3709069e-09	640.1818706989288
318	65.03849	126.02048	224.07614	-80.32903	476.33334	5.6974006	24.477573	94.294846	-81.68282	1276000	-0.019039294	725.4939	0.0	-157.09717	0.27280545	-5.7965517e-09	642.5454609394073
319	162.89043	91.33157	240.33597	-32.777863	553.1667	14.7376	25.033981	92.89494	-91.948586	1280000	-0.010773594	776.093	0.0	-334.96948	0.27392864	0.0	645.0853667259216
320	77.03175	133.90205	240.89404	-68.13176	364.2	25.105606	23.046427	91.10248	-87.8277	1284000	0.0036373194	1225.0776	0.0	-191.3468	0.25707886	8.702278e-09	646.6871447563171
321	26.767237	132.83186	246.9844	-96.37614	372.1	19.026072	21.020554	77.72729	-110.01334	1288000	0.010368212	2140.7764	0.0	-953.9936	0.2853881	-5.0961972e-09	648.4217278957367
322	24.212025	127.091415	256.96884	-94.39913	335.54544	7.753171	29.515673	88.16094	-112.75576	1292000	-0.032833543	1129.0884	0.0	-346.92233	0.2622401	-3.933906e-09	650.1612148284912
323	-13.301579	137.45634	257.92206	-249.68867	315.75	2.3323157	28.825777	77.2426	-93.69771	1296000	-0.024743542	1326.3373	0.0	-357.35855	0.275717	-2.3841862e-10	652.0107047557831
324	-65.339424	116.285934	172.65134	-191.66734	357.9	-6.8277636	32.257217	79.58681	-97.91175	1300000	0.027782585	1376.4019	0.0	-401.95837	0.31459004	-9.536744e-10	653.5580768585205
325	-78.60184	98.93634	152.31912	-167.00465	282.6154	-17.708052	19.371454	47.20381	-127.461	1304000	-0.04335924	1391.8652	0.0	-596.2352	0.3333689	-4.768368e-10	654.9485898017883
326	-122.25179	54.16364	33.626446	-284.62714	213.72223	-15.606684	44.170902	88.575386	-107.6722	1308000	-0.054969702	1478.6674	0.0	-906.29895	0.38778773	4.2021275e-09	656.54798579216
327	-136.30441	21.270937	-80.4357	-166.89821	186.65	-44.31281	25.920418	23.369093	-96.606544	1312000	-0.008948741	345.52722	0.0	-141.26367	0.35814494	3.5613774e-09	657.7082228660583
328	-155.93661	22.269573	-103.393295	-191.74428	166.52174	-54.472702	27.131435	14.873968	-106.283554	1316000	0.031491876	247.79669	0.0	-112.87647	0.36853376	-7.554888e-09	658.888730764389
329	-163.7396	23.379343	-121.13514	-217.21748	155.6	-64.12332	24.380638	3.3364668	-115.49651	1320000	0.038934648	240.82655	0.0	-96.95489	0.3802339	5.26011e-09	660.0213398933411
330	-165.33424	24.510818	-112.43194	-212.67601	173.90909	-64.83032	22.475681	6.878141	-110.40056	1324000	-0.002889853	142.2305	0.0	-40.736942	0.3742813	6.3776966e-09	661.1702737808228
331	-162.58267	24.766804	-111.338974	-205.55281	200.0	-61.870514	29.426058	12.395048	-105.713425	1328000	-0.033800434	119.87724	0.0	-44.433525	0.35644463	5.155802e-09	662.4031457901001
332	-177.5245	22.929712	-140.6017	-218.46606	184.8	-72.101326	24.127354	8.9025	-104.29522	1332000	-0.012354119	60.301285	0.0	-9.8117695	0.38129956	-1.1235476e-08	663.6138648986816
333	-158.06628	18.863577	-127.72295	-196.88284	193.15	-70.91302	25.716362	13.893593	-105.86488	1336000	-0.049360566	118.152695	0.0	-71.86773	0.36255738	8.3148475e-09	664.8178267478943
334	-156.59938	22.586063	-112.516556	-186.77708	204.61111	-64.37268	30.939423	35.719593	-106.90171	1340000	-0.038707294	36.688694	0.0	-9.394767	0.37261903	-6.750226e-09	666.0038018226624
335	-154.48053	24.630629	-94.11008	-190.216	209.64706	-65.09392	29.44926	30.901426	-103.891716	1344000	-0.023534961	92.1837	0.0	-42.82242	0.35330588	-2.2500752e-09	667.2294416427612
336	-146.04509	21.522196	-103.144104	-185.05865	267.57144	-54.893055	33.577614	48.72941	-97.535484	1348000	-0.041816905	60.039696	0.0	-27.096348	0.34369946	2.3841855e-09	668.6430988311768
337	-128.97008	14.903438	-103.74998	-153.27606	335.9091	-49.434795	36.843483	38.277687	-102.4575	1352000	0.015893798	195.09927	0.0	-111.38246	0.31461835	-1.4454127e-09	670.2055327892303
338	-120.90053	16.61596	-89.10535	-158.58075	270.64285	-47.91175	29.241787	47.928883	-92.70992	1356000	-0.061594404	119.40491	0.0	-60.391632	0.31739417	-4.61936e-09	671.8241047859192
339	-49.371582	119.21784	246.84654	-147.13663	314.54544	-31.182438	35.918953	62.242435	-93.09037	1360000	-0.034233183	946.6615	0.0	-450.6755	0.27513698	3.0994416e-09	673.3161218166351
340	-47.098125	133.6286	223.21465	-149.2049	352.55554	-15.936911	38.572414	90.83957	-98.44445	1364000	-0.03630657	246.96185	0.0	-99.418785	0.26731297	8.493662e-10	675.0135638713837
341	-71.179855	99.51029	187.09364	-169.65744	404.8889	-18.343409	43.99569	78.24287	-89.78167	1368000	-0.0024847267	1024.9423	0.0	-661.92725	0.29387927	2.30968e-09	676.749321937561
342	-3.7020733	147.33757	218.92838	-203.35054	455.14285	-18.613152	33.281918	81.19739	-82.15071	1372000	-0.008299774	543.45044	0.0	-191.03923	0.26022506	-1.5795232e-09	678.5191428661346
343	126.03693	122.689384	218.24673	-83.80475	649.5	-6.606933	29.68895	86.10206	-59.26387	1376000	-0.007387884	297.07315	0.0	-229.16505	0.2609692	1.4454127e-09	681.0070657730103
344	-78.06127	75.12949	-18.010725	-206.39372	997.0	-6.830853	13.660348	46.080643	-98.5739	1380000	-0.0146781895	338.17624	0.0	-94.12366	0.28529727	-2.2351741e-10	683.381484746933
345	61.23949	121.25305	216.41537	-63.451584	760.6	18.144014	24.383451	83.41577	-24.647623	1384000	-0.0075014234	846.3709	0.0	-662.63336	0.25142893	2.0116568e-09	686.013151884079
346	106.97341	112.20344	196.69965	-115.27101	514.5714	20.004835	23.705057	99.27719	-104.38101	1388000	-0.010768766	1013.4326	0.0	-410.21597	0.23123735	-5.5730345e-09	688.3941068649292
347	79.47269	119.46217	200.39568	-76.303406	581.6667	12.583697	21.748623	90.132126	-64.680016	1392000	0.0020837784	586.9969	0.0	-183.74411	0.22123739	-6.705523e-10	690.6756937503815
348	98.13614	103.48359	209.73257	-35.183067	560.0	15.846556	22.471603	78.146324	-91.9146	1396000	-0.0018461924	708.0221	0.0	-304.4137	0.20877533	-2.2798776e-09	692.6577689647675
349	69.88431	127.63281	209.88982	-94.53624	374.22223	10.602235	27.196795	70.49674	-110.99726	1400000	-0.01066995	1085.1528	0.0	-232.50159	0.21056579	3.0845404e-09	694.3290128707886
350	7.9936466	111.59576	191.62398	-103.152756	354.45456	10.395226	29.626768	99.23539	-84.55006	1404000	0.0049367384	1360.5227	0.0	-492.7009	0.2360324	5.975366e-09	695.8832099437714
351	40.866924	118.3953	224.82864	-91.161766	351.7	-2.79244	26.436956	81.24253	-93.21165	1408000	-0.025413357	1123.4307	0.0	-292.97815	0.23312327	-1.0579824e-09	697.5424208641052
352	22.25127	133.13258	222.27483	-125.55172	357.0	5.58974	24.453794	85.90639	-91.671585	1412000	-0.032847364	1037.9758	0.0	-328.29486	0.24578081	-2.890825e-09	699.414473772049
353	7.0736513	120.30047	190.53348	-111.35791	343.72726	-1.4791601	35.582344	89.94079	-86.06107	1416000	0.013517161	1805.4636	0.0	-706.01074	0.25036842	-1.7628073e-08	701.0615859031677
354	-17.705683	111.002754	186.47824	-115.95464	359.77777	-1.0077993	28.24659	89.69018	-107.187904	1420000	-0.012114172	708.62854	0.0	-200.66672	0.24389246	1.0818243e-08	702.7322988510132
355	5.6896405	141.05913	184.55046	-153.82278	393.33334	-10.371551	36.165955	89.98146	-64.46811	1424000	-0.002280144	799.92847	0.0	-316.3731	0.2557762	-1.9282101e-08	704.4491209983826
356	39.17279	120.7853	175.11354	-113.345085	418.55554	0.47690418	31.589872	85.20173	-115.09218	1428000	-0.042845685	776.4459	0.0	-254.9867	0.25172743	1.2695789e-08	706.2388269901276
357	10.699764	111.42495	181.61249	-84.0428	454.875	14.825943	37.933796	89.493355	-56.84713	1432000	-0.03355359	1097.3843	0.0	-814.9119	0.27265108	7.495284e-09	708.4342830181122
358	-6.2394156	117.29681	154.52258	-127.86889	396.44446	-16.738945	31.131683	55.407753	-95.934715	1436000	-0.034173604	1242.9651	0.0	-685.29443	0.2596567	8.314848e-09	710.1721186637878
359	-1.841011	125.40899	168.10803	-128.68394	429.25	3.4254558	30.59707	78.86115	-62.07533	1440000	0.008870118	766.57245	0.0	-193.82562	0.23695496	7.957221e-09	712.3334288597107
360	14.888593	118.470535	178.35017	-121.545135	524.6667	1.2797205	32.048923	57.939037	-75.02271	1444000	-0.05962715	611.8402	0.0	-234.78534	0.27918133	-7.2717667e-09	714.2859718799591
361	10.715244	118.17793	167.11842	-130.06856	419.1111	-2.7840185	24.292845	76.11556	-69.19501	1448000	-0.02928854	1072.1844	0.0	-309.2069	0.24968636	4.3660404e-09	716.2923209667206
362	-83.46512	71.48796	109.100464	-137.52725	376.55554	-9.666161	24.007215	66.491035	-90.21141	1452000	-0.014482094	941.2771	0.0	-434.43976	0.27234626	-1.2695789e-08	718.0394937992096
363	-8.677147	91.61077	112.62947	-108.59264	502.14285	-12.834358	35.207275	67.56441	-89.6198	1456000	-0.06832212	617.02637	0.0	-382.42932	0.31189293	-1.06990345e-08	720.046817779541
364	-82.893456	77.51887	134.7767	-155.82477	330.4	-11.77817	26.363644	75.43113	-102.67153	1460000	-0.027195413	410.03717	0.0	-193.47713	0.2669346	-4.902482e-09	721.6706357002258
365	-87.492226	82.45336	116.84889	-175.69307	468.0	-21.091055	28.460312	57.236134	-102.931435	1464000	-0.01834434	486.2898	0.0	-234.51471	0.23864664	2.7418137e-09	723.3727638721466
366	-97.68789	62.007233	81.81804	-134.5587	374.3	-28.937061	28.845398	67.02656	-110.703415	1468000	-0.03726599	377.20935	0.0	-82.525185	0.26251912	8.255244e-09	724.977597951889
367	-95.40776	91.31054	137.88408	-165.00705	423.25	-19.17292	25.15711	59.05194	-111.11717	1472000	-0.023167422	517.20306	0.0	-166.0872	0.21512672	-8.225441e-09	726.7471690177917
368	-106.1351	21.535685	-54.317986	-133.4653	381.875	-23.939932	25.310081	58.441143	-99.1409	1476000	-0.0047675	285.59448	0.0	-106.681	0.21798149	8.672476e-09	728.4959528446198
369	-32.29697	69.23052	111.12689	-89.935005	574.0	-17.810278	33.075836	78.4397	-77.341255	1480000	-0.01007525	573.2844	0.0	-446.91183	0.19913334	-1.0728836e-08	730.73761677742
370	-42.58256	109.87175	137.90558	-157.99051	774.25	-12.872523	24.523146	71.0618	-61.82317	1484000	0.0384811	1039.0056	0.0	-760.77356	0.22637816	-5.722046e-09	733.338408946991
371	-0.8765076	60.466606	100.67431	-71.85562	645.0	-2.312816	17.249989	69.56617	-40.628418	1488000	-0.010773204	340.58276	0.0	-147.60422	0.1859599	-4.351139e-09	735.5786716938019
372	-65.89665	43.49356	-11.941179	-120.77882	854.0	-4.3316913	13.796814	81.29217	-87.373695	1492000	0.022471255	423.88162	0.0	-191.23923	0.1728911	6.9439414e-09	737.8077046871185
373	-15.372299	4.5460744	-9.422627	-22.095963	1000.0	-1.6079458	8.976287	50.16911	-15.110489	1496000	-0.00997099	58.061066	0.0	-36.847546	0.15422475	9.506941e-09	740.3693208694458
374	-3.747264	8.722146	7.173889	-12.668995	1000.0	-0.7076274	7.6412945	44.993374	-14.697936	1500000	0.0018564863	71.393166	0.0	-44.11324	0.1636289	-3.874301e-10	743.0324528217316
375	-11.244917	14.083444	10.001744	-24.70774	1000.0	-6.2197523	11.084759	53.06388	-19.932467	1504000	-0.004553525	23.63887	0.0	-7.3434634	0.17114908	-1.1771917e-09	746.3017137050629
376	-14.391638	11.730459	-0.95742446	-29.348927	1000.0	-6.9520955	12.730653	57.504898	-23.515121	1508000	0.009689767	26.848171	0.0	-3.5356226	0.1769348	9.834766e-10	749.2771739959717
377	-3.8824892	13.9923725	18.247404	-16.981804	1000.0	-6.141937	12.192002	54.098236	-20.09207	1512000	-0.017942782	32.589264	0.0	-9.608192	0.18497229	4.6193593e-10	752.3891687393188
378	-21.95794	27.18541	13.749409	-50.883705	1000.0	-7.7986565	14.989555	54.863377	-25.27692	1516000	-0.009897133	30.378662	0.0	-8.803963	0.20817843	-1.0579825e-09	755.0542709827423
379	-9.003952	24.528383	16.58259	-45.067947	1000.0	-5.9740887	14.645433	62.705837	-25.033697	1520000	-0.01399726	41.177628	0.0	-19.241901	0.21817523	-3.2782554e-09	758.3131678104401
380	5.4973145	70.425125	127.3924	-38.39869	990.75	-5.3961453	16.245535	46.502903	-77.744835	1524000	-0.025993792	124.79188	0.0	-64.8785	0.2089209	1.4901136e-11	761.5200428962708
381	-22.2368	10.919133	-8.668238	-38.94743	1000.0	-5.3642983	16.230711	63.36797	-19.599367	1528000	-0.012153406	29.677586	0.0	-15.491726	0.2401872	-2.9802323e-09	764.3854267597198
382	62.611202	109.165955	184.60219	-57.336002	966.5	1.490293	20.136974	60.228275	-62.199406	1532000	-0.015791573	132.69547	0.0	-46.303387	0.19230968	-2.4735929e-09	766.9553227424622
383	34.83143	87.47045	132.01242	-71.16605	953.5	-1.1052325	22.923756	79.98726	-27.563469	1536000	-0.016871043	90.76991	0.0	-28.536392	0.22080271	-3.2931566e-09	770.0705857276917
384	11.306596	11.266685	20.032057	-7.628244	1000.0	0.28371894	20.428125	79.38026	-19.764069	1540000	-0.006678009	172.73596	0.0	-95.937355	0.23562607	-7.688999e-09	773.550666809082
385	73.41873	92.704	145.2224	-84.67921	883.5	9.173885	24.155787	87.63828	-18.539137	1544000	0.009422605	451.58252	0.0	-120.44852	0.21360455	-4.723668e-09	777.0922107696533
386	140.0439	67.6102	185.2119	23.427858	766.25	7.7969007	28.688513	76.85705	-23.754913	1548000	-0.0594796	586.96466	0.0	-401.57745	0.23788545	1.1116266e-08	779.7349097728729
387	166.4045	101.23802	239.42487	-54.06449	615.1667	13.845187	16.283136	61.649334	-30.022427	1552000	-0.015621295	660.84955	0.0	-262.2524	0.17474052	-9.521842e-09	781.774683713913
388	202.43529	30.808552	237.49501	144.10301	612.6667	22.342543	23.154219	78.902054	-42.46471	1556000	0.015590591	250.91219	0.0	-109.05272	0.18909293	-2.2351743e-09	783.9442548751831
389	225.18672	14.739774	246.95383	203.2959	569.3333	28.581543	21.305809	77.74236	1.8308823	1560000	0.014445953	243.35461	0.0	-129.23027	0.17663738	-3.248453e-09	785.787371635437
390	199.6442	76.626884	248.7195	2.821385	477.625	29.443098	23.16974	81.15999	-23.54533	1564000	-0.010047611	459.9446	0.0	-131.39006	0.19967589	5.066395e-10	787.9364008903503
391	222.46538	21.747923	254.43777	177.70074	461.75	36.808834	20.06447	82.071434	0.06320548	1568000	-0.028879756	72.943756	0.0	-40.48193	0.19328839	7.1972606e-09	789.7478415966034
392	201.0699	77.6245	249.73187	-2.0942676	458.375	37.42911	19.761158	85.675125	11.9055195	1572000	-0.0014223	469.40137	0.0	-79.053856	0.20174968	8.7916857e-10	791.3853747844696
393	188.1248	86.33589	276.2317	8.673341	481.7143	43.73605	24.522448	88.00613	-3.7041647	1576000	-0.07204677	1175.7053	0.0	-757.9756	0.2569671	-4.261732e-09	793.2631938457489
394	251.5973	7.9169993	264.22195	236.79207	400.0	36.15886	17.415684	81.04911	-9.606555	1580000	-0.044053704	369.84857	0.0	-301.81348	0.19312406	3.1292438e-09	794.8899047374725
395	226.33287	28.107723	260.22397	161.26773	435.625	44.442436	17.49253	87.90271	5.15936	1584000	0.004556194	367.05374	0.0	-87.48202	0.19034827	-6.198883e-09	796.5684916973114
396	219.38704	82.45692	274.9968	-24.553835	375.6	42.87406	18.23081	93.83817	15.559408	1588000	0.00039108843	610.1166	0.0	-231.64223	0.21722597	-5.8412555e-09	798.0568199157715
397	213.7419	78.036644	274.22253	-15.170836	369.8	43.753216	19.038767	89.61484	-18.324366	1592000	-0.0056869593	656.2949	0.0	-194.868	0.19875054	-1.0743737e-08	799.6146769523621
398	249.34448	16.206251	277.75772	224.32347	354.8	45.032288	17.294256	85.70731	20.213974	1596000	-0.0018805396	136.16522	0.0	-106.38323	0.21046916	-1.3828277e-08	801.0967228412628
399	202.31523	91.17951	263.21808	3.3227813	341.0909	55.026745	18.881954	102.451126	5.2865443	1600000	-0.0018897317	835.16547	0.0	-372.29694	0.20593028	6.54161e-09	802.5672829151154
400	187.36607	86.11924	274.98386	27.263353	383.0	53.842796	19.957039	86.8956	-13.237593	1604000	-0.05698665	1826.2899	0.0	-1234.7302	0.27385026	-3.680587e-09	804.3763828277588
401	210.45967	75.82188	261.588	-5.095868	374.6	40.390587	17.541283	85.23216	-55.07838	1608000	-0.07380029	582.5089	0.0	-149.73447	0.28542578	6.9141386e-09	806.1294968128204
402	201.74931	88.38493	272.19034	6.6349344	296.91666	42.759098	25.37056	87.91219	-69.444084	1612000	-0.012435441	1146.6125	0.0	-502.3993	0.18403366	1.0281801e-08	807.5627298355103
403	206.3621	84.22611	257.90997	-33.75455	354.7	56.744053	13.298978	89.90552	-1.8351123	1616000	-0.09450648	958.9123	0.0	-634.34985	0.29770106	4.6789648e-09	809.0877707004547
404	125.33532	109.14919	276.63055	2.320777	345.9091	40.31505	28.386127	94.99486	-58.60365	1620000	-0.007736288	1996.188	0.0	-1152.833	0.32350716	-1.3500451e-08	810.6229119300842
405	208.91048	70.431854	255.80544	23.620522	400.77777	30.57507	27.262413	94.52073	-79.05304	1624000	-0.044849828	752.1749	0.0	-372.34433	0.31319818	-6.1392784e-09	812.3785378932953
406	214.26743	47.781673	257.6404	121.02063	689.0	52.00006	16.763546	97.36571	-2.7682436	1628000	-0.090679355	969.1283	0.0	-785.26953	0.45909864	-1.6093253e-09	814.2662878036499
407	204.73997	91.05568	264.61456	-13.982343	328.0	34.141155	26.938477	83.90359	-84.68489	1632000	-0.01418131	979.4995	0.0	-301.65527	0.26245183	-1.04308135e-08	815.9593689441681
408	139.408	115.11257	252.80716	-11.323105	299.5	46.309826	24.701195	94.37018	-71.16565	1636000	0.0031725857	1221.3187	0.0	-579.5275	0.21376875	-6.7949295e-09	817.4069697856903
409	186.02904	92.48187	274.67285	5.577175	364.9	36.112625	27.979094	90.07848	-103.83467	1640000	-0.076786004	1170.6285	0.0	-803.6071	0.28272083	-1.4901147e-10	818.9542489051819
410	173.68454	106.42574	263.21988	-8.939196	308.72726	25.742834	29.403982	86.13984	-74.94127	1644000	0.0020638532	1595.869	0.0	-629.50964	0.20372078	-8.940697e-09	820.5153799057007
411	165.74376	118.0856	272.32245	-40.791237	302.30768	40.495655	22.989523	97.13712	-82.65589	1648000	-0.048119612	1438.6278	0.0	-478.57153	0.23203284	1.3649464e-08	822.1886827945709
412	189.0595	89.84828	261.07468	16.400513	276.15384	39.359383	35.328102	100.17586	-130.32205	1652000	0.0037292086	1059.1985	0.0	-427.73434	0.1880866	-1.847744e-09	823.5912408828735
413	189.03093	94.111435	262.22586	10.273598	386.4	60.995346	24.866533	109.73966	-45.135918	1656000	-0.04905875	2098.948	0.0	-1529.9637	0.28125092	5.543232e-09	825.3653666973114
414	173.51247	96.94836	276.74594	9.762178	293.0	37.301517	25.610685	82.90959	-127.85683	1660000	-0.013217665	1006.5058	0.0	-271.90704	0.20909908	2.0265578e-09	826.9075508117676
415	175.29016	107.702194	268.4328	-17.147411	306.91666	43.32296	27.61063	93.17907	-98.84163	1664000	-0.018200278	1017.5885	0.0	-258.3494	0.18571776	6.4373014e-09	828.4819786548615
416	204.28152	93.777214	260.34314	-22.611858	395.7	38.050102	24.491571	87.59285	-54.9363	1668000	-0.04673335	705.92114	0.0	-280.57956	0.2512814	8.404255e-09	830.1020328998566
417	251.01859	26.83077	279.32278	199.83325	305.0	56.982006	19.05201	93.61571	-60.301132	1672000	-0.09955976	920.08167	0.0	-526.71857	0.21145447	1.2040139e-08	831.648384809494
418	71.26412	115.98254	258.54315	-62.9187	234.5	34.75897	31.53639	100.76572	-68.448586	1676000	-0.018309463	2386.228	0.0	-757.03204	0.24698777	-1.0251998e-08	833.0686838626862
419	129.82143	113.43393	293.01297	-35.364292	263.7143	21.145102	25.80444	82.09073	-69.63867	1680000	0.010462325	1278.4878	0.0	-327.53748	0.16616313	6.377697e-09	834.4862515926361
420	109.11337	116.42973	275.96808	-45.410896	214.8125	27.697624	33.271187	93.6122	-119.66827	1684000	-0.01920832	1433.7585	0.0	-174.80249	0.17618996	5.1259996e-09	835.8518967628479
421	102.853935	100.92038	244.60649	-32.9815	270.63635	36.375122	31.530916	91.34434	-90.04403	1688000	0.009170368	1231.5967	0.0	-482.0144	0.14958271	-2.503395e-09	837.444864988327
422	70.60814	114.37243	276.23706	-42.430244	200.06667	33.379562	38.153854	79.87473	-132.49925	1692000	-0.07533203	1714.4478	0.0	-1029.0916	0.22549492	7.987023e-09	838.9031357765198
423	157.65915	108.22716	251.6954	8.508192	264.45456	30.864414	29.220097	76.38979	-129.03885	1696000	-0.069899276	1028.2236	0.0	-815.1043	0.23854522	1.4960765e-08	840.7396726608276
424	119.821365	102.3291	255.7068	14.628803	293.23077	31.048138	25.770573	80.91856	-119.44105	1700000	-0.003969034	942.46716	0.0	-248.40979	0.23092389	1.4841557e-08	842.2718458175659
425	75.463135	119.6191	246.83533	-52.51379	224.76471	25.437485	36.203033	84.607414	-119.539505	1704000	0.0015961546	1122.406	0.0	-235.95529	0.2157177	5.364418e-10	843.6336209774017
426	114.27039	123.94442	294.73978	-41.81088	253.2	20.611269	37.652008	95.60095	-116.2691	1708000	-0.0031712917	1032.869	0.0	-298.619	0.18955591	-5.185604e-09	845.0131907463074
427	96.975716	102.16593	254.73978	-28.731882	251.26666	34.06403	36.052856	85.62065	-119.37973	1712000	-0.0038372763	1453.6063	0.0	-414.17667	0.15510133	-5.662441e-09	846.4005568027496
428	134.23656	123.816315	286.88	-34.910004	224.3125	21.506649	32.18955	94.70271	-110.70715	1716000	-0.009072034	1656.4758	0.0	-535.2391	0.18260178	0.0	847.735179901123
429	113.63143	112.86846	297.80264	-24.432856	290.83334	39.083775	25.234463	116.76252	-85.51536	1720000	-0.017202724	1134.3163	0.0	-399.40384	0.30435774	-1.7881385e-10	849.4616208076477
430	118.35031	97.32761	261.9782	-41.783436	598.5	36.990875	22.231533	81.79934	-124.15311	1724000	-0.12842001	1330.6002	0.0	-906.7791	0.4670539	2.026558e-09	851.4993937015533
431	167.59239	125.68028	285.24188	-36.920322	242.625	16.374743	37.50029	82.43526	-135.00934	1728000	-0.045793034	2417.0032	0.0	-1553.2405	0.168082	-3.0398368e-09	852.7458889484406
432	109.835075	127.290375	280.66037	-36.70251	310.91666	47.37588	28.955778	86.964775	-105.0321	1732000	-0.043987345	1746.2404	0.0	-667.16113	0.30257887	2.4437905e-09	854.2823748588562
433	108.91111	111.3135	272.54596	-6.521202	293.8	22.945904	30.53002	80.77778	-112.36552	1736000	-0.079420574	1795.0356	0.0	-675.37866	0.34595725	-8.2850455e-09	855.9523437023163
434	124.342575	135.39838	290.93536	-45.74524	229.75	36.015118	25.560211	90.85844	-103.44204	1740000	-0.035656013	2096.4465	0.0	-984.00244	0.14658254	1.0550022e-08	857.1262288093567
435	198.62596	111.79231	295.71603	-51.664665	259.66666	37.685738	31.859285	102.090614	-116.22484	1744000	-0.0069657085	1181.408	0.0	-426.7051	0.12535247	-3.0994416e-09	858.411438703537
436	132.25232	114.75832	301.82144	-16.555176	219.11765	29.682957	40.99122	111.85815	-104.70418	1748000	-0.018679004	1661.6492	0.0	-574.75635	0.15147024	-1.0371208e-08	859.6478288173676
437	165.33334	134.57895	293.57495	-33.857178	293.83334	53.62017	24.440632	118.48734	-88.371254	1752000	-0.0625732	1552.7274	0.0	-672.7003	0.19836548	1.4603139e-09	861.3018517494202
438	206.26103	106.1957	309.30768	-14.108778	252.46666	40.756126	35.452503	114.98041	-130.47856	1756000	-0.020279704	1091.4946	0.0	-681.4528	0.11505628	6.0498717e-09	862.5714056491852
439	155.466	126.56383	310.94846	-41.25297	254.06667	56.317062	27.19836	101.10373	-67.31143	1760000	0.00028403825	1450.6069	0.0	-567.9962	0.12414393	3.9637085e-09	863.8662078380585
440	215.3565	74.96994	301.72812	-29.107079	275.07693	43.58575	31.614534	97.84076	-93.109375	1764000	-0.003424948	1223.6125	0.0	-541.6625	0.11672263	-1.1622905e-09	865.2491986751556
441	175.91248	120.3075	303.5569	-44.43104	262.08334	57.534527	23.044237	100.43089	-96.33104	1768000	-0.010417815	1463.5288	0.0	-532.7482	0.16381602	7.748604e-10	866.8318326473236
442	117.09355	137.26308	294.2723	-65.079605	226.76471	41.540165	34.602802	89.246574	-98.91069	1772000	-0.012114257	1817.0537	0.0	-454.324	0.12722096	1.1652708e-08	868.1026659011841
443	178.71747	135.47452	308.93033	-56.415825	255.81818	40.61979	32.036926	87.04765	-97.35506	1776000	-0.04962715	1119.9641	0.0	-288.21085	0.19772859	-6.377697e-09	869.6011478900909
444	126.42582	117.04319	268.7909	-25.54051	289.0	47.29838	33.12779	94.353355	-94.740395	1780000	-0.07686479	1627.1294	0.0	-796.7598	0.2195451	2.2381546e-08	871.3963797092438
445	189.21486	124.532	310.38382	-46.198597	266.92856	36.93562	31.732965	87.276436	-99.59526	1784000	0.009559903	1596.9218	0.0	-705.9308	0.11631291	9.685755e-09	872.701477766037
446	146.2607	107.215965	252.66808	-51.139664	265.2143	37.176483	30.337809	94.25904	-107.762726	1788000	-0.015687846	1134.8684	0.0	-163.46948	0.12299533	-1.66893e-08	874.0274138450623
447	126.32924	130.61325	247.9699	-125.84655	290.15384	44.326046	26.46035	96.80449	-77.56496	1792000	0.0033780602	1768.0568	0.0	-337.4372	0.10197985	2.1457673e-09	875.4283697605133
448	142.37505	126.321884	265.92456	-77.395424	336.18182	45.574142	28.466763	91.229836	-91.92463	1796000	-0.09641505	1502.056	0.0	-767.6644	0.19784538	-1.2755394e-08	877.0047867298126
449	97.46776	129.50845	262.08432	-64.97227	289.53845	30.120672	33.409203	82.04376	-100.08205	1800000	-0.005077025	978.57574	0.0	-190.17865	0.10612134	-6.2286856e-09	878.3442897796631
450	61.83211	111.26501	221.74252	-93.7441	317.7	26.730003	29.410482	86.45395	-108.646645	1804000	-0.046826884	1218.5054	0.0	-360.1722	0.31716082	-1.1742115e-08	879.9980127811432
451	120.72012	135.16382	291.07706	-54.365932	257.72726	19.748676	32.216015	78.81238	-113.974266	1808000	-0.019576164	1390.9414	0.0	-304.48676	0.18454587	-2.5629996e-09	881.6666769981384
452	71.97712	117.88578	264.54794	-50.002445	261.93332	14.377164	36.047363	76.64173	-103.10533	1812000	-0.011003445	1590.1068	0.0	-323.06833	0.13119903	-4.321337e-09	883.0610296726227
453	85.27152	122.169	267.09763	-56.26305	230.25	10.792938	34.12259	74.08741	-123.46873	1816000	-0.009700178	1572.6116	0.0	-490.15955	0.1237935	-1.4305115e-09	884.3156878948212
454	89.86738	134.70976	263.46896	-82.317726	301.53845	21.427004	31.955875	83.77503	-97.96212	1820000	-0.010305494	1300.7637	0.0	-278.41916	0.12499128	6.556511e-09	885.7759068012238
455	150.63022	94.03018	248.77592	-45.118122	308.4	30.277168	34.767117	85.18351	-93.77683	1824000	-0.06758256	1238.3794	0.0	-440.23615	0.1923754	3.218651e-09	887.3868837356567
456	112.43501	113.396126	228.52788	-54.35352	283.07693	30.381214	28.942741	80.390785	-92.29293	1828000	-0.00679762	1782.4442	0.0	-567.86865	0.13847418	-9.328127e-09	888.7479276657104
457	177.6178	98.02372	271.19894	-33.977947	391.375	38.407814	24.41673	82.28495	-24.537138	1832000	-0.0772066	1331.6271	0.0	-748.75165	0.20709303	-2.3245814e-09	890.3378007411957
458	131.93967	136.28908	280.6096	-131.49109	303.07693	38.76886	21.499792	82.99192	-109.941315	1836000	-0.024305921	2000.078	0.0	-539.5431	0.12828243	8.970499e-09	891.8406348228455
459	185.68819	82.73781	261.19937	-57.99155	327.72726	24.410511	26.403463	81.31044	-67.84411	1840000	-0.001941289	881.9325	0.0	-415.6955	0.14078476	-1.0848045e-08	893.334796667099
460	143.24835	126.59917	295.24728	-61.46503	296.84616	45.454742	23.787807	87.617455	-65.81279	1844000	0.0015240288	1453.2273	0.0	-482.60464	0.13242978	-4.1723256e-09	894.730950832367
461	194.63304	95.39959	292.72406	-0.3355086	329.54544	32.47196	32.17839	83.14586	-86.15556	1848000	-0.0049839914	1013.6896	0.0	-322.97247	0.123351574	1.9550324e-08	896.0837659835815
462	219.60667	66.45647	281.89786	21.709171	341.0	48.356834	24.01567	87.934616	-24.440275	1852000	-0.008324352	368.45593	0.0	-78.22297	0.13244128	4.9769877e-09	897.5235567092896
463	114.92326	123.4112	243.5271	-50.27411	356.9	41.40379	25.921734	92.55487	-94.112656	1856000	-0.029299457	1721.8999	0.0	-681.59937	0.22115418	-9.834766e-10	899.2975265979767
464	193.8158	107.1862	277.5956	-59.69565	318.75	34.280624	25.448267	84.58286	-120.88495	1860000	-0.021275222	1012.225	0.0	-262.83353	0.12764293	1.6987325e-09	900.6052758693695
465	166.7128	111.00153	277.4911	-64.823746	313.36365	42.703907	23.847916	86.642944	-103.82184	1864000	0.0119029395	824.0319	0.0	-169.92863	0.13554433	-3.5762788e-09	902.0084049701691
466	216.85776	32.80089	265.9301	168.15652	391.5	44.804703	21.556452	86.674355	-110.257195	1868000	-0.016294217	436.51117	0.0	-109.23778	0.11645996	-3.784895e-09	903.6727118492126
467	222.66841	64.35531	276.5956	47.81499	342.36365	45.599705	19.92235	87.10834	-111.07984	1872000	-0.020770794	384.8736	0.0	-153.24149	0.13477361	5.39422e-09	905.2087826728821
468	204.94763	72.3489	264.21008	2.3380973	364.7	46.03141	20.708363	88.07309	-67.864334	1876000	-0.019348767	526.7943	0.0	-138.41905	0.12788677	-1.66893e-08	906.7000477313995
469	243.62387	21.887287	272.10745	206.34958	354.9	47.5567	21.445692	88.21674	-21.892782	1880000	-0.008042473	252.76349	0.0	-89.44223	0.12790436	-2.0861626e-09	908.0830237865448
470	188.08316	116.41263	300.33835	-47.132893	335.0	47.268524	21.169935	89.3227	-89.71146	1884000	-0.010560162	1035.905	0.0	-315.93484	0.13794823	2.0861624e-09	909.5127747058868
471	197.92805	89.01643	306.90002	-18.962809	380.0	42.832996	23.331417	88.951065	-40.062027	1888000	0.0033941993	832.0896	0.0	-304.36047	0.12170361	-4.6789648e-09	911.0531387329102
472	167.8385	106.66262	262.84192	-4.686515	426.125	43.462307	28.950855	89.34701	-66.637314	1892000	-0.08398194	1607.6858	0.0	-920.23267	0.20487057	5.960463e-10	913.1503789424896
473	232.13017	32.41678	265.57346	157.42775	356.7	36.889793	21.555038	92.08433	-76.13582	1896000	-0.021638867	611.5774	0.0	-405.73874	0.12724796	3.7401913e-09	914.6431157588959
474	187.08963	110.59083	275.84293	-36.05772	360.2	45.832108	21.496672	98.06001	-71.056564	1900000	-0.0064748107	1040.98	0.0	-213.89581	0.123606265	5.51343e-09	916.0098357200623
475	229.18008	29.338114	287.81577	193.78221	356.7	39.82934	25.495295	94.784744	-62.05043	1904000	-0.00533658	380.57312	0.0	-172.39536	0.13124746	4.798174e-09	917.6082558631897
476	198.88876	82.22871	267.4658	-27.236412	387.0	47.78124	24.010593	93.58205	-20.471087	1908000	-0.005445363	712.13416	0.0	-257.93164	0.1338588	9.864569e-09	919.270361661911
477	210.54114	42.39823	251.64851	148.07602	474.0	44.95947	22.027428	93.062195	-95.31979	1912000	-0.07784821	824.703	0.0	-437.88354	0.23096997	-5.36442e-10	920.9883840084076
478	75.89295	125.21865	239.97577	-98.0114	311.0	29.405914	23.287092	89.59037	-68.88398	1916000	0.0012677532	2261.8997	0.0	-966.43097	0.15354544	1.7225743e-08	922.5789818763733
479	193.34648	85.31384	261.9377	-6.257539	435.875	21.485987	34.930073	87.88749	-106.56817	1920000	-0.06186004	1002.0672	0.0	-551.9523	0.22317216	-8.5532665e-09	924.6078598499298
480	197.02788	34.227142	229.72725	119.014046	424.0	29.295847	26.785034	90.009796	-73.627335	1924000	-0.037940707	609.0839	0.0	-359.5686	0.2230552	1.6182662e-08	926.3000457286835
481	216.19817	77.1752	295.5367	-0.8919826	368.7	47.395153	18.859657	90.065674	-12.720885	1928000	-0.009706673	627.37	0.0	-159.97633	0.123004586	-1.141429e-08	927.7857437133789
482	210.22116	62.610527	264.40692	44.367767	348.4	42.19465	25.729197	91.65749	-120.402336	1932000	0.0021952917	643.5615	0.0	-222.62927	0.12651758	1.0371208e-08	929.2612228393555
483	142.20464	138.94102	275.90314	-106.32941	320.36365	41.228085	20.907333	90.71534	-129.15108	1936000	0.009063382	1922.6969	0.0	-1069.175	0.13842702	-2.6524067e-09	930.6706087589264
484	190.12314	81.91842	243.29523	-51.068813	377.8	26.119476	32.67591	90.10157	-113.438194	1940000	-0.020763364	1129.3057	0.0	-574.74664	0.12348217	1.9073487e-09	932.2257919311523
485	161.27122	116.53786	270.81757	-37.454994	324.0909	40.95155	24.376293	90.56961	-77.8101	1944000	0.0012435387	1243.3256	0.0	-339.77234	0.13346826	-4.589557e-09	933.7105648517609
486	113.99826	135.31662	262.44788	-67.69738	447.5	34.401176	25.726746	87.7782	-74.884	1948000	-0.015355773	1373.1823	0.0	-764.0917	0.20786399	-1.0877848e-08	935.4248397350311
487	158.1678	109.439545	250.97322	-12.082032	385.3	28.916723	31.93508	82.49458	-98.37589	1952000	0.009174045	1148.5992	0.0	-459.91913	0.13783804	-5.1259996e-09	937.0162448883057
488	138.65727	97.820595	239.16608	-19.781012	318.45456	23.24766	31.875544	88.12006	-128.74628	1956000	-0.0036174774	833.849	0.0	-322.1737	0.1471794	-1.7464162e-08	938.4916627407074
489	103.547195	128.47807	275.65714	-60.070717	329.8	28.889866	30.347204	88.18034	-123.31203	1960000	-0.0004935232	1496.1241	0.0	-398.53912	0.14862628	4.082918e-09	939.9430909156799
490	192.7919	104.25945	280.84485	-60.47309	343.63635	33.897804	35.328304	90.12115	-117.5928	1964000	0.002016744	1227.8097	0.0	-549.53644	0.13990533	-9.566546e-09	941.4189009666443
491	151.82013	113.506744	267.02362	-30.079948	450.625	40.94414	27.596752	94.28569	-64.75215	1968000	-0.05579849	1284.0505	0.0	-737.2362	0.21571796	-1.37090685e-08	943.2327437400818
492	200.84473	41.47134	241.06949	111.44481	494.0	37.33511	26.111673	92.5092	-107.29949	1972000	-0.05897122	972.52167	0.0	-519.88074	0.22684455	-8.9406965e-10	944.7775375843048
493	69.757164	120.34621	220.05716	-62.84715	338.1111	25.277164	26.242928	90.83813	-118.5326	1976000	-0.0045489753	1722.2686	0.0	-752.18066	0.14212269	-2.3841857e-09	946.4622228145599
494	178.30751	76.55627	260.04138	19.005514	442.75	22.477156	31.54594	87.36268	-84.89719	1980000	-0.084709555	1222.1874	0.0	-675.85474	0.22372636	5.975366e-09	948.0888328552246
495	171.85294	83.26542	256.66498	4.161762	331.72726	25.717722	32.993336	89.05114	-125.74735	1984000	0.0024032914	698.55493	0.0	-421.43753	0.146781	8.612871e-09	949.633104801178
496	114.99572	125.8973	273.67154	-89.47532	328.9091	38.638874	26.774467	89.73933	-118.790016	1988000	-0.018285876	1248.8281	0.0	-490.97055	0.20940489	8.806586e-09	951.3168218135834
497	156.88542	80.59974	240.49211	1.8705227	372.2	33.722523	22.252575	90.84426	-45.95795	1992000	-0.008330511	889.79517	0.0	-354.23535	0.14125961	-9.6559525e-09	952.8543417453766
498	178.69513	100.505745	275.81842	-30.004734	289.30768	32.756775	30.287882	84.1497	-66.03992	1996000	-0.008042851	1060.8444	0.0	-283.91266	0.13649373	-3.4868717e-09	954.197587966919
499	104.59777	136.78499	262.23035	-77.31587	269.14285	42.63968	30.364824	90.76613	-96.974464	2000000	0.0008582822	1600.5962	0.0	-398.1164	0.13454303	-2.1457671e-09	955.4925417900085
