Epoch	AverageEpRet	StdEpRet	MaxEpRet	MinEpRet	EpLen	AverageVVals	StdVVals	MaxVVals	MinVVals	TotalEnvInteracts	LossPi	LossV	DeltaLossPi	DeltaLossV	Entropy	KL	Time
0	-192.57057	128.8761	18.121025	-488.79922	96.46342	0.16700044	0.07243165	0.32822776	-0.14610676	4000	-0.0014173298	15096.518	0.0	-895.4082	1.3831424	4.1723253e-10	2.9631810188293457
1	-162.74347	92.92208	-16.690506	-409.38342	89.15909	-4.329714	0.20619595	-2.0960925	-4.750324	8000	-0.0020201555	9508.684	0.0	-714.8838	1.3838116	-7.4505807e-10	5.953902006149292
2	-167.2766	97.36197	-22.122711	-500.5547	92.85714	-8.677623	0.14572293	-6.58655	-8.850053	12000	0.00016603297	9461.43	0.0	-505.33496	1.3844092	4.1723253e-10	8.94946026802063
3	-141.4307	88.598564	-31.267721	-448.08115	87.666664	-11.890215	0.0591669	-10.684556	-11.967706	16000	-7.244063e-05	6983.713	0.0	-349.89502	1.384156	7.1525574e-10	11.935859203338623
4	-174.7146	99.69224	-65.56067	-429.42816	92.441864	-14.519312	0.14947547	-10.712144	-14.572426	20000	-0.0024662807	9533.068	0.0	-478.78418	1.3833501	-6.556511e-10	14.928787231445312
5	-172.71	95.76449	31.203373	-422.6529	91.25581	-17.503475	0.06352016	-16.277224	-17.53729	24000	-0.0034134479	8363.009	0.0	-400.24072	1.3820952	1.0430813e-09	17.93324613571167
6	-165.12053	89.38386	1.354929	-407.20828	93.09524	-20.227495	0.22065754	-15.335298	-20.265728	28000	0.0010501727	7388.69	0.0	-346.01514	1.3815155	1.3113022e-09	20.92831301689148
7	-168.14923	96.300255	-4.086208	-404.6781	91.83721	-22.759666	0.19157402	-18.614693	-22.793652	32000	-0.0024448372	7061.6943	0.0	-331.2246	1.3810499	-6.2584876e-10	23.922067165374756
8	-154.05022	90.274124	6.7884912	-447.74753	88.37778	-25.258383	0.008678534	-25.079828	-25.270758	36000	-0.0028830527	6279.647	0.0	-273.79102	1.3796536	-3.5762787e-10	26.919219255447388
9	-152.6719	90.64372	25.973372	-436.34152	93.95238	-27.555843	0.040836472	-25.87048	-27.568146	40000	-0.0014558919	5162.8003	0.0	-220.3711	1.3797412	-1.8775463e-09	29.93009090423584
10	-136.37704	92.89296	4.7360125	-516.9489	93.90476	-29.646774	0.013450894	-29.349848	-29.6578	44000	-0.0022278568	4906.3154	0.0	-154.5044	1.3785669	1.4901162e-11	32.956414222717285
11	-127.963554	66.33651	1.3699199	-322.62106	93.40476	-31.433697	0.041613434	-30.612347	-31.446524	48000	-0.00047742415	3220.326	0.0	-110.87378	1.3776119	8.642673e-10	35.976577043533325
12	-132.2056	70.489174	-40.036564	-380.80133	91.790695	-32.98382	0.010755102	-32.514248	-32.99277	52000	-0.0044824462	3462.4614	0.0	-137.23291	1.3763152	-8.046627e-10	38.97519111633301
13	-128.18758	42.079014	-55.88419	-219.30765	93.85714	-34.709633	0.04837142	-33.25735	-34.719936	56000	-0.0044871434	1828.0533	0.0	-106.817505	1.3745459	-8.9406965e-10	41.994492053985596
14	-129.95413	75.247925	13.789015	-336.305	96.80488	-36.281578	0.060133927	-35.059757	-36.294247	60000	-0.0014219041	3233.1616	0.0	-109.396484	1.3731267	7.748604e-10	45.03024411201477
15	-134.39836	85.2988	13.957528	-363.715	101.82051	-37.8927	0.021988153	-37.446262	-37.900776	64000	0.0023421624	3503.1685	0.0	-121.54053	1.3702871	-1.2516975e-09	48.08966898918152
16	-137.27084	83.10277	5.5916004	-454.1953	106.51351	-39.617397	0.01311751	-39.308796	-39.624428	68000	-0.0054096794	3143.8318	0.0	-100.46875	1.3666718	-8.3446505e-10	51.13023519515991
17	-133.63354	74.20962	-53.25815	-375.16602	98.175	-41.223076	0.030252509	-40.594616	-41.23032	72000	0.0036535172	2778.7698	0.0	-100.17651	1.364484	8.940697e-11	54.153624057769775
18	-129.81787	64.0875	27.653461	-320.50192	100.53846	-42.844563	0.023931913	-42.481445	-42.851807	76000	-0.013844181	2230.1897	0.0	-72.94214	1.3594702	1.2218953e-09	57.22404408454895
19	-118.934814	60.069016	-43.733425	-300.76505	99.875	-44.264946	0.026195524	-43.521538	-44.27051	80000	-0.014061281	1826.6627	0.0	-56.423462	1.3603888	1.2516975e-09	60.27041029930115
20	-117.42507	78.76485	92.433235	-359.81982	140.10715	-45.515743	0.08188612	-45.06669	-45.54188	84000	-0.013495957	2386.0725	0.0	-20.755615	1.3548676	-9.983778e-10	64.50386905670166
21	-120.728134	64.43626	-49.849705	-371.80832	105.4054	-45.791573	0.020823082	-45.44034	-45.805054	88000	-0.018901663	1610.2805	0.0	-40.159668	1.3480456	3.874302e-10	67.56142401695251
22	-94.16808	65.24061	93.55702	-221.93079	136.13792	-46.794186	0.24614891	-43.47129	-46.86731	92000	-0.011105635	2185.0735	0.0	-45.51538	1.3423296	1.6540289e-09	71.28201222419739
23	-116.71437	60.203716	-40.189964	-299.2936	123.28125	-46.35359	1.3337983	-6.226343	-46.510807	96000	-0.002863393	1498.1542	0.0	-27.94873	1.3315955	-3.7252904e-10	74.41287207603455
24	-131.98471	109.59247	14.812994	-494.15088	127.03226	-47.152084	0.36279258	-38.61094	-47.221558	100000	-0.0073311087	3507.4182	0.0	-68.068115	1.3147353	-5.066395e-10	77.54590106010437
25	-127.248535	57.043713	-14.636492	-256.77463	126.36667	-48.51719	0.9127047	-29.842533	-48.588184	104000	-0.0037503038	1557.7906	0.0	-24.690063	1.302764	2.30968e-09	80.7029402256012
26	-93.7466	68.66282	35.85503	-263.5915	136.03572	-49.328342	0.13123615	-46.87347	-49.350937	108000	-0.02495144	1279.3896	0.0	-1.1271973	1.2982068	7.4505807e-10	83.88807225227356
27	-116.42167	80.566414	-21.406862	-310.1465	140.92857	-49.17599	0.045519684	-48.326706	-49.189377	112000	-0.005769637	1716.0803	0.0	-2.2971191	1.278341	-1.4901162e-11	87.13138604164124
28	-138.17201	75.00401	-12.199414	-291.63882	144.07408	-49.442802	0.018155212	-49.056366	-49.456005	116000	-0.02683991	1685.4944	0.0	-21.103027	1.2657063	4.768372e-10	90.33030319213867
29	-104.49525	59.58858	-5.7443485	-273.07535	146.07408	-50.34415	0.044108283	-49.505928	-50.357	120000	-0.027472174	1376.263	0.0	-2.361084	1.2489085	1.2218953e-09	93.57209587097168
30	-122.2569	86.63146	-4.255565	-361.4273	165.33333	-50.098232	0.018987944	-49.873238	-50.108215	124000	-0.008230578	1604.4885	0.0	-0.076049805	1.231104	-2.0563602e-09	96.95175004005432
31	-170.12494	119.499084	-2.9241617	-431.18915	199.55	-50.123474	0.031309668	-49.355343	-50.132996	128000	0.014642115	2439.3623	0.0	-7.9194336	1.2199525	6.109476e-10	100.37081217765808
32	-97.46537	79.15803	50.719196	-262.77057	153.03847	-50.69811	0.032487098	-49.910126	-50.710026	132000	-0.02956393	1452.115	0.0	-11.102173	1.2114615	2.4735927e-09	103.69103813171387
33	-126.64666	91.00054	5.25532	-364.20557	221.23529	-49.526237	1.8367724	-26.71706	-50.045315	136000	-0.017893702	2045.7299	0.0	-140.85034	1.2315373	2.4437905e-09	107.76356816291809
34	-122.63689	89.27877	6.827466	-296.14252	210.42105	-47.97592	3.0684369	-15.764213	-49.349968	140000	-0.014069632	1881.9336	0.0	-146.10376	1.2129711	1.4156103e-09	111.80938625335693
35	-118.15982	95.5814	21.973007	-344.10294	172.13637	-45.034603	3.5336788	-22.527302	-48.746986	144000	-0.014056845	1981.3801	0.0	-153.95581	1.201234	7.301569e-10	115.25450706481934
36	-70.552345	71.84826	20.690887	-217.1711	281.7857	-39.84015	12.746458	20.735472	-49.55941	148000	-0.027398998	1502.8883	0.0	-508.1848	1.2155913	-1.7732382e-09	120.46352910995483
37	-103.52127	81.827324	-12.591187	-302.5635	171.39131	-30.096134	16.342127	11.252192	-49.305965	152000	-0.0049049547	1927.1255	0.0	-277.59302	1.188395	-6.2584876e-10	123.8224081993103
38	-55.589752	44.860203	26.965654	-155.45862	204.0	-39.638218	6.8501472	-15.928684	-49.537457	156000	-0.04122106	1475.6498	0.0	-604.50134	1.2022758	2.8014182e-09	127.48559713363647
39	-81.94835	91.253265	41.053898	-319.93774	218.0	-19.609907	16.796974	14.638261	-49.613796	160000	-0.019364344	1976.4084	0.0	-312.21033	1.1987973	-1.5795231e-09	132.21996212005615
40	-55.80968	63.80568	20.574295	-267.72375	190.04762	-26.737898	9.232751	15.970604	-45.603657	164000	-0.022044579	1525.3567	0.0	-448.1847	1.1774951	-1.5348196e-09	135.96792602539062
41	-92.455086	89.92381	17.972319	-301.95883	263.2	-18.151886	16.507492	10.495165	-46.567345	168000	0.003707	1740.7737	0.0	-536.67346	1.1804013	-1.4901161e-09	140.20996713638306
42	-107.436424	118.62434	81.417725	-348.39038	203.94737	-24.185375	11.844548	24.764406	-46.515724	172000	0.019133842	2609.1274	0.0	-374.4829	1.1622094	-9.983778e-10	143.67940497398376
43	-58.267437	78.706085	32.09327	-300.27777	225.0625	-37.252968	6.057101	-11.82554	-47.16358	176000	-0.00780853	1964.1527	0.0	-519.10034	1.1824379	-2.9802324e-11	147.93386006355286
44	-93.04609	70.189606	13.680602	-251.38788	206.27777	-14.471677	11.075034	7.9354143	-47.163826	180000	0.0006164732	1288.3414	0.0	-252.50159	1.157302	2.8163194e-09	151.41921615600586
45	-105.3926	80.45693	-4.009883	-273.49222	249.4375	-29.71604	10.821141	-10.222187	-47.596634	184000	-0.01337702	1412.3477	0.0	-159.19885	1.1752719	1.5348196e-09	155.51901197433472
46	-70.5023	78.51523	20.602695	-248.7574	294.92307	-25.645557	13.087396	15.982637	-48.80778	188000	0.017281434	1415.8558	0.0	-240.93787	1.1794997	-1.4156103e-09	159.95362496376038
47	-43.66448	49.285744	30.276978	-147.48235	275.92856	-25.511425	14.205564	5.624757	-48.405193	192000	-0.016904542	1101.4602	0.0	-227.4552	1.167185	-4.0233136e-10	164.67863416671753
48	-59.584568	88.469864	30.446209	-356.8837	221.64706	-16.950283	15.923025	9.835958	-47.7053	196000	-0.017363515	1366.9277	0.0	-91.813354	1.1493433	1.4007091e-09	168.94313526153564
49	-57.3477	65.9785	19.550991	-289.6654	221.94444	-21.100113	16.647852	8.739395	-48.837116	200000	-0.023259075	1041.2009	0.0	-66.08453	1.1469352	7.0035455e-10	172.82301831245422
50	-39.072243	47.75846	53.25559	-138.88997	199.35	-18.68672	16.774551	9.801675	-49.77087	204000	-0.044881947	562.443	0.0	-68.59439	1.1583705	1.192093e-10	176.36398005485535
51	-35.011	44.254826	29.933508	-131.72241	195.3	-10.143503	17.67319	11.10586	-52.361008	208000	-0.03167497	639.3583	0.0	-136.21884	1.1583692	2.384186e-10	179.81431221961975
52	-70.30048	78.13979	44.96416	-244.43228	216.27777	-18.081762	20.69044	10.90585	-52.90528	212000	-0.016239284	1332.416	0.0	-199.39026	1.1498437	-7.4505804e-11	183.38800191879272
53	-47.8267	52.1913	34.552658	-159.54996	192.5	-20.866325	19.783955	10.83884	-54.547874	216000	-0.04652931	678.92084	0.0	-68.67676	1.1393062	1.4901162e-11	186.87853407859802
54	-38.50264	48.43094	35.38382	-163.55397	239.875	-24.090664	23.679544	11.32795	-55.212223	220000	-0.0027043105	906.25964	0.0	-255.56201	1.1386397	3.2782554e-10	191.30295419692993
55	-39.55867	83.57757	53.903618	-255.10107	264.6	-14.888749	17.038696	20.408493	-53.651	224000	0.015921364	1497.7288	0.0	-139.30774	1.1327515	-7.4505804e-11	196.43431329727173
56	-56.108097	49.56083	44.255085	-146.92526	283.5	-7.9109836	15.260206	12.131081	-54.71227	228000	-0.009040613	979.0959	0.0	-322.83374	1.1483035	-2.8312205e-10	200.98081803321838
57	-65.46758	79.48796	23.3774	-304.86035	283.2857	-16.97605	16.842653	10.393256	-55.636353	232000	-0.008144969	1222.7401	0.0	-315.563	1.143531	2.384186e-10	205.26247429847717
58	-15.853699	25.289606	17.813463	-66.875175	393.5	-33.094154	24.199585	11.916838	-56.695595	236000	-0.017263431	1238.7545	0.0	-625.9848	1.1531055	1.192093e-10	211.26556730270386
59	-54.31374	52.164894	15.373789	-152.19597	243.75	-3.965464	14.603906	12.453433	-52.08854	240000	0.012035454	1421.0142	0.0	-502.56946	1.1027324	-1.013279e-09	216.04750895500183
60	-26.620693	28.26607	3.4169612	-87.49259	357.7	-20.447811	16.473013	11.574032	-55.423447	244000	-0.037790444	880.011	0.0	-351.76904	1.1309102	-1.0877848e-09	221.8928701877594
61	-80.93369	51.61172	-22.42501	-197.39992	421.125	-11.195989	17.292479	23.328535	-55.177925	248000	-0.022541229	917.19794	0.0	-195.53796	1.1353382	-1.6391277e-10	228.09517312049866
62	-79.33322	46.76739	-6.920782	-162.84944	407.25	-15.254119	14.557532	13.459052	-55.287357	252000	-0.039411556	890.6712	0.0	-120.976135	1.127347	4.917383e-10	234.0076389312744
63	-39.989315	42.96005	25.236782	-100.93365	324.3	-14.590475	14.585183	14.239053	-54.604847	256000	-0.025845831	658.6781	0.0	-58.590332	1.1211977	1.2516975e-09	239.85653495788574
64	-48.203583	81.40249	26.394762	-223.4657	654.5	-14.307904	12.792073	14.319525	-52.8212	260000	0.009806717	792.97284	0.0	-128.84015	1.1309845	-9.983778e-10	247.12605810165405
65	-33.298153	73.97784	30.944695	-144.95166	537.1429	-8.336931	15.511732	18.728683	-53.206223	264000	-0.033761106	839.83875	0.0	-199.05713	1.1102321	-2.8312205e-10	252.9522111415863
66	-64.19554	89.173874	39.90942	-229.26604	632.0	-13.666018	17.592096	21.98869	-54.984753	268000	-0.02872375	571.63696	0.0	-53.08197	1.1314032	-4.61936e-10	259.54680705070496
67	-13.851303	59.954247	49.621902	-148.4873	433.125	-9.41531	18.202587	22.799711	-55.323967	272000	-0.023396958	665.035	0.0	-57.11371	1.1025351	-1.5646219e-09	265.7988929748535
68	-13.110278	24.088821	24.653242	-39.42085	656.0	-14.528339	18.854862	23.5823	-55.50984	276000	-0.021015229	368.39777	0.0	-117.20892	1.1173905	9.387732e-10	273.63638401031494
69	-30.875837	33.854687	48.799606	-57.08076	556.8571	-7.4894776	17.478216	23.09453	-41.916325	280000	-0.041648537	489.01447	0.0	-59.88202	1.0715684	-4.1723253e-10	280.5579240322113
70	-9.090956	13.732788	8.590946	-28.639433	580.6667	-12.411906	14.709394	22.792326	-40.442154	284000	0.007756212	492.1411	0.0	-129.185	1.1265734	-2.384186e-10	288.2740480899811
71	-17.451536	54.189915	40.116974	-127.229126	492.875	-4.0910296	17.59813	23.28055	-50.753498	288000	-0.033316456	811.7136	0.0	-154.18286	1.0840666	-1.6987324e-09	294.26877212524414
72	-45.905033	87.71759	31.6293	-239.8742	436.22223	-5.569833	22.165571	24.150879	-49.27293	292000	-0.02719013	944.4873	0.0	-212.73492	1.1061223	-4.1723253e-10	299.7778260707855
73	13.727699	67.148186	207.16273	-55.73293	329.83334	-11.581182	24.70665	24.231144	-49.370712	296000	-0.050589144	967.17676	0.0	-154.58282	1.0867337	1.1324882e-09	305.4742271900177
74	-24.341059	65.389534	71.84644	-153.04019	300.81818	-5.1539383	19.955055	23.588158	-45.430813	300000	-0.0149708195	755.0853	0.0	-170.68335	1.1243911	2.8312205e-10	310.3446502685547
75	-20.24979	22.917505	12.166934	-63.875126	369.6	-17.612476	22.574759	22.889133	-49.19919	304000	-0.02995813	638.2162	0.0	-115.66284	1.1120024	-8.3446505e-10	316.0804829597473
76	13.63839	15.556955	34.150677	-10.781327	489.25	-16.593243	22.018263	23.07737	-48.98085	308000	-0.054566175	671.34485	0.0	-271.8724	1.0876458	2.5629998e-09	322.2425401210785
77	-7.5247717	64.98568	82.01342	-131.8423	431.42856	-10.222906	19.844965	24.791088	-43.552795	312000	-0.0038975405	729.1785	0.0	-194.39551	1.053046	-1.6093255e-09	328.1083769798279
78	-7.6219664	59.810528	67.96695	-149.9314	443.5	-6.7580523	20.45771	23.824198	-48.571922	316000	-0.019398874	485.31815	0.0	-49.013916	1.1656687	-1.192093e-10	334.6181490421295
79	19.459713	45.548065	107.68053	-32.957294	544.7143	-5.631623	17.654331	24.056814	-48.285545	320000	0.0031005226	533.04926	0.0	-54.916595	1.1339768	1.2367963e-09	340.9647762775421
80	17.792082	29.383743	79.8031	-25.151089	325.75	-1.2193091	18.148134	25.620514	-54.01747	324000	-0.006550316	584.6047	0.0	-111.80252	1.0861721	4.3213366e-10	345.97751903533936
81	16.235685	22.565887	46.671894	-26.523136	357.54544	-3.6551201	20.055964	23.876402	-55.301624	328000	-0.040531974	492.70236	0.0	-37.266968	1.1437217	4.4703484e-11	351.0306851863861
82	13.574146	27.227583	54.72452	-34.86651	394.22223	-3.666571	20.132223	30.294617	-57.77137	332000	-0.029453453	500.91373	0.0	-39.788788	1.1306977	-1.2218953e-09	356.3944320678711
83	17.463596	41.212334	73.95251	-53.91781	561.0	-5.851151	17.208384	23.96928	-49.94997	336000	-0.018874532	546.0797	0.0	-66.65103	1.1865181	1.0430813e-10	362.8151059150696
84	-4.119413	51.22829	71.80141	-92.25563	655.1667	-0.58680373	16.886019	24.455103	-53.532894	340000	0.0013870082	792.2673	0.0	-176.81976	1.1870456	-1.937151e-10	369.6691391468048
85	34.479115	36.643417	94.336334	-25.655222	613.6667	-6.8738565	17.44803	24.21619	-57.97509	344000	-0.085437	606.28827	0.0	-166.20084	1.1625378	9.536744e-10	375.86563515663147
86	55.615936	100.99016	173.54463	-104.65483	781.75	-2.283043	14.770048	25.767036	-51.97799	348000	-0.050850693	600.6965	0.0	-142.11615	1.1316271	-2.4437905e-09	382.57612800598145
87	27.411425	35.50516	88.58382	-14.565541	624.8333	3.686684	13.995432	25.705591	-47.445415	352000	-0.046608668	440.65375	0.0	-126.359985	1.1297178	1.1026859e-09	388.06002497673035
88	10.194479	26.437748	44.02513	-16.291176	801.5	2.463717	9.840243	25.43161	-23.775568	356000	-0.045946084	279.1987	0.0	-26.761581	1.1506946	1.3411046e-09	395.3417499065399
89	58.35414	21.742619	83.722984	34.6539	1000.0	-0.90216357	10.142474	24.545431	-24.296751	360000	-0.05451256	191.34784	0.0	-71.59032	1.1214018	1.2218953e-09	401.63600516319275
90	14.013217	71.219795	95.4572	-76.29256	646.4	7.55038	12.893543	28.114426	-16.412766	364000	0.011263482	574.03235	0.0	-160.58405	1.1024194	-3.1888485e-09	407.9040870666504
91	-17.213907	64.64085	89.79076	-106.445015	605.1667	-0.23482837	11.019503	24.570244	-47.833412	368000	-0.080171175	623.5732	0.0	-217.18262	1.0150629	6.2584876e-10	413.0470230579376
92	-1.2437215	19.758564	29.206322	-25.689209	939.75	-3.5438676	15.156897	24.91171	-39.829575	372000	-0.018262478	383.2721	0.0	-223.3338	1.1136926	-1.9967556e-09	419.1371171474457
93	34.522125	77.59021	122.13188	-64.30668	750.4	-1.6376045	8.744011	22.952969	-37.238823	376000	-0.046725396	565.69904	0.0	-142.78204	1.0862929	4.768372e-10	425.76865816116333
94	111.423836	39.205616	163.8964	67.1547	1000.0	-3.0430794	12.248522	26.38122	-40.829075	380000	-0.068286754	321.91898	0.0	-164.49376	1.0875988	-1.5795231e-09	432.03905296325684
95	36.855717	47.830383	99.1579	-17.618256	744.0	8.442913	11.737574	27.715834	-10.34661	384000	-0.034651186	415.6021	0.0	-106.84674	1.0382766	-1.0579825e-09	438.5686581134796
96	71.1526	56.402355	132.85696	-9.67604	736.2	2.492118	11.0347595	27.355024	-27.888899	388000	-0.027184216	321.2982	0.0	-36.608337	1.0162362	1.3709068e-09	444.43313097953796
97	114.71535	26.006536	158.82382	91.91245	902.75	1.9334435	9.112009	27.988365	-28.66756	392000	-0.040042613	414.0047	0.0	-213.79619	1.0070305	-1.4454127e-09	450.34665417671204
98	98.87663	17.877893	123.69713	75.1652	1000.0	8.54135	9.148048	29.919483	-2.681476	396000	-0.022228688	76.77561	0.0	-19.080803	1.0623425	3.144145e-09	457.1807601451874
99	61.071247	67.37729	127.79265	-38.621998	641.5	9.531375	12.997548	29.64087	-12.962616	400000	-0.014366688	627.54114	0.0	-242.68567	1.0421928	1.4901161e-10	463.25790095329285
100	24.345785	71.76568	173.76956	-55.709755	453.0	7.187282	11.495802	29.482006	-40.28947	404000	0.014136487	845.5475	0.0	-354.5964	1.0317743	1.1026859e-09	468.6901710033417
101	26.803207	65.398766	137.78725	-58.162827	499.25	-2.2192373	18.973927	29.162224	-51.289078	408000	0.015434157	547.16064	0.0	-185.02756	1.0632203	-9.387732e-10	474.1562190055847
102	51.505573	77.4374	185.06921	-30.611996	510.7143	-4.8345995	15.943671	29.084774	-53.01843	412000	-0.04509032	716.26215	0.0	-172.1654	1.0137172	6.4074995e-10	479.5886080265045
103	45.259277	54.40181	130.87868	-21.69617	517.5	-2.213892	18.627176	33.99216	-49.9006	416000	-0.016328914	438.43207	0.0	-153.64966	1.0077146	2.2649764e-09	485.39724802970886
104	75.31929	77.26955	147.84305	-32.66549	690.8	1.0858338	12.992887	33.097294	-50.47336	420000	-0.015747393	514.0428	0.0	-126.78995	0.9594866	2.9802322e-10	491.3181321620941
105	31.83318	54.556667	147.09581	-28.08684	361.0909	9.648442	16.467958	39.16284	-49.570396	424000	-0.020959688	699.9182	0.0	-273.51126	0.97458583	1.3113022e-09	495.97112011909485
106	72.0235	96.473015	166.83296	-46.080303	688.0	-0.6155097	16.041388	32.049786	-57.921394	428000	-0.007687759	604.1215	0.0	-340.81445	0.98427063	-1.7285346e-09	501.27620005607605
107	65.8588	72.618546	149.64204	-22.372154	608.5	3.9044135	17.792044	39.563286	-45.694534	432000	-0.024141375	518.78406	0.0	-74.91879	0.97309536	-3.1292438e-10	506.49144411087036
108	144.29807	31.828772	192.97433	104.02928	914.5	4.5052934	15.619778	43.589516	-50.04211	436000	-0.048814435	470.35965	0.0	-265.2944	0.9759653	-7.748604e-10	512.4719898700714
109	81.56097	69.07751	219.45131	9.351597	535.6667	13.565545	15.248174	53.973156	-20.771517	440000	-0.050235726	734.65784	0.0	-365.8306	0.94475627	2.3245812e-09	518.6583242416382
110	118.64376	84.91474	210.71405	-40.91461	768.8	6.0774817	12.294963	33.287033	-32.495842	444000	-0.03143973	530.4294	0.0	-157.47098	0.9638056	1.296401e-09	524.8004410266876
111	43.043022	84.65191	142.63669	-80.839874	759.4	11.850718	12.28273	33.32164	-28.903028	448000	-0.030535134	513.2009	0.0	-250.34863	1.0068992	-1.2218953e-09	530.4927389621735
112	100.47685	69.81038	154.72371	-16.567692	817.5	-1.9602965	14.677623	33.14112	-40.57871	452000	-0.042533435	393.83005	0.0	-114.52588	0.92125374	-1.1026859e-09	536.1982612609863
113	48.3298	63.62224	96.81437	-60.2047	876.0	7.8636856	13.487309	35.38572	-32.542564	456000	-0.02944095	312.38406	0.0	-69.722946	0.99410474	3.0845404e-09	542.1689701080322
114	103.50766	46.972313	157.5197	28.397194	815.0	4.4308176	12.568405	35.773056	-29.092482	460000	-0.038358156	254.82643	0.0	-75.925125	0.9491599	-2.69711e-09	548.5660581588745
115	91.36173	17.54048	120.661125	77.16116	1000.0	7.379079	10.553236	35.86971	-9.826893	464000	-0.0859539	83.53516	0.0	-16.483376	0.980537	-3.6805867e-09	554.9586663246155
116	81.11946	47.448578	152.99191	29.713554	1000.0	9.428742	10.212519	35.846107	-9.666551	468000	-0.06201531	170.75435	0.0	-45.646454	1.0192434	-8.1956386e-10	562.8564562797546
117	68.445984	38.90513	113.05288	28.170084	1000.0	5.1122136	7.8890452	34.957184	-15.359116	472000	-0.06299127	129.5892	0.0	-22.111404	0.98320943	-6.2584876e-10	569.5328080654144
118	35.20293	66.867805	85.631004	-79.83403	904.75	4.2347226	12.088318	36.106068	-31.323364	476000	-0.014969046	251.48167	0.0	-50.93988	0.97531956	8.046627e-10	575.5374612808228
119	62.658447	71.69437	114.49639	-59.56653	889.0	4.5874043	8.587072	36.44295	-34.61224	480000	-0.016409507	219.68166	0.0	-38.939713	0.9780964	1.0877848e-09	582.0757160186768
120	82.13603	17.10667	102.06284	57.395905	1000.0	1.8895354	10.288843	36.724926	-30.418854	484000	0.018817006	145.29045	0.0	-88.45068	0.9871377	-2.592802e-09	589.5549650192261
121	110.605896	12.217362	123.86262	97.29983	1000.0	6.0552187	9.196413	36.77436	-4.6748333	488000	-0.044840127	75.142105	0.0	-10.810577	0.95653456	3.5464764e-09	596.2284700870514
122	65.74987	43.87337	116.666916	-3.9717436	809.75	6.708168	11.996809	37.672302	-32.21694	492000	-0.019896725	280.90762	0.0	-85.0639	0.91864085	-4.5597552e-09	602.7254490852356
123	100.37804	68.96476	188.09113	10.290381	722.8	3.4154189	15.539148	38.511642	-34.06539	496000	0.006242341	320.37103	0.0	-39.883423	0.89814353	3.1739473e-09	608.1932442188263
124	89.17794	76.50501	227.879	0.80923826	665.6	6.026735	13.498995	40.752575	-31.943796	500000	-0.032754574	408.38617	0.0	-87.89154	0.903976	-4.768372e-10	613.5899171829224
125	97.47021	65.88386	156.79749	-14.080125	799.75	8.358834	13.047956	41.36854	-36.441315	504000	0.006860452	264.69345	0.0	-79.9317	0.81356776	8.3446505e-10	619.2164351940155
126	74.3968	62.088764	127.32701	-17.084738	731.0	6.994642	14.832905	43.280857	-36.80807	508000	-0.01840294	429.64566	0.0	-132.65338	0.8322724	-4.3213366e-10	624.6290130615234
127	126.10471	77.5125	262.22955	22.346323	736.6	3.569349	19.01002	45.334217	-38.2114	512000	-0.031169545	489.03278	0.0	-279.40344	0.81259304	-2.3692845e-09	630.3789401054382
128	166.11696	102.92736	267.3077	10.256569	624.3333	22.05559	10.690885	47.517868	-1.1491446	516000	-0.02728657	581.0689	0.0	-112.79715	0.7703849	-1.2665987e-09	635.2559652328491
129	227.42822	79.72291	275.85175	51.998882	660.5	16.916067	14.628563	49.50696	-11.297472	520000	-0.05733294	709.0086	0.0	-110.7901	0.73503417	5.364418e-10	640.4380910396576
130	191.86298	104.65421	269.9563	26.256083	393.2	30.319023	12.221142	51.82278	-20.868795	524000	-0.09764478	1064.7996	0.0	-300.0652	0.8323473	-1.1473894e-09	645.1612179279327
131	211.60674	76.76435	255.70146	24.80591	540.4286	35.509514	9.578355	52.559505	-17.617708	528000	0.00822333	818.8396	0.0	-217.79541	0.7530751	1.0877848e-09	649.6508681774139
132	223.44691	96.57537	281.77603	-29.45175	495.875	34.920876	13.963327	54.35608	-20.659853	532000	-0.06590363	677.2414	0.0	-238.75195	0.7965489	1.8924475e-09	653.9962248802185
133	148.13377	128.23634	302.32236	-37.48529	322.83334	36.695427	17.314127	57.064785	-54.426994	536000	-0.06370914	1254.0752	0.0	-235.0373	0.80716014	-1.475215e-09	658.082731962204
134	159.15363	112.12269	292.98947	-10.683637	302.84616	24.08469	28.626179	57.31275	-55.059547	540000	-0.059656855	2018.2062	0.0	-890.3884	0.8311203	3.874302e-10	662.1252021789551
135	145.20834	114.30439	265.01147	-15.164559	306.0	34.483486	19.963945	59.394966	-10.719133	544000	-0.04794235	1314.4221	0.0	-192.01172	0.8286953	8.046627e-10	666.1842589378357
136	261.14923	14.529575	285.63928	230.41042	377.0	39.66019	15.239812	56.05488	-8.974221	548000	0.0005795395	624.60187	0.0	-262.7677	0.77251196	1.5944243e-09	670.3017420768738
137	182.92242	115.18568	301.6657	-10.081813	383.9	46.107788	13.459885	60.773663	-16.179705	552000	-0.030633358	1446.246	0.0	-477.81512	0.77282375	1.6689301e-09	674.7700340747833
138	202.66557	95.62449	273.64804	1.7187399	355.63635	40.631596	12.066424	59.261314	-21.444391	556000	-0.07628213	1052.2273	0.0	-200.5722	0.7968621	1.4901161e-10	678.9096319675446
139	184.27472	115.833374	296.41772	-23.464003	307.25	36.093056	22.301823	60.646465	-15.897472	560000	-0.024847427	1436.2382	0.0	-539.691	0.8230075	2.9802324e-11	682.9081592559814
140	180.43732	91.47994	255.19672	-17.7688	382.0	28.94667	23.902588	60.863323	-36.70133	564000	-0.0645298	911.79956	0.0	-218.86145	0.87561053	2.0861626e-10	687.2757091522217
141	206.9348	94.70819	272.12692	-10.776932	350.27274	38.02947	20.887703	71.66021	-21.283827	568000	0.014374273	978.8934	0.0	-175.84161	0.81455207	-1.0579825e-09	691.5654640197754
142	158.75792	122.58394	271.55383	-10.683475	332.18182	38.195316	26.411621	69.73629	-40.911312	572000	-0.03539541	1086.9796	0.0	-190.07648	0.88380325	-2.1010638e-09	695.5911021232605
143	186.24554	101.763855	273.97314	-24.1866	412.8889	29.473091	27.994461	68.67153	-52.96023	576000	-0.07537484	1179.5725	0.0	-410.66418	0.84118813	1.5646219e-09	700.0296540260315
144	206.10974	77.17933	289.78903	-12.142282	395.4	36.286774	16.582968	69.500496	-18.668085	580000	-0.055494837	662.13275	0.0	-260.2711	0.83603567	5.811453e-10	704.4574630260468
145	212.72849	88.95014	261.78217	-52.024326	392.8	41.392094	24.38176	76.21188	-51.4298	584000	-0.04937459	424.42395	0.0	-119.69873	0.88189465	-1.0579825e-09	708.9483780860901
146	219.9175	71.47417	278.49048	30.698643	406.0	40.63698	26.792156	78.78446	-54.604507	588000	-0.058589745	699.2562	0.0	-344.12875	0.8792277	-2.1904707e-09	713.541177034378
147	239.2102	40.990868	288.36655	148.79814	411.77777	42.349106	20.191084	78.94884	-16.030535	592000	0.0256728	603.53815	0.0	-145.45697	0.80765444	-7.599592e-10	718.3392820358276
148	141.68452	143.58118	284.32358	-83.25112	439.44446	42.05105	18.29768	75.37782	-27.052792	596000	0.039702863	2131.1328	0.0	-1162.8469	0.8280315	9.387732e-10	723.3993110656738
149	202.23212	65.2844	266.77347	45.3511	426.8889	18.963297	23.748167	65.154686	-65.275734	600000	-0.054225255	1521.0416	0.0	-782.2611	0.82915306	-1.4901161e-10	728.2640421390533
150	217.39107	77.43092	280.72437	-7.6230335	390.0	37.633728	15.44489	69.27287	11.583061	604000	-0.037780512	743.5679	0.0	-158.27814	0.86903745	3.5762787e-10	732.6567430496216
151	223.39833	85.44062	275.7206	-43.25977	351.72726	47.512962	18.68468	78.0324	6.08312	608000	0.014583953	595.26666	0.0	-64.54834	0.79699415	1.7881393e-09	736.9712960720062
152	218.07198	69.111855	278.78397	7.3397603	344.36365	49.712376	19.096249	78.679955	-5.44807	612000	0.03999024	473.5877	0.0	-48.50305	0.8117113	8.9406965e-10	741.1146380901337
153	218.21078	61.70531	260.08966	37.36038	351.81818	52.71898	16.228294	78.64474	6.430841	616000	0.09363466	897.2712	0.0	-216.33838	0.77016735	1.4156103e-09	745.4437322616577
154	223.4994	80.44373	294.0496	-22.840635	340.27274	53.55946	14.629577	76.257324	9.293126	620000	-0.02034301	730.50073	0.0	-269.01974	0.8178616	-7.748604e-10	749.54851603508
155	174.53342	120.54618	292.26547	-8.442955	276.85715	48.8896	22.056105	74.85141	-6.6886816	624000	0.010902321	1219.1196	0.0	-251.62262	0.7638053	2.4139881e-09	753.3499541282654
156	175.4357	113.40115	266.6524	-3.921235	258.33334	52.426334	16.74845	75.28416	-8.502496	628000	0.011441202	1813.3572	0.0	-410.02588	0.8139781	-9.685754e-10	757.1030299663544
157	202.21576	99.941956	280.5672	-44.919056	320.16666	41.81021	22.421936	76.61256	-43.902733	632000	0.038087107	1469.4823	0.0	-239.2644	0.7627823	-3.144145e-09	761.026859998703
158	110.169266	120.33508	274.57956	-28.687162	254.13333	48.227764	19.349545	77.460754	-38.249237	636000	0.011424443	2076.9937	0.0	-774.71484	0.7528805	-2.5779008e-09	764.6798520088196
159	185.06078	109.224075	279.75314	-34.855507	234.35294	39.267258	21.826504	73.31986	-45.25391	640000	-0.035549	1735.1663	0.0	-575.05334	0.76979417	1.3411046e-09	768.2856969833374
160	150.5851	123.884735	279.99854	-28.252499	235.05882	51.224087	25.353155	80.41523	-48.211906	644000	0.0019500324	1382.0768	0.0	-510.87976	0.7329047	5.364418e-10	771.976083278656
161	97.02363	117.48943	278.71933	-36.44502	221.27777	34.484554	35.833572	79.88003	-62.369385	648000	-0.019445248	3126.13	0.0	-1565.3635	0.7920284	6.4074995e-10	775.5947902202606
162	141.34198	117.98684	260.33447	-40.091064	232.9375	30.874392	29.6358	77.60837	-60.12908	652000	-0.029096333	1880.9319	0.0	-511.78857	0.7361679	3.2782554e-09	779.2084650993347
163	73.560036	102.4435	273.68915	-10.839952	219.61111	34.615906	29.657928	80.10302	-60.48673	656000	-0.0060394	2113.0876	0.0	-1048.7794	0.8375478	1.3411046e-09	782.7180352210999
164	126.20025	123.26206	273.14368	-77.94183	246.4375	23.51513	30.49623	67.686295	-81.14094	660000	-0.009441057	2320.3625	0.0	-1386.1101	0.76874495	8.642673e-10	786.340301990509
165	124.47688	119.97565	300.03296	3.5677266	234.875	37.62894	29.882332	74.613976	-55.838596	664000	-0.08864191	2145.1592	0.0	-518.6365	0.8200403	-1.296401e-09	789.9724991321564
166	162.38135	121.51356	270.78595	-36.824818	268.35715	36.76037	30.908798	81.46198	-57.427677	668000	-0.015472121	1197.0397	0.0	-234.54053	0.78209573	-2.2351743e-09	793.6949059963226
167	159.2869	112.4589	272.4416	-8.591168	277.14285	42.08589	30.63254	81.68547	-53.27208	672000	-0.032537896	1455.5946	0.0	-308.56482	0.80840665	7.4505804e-11	797.4813129901886
168	143.19429	122.08644	290.70462	-30.007763	277.2857	48.24613	28.16726	80.31844	-55.34961	676000	-0.0024924835	2098.8704	0.0	-798.59863	0.8011918	1.0430813e-10	801.3038640022278
169	167.40633	120.78717	314.06393	-0.8877269	287.30768	37.505424	28.153095	78.85917	-61.605488	680000	-0.0094108265	1524.9252	0.0	-336.75476	0.7945917	-9.0897084e-10	805.215674161911
170	183.3593	113.43576	289.05304	-41.129204	332.08334	30.3057	29.397118	77.95961	-71.31551	684000	-0.074997	1479.6598	0.0	-482.1136	0.80656433	2.5331975e-10	809.2789340019226
171	190.66606	109.61056	290.86057	-31.719843	370.0	48.499134	18.5809	85.53386	-44.00107	688000	0.036220163	885.97986	0.0	-251.50317	0.83883643	-2.503395e-09	813.6965200901031
172	183.59119	91.930244	266.8594	19.270336	415.33334	24.466991	32.831734	77.9377	-59.813828	692000	-0.11805583	1005.4166	0.0	-397.3026	0.8070838	4.3213366e-10	818.120313167572
173	190.82936	89.623856	261.62936	-32.48558	453.875	36.738506	23.704338	85.1559	-38.378975	696000	0.01148183	657.5791	0.0	-145.78424	0.7991589	1.937151e-10	823.0956060886383
174	154.53857	99.3656	254.31874	-23.247543	475.125	25.013046	23.675272	67.79735	-44.019733	700000	0.016440056	942.16425	0.0	-366.58405	0.7892425	2.682209e-10	827.8177001476288
175	204.82921	35.130524	239.82619	131.88902	547.4286	23.91144	26.776344	77.40867	-42.141315	704000	-0.056196496	462.51562	0.0	-213.2459	0.8454626	-2.5331975e-10	833.0368151664734
176	155.37523	93.470146	249.61665	-58.695988	549.7143	30.319103	19.541805	81.852745	-8.088712	708000	0.027759708	943.8558	0.0	-289.75458	0.885517	1.1175871e-09	838.2274780273438
177	40.95581	180.62265	251.4656	-213.60213	559.8333	23.48699	23.668827	78.77535	-41.29533	712000	0.07907187	1991.0272	0.0	-1314.3578	0.84303296	-1.2665987e-09	843.3808932304382
178	162.42519	47.67659	219.4448	77.05046	587.1667	1.6905619	32.398323	73.51744	-78.659775	716000	-0.07472629	1315.7552	0.0	-991.86145	0.8874226	4.768372e-10	849.0222880840302
179	191.45094	102.324234	291.8425	-34.48866	493.7143	29.46443	26.130287	85.815674	-50.78612	720000	0.049924623	788.8647	0.0	-234.57977	0.8186873	4.3213366e-10	854.1667859554291
180	168.58887	101.641975	284.5465	-41.159042	541.0	27.47561	23.275932	82.73071	-47.970432	724000	0.040295105	768.7908	0.0	-149.46063	0.8496828	-1.3560056e-09	859.4157302379608
181	178.96082	128.88193	244.83267	-159.97018	494.375	27.71323	22.150251	83.39295	-43.04129	728000	0.07715152	1115.4923	0.0	-381.2707	0.7596868	-2.0861626e-10	864.2962741851807
182	154.46048	118.0097	273.5591	-44.53258	557.5714	26.332952	25.639437	82.6423	-59.786606	732000	0.0076481947	1162.6516	0.0	-420.38123	0.7839211	8.940697e-11	869.3121840953827
183	188.579	95.08215	251.28162	-55.197266	431.375	20.332191	20.3715	69.89881	-62.985935	736000	-0.083750375	1006.05786	0.0	-232.03821	0.87405616	-1.6689301e-09	874.2407789230347
184	239.51582	23.026112	279.80084	206.21376	378.7	35.43732	19.33894	75.967964	-8.920901	740000	-0.0828736	464.06842	0.0	-336.16208	0.87781703	2.384186e-10	878.4984021186829
185	185.25761	110.300735	290.22916	-32.253555	383.0	52.128273	18.183067	86.1449	0.25055784	744000	0.030784404	1085.7823	0.0	-371.8761	0.8195896	1.4901161e-10	882.9240880012512
186	178.7661	105.03271	289.39267	-34.52396	381.0	36.82468	20.848587	75.586876	-20.5282	748000	-0.023872629	1115.624	0.0	-222.2124	0.79854435	-1.9818545e-09	887.2988300323486
187	150.48106	118.49984	285.3548	-33.25237	306.46155	34.941845	19.752699	70.95101	-33.70891	752000	-0.064429715	1392.7377	0.0	-165.64026	0.83387965	-1.1622906e-09	891.2862620353699
188	145.75015	109.32566	254.83163	-22.216898	376.3	25.899794	29.917513	78.99364	-31.538311	756000	0.08362434	1520.2675	0.0	-384.73596	0.6756925	2.2351743e-09	895.4968109130859
189	187.25493	96.39426	284.71832	13.396484	360.45456	30.219898	24.303432	72.96462	-27.74735	760000	-0.041209262	1104.8533	0.0	-284.64856	0.7373008	1.1622906e-09	899.5203082561493
190	196.29576	90.26323	287.6181	1.8254294	353.0909	41.48238	18.415607	78.24575	-18.386637	764000	-0.10153656	838.31757	0.0	-99.40753	0.7368992	-2.0861626e-09	903.5661129951477
191	194.70987	113.038376	297.25034	-22.275648	292.69232	44.67627	23.124983	80.02143	-22.463362	768000	-0.03028498	883.10583	0.0	-112.46118	0.81023306	-1.9967556e-09	907.5581040382385
192	212.62947	95.36255	303.47803	1.4588041	322.5	44.75467	28.439262	83.228134	-23.43506	772000	0.07240658	907.75037	0.0	-210.78809	0.7100222	5.960465e-11	911.4852690696716
193	196.07794	100.239075	278.15778	-28.43579	318.41666	49.23271	22.722963	85.84533	-22.655024	776000	-0.0110730305	1085.1461	0.0	-134.25769	0.7662373	1.7881394e-10	915.6033399105072
194	205.81525	91.85032	277.94266	-4.7821956	319.25	49.11322	27.644695	84.80758	-25.893229	780000	-0.064970225	772.4344	0.0	-190.68726	0.8033134	1.3113022e-09	919.5053930282593
195	178.38345	122.14027	292.44083	0.30541086	279.07144	55.2805	21.680935	90.493835	-35.254955	784000	-0.027937252	1443.2378	0.0	-430.19812	0.810863	-4.4703483e-10	923.2992351055145
196	250.10448	23.577751	284.54984	211.53432	309.25	44.06802	29.506876	82.41235	-34.73363	788000	0.06645751	1368.5637	0.0	-1090.483	0.72449195	-1.5944243e-09	927.0694062709808
197	219.12971	87.75308	281.3665	-2.9302058	322.58334	58.97728	16.547472	92.70297	-0.8699085	792000	0.0049157515	958.1589	0.0	-287.84448	0.74477416	-1.1622906e-09	930.8854939937592
198	222.80103	81.51616	290.2947	30.77181	289.92307	58.03286	17.17048	85.8462	-50.863495	796000	-0.022832483	689.1528	0.0	-129.30194	0.7759324	2.2351741e-10	934.6931540966034
199	166.15831	107.64748	278.7876	0.82340467	261.0	58.85655	18.84098	88.618095	-50.658844	800000	-0.030822711	1561.674	0.0	-591.79126	0.8101324	1.2814999e-09	938.627359867096
200	209.63467	102.6301	289.88657	-25.296684	285.42856	40.674328	29.202684	92.67673	-66.903244	804000	-0.021099797	1062.123	0.0	-308.85468	0.7399646	1.0430813e-10	942.6521499156952
201	189.70798	107.3784	294.25186	-17.06839	301.76923	56.137413	21.733664	96.048874	-76.870476	808000	0.03524368	901.1554	0.0	-332.229	0.75639784	-3.874302e-10	946.7748820781708
202	195.05183	117.70193	307.76804	-5.2644997	268.85715	46.09208	32.298176	102.21916	-69.59153	812000	-0.0606723	708.293	0.0	-140.28479	0.7329712	5.5134297e-10	950.5626401901245
203	208.41289	108.615036	293.5125	-22.898924	317.16666	44.62918	33.705032	99.28637	-82.00003	816000	-0.06956222	1291.3738	0.0	-337.28528	0.751345	-4.917383e-10	954.5775451660156
204	162.40833	116.93645	291.69614	-2.1532967	267.92856	47.604946	26.205208	90.25286	-61.958893	820000	-0.043064762	1443.735	0.0	-601.48895	0.7835897	-7.0035455e-10	958.2903761863708
205	212.30397	99.23492	301.12973	-2.508773	277.64285	56.262108	23.543303	90.19779	-77.79953	824000	-0.0028546907	896.0668	0.0	-152.79504	0.76481813	2.6375055e-09	962.1026091575623
206	244.43805	81.81394	309.90234	-6.598453	315.58334	52.075367	26.971178	85.595276	-72.719894	828000	0.071385555	682.3654	0.0	-233.91245	0.64743626	-2.2351741e-10	966.1680130958557
207	241.82098	68.616615	307.58	19.923914	304.3846	57.463203	23.999695	98.48736	-78.592606	832000	-0.055449486	482.81592	0.0	-132.6116	0.76397306	2.682209e-10	970.1182391643524
208	231.61827	58.495396	285.39444	47.497017	302.30768	59.26212	15.92236	87.00584	-45.53578	836000	0.02646108	622.7463	0.0	-102.73053	0.74938744	8.791685e-10	974.0878441333771
209	259.7389	21.089367	292.98767	229.03409	301.76923	62.303192	13.702929	91.202866	-14.856418	840000	-0.045281388	134.80276	0.0	-60.035095	0.7945159	-2.8312205e-10	977.8852109909058
210	254.03035	23.064459	298.8029	219.27863	314.75	66.544044	15.668989	97.63898	9.881525	844000	0.0098386025	131.87428	0.0	-38.885696	0.78863454	-1.7136336e-09	981.8905441761017
211	223.71564	87.60802	284.96484	4.090717	294.76923	64.34588	14.680421	103.43003	-2.4277565	848000	-0.0036756324	615.09625	0.0	-116.16281	0.8312353	2.384186e-10	985.8317182064056
212	240.93382	63.289387	290.5374	30.317783	300.07693	59.795788	17.378366	94.849915	12.799822	852000	-0.008859344	479.47534	0.0	-77.06329	0.81543046	4.1723253e-10	989.737154006958
213	249.24606	22.905983	288.3614	207.63019	307.15384	63.630272	15.445014	102.44005	3.4176354	856000	-0.007033943	113.543434	0.0	-35.75116	0.8050492	-2.1010638e-09	993.6923360824585
214	247.11383	60.66029	295.4784	51.62006	326.33334	61.91655	20.482143	102.24144	-12.684955	860000	0.03211791	545.45605	0.0	-144.2833	0.7569619	-8.493662e-10	997.6519742012024
215	213.75092	95.931076	301.14322	16.852144	357.45456	55.1366	18.063387	86.40008	-7.309098	864000	0.012923073	1344.5428	0.0	-853.46765	0.6980717	7.748604e-10	1001.8742718696594
216	211.47655	93.80574	287.55432	-25.327978	304.6154	41.46529	25.847483	83.99283	-36.74013	868000	-0.07309433	945.0754	0.0	-465.7329	0.7887098	5.662441e-10	1005.9471280574799
217	209.92657	102.176094	289.095	-3.2093396	340.36365	48.261936	24.339914	96.09936	-27.375134	872000	0.014824598	854.7963	0.0	-314.12244	0.78787994	-3.1292438e-10	1010.109129190445
218	233.67848	41.0581	283.8184	132.30925	363.45456	51.415386	16.205542	85.47253	-19.25757	876000	0.0764491	549.97534	0.0	-143.24603	0.7410188	1.6689301e-09	1014.3213331699371
219	215.69835	88.861435	289.9399	25.428093	319.25	49.40431	23.707804	94.94621	-48.052597	880000	-0.02508049	1146.204	0.0	-540.8951	0.7369248	-1.7881393e-09	1018.3832550048828
220	227.59653	81.94725	297.38358	33.395634	300.23077	52.35775	22.347214	91.53525	-57.55481	884000	0.0063079353	796.95575	0.0	-318.12354	0.7412995	2.2649764e-09	1022.3533432483673
221	248.20251	35.10405	293.52142	160.22571	316.75	54.774204	20.700739	86.234795	-24.684715	888000	0.012647453	467.9093	0.0	-145.49414	0.7521069	1.3113022e-09	1026.326490163803
222	210.83392	99.195526	293.36603	-26.550043	342.27274	53.21206	23.557682	93.490234	-24.10733	892000	-0.009921122	969.8781	0.0	-249.68542	0.69031984	1.192093e-10	1030.3467860221863
223	261.88013	16.764965	284.8786	232.41878	318.0	50.448338	20.77596	87.66829	-42.51386	896000	-0.024690012	380.3597	0.0	-270.49945	0.7995157	1.0728836e-09	1034.251456975937
224	240.04343	62.44503	294.5796	41.039776	295.3846	64.13719	17.719517	95.55978	-11.335168	900000	0.04016885	684.53204	0.0	-114.31293	0.70497966	4.917383e-10	1038.0818920135498
225	225.09364	78.24476	302.62924	48.331127	292.92307	62.669094	15.219597	89.30232	21.381659	904000	0.014253265	1001.2146	0.0	-289.94794	0.745431	-4.4703484e-11	1041.922425031662
226	172.92415	111.91678	281.22842	10.444491	281.0	54.751312	20.835524	87.80139	-36.661476	908000	-0.044455085	1449.2898	0.0	-328.89783	0.83220154	-1.1026859e-09	1045.6577892303467
227	222.44594	97.20607	298.35638	1.6527113	315.08334	46.53974	24.514526	83.274994	-43.955643	912000	0.046234716	851.65295	0.0	-220.94647	0.6965134	1.0728836e-09	1049.5322470664978
228	260.34515	21.133743	295.63297	211.108	281.2143	50.497032	21.38501	88.706406	-36.998882	916000	-0.12187003	767.8985	0.0	-679.6069	0.756736	-1.0281801e-09	1053.3313431739807
229	249.92068	58.858284	307.23734	48.23314	280.5	69.41734	17.245844	107.80926	-13.060351	920000	0.009762138	484.0168	0.0	-213.57861	0.7652632	-1.475215e-09	1057.204775094986
230	205.66225	100.89721	296.47058	12.03815	265.33334	66.49042	16.186186	95.231125	-5.6351285	924000	0.001619858	1548.7404	0.0	-559.11536	0.8069832	-1.4901161e-10	1060.9660332202911
231	182.29483	114.12707	296.40448	-23.968304	279.42856	53.703907	22.483484	89.192955	-41.746742	928000	-0.012793414	1430.9935	0.0	-670.8529	0.7656712	-3.710389e-09	1064.7809629440308
232	252.00046	21.058954	281.59085	209.62616	307.15384	44.594643	31.355865	96.9823	-73.15978	932000	-0.07743533	955.63715	0.0	-807.5315	0.74120754	-1.9669533e-09	1068.7289950847626
233	244.50258	60.540607	298.50754	44.25113	292.0	69.378296	17.961512	121.49344	-7.3201942	936000	-0.012903007	577.20935	0.0	-251.11636	0.78363526	4.4703483e-10	1072.6568880081177
234	217.27301	69.01694	277.67682	23.151434	339.54544	62.66407	16.08769	105.83562	-34.929417	940000	-0.012131865	911.3591	0.0	-427.3395	0.7639166	8.046627e-10	1076.934315919876
235	226.13336	106.05118	281.92926	-121.36652	320.75	50.49871	19.660276	88.89461	-53.553215	944000	-0.034127038	1212.6045	0.0	-541.3475	0.7942311	7.8976153e-10	1080.9650559425354
236	222.3435	70.95166	279.48523	-3.3021803	328.91666	49.52849	23.430191	84.05744	-37.02952	948000	-0.08295743	594.5679	0.0	-147.14835	0.80355424	1.7881394e-10	1084.9674880504608
237	249.91624	25.911007	295.83994	211.64856	333.72726	54.47435	21.91266	98.16735	-16.184122	952000	-0.0011842242	422.04526	0.0	-78.36984	0.77329797	-1.0430813e-10	1089.2302539348602
238	258.72592	23.162182	296.26642	210.74284	329.18182	56.839115	20.464535	99.89161	-28.790247	956000	-0.014488228	178.72522	0.0	-73.51219	0.8042697	-1.6242265e-09	1093.3155760765076
239	238.16423	78.80533	292.30136	-25.121832	306.76923	66.18805	17.327812	101.20767	-16.27413	960000	-0.01852902	445.69568	0.0	-175.69995	0.81953543	-1.6540289e-09	1097.4361090660095
240	263.4147	21.025179	298.4123	231.8331	321.08334	54.67175	25.591652	98.211235	-40.522552	964000	0.071105696	350.69147	0.0	-256.93494	0.77709615	2.682209e-10	1101.4442431926727
241	243.98543	17.211517	282.3806	220.05435	372.7	58.21379	19.874903	97.54522	-32.911316	968000	0.1874631	569.3835	0.0	-426.6344	0.72825235	9.387732e-10	1105.5002961158752
242	237.60924	70.367805	299.6679	10.630154	313.91666	58.697773	16.44495	108.76751	-2.3608377	972000	-0.068585224	436.67358	0.0	-48.229645	0.79248035	-2.771616e-09	1109.4203991889954
243	251.91345	19.666674	277.76294	218.30272	330.0	60.06853	19.308071	98.21179	-18.650951	976000	1.8484592e-05	256.43478	0.0	-71.316574	0.74015343	1.6391277e-10	1113.4376349449158
244	259.39304	24.966621	295.41983	216.35777	297.23077	61.42027	20.278921	103.95867	2.3821485	980000	0.01662112	257.0047	0.0	-86.31389	0.7025331	1.6093255e-09	1117.2405302524567
245	239.85457	83.96972	319.37695	36.086617	276.7857	69.633316	15.266808	105.722046	-0.4871484	984000	-0.005353654	862.4545	0.0	-365.0423	0.7017007	3.1590461e-09	1121.0374810695648
246	232.346	75.372635	304.74265	47.157295	258.8	62.534584	17.471577	94.52738	-36.54951	988000	-0.0064089913	615.597	0.0	-89.39844	0.72975415	-2.1010638e-09	1124.6687080860138
247	239.54095	81.35116	303.33813	26.855846	250.13333	62.23015	24.688314	98.08601	-37.16947	992000	-0.035711266	931.7279	0.0	-251.45166	0.7373261	6.854534e-10	1128.3303852081299
248	179.04646	124.132454	314.60822	3.5221088	295.6154	66.130714	18.714994	96.675545	-46.02344	996000	0.020974953	2072.9739	0.0	-1001.43835	0.6663691	6.854534e-10	1132.3875110149384
249	214.17148	104.81291	303.79602	-4.7888503	236.8125	53.501617	23.128819	94.31826	-45.72663	1000000	0.015621621	1151.5337	0.0	-444.14313	0.7509094	-1.4156103e-09	1135.9553771018982
250	263.27774	22.284765	294.43567	207.86134	274.2857	66.25884	23.211258	104.06093	-25.75853	1004000	-0.033016063	503.69992	0.0	-218.7286	0.69233483	-1.6540289e-09	1139.6480610370636
251	231.43582	80.88645	296.90756	11.330066	250.93333	69.27663	23.596392	97.66559	-17.247631	1008000	-0.02135921	708.1594	0.0	-241.9859	0.69001716	-3.5762787e-10	1143.360682964325
252	254.16292	62.602093	310.77017	48.24705	307.6154	60.27456	24.176336	97.215775	-43.552193	1012000	-0.018740475	747.205	0.0	-341.58353	0.6288724	-7.301569e-10	1147.3610491752625
253	250.01332	69.73758	313.73636	27.80688	272.85715	68.0156	28.329227	102.70547	-31.185423	1016000	-0.054616615	753.5845	0.0	-233.34607	0.6358318	-1.847744e-09	1151.0013659000397
254	238.79483	80.48591	296.48605	0.047175687	242.4375	70.22878	20.388456	102.47669	-21.859472	1020000	-0.041336905	729.4268	0.0	-172.58429	0.73084825	-1.0728836e-09	1154.601536989212
255	231.623	81.15483	287.5291	17.852701	265.66666	67.310356	25.762295	100.5367	-34.89338	1024000	0.021036558	1161.7362	0.0	-518.02203	0.66359675	1.3411046e-09	1158.267846107483
256	248.9452	71.752174	305.46713	-6.267179	238.6	71.28841	20.157866	106.84543	-21.2546	1028000	0.04403291	870.5101	0.0	-415.9151	0.7014456	-8.1956386e-10	1161.878335237503
257	258.4745	57.41804	297.6725	51.00166	250.0	62.156548	29.563047	108.90605	-35.310757	1032000	-0.041441906	913.71936	0.0	-455.96127	0.69387335	-1.7285346e-09	1165.531167268753
258	262.40967	18.324745	298.79434	229.51935	252.53334	80.23203	13.317671	101.60931	34.268204	1036000	0.10841975	122.65625	0.0	-32.340126	0.68489933	1.2665987e-09	1169.2052850723267
259	225.29979	94.24877	305.12216	-4.107749	289.69232	70.322136	20.99432	102.17825	-12.9241	1040000	-0.003858842	1283.3535	0.0	-377.45575	0.6503389	-2.026558e-09	1173.0870959758759
260	261.50235	16.50563	286.5097	234.0365	283.14285	63.448883	24.02245	101.25106	-35.125156	1044000	-0.012193539	826.72675	0.0	-633.1985	0.6392787	-2.8312205e-10	1176.8036949634552
261	251.03189	67.12984	300.94748	11.434253	258.8	72.454926	17.4338	102.74125	-22.841726	1048000	-0.028600099	454.88394	0.0	-218.46042	0.75549567	-1.0877848e-09	1180.4478759765625
262	235.74359	90.46791	300.2909	30.01663	230.35294	75.783516	21.338608	102.2676	-36.351257	1052000	0.010545341	1250.8181	0.0	-290.65594	0.69048864	6.705523e-10	1183.9522500038147
263	251.41821	61.83114	298.97012	40.93522	269.57144	67.727776	22.73459	102.60255	-5.377621	1056000	0.07295387	595.7346	0.0	-171.76947	0.66645384	3.7252904e-10	1187.6520261764526
264	259.5273	24.09637	289.85587	209.36496	274.92856	67.167175	25.204308	102.00234	-16.464579	1060000	0.014031513	472.6596	0.0	-164.65363	0.661436	2.7120113e-09	1191.3369481563568
265	271.4911	24.798386	312.08664	208.75514	273.57144	70.19948	25.666147	111.60775	-18.971395	1064000	-0.01942859	391.502	0.0	-125.715515	0.6067944	6.4074995e-10	1194.9074611663818
266	244.12683	78.48137	309.63074	16.724552	236.25	84.44942	13.533855	112.31898	-24.712307	1068000	0.0064903153	881.93774	0.0	-226.76251	0.62067574	-4.768372e-10	1198.4017062187195
267	235.63776	87.2431	305.32306	32.927204	235.0	73.428925	17.95526	102.50328	-40.882584	1072000	0.01513327	875.18286	0.0	-130.94244	0.65655124	-1.1324882e-09	1201.915470123291
268	201.87413	105.65206	304.00766	12.278188	221.5	68.31114	27.549887	101.89493	-81.88079	1076000	-0.03365407	1690.1298	0.0	-435.69983	0.648162	2.8461218e-09	1205.4483580589294
269	238.4423	91.11381	299.46967	2.5495334	251.6	60.280857	28.048523	108.06809	-48.945904	1080000	0.0029821303	740.98914	0.0	-260.0251	0.662589	-6.854534e-10	1209.1188490390778
270	202.3837	114.03811	310.45227	15.239833	231.52942	68.782745	25.333101	106.69064	-108.749054	1084000	-0.07331412	1058.5165	0.0	-232.76483	0.64925987	1.7881393e-09	1212.6162972450256
271	243.99225	83.896095	310.4739	14.509151	239.5	69.981316	21.72118	103.597595	-61.24242	1088000	0.023651807	1162.5568	0.0	-432.81128	0.65107995	6.2584876e-10	1216.084384918213
272	246.81052	79.88012	306.77557	26.172163	236.6875	71.971664	19.895039	105.03047	-98.45184	1092000	0.013642298	744.1623	0.0	-207.87836	0.6548417	-9.23872e-10	1219.5683681964874
273	267.0196	24.01123	320.0601	229.12383	244.5	79.596375	14.562554	106.63999	-63.780136	1096000	-0.00858272	164.52933	0.0	-47.9952	0.68786436	-1.192093e-10	1223.1755051612854
274	271.8411	23.496435	311.05176	228.13252	250.73334	76.918015	19.96148	107.9035	-67.336494	1100000	0.013024154	285.35138	0.0	-128.508	0.6688315	-1.6838312e-09	1226.8054282665253
275	254.50266	61.58219	302.60413	58.81958	251.8	78.68043	21.594818	108.15808	-24.163712	1104000	0.032512236	767.66583	0.0	-204.94312	0.62070674	-9.536744e-10	1230.4868619441986
276	263.75314	68.179794	315.20636	11.535436	237.9375	74.76251	15.928105	107.183365	-23.888992	1108000	-0.050942827	517.2802	0.0	-143.60812	0.65565664	-1.1771918e-09	1233.9600369930267
277	271.23715	12.327089	301.97556	251.87431	245.125	81.26353	11.652132	111.19323	-23.585339	1112000	0.0245131	119.91141	0.0	-42.659523	0.6675042	-6.2584876e-10	1237.5233941078186
278	243.881	70.54951	304.86154	40.92496	231.0	82.42962	14.823554	109.04521	-36.746548	1116000	0.009209391	670.0611	0.0	-387.8817	0.6740083	-7.0035455e-10	1241.0571932792664
279	261.96515	66.50849	310.2811	14.727391	240.0	73.77663	25.418581	109.57495	-81.98732	1120000	0.036625005	599.39386	0.0	-188.6965	0.6379442	3.0398368e-09	1244.5379140377045
280	264.56796	58.297523	306.9773	41.41382	231.82353	81.61511	17.074617	113.359955	36.898422	1124000	0.030108485	472.13394	0.0	-113.58682	0.62851137	-2.4437905e-09	1248.0115141868591
281	247.85606	77.28038	314.84857	31.017538	303.69232	73.286736	23.63604	110.648224	14.20369	1128000	0.055340502	1164.5076	0.0	-541.2848	0.5583312	-2.0861626e-10	1251.7891252040863
282	256.51385	53.792522	309.6422	54.01001	234.82353	71.69431	19.567953	110.82335	-27.73944	1132000	0.010208087	720.6301	0.0	-344.8078	0.6334792	3.0100347e-09	1255.22563123703
283	214.38245	102.572975	305.9797	11.383172	216.11111	81.76892	16.841148	112.08378	-5.7432165	1136000	-0.032151643	1673.4962	0.0	-442.1411	0.66343915	4.1723253e-10	1258.634449005127
284	242.11583	63.214817	301.7545	37.32505	270.57144	62.477554	28.256552	108.484924	-59.592587	1140000	0.03172844	656.98065	0.0	-260.47192	0.6046088	-1.3411044e-10	1262.1783990859985
285	222.1847	91.04444	301.63803	17.028168	234.47058	65.04394	27.767218	110.59193	-59.55267	1144000	-0.06524899	1452.1802	0.0	-520.81726	0.65983045	-6.4074995e-10	1265.7258331775665
286	275.36423	28.32656	302.42648	184.46059	276.92856	68.9713	24.091639	108.05843	-8.295062	1148000	0.11918961	665.7075	0.0	-405.34668	0.6136031	7.301569e-10	1269.417887210846
287	254.7287	55.77108	302.49738	47.610462	234.5	79.68193	18.338629	111.3704	-36.679623	1152000	-0.123396985	472.59207	0.0	-287.2769	0.659048	-1.4305115e-09	1272.918308019638
288	260.92273	51.757732	302.11044	75.30845	241.0	78.95694	18.31464	111.81725	-5.849906	1156000	0.015231092	468.79193	0.0	-211.02643	0.6637484	-3.1888485e-09	1276.407909154892
289	255.50325	44.42758	298.61166	111.64639	298.30768	69.87398	24.063437	109.94878	13.675613	1160000	0.07598206	508.45087	0.0	-329.71893	0.6758091	-4.5001505e-09	1280.119397163391
290	268.32782	22.811186	313.99472	221.85085	253.46666	78.75953	17.136183	109.60122	-24.228594	1164000	-0.16476557	272.39288	0.0	-153.29068	0.7184435	-2.5331975e-10	1283.7815358638763
291	242.90582	65.83462	297.464	52.10972	232.64706	78.517426	15.074615	110.094734	28.110373	1168000	0.017559439	657.7959	0.0	-110.07703	0.6901337	1.2814999e-09	1287.3558900356293
292	260.62347	41.075077	303.78925	138.34476	267.7857	72.21967	20.701393	107.6866	-3.3613412	1172000	0.0041571995	367.33527	0.0	-138.28706	0.65646	-1.0430813e-10	1291.0342509746552
293	278.28336	22.381765	315.72778	226.91307	254.0	83.634674	14.525241	114.03377	-17.593773	1176000	-0.059251122	136.64124	0.0	-39.572662	0.6529078	1.5497208e-09	1294.5824010372162
294	264.38364	20.959576	293.4512	217.96843	263.53333	72.397354	26.818691	109.83425	-13.345524	1180000	0.0028399725	304.74982	0.0	-146.69638	0.68564475	2.8908254e-09	1298.1868572235107
295	258.92996	56.50423	306.44998	60.4856	252.33333	77.42723	18.447264	110.75588	-4.578809	1184000	-0.00971647	429.81473	0.0	-122.4924	0.66653574	-9.23872e-10	1301.754529953003
296	257.25735	58.379883	307.75653	42.8766	244.375	79.16082	15.2599325	109.864426	8.36008	1188000	-0.009480742	406.1112	0.0	-42.042084	0.68734455	2.5331975e-10	1305.2831420898438
297	253.70653	62.056744	302.89938	29.727652	249.75	72.89258	24.157902	109.36803	-47.430813	1192000	-0.024754174	764.89215	0.0	-168.15094	0.6661816	2.9802322e-10	1308.9868052005768
298	249.77373	56.009117	306.25504	66.331894	258.86667	72.72939	22.151756	109.26616	0.97621065	1196000	-0.04393826	612.3466	0.0	-130.64526	0.66573536	-1.4901161e-10	1312.7048029899597
299	244.45235	69.494514	301.30148	10.3864975	279.0	68.077065	21.066603	108.30308	-17.727161	1200000	-0.02271163	724.50415	0.0	-89.04602	0.6487504	-2.682209e-10	1316.3825950622559
300	241.08284	71.524864	312.18933	27.118843	233.47058	73.85033	17.74699	122.202446	-30.575134	1204000	-0.0018318935	679.986	0.0	-135.04901	0.67971605	8.3446505e-10	1319.9568891525269
301	273.21375	22.79199	299.41217	215.71555	254.13333	73.88472	20.019156	121.89738	-4.479162	1208000	-0.00845641	241.92647	0.0	-106.817474	0.6472119	-2.384186e-10	1323.5220031738281
302	200.55429	102.784996	291.84763	17.282906	239.8125	76.50204	21.907887	109.759926	-44.34762	1212000	0.0063752076	1805.2264	0.0	-833.65466	0.6698274	1.192093e-10	1327.1591351032257
303	241.2969	80.55992	296.53268	20.45934	256.86667	62.748596	28.237658	108.19763	-58.869324	1216000	0.00596188	868.535	0.0	-293.11304	0.65214074	-7.8976153e-10	1330.7073690891266
304	233.58649	77.69453	296.08734	24.270575	244.3125	67.61204	24.125494	108.02596	-55.6461	1220000	-0.0017608904	804.1556	0.0	-269.14807	0.655926	1.9222497e-09	1334.3367521762848
305	245.63644	61.66139	292.39755	16.732233	239.6875	68.35365	24.79934	108.54367	-67.9501	1224000	-0.020740734	532.73334	0.0	-207.05646	0.6438722	-1.013279e-09	1337.8826780319214
306	265.45804	21.62045	294.45047	216.2124	255.73334	74.19281	23.172255	109.164764	-5.9164124	1228000	0.02434995	453.4854	0.0	-123.04611	0.56981236	-6.556511e-10	1341.482507944107
307	248.77075	77.06568	312.71475	44.77729	231.4375	75.64047	24.933485	111.06926	-37.254387	1232000	-0.01929439	1174.1139	0.0	-434.22498	0.6029551	-1.6391277e-10	1344.9754810333252
308	265.2439	57.057186	314.78445	48.78391	224.82353	77.06673	18.692434	109.78153	-12.7058325	1236000	0.051360425	587.6608	0.0	-171.69385	0.6222544	1.0877848e-09	1348.3825221061707
309	212.47055	110.12747	308.95895	-5.55395	276.7857	79.61811	18.183714	114.275024	-27.265085	1240000	0.059291076	1966.5153	0.0	-1017.0191	0.5277926	1.2516975e-09	1352.0047101974487
310	264.0024	54.81073	303.03284	48.43308	220.61111	72.38094	19.962849	108.94725	-48.517654	1244000	-0.07720868	603.43024	0.0	-312.90933	0.61011964	-2.2351741e-10	1355.4838089942932
311	262.4926	55.729527	312.2173	46.80011	225.82353	85.24611	14.9276495	110.894875	-23.776424	1248000	-0.056837816	494.92242	0.0	-47.751892	0.6802902	2.1904707e-09	1358.9386041164398
312	275.24042	17.45746	299.14627	251.6413	222.88235	81.29731	16.63518	111.36043	33.546665	1252000	0.06256159	168.81766	0.0	-95.64201	0.6315443	-1.1920929e-09	1362.394658088684
313	278.24542	19.875034	316.89215	242.6811	239.3125	88.97436	13.411342	113.29962	51.361248	1256000	0.018964654	139.85402	0.0	-46.127914	0.6417583	1.7136336e-09	1365.9476699829102
314	275.5606	21.265009	314.8045	247.7465	228.23529	83.39028	14.928221	113.71655	45.852116	1260000	-0.047963362	73.52091	0.0	-20.669468	0.66853833	4.61936e-10	1369.4377460479736
315	267.97983	21.68516	294.80914	233.73468	232.05882	85.54952	14.056942	114.87433	35.002586	1264000	0.059334885	114.92186	0.0	-14.560577	0.64698106	-2.4437905e-09	1372.9737572669983
316	273.0138	28.926958	304.54984	196.3812	242.5	86.92752	19.159988	115.32879	1.0136964	1268000	-0.025627432	235.56668	0.0	-93.47237	0.62164104	5.066395e-10	1376.5264081954956
317	273.09827	20.997747	315.91428	238.19392	238.125	80.30312	23.267937	115.38243	-19.437605	1272000	0.07684995	319.90594	0.0	-214.32909	0.6012563	-1.9222497e-09	1380.0491020679474
318	256.00006	50.824574	300.53232	63.71971	233.88235	82.51033	16.14113	116.17515	30.724934	1276000	-0.010777448	428.32672	0.0	-60.120544	0.6051031	-1.8775463e-09	1383.5100500583649
319	256.5385	42.535683	314.29584	151.493	274.35715	75.595955	25.503342	116.797264	-4.816764	1280000	0.03795968	890.6968	0.0	-231.02478	0.57327193	1.6391277e-09	1387.345712184906
320	215.83275	90.59545	290.67026	31.275906	218.55556	71.31625	27.071209	116.94451	-22.913898	1284000	-0.120113745	1368.7249	0.0	-361.75916	0.6307108	-4.4703483e-10	1390.7443430423737
321	243.40636	62.34012	317.70624	61.898426	264.2	63.5381	26.671534	115.12143	-22.499401	1288000	0.04593101	1309.174	0.0	-440.58582	0.575622	-9.23872e-10	1394.3090312480927
322	216.45132	106.54302	304.53394	-34.8048	214.55556	77.15971	18.370138	115.15756	-15.036584	1292000	0.0043227226	1288.1859	0.0	-234.81287	0.61816406	-2.1606683e-09	1397.7374188899994
323	224.44592	84.13624	298.92148	5.188809	245.125	63.30855	22.988823	108.885574	-8.177844	1296000	-0.005379835	1360.5377	0.0	-396.69757	0.5906863	-3.5911798e-09	1401.2831420898438
324	217.52386	110.73548	308.93488	-33.401134	222.16667	72.835106	24.187761	115.35531	-38.304802	1300000	-0.03292562	1103.5765	0.0	-450.03375	0.6158741	4.3213366e-10	1404.8443310260773
325	261.1263	62.824394	322.0519	27.173866	220.61111	81.181206	25.172638	123.28989	-25.289719	1304000	0.02635184	481.65094	0.0	-206.82431	0.6001403	3.5017729e-09	1408.258094072342
326	237.02419	81.33294	312.63916	2.6349277	232.70589	75.670425	31.765476	123.68686	-24.426092	1308000	-0.09806862	875.636	0.0	-208.27313	0.6443335	-9.983778e-10	1411.7469930648804
327	226.73062	117.74841	321.52686	-116.32387	306.15384	71.37586	24.160841	115.361534	-7.6928296	1312000	0.06404306	1811.9331	0.0	-1222.2675	0.59229773	-1.6242265e-09	1415.5982429981232
328	234.14644	80.451416	296.44794	-7.7623577	219.88235	77.24681	21.238525	115.69515	-45.045322	1316000	-0.024733352	452.46933	0.0	-160.3494	0.65587115	1.6242265e-09	1419.0680601596832
329	264.29733	15.226504	293.03992	237.56746	265.06668	66.02418	36.10312	115.764336	-50.798317	1320000	0.018409455	1138.9523	0.0	-762.98145	0.60576427	-1.7881393e-09	1422.6682951450348
330	272.17697	17.462158	310.16727	242.21999	242.375	82.03045	14.682551	115.7733	44.032814	1324000	-0.0067821154	72.47298	0.0	-15.298771	0.6843206	1.3709068e-09	1426.197424173355
331	268.25455	64.519424	317.1793	24.128012	238.75	82.333664	16.436247	116.551445	5.554992	1328000	0.050180264	375.98157	0.0	-46.51062	0.6494086	2.4437905e-09	1429.754322052002
332	267.16217	23.490124	312.54135	234.22983	240.375	81.989174	13.422955	116.37253	42.617146	1332000	-0.07186051	94.53163	0.0	-23.11969	0.67909276	-2.0712614e-09	1433.3250930309296
333	277.8983	22.039097	318.17953	245.13449	234.64706	82.974655	15.440046	117.13059	-4.1420093	1336000	0.00051930116	156.2469	0.0	-65.569084	0.64723545	1.0430813e-09	1436.8371171951294
334	273.43192	17.651663	304.04492	250.27382	235.5	87.000435	13.74606	118.605385	48.81496	1340000	0.0014821575	85.418526	0.0	-12.883629	0.6644797	-1.0579825e-09	1440.3542830944061
335	281.82706	17.315754	311.69125	252.65591	237.125	86.56272	15.455725	118.48108	19.060741	1344000	0.0065518506	71.40959	0.0	-11.216732	0.6326345	2.384186e-10	1443.8516881465912
336	262.15796	51.867386	297.3544	60.339672	217.58824	85.22778	17.836657	119.68295	3.6885998	1348000	0.03168267	562.52686	0.0	-178.16614	0.6097236	-6.705523e-10	1447.2924981117249
337	260.9358	60.515408	309.5929	47.252792	235.29411	82.23564	20.446892	119.50195	1.2303593	1352000	-0.034215163	709.9609	0.0	-99.20154	0.5705468	2.2351741e-10	1450.817570924759
338	237.04333	81.17806	296.20932	30.04489	203.1579	85.562416	18.455091	118.93892	-40.494442	1356000	-0.023177454	983.0909	0.0	-330.1828	0.6438626	7.1525574e-10	1454.1780610084534
339	250.94894	79.96189	304.7629	30.184416	210.72223	83.852646	17.939163	118.97036	-35.257446	1360000	0.047410123	836.33124	0.0	-237.20941	0.55791545	1.4156103e-09	1457.550409078598
340	252.49188	55.532524	311.24484	89.5801	227.875	71.64192	35.64324	119.08966	-30.801535	1364000	-0.005106276	1296.1671	0.0	-352.15424	0.54726756	9.387732e-10	1461.0802500247955
341	274.87878	19.11042	303.73117	243.87834	221.5	82.94366	17.188662	117.22431	-22.601408	1368000	-0.022523763	214.72586	0.0	-147.52263	0.591698	-1.8179417e-09	1464.4276940822601
342	234.5911	87.17869	295.50745	38.68009	225.64706	83.8785	26.092724	119.78883	-30.108246	1372000	-0.03924956	1250.3768	0.0	-582.7469	0.5715922	9.0897084e-10	1467.8920102119446
343	248.2217	84.74001	317.25253	-9.722632	253.33333	61.155876	33.201958	118.95169	-7.99304	1376000	0.023886334	1417.5038	0.0	-802.28864	0.58485854	-1.6987324e-09	1471.5704381465912
344	244.39206	92.53717	316.5878	14.567282	205.89473	86.20466	19.950176	119.53587	-17.019327	1380000	0.032939333	677.84863	0.0	-336.75177	0.57032496	-1.6838312e-09	1474.8932991027832
345	237.59393	78.87015	296.3726	-9.400059	217.88889	74.2217	30.299232	120.921776	-43.52414	1384000	-0.061404433	1211.9203	0.0	-383.4214	0.59397686	-6.4074995e-10	1478.345631122589
346	273.87476	19.490452	315.09592	241.54329	221.88235	84.76248	14.185101	118.24533	20.292099	1388000	0.04186826	153.25769	0.0	-78.628136	0.5953367	-1.8030405e-09	1481.7940690517426
347	246.34154	70.08507	303.89667	61.83627	232.11765	83.38654	20.592354	120.85095	11.313343	1392000	-0.041078735	881.21704	0.0	-361.3305	0.6063666	-1.4603138e-09	1485.2652740478516
348	253.65517	67.415306	325.7559	63.13936	282.2143	73.92274	26.681131	120.434746	-2.8575916	1396000	-0.00026067067	1001.7957	0.0	-263.61182	0.598798	-1.6093255e-09	1488.9228420257568
349	247.51488	59.36791	293.41623	41.43904	244.5	68.06505	30.722387	118.42784	-25.734991	1400000	-0.07655238	850.5489	0.0	-260.39227	0.6161633	-1.9222497e-09	1492.521457195282
350	264.99637	73.00557	315.06143	5.798866	227.33333	77.3465	23.512161	119.500885	-25.808807	1404000	0.032018982	659.7281	0.0	-293.98074	0.64167506	-4.4703484e-11	1496.2064502239227
351	286.13828	16.16064	314.5105	257.90076	236.1875	79.00922	22.397652	119.2746	-34.46261	1408000	-0.027409127	322.12933	0.0	-254.59988	0.61533934	2.1606683e-09	1499.7497279644012
352	262.74307	57.66325	317.7138	51.48548	231.70589	86.52061	15.996597	120.47937	-12.637879	1412000	0.0099997865	287.33594	0.0	-93.27072	0.64155143	-3.7252904e-10	1503.1981182098389
353	239.31439	84.840065	300.82373	13.10095	244.125	77.67736	25.109226	120.93363	-31.542337	1416000	0.0041735675	863.4396	0.0	-195.31671	0.6408715	-2.0116568e-09	1506.780639886856
354	268.23218	22.975668	309.03214	230.50621	231.41176	78.849785	13.789526	111.4092	47.492085	1420000	-0.018630372	103.29992	0.0	-54.70017	0.66786546	5.2154064e-10	1510.319645166397
355	242.63086	84.43706	302.93466	60.51505	222.58824	83.72675	17.491549	119.403824	-24.105358	1424000	0.0061797253	612.7917	0.0	-187.10025	0.6251779	-9.685754e-10	1513.9975271224976
356	271.94815	18.021416	296.56485	228.96428	232.29411	78.0181	19.794981	117.57094	-27.222097	1428000	-0.0005029521	252.87831	0.0	-180.38014	0.70095307	-4.917383e-10	1517.4959771633148
357	274.31494	19.018387	302.8699	236.43025	238.875	85.25152	15.25202	120.17415	45.33274	1432000	-0.019390212	117.838165	0.0	-44.405014	0.6396356	-1.8626451e-09	1521.0159242153168
358	274.95212	21.724602	308.68256	235.88992	233.88235	84.4133	18.313564	120.476326	23.43589	1436000	-0.028578615	103.19493	0.0	-36.210556	0.61813366	1.5348196e-09	1524.4621710777283
359	259.63345	36.97509	314.4157	155.8428	281.92856	79.426186	24.917095	121.56563	32.513676	1440000	0.039064832	537.4709	0.0	-381.58673	0.6250433	-9.685754e-10	1528.0812261104584
360	265.8402	63.60962	308.2319	23.17019	229.47058	85.93702	19.69334	122.43918	-44.43748	1444000	0.006600625	365.0659	0.0	-70.41058	0.59397614	1.3709068e-09	1531.5567600727081
361	245.44623	64.05328	300.52798	66.17915	256.33334	69.72596	41.979477	123.48079	-43.275043	1448000	0.016450688	500.92914	0.0	-256.34076	0.6118905	-1.9967556e-09	1535.3807001113892
362	274.3701	15.798558	306.7861	247.67398	226.17647	85.324524	18.970518	123.661606	-20.224058	1452000	0.019780237	295.26263	0.0	-201.79701	0.58112115	-9.23872e-10	1538.7809109687805
363	264.6863	57.25681	317.06183	30.475079	204.0	92.33373	17.431767	123.75109	14.913448	1456000	-0.012720346	432.6568	0.0	-44.49347	0.60285664	-2.4884939e-09	1542.1226999759674
364	258.39938	72.02449	320.7072	55.0036	204.42105	89.75762	19.91883	123.60233	-17.526834	1460000	0.0026398401	617.2406	0.0	-131.68665	0.5764697	-2.384186e-10	1545.5809981822968
365	266.8516	36.680454	299.53717	138.74875	257.86667	73.6091	36.217953	123.91178	-6.128299	1464000	0.033439133	186.12135	0.0	-87.8158	0.61982673	-7.4505804e-11	1549.1363880634308
366	253.94872	88.069885	312.4357	24.34686	266.26666	81.41789	27.330559	125.78641	-16.127222	1468000	-0.082483165	978.03986	0.0	-505.6948	0.5816149	1.013279e-09	1552.899509191513
367	217.67073	94.1802	305.5291	5.6932592	243.625	62.756275	43.033432	124.57366	-50.49665	1472000	-0.03794776	962.826	0.0	-332.34735	0.5451144	5.90086e-09	1556.4220490455627
368	248.15811	85.660446	299.2973	-9.602935	196.8	75.67641	32.04792	125.56566	-69.164314	1476000	-0.038351044	1372.468	0.0	-634.21545	0.53476053	9.983778e-10	1559.765640258789
369	245.46484	78.8335	319.11517	-12.775819	195.8	92.110344	19.068674	125.972046	2.0674233	1480000	-0.012238211	354.35788	0.0	-135.38026	0.5578419	-1.9073487e-09	1563.1101360321045
370	238.87346	92.49275	316.54163	-2.48432	209.47368	87.5783	25.572948	125.82116	0.47643173	1484000	-0.041175116	1096.8579	0.0	-444.5067	0.55848426	2.0861626e-10	1566.5791120529175
371	258.64572	52.019703	292.83505	44.607845	198.1	84.142944	25.777283	123.64044	-17.567097	1488000	-0.06283395	711.02893	0.0	-307.814	0.5458168	-3.4272671e-09	1569.8847420215607
372	268.67505	67.823814	315.52472	-6.0423727	205.0	90.11122	17.355913	124.97388	-47.682106	1492000	0.053365983	474.678	0.0	-122.108	0.55783176	4.1723253e-10	1573.2046391963959
373	223.5131	102.03259	312.48224	12.919663	207.78947	87.711624	27.10397	125.18545	-6.28641	1496000	0.0043169013	1413.93	0.0	-604.67786	0.56406397	-2.69711e-09	1576.6531319618225
374	254.97043	85.175705	322.11697	20.5855	211.72223	83.56771	23.397236	124.401886	-70.589355	1500000	0.00847187	1053.2535	0.0	-316.60657	0.55613244	2.1308662e-09	1580.016018152237
375	227.68832	94.176895	300.8086	36.174767	204.6842	87.95486	20.933603	122.79187	-24.326237	1504000	-0.050173182	1435.9489	0.0	-667.8529	0.6119209	3.0398368e-09	1583.349258184433
376	271.02917	66.573784	319.68365	8.01743	219.0	80.507515	23.097216	122.50898	-71.90064	1508000	0.034208916	776.18964	0.0	-441.98615	0.56004995	-3.2782554e-09	1586.7281830310822
377	246.01062	82.78121	311.19852	16.38629	224.82353	90.147255	17.38117	123.89476	-30.579473	1512000	-0.049625028	856.5008	0.0	-242.72229	0.6147109	3.710389e-09	1590.179327249527
378	269.39066	12.912092	290.00162	239.52165	243.125	83.10016	17.679749	122.409164	-10.743046	1516000	0.004739916	182.32613	0.0	-42.60634	0.6080051	-1.9669533e-09	1593.7493228912354
379	248.25531	79.22346	305.33868	32.07699	224.88235	81.3919	17.973232	121.07175	-9.914474	1520000	-0.0065433043	529.9853	0.0	-224.03473	0.6485154	-7.4505807e-10	1597.2613899707794
380	264.2048	57.302628	311.83444	58.81529	232.35294	82.18555	19.783508	122.5488	-22.122402	1524000	-0.06434235	411.51138	0.0	-78.60397	0.67464095	-2.115965e-09	1600.8242342472076
381	242.51419	88.50921	302.4325	23.685886	242.23077	63.71342	32.194164	120.89676	-49.154774	1528000	0.060234353	911.28235	0.0	-281.47064	0.64127207	-3.3378602e-09	1604.6356461048126
382	245.95554	84.34027	304.0236	14.855015	225.41176	77.66191	19.20632	121.36851	-64.55351	1532000	-0.02855689	441.76614	0.0	-237.90652	0.6673812	-1.475215e-09	1608.139306306839
383	255.55693	57.49438	298.35547	34.209263	228.88235	80.287415	17.512398	119.1962	-21.218224	1536000	-0.040622834	276.2299	0.0	-53.004486	0.6923457	1.3709068e-09	1611.6639511585236
384	259.3601	62.42851	301.8272	27.686459	238.625	79.16825	21.599993	121.31759	-11.910387	1540000	-0.0045257434	246.04971	0.0	-91.975296	0.63816357	2.3692845e-09	1615.1885180473328
385	280.62927	17.490265	306.77655	241.1441	249.25	79.225044	17.067162	120.39535	23.033415	1544000	0.029220168	152.18576	0.0	-70.72406	0.6622275	1.0728836e-09	1618.7400760650635
386	274.62198	27.40924	311.93774	224.5361	229.05882	85.06295	17.421432	122.74355	9.68135	1548000	-0.029514259	199.17023	0.0	-120.25046	0.61430097	-1.4156103e-09	1622.2149622440338
387	278.4187	18.72502	317.38208	251.95312	239.1875	88.52419	15.98324	124.29363	27.762226	1552000	0.011040413	92.06875	0.0	-17.28286	0.62930274	1.2218953e-09	1625.748897075653
388	263.44724	18.92677	300.61948	242.70094	247.3125	83.880325	15.48	124.506454	37.485718	1556000	0.0026432273	83.61522	0.0	-22.244446	0.6557444	2.2351741e-10	1629.3391852378845
389	257.69086	63.096943	299.51465	61.83361	279.5	77.38463	23.30792	124.438385	-1.5582192	1560000	0.13737826	1086.0352	0.0	-775.3115	0.5432643	-7.8976153e-10	1632.9180281162262
390	263.16782	66.797676	309.7916	-7.4161696	221.94444	85.75675	16.6237	123.56786	-21.397676	1564000	0.04692437	400.2605	0.0	-220.37483	0.5926306	2.0861626e-10	1636.392410993576
391	277.35837	17.443523	302.86703	241.43564	220.11111	84.57228	21.383575	125.154434	-11.141422	1568000	-0.028268514	264.6514	0.0	-211.5687	0.6153081	1.4901161e-10	1639.845469236374
392	280.7133	15.824644	305.25674	255.8407	215.11111	94.04454	16.160053	125.78394	41.771076	1572000	0.0121947555	73.85507	0.0	-12.857754	0.61527383	2.2649764e-09	1643.2372660636902
393	227.06271	99.45885	299.63367	-1.1193706	200.0	90.72939	20.372253	125.9495	-66.229576	1576000	-0.0139334835	974.67334	0.0	-481.0989	0.5894961	5.364418e-10	1646.662486076355
394	247.803	68.593185	305.79697	47.15827	254.33333	72.21928	40.50893	126.48009	-5.285184	1580000	0.05493646	566.81854	0.0	-319.6768	0.5818481	3.695488e-09	1650.3927431106567
395	232.18607	97.401215	321.27338	-1.3681206	224.47058	72.15464	33.09636	126.67816	-70.320854	1584000	0.025596809	1219.3094	0.0	-543.6721	0.50313294	1.4901161e-10	1653.9261972904205
396	252.55144	60.969646	305.06464	35.0133	224.23529	80.270325	28.464384	127.8025	-34.378937	1588000	-0.051785197	679.817	0.0	-93.686646	0.5270524	-1.7136336e-09	1657.3686921596527
397	225.33742	108.39214	314.11307	1.6757021	242.2	71.87989	35.13041	136.04309	-64.02454	1592000	-0.03522714	1533.0311	0.0	-536.21155	0.49750447	-4.902482e-09	1661.0429921150208
398	230.13948	71.844635	289.06195	24.149145	231.23529	64.64073	38.26701	126.74795	-82.040085	1596000	-0.060850486	960.63184	0.0	-313.54974	0.55266887	3.874302e-10	1664.6731960773468
399	234.98364	86.23049	315.27866	15.321853	194.0	78.69624	30.616253	127.036224	-28.434948	1600000	-0.028850753	825.78015	0.0	-129.86505	0.53125954	-3.0249356e-09	1667.9795281887054
400	223.0092	88.89678	314.35068	55.43038	355.1	52.850464	45.734566	128.08806	-22.797749	1604000	0.03186014	1047.0991	0.0	-595.5315	0.53811944	2.1010638e-09	1672.0301449298859
401	240.05968	93.81999	317.7463	46.785305	221.8125	64.47479	37.454926	126.60964	-21.789618	1608000	-0.050663948	1309.0421	0.0	-254.20996	0.51497346	-1.1324882e-09	1675.4783680438995
402	209.84483	118.88281	304.55975	-62.326	232.94118	66.35648	38.260212	127.92543	-50.9517	1612000	0.0015730078	1284.699	0.0	-563.37494	0.5627784	2.4884939e-09	1679.108941078186
403	254.62354	71.60649	326.58105	23.802544	198.9	82.14316	30.77009	128.38316	-73.570496	1616000	-0.06045898	673.84155	0.0	-229.54742	0.55883116	1.6838312e-09	1682.4855420589447
404	209.98273	104.58285	311.00958	-5.857612	263.2	57.886227	51.63829	129.02684	-85.3632	1620000	-0.0023252259	1608.102	0.0	-439.99878	0.57867086	1.4007091e-09	1685.960237979889
405	219.1792	109.06159	323.3799	-13.392974	243.3125	57.934208	41.520847	128.41646	-36.024124	1624000	-0.027025187	974.80554	0.0	-306.34302	0.5455474	-2.8312205e-10	1689.610770225525
406	245.56055	70.94518	303.64847	42.54845	230.70589	78.38912	30.915546	129.32135	-51.481388	1628000	-0.019940868	591.8971	0.0	-307.20316	0.56551915	3.606081e-09	1693.2146911621094
407	255.68758	75.07684	318.90182	0.017193194	251.4	75.82037	37.960903	129.61179	-64.48373	1632000	0.03913296	626.5344	0.0	-265.4541	0.5435848	1.0281801e-09	1696.9430601596832
408	241.07146	75.54423	317.6485	25.891075	299.92307	61.09113	39.636677	128.40363	-31.362156	1636000	0.029654728	568.851	0.0	-192.8789	0.5877757	-1.6987324e-09	1700.718215227127
409	266.75314	55.11055	310.96533	47.22099	209.63158	84.89638	20.471481	125.637665	-38.62988	1640000	-0.10142018	436.4202	0.0	-225.8704	0.6214734	-2.041459e-09	1704.11767911911
410	282.8727	19.471786	310.2901	241.74556	218.71428	70.76791	37.013203	127.8011	-43.091972	1644000	-0.004683565	428.72894	0.0	-159.39685	0.48161128	-2.2351743e-09	1707.7853002548218
411	276.34958	20.125872	309.194	233.49748	221.05556	90.03617	11.855147	119.84438	56.228573	1648000	-0.07203163	95.4518	0.0	-26.598244	0.62996304	2.399087e-09	1711.2503581047058
412	276.8005	17.152899	310.66208	249.30287	253.26666	76.34642	28.182634	124.52562	-4.1855173	1652000	-0.014643397	325.05698	0.0	-111.24127	0.5862298	-2.771616e-09	1714.8498270511627
413	276.46722	24.164124	322.19165	239.81529	237.375	88.02694	16.95133	121.033	22.606026	1656000	-0.04480225	169.24522	0.0	-98.3028	0.6192385	3.2633543e-09	1718.5061712265015
414	270.42828	35.05983	308.90958	171.76212	296.53845	73.07164	32.70066	129.96349	7.276278	1660000	0.06382404	298.8951	0.0	-192.84897	0.5967127	1.9371509e-09	1722.5268909931183
415	273.82086	11.844799	298.4076	256.5949	232.58824	83.73093	15.891928	121.70655	2.7456894	1664000	-0.0014121857	118.120384	0.0	-43.047325	0.6367654	1.385808e-09	1726.3892378807068
416	279.43445	15.701708	308.0837	246.9418	243.5	86.839615	14.78474	127.48352	40.717777	1668000	0.04008617	73.101006	0.0	-6.9770584	0.6254029	-2.4884939e-09	1729.91806101799
417	277.9337	25.427084	321.9362	243.67586	236.8125	85.69522	14.558715	125.389496	51.68782	1672000	0.020739561	82.18958	0.0	-12.157402	0.5983709	1.6391277e-09	1733.4932901859283
418	268.25754	32.330208	306.23465	173.64357	272.2857	70.519104	37.697376	127.326096	-5.9517183	1676000	0.023573501	58.701004	0.0	-23.38412	0.6053887	1.3560056e-09	1737.2581312656403
419	282.44498	18.994457	313.5992	243.87126	233.58824	89.03778	17.051567	130.29736	48.666626	1680000	0.029551841	66.79253	0.0	-14.249367	0.59589124	-1.6391277e-09	1740.7123470306396
420	256.38394	72.51621	312.69662	52.01595	232.0	85.60329	16.987822	127.69478	7.801585	1684000	-0.028518371	792.3527	0.0	-244.11212	0.56258905	-4.5746567e-09	1744.2105751037598
421	265.03186	63.78577	315.7001	15.616379	214.22223	83.29525	18.17388	124.908875	17.210876	1688000	-0.012779867	625.37585	0.0	-210.3392	0.58524	-2.9802322e-10	1747.6062951087952
422	264.58337	55.93859	319.2766	66.14394	265.66666	74.12847	32.087826	131.09094	-0.948021	1692000	0.037751645	377.2971	0.0	-227.17723	0.55164045	-2.5182962e-09	1751.529939174652
423	250.40036	77.18978	316.94196	-9.513367	193.9	93.24103	19.517685	131.05658	-53.45742	1696000	-0.03762804	566.4306	0.0	-254.37509	0.57395875	5.364418e-10	1754.8985209465027
424	276.66315	25.72283	315.70007	222.3404	230.35294	85.09669	22.186804	128.9223	-15.015744	1700000	-0.032956798	387.3992	0.0	-312.36743	0.5598586	1.9371509e-09	1758.3159770965576
425	257.22195	70.888596	306.24506	50.280704	214.27777	91.911	18.961384	131.06253	-36.168186	1704000	-0.043546416	670.3249	0.0	-222.83145	0.5522869	3.8444994e-09	1761.716156244278
426	267.4687	53.01586	313.33752	56.633877	207.21053	88.356026	18.388453	129.69803	-26.476828	1708000	-0.04637588	393.94632	0.0	-177.11424	0.56062126	1.4007091e-09	1765.0591170787811
427	262.25644	49.95598	306.79208	103.22463	272.85715	72.93133	41.335396	130.84485	-23.122335	1712000	0.04601724	426.6927	0.0	-268.18256	0.5850494	1.8775463e-09	1768.9757151603699
428	285.34543	17.47528	322.16718	246.71602	218.16667	88.323074	20.069788	132.15193	6.057596	1716000	-0.061539922	157.98747	0.0	-72.43612	0.52173245	-3.248453e-09	1772.3688390254974
429	247.49287	97.832245	318.93246	-15.799036	223.94118	85.01789	32.221462	132.92238	-18.282295	1720000	-0.034485463	1054.2875	0.0	-287.32874	0.5439928	1.385808e-09	1776.1208400726318
430	261.88324	59.692184	309.745	30.66885	219.83333	84.43891	21.50016	131.99268	-19.765942	1724000	0.0065475022	346.80606	0.0	-121.50914	0.5625322	-1.6391277e-10	1779.5902681350708
431	255.4381	81.34873	314.24188	42.176304	240.1875	77.316925	36.58592	132.45796	-59.30675	1728000	-0.02808359	617.4939	0.0	-209.0021	0.5364538	-4.4703483e-10	1783.0634460449219
432	277.3448	23.061352	319.64996	240.72202	200.6842	92.51928	22.630949	133.64754	-0.01162976	1732000	-0.027545398	209.23761	0.0	-134.4089	0.5608568	-2.0861626e-10	1786.4716892242432
433	261.12607	64.08168	311.5998	13.325939	219.44444	91.500595	18.242496	133.2372	-26.474728	1736000	0.004645528	585.7894	0.0	-108.04312	0.5287941	1.7881394e-10	1789.9091849327087
434	267.74478	69.43246	320.44058	-0.45122123	222.94118	87.16397	21.13626	132.34293	-23.615294	1740000	-0.006721927	457.88657	0.0	-73.510315	0.52236146	-2.399087e-09	1793.3918061256409
435	252.93379	67.372314	304.12045	61.65436	262.73334	71.94435	40.6751	131.29283	-9.353018	1744000	0.009886236	641.32477	0.0	-226.97888	0.5811645	2.8312205e-10	1796.9910790920258
436	251.89525	69.79138	313.09283	45.840675	265.8	68.58852	40.14557	131.48679	-29.17432	1748000	0.00969017	651.7974	0.0	-204.08517	0.5572067	2.592802e-09	1800.911366224289
437	262.2038	58.15368	314.47818	33.16032	203.1579	88.2855	21.703262	128.29338	-37.21122	1752000	-0.06691324	452.35107	0.0	-132.19388	0.5664904	8.642673e-10	1804.283967256546
438	264.36038	58.60319	314.4274	30.15614	202.21053	92.003265	20.62358	132.27707	-49.999382	1756000	0.01948161	295.2537	0.0	-137.59828	0.5387615	1.0579825e-09	1807.6834981441498
439	241.21057	86.27027	309.51385	14.392337	248.3125	70.0278	39.744926	133.0439	-38.045963	1760000	0.0616531	677.523	0.0	-286.0691	0.5510683	-1.1473894e-09	1811.302425146103
440	255.16116	74.50771	319.20206	43.786343	214.5	86.21234	23.01256	129.7959	-23.419207	1764000	-0.08520109	729.19574	0.0	-250.1355	0.58580357	4.768372e-10	1814.6939270496368
441	249.80112	58.972595	294.4109	46.71315	261.4	78.69607	30.8608	131.16493	-4.200137	1768000	-0.000892643	945.2443	0.0	-418.61597	0.5568856	5.2154064e-10	1818.5185940265656
442	270.62375	27.369947	322.63678	222.97882	324.75	58.514355	36.64702	130.34644	-43.07558	1772000	-0.054327447	561.1379	0.0	-203.71368	0.523165	-3.2037497e-09	1822.4677011966705
443	251.54056	58.548714	290.9279	42.53013	257.06668	73.76469	30.832615	129.45558	-6.674481	1776000	-0.10988382	656.39056	0.0	-224.77115	0.5756894	1.9222497e-09	1826.3606190681458
444	246.41101	78.99751	299.1531	3.149959	201.47058	78.71574	32.961906	130.01285	-14.322395	1780000	-0.00826985	1029.4866	0.0	-331.4513	0.5453376	4.4703483e-10	1829.9957292079926
445	265.2152	42.673283	321.7434	134.33182	255.4	72.00404	34.397297	130.31062	-16.638088	1784000	-0.04540617	566.57965	0.0	-237.74457	0.5404333	3.3676624e-09	1834.2031269073486
446	261.65326	48.74761	303.31747	97.84968	276.35715	69.62911	39.526688	129.18057	-23.202496	1788000	-0.004097681	153.95816	0.0	-59.94194	0.5213589	1.4305115e-09	1837.9605691432953
447	260.44226	44.33127	307.32852	110.57004	261.8	72.606415	39.667694	129.11043	-19.222008	1792000	0.026832202	350.43146	0.0	-57.64038	0.5531881	-9.23872e-10	1841.7316751480103
448	230.48315	88.7258	289.01846	-20.224566	325.41666	58.17878	44.446026	129.50914	-28.132616	1796000	0.03629834	894.61224	0.0	-422.98856	0.5794462	-3.874302e-10	1845.5443329811096
449	271.74765	37.546757	303.01312	162.2815	242.85715	71.37481	39.508965	131.09505	-20.985481	1800000	-0.06244137	497.44836	0.0	-158.24368	0.577006	-7.4505807e-10	1849.3396480083466
450	258.81973	64.90868	318.92532	-4.788389	207.94737	84.97502	18.722996	129.66098	-17.996826	1804000	0.033812515	365.72614	0.0	-128.42511	0.59037113	9.0897084e-10	1852.81449508667
451	281.11566	19.050158	320.14423	250.96475	223.58824	83.576004	26.288504	129.80017	-12.991374	1808000	-0.02987941	457.35852	0.0	-397.89667	0.6017363	-2.1606683e-09	1856.278911113739
452	277.5255	18.56424	316.3501	243.84332	240.3125	89.28936	16.470356	129.57632	-5.399244	1812000	-0.013865783	131.01944	0.0	-31.97763	0.5792147	-5.736947e-09	1859.793296098709
453	262.82715	58.335167	322.07455	42.99912	218.27777	88.82184	17.79017	130.6868	-15.3883505	1816000	-0.01762598	346.287	0.0	-50.134064	0.58984977	1.5646219e-09	1863.2329649925232
454	278.76306	23.541225	310.62894	237.66486	238.75	86.60794	14.747661	128.64812	44.269855	1820000	-0.024530314	61.608624	0.0	-12.704048	0.5773752	-2.6524067e-09	1866.6977488994598
455	278.6913	32.442787	310.6661	179.62997	260.14285	74.47935	37.74626	130.30736	-12.191316	1824000	0.0037637274	473.31635	0.0	-238.04482	0.60796696	-5.066395e-10	1870.464716911316
456	265.56137	40.294975	309.30194	141.75517	293.53845	71.91011	30.845482	130.17319	6.1379395	1828000	0.012166642	396.39438	0.0	-286.88068	0.5989098	2.30968e-09	1874.5802202224731
457	263.25992	57.5686	302.23962	39.745937	221.0	84.71217	17.065304	125.12996	-13.806426	1832000	-0.03304195	308.86804	0.0	-105.009476	0.5954931	-1.9073487e-09	1878.096811056137
458	275.23358	39.506386	310.57394	148.68051	305.3846	63.434155	38.863716	130.17036	-6.7930655	1836000	-0.011576689	274.80392	0.0	-136.88708	0.5813591	1.5199184e-09	1881.825185060501
459	269.0227	21.445799	297.59088	228.51207	243.9375	81.813835	18.09622	129.43286	-2.5261424	1840000	-0.08782731	142.40158	0.0	-63.240166	0.61256784	8.1956386e-10	1885.3890779018402
460	272.7194	19.963644	311.7704	233.47108	233.23529	84.076324	16.06354	128.58809	45.001587	1844000	0.025723584	75.04396	0.0	-16.089287	0.61427313	7.0035455e-10	1888.9485070705414
461	278.94684	21.135868	310.5246	244.91501	228.11765	87.18519	17.936056	129.81934	3.0954645	1848000	-0.0065424005	111.00678	0.0	-66.02026	0.5680653	2.041459e-09	1892.4599132537842
462	275.92828	14.372028	303.72543	238.77588	215.16667	89.82366	15.529425	128.17041	48.297142	1852000	-0.0059887124	43.82622	0.0	-6.72974	0.6091686	3.2782554e-10	1895.9031391143799
463	250.03917	84.21198	315.75632	-10.128022	212.44444	89.2039	17.18794	128.76672	-20.928356	1856000	0.011378232	831.6788	0.0	-197.49542	0.55201054	2.95043e-09	1899.3373129367828
464	259.55447	60.63552	299.93805	38.85484	228.46666	78.076805	29.569456	129.36578	2.8051295	1860000	0.057008613	556.9585	0.0	-231.17014	0.5634536	-1.4007091e-09	1902.8447940349579
465	243.67953	84.35067	307.06955	48.884384	201.63158	83.73565	23.491695	126.12056	-48.480915	1864000	-0.034574583	862.7375	0.0	-310.34467	0.5767429	-1.1920929e-09	1906.2738511562347
466	250.767	71.98298	308.55948	42.984406	227.11765	85.90424	22.15468	130.10127	-36.22333	1868000	-0.018480396	589.6215	0.0	-112.08438	0.5722242	2.3245812e-09	1909.6987900733948
467	272.57294	20.54122	320.9532	234.40721	215.44444	86.0591	20.863327	129.40912	-43.250957	1872000	-0.00288599	237.49673	0.0	-132.48398	0.5414225	-1.6093255e-09	1913.0960381031036
468	268.26987	56.268085	318.17398	64.87467	222.17647	90.661316	17.362795	130.0176	-0.5142679	1876000	-0.06678678	601.00336	0.0	-217.70587	0.54823786	-1.0430813e-10	1916.6190419197083
469	237.54933	70.89562	294.03833	49.538097	259.73334	64.944664	39.93603	131.01392	-10.602045	1880000	0.029862192	597.92926	0.0	-154.59418	0.569867	3.5762787e-10	1920.7221281528473
470	272.84244	61.374405	324.9096	48.1497	215.17647	84.4555	18.195375	128.906	4.4743814	1884000	-0.07174998	593.7756	0.0	-164.74768	0.55858034	-4.440546e-09	1924.1672592163086
471	243.1896	85.34892	313.34323	37.444817	199.7	90.084404	22.578722	132.07419	-11.793457	1888000	-0.0038379158	952.46423	0.0	-201.10864	0.5565099	1.5646219e-09	1927.5420551300049
472	264.87708	61.50552	315.02347	21.780308	217.11111	83.11533	21.890726	129.55867	-23.616253	1892000	-0.04102014	576.7245	0.0	-216.51294	0.55548364	8.9406965e-10	1930.9300200939178
473	247.64922	72.84392	301.41022	48.865208	215.82353	87.85059	22.521967	131.36049	0.5518557	1896000	-0.010115615	1163.9111	0.0	-681.66565	0.5787966	-1.6838312e-09	1934.3323979377747
474	243.03302	83.46629	304.78317	38.924576	205.66667	78.87882	27.609594	131.0331	-45.54488	1900000	-0.009841454	605.285	0.0	-145.04816	0.5228058	-2.026558e-09	1937.708554983139
475	223.70929	96.864174	310.51767	37.690857	247.3125	68.97316	44.73246	130.73634	-21.079529	1904000	0.008791307	1143.736	0.0	-416.20844	0.6067117	2.2351743e-09	1941.562548160553
476	281.36124	19.481495	319.24622	239.58438	206.63158	83.821465	23.881916	130.76736	-9.82771	1908000	0.016333874	458.3085	0.0	-368.50748	0.5181576	2.8312205e-10	1944.9182810783386
477	244.05803	86.28067	327.71985	39.846603	199.42105	95.12764	19.684387	132.74295	7.8428593	1912000	-0.060338072	1103.1746	0.0	-414.0987	0.54445237	-8.1956386e-10	1948.3134529590607
478	269.88986	63.77738	315.02344	59.02156	293.84616	69.23534	34.708008	130.9809	-10.629269	1916000	0.010596479	609.16614	0.0	-343.6312	0.55505556	1.7285346e-09	1952.718209028244
479	250.3854	67.689545	310.3078	96.699585	357.81818	50.04979	47.16217	131.29521	-23.804688	1920000	-0.0011227035	320.61972	0.0	-159.9515	0.59724003	-2.7567149e-09	1956.959839105606
480	264.38425	55.850666	309.57672	74.40268	247.125	73.34346	39.68465	128.56924	-15.453687	1924000	0.0023060797	589.3671	0.0	-347.9638	0.55755657	1.6540289e-09	1960.6268620491028
481	228.4104	78.3493	293.51453	58.341244	396.33334	46.755306	42.953815	132.20572	-18.05539	1928000	-0.020939332	332.8479	0.0	-168.79918	0.5958322	-3.8444994e-09	1965.1030550003052
482	268.36316	48.43719	318.771	102.431404	283.0	62.84887	38.40321	124.32256	-16.687683	1932000	-0.032216545	307.4109	0.0	-175.93227	0.5188056	-2.0563602e-09	1969.1533229351044
483	280.07666	16.255302	310.96524	247.25356	208.72223	87.76448	23.65043	129.95616	-32.71887	1936000	-0.06567593	301.93445	0.0	-240.35045	0.5429509	3.2037497e-09	1972.5573151111603
484	259.1208	74.56477	325.40802	36.04181	279.15384	76.4744	35.463627	132.8208	-14.101753	1940000	0.009270139	842.76184	0.0	-538.99744	0.5836997	1.2665987e-09	1976.4234890937805
485	261.52176	51.67791	308.18588	58.656815	216.05556	90.95058	17.161201	131.29828	48.562546	1944000	0.0013226783	453.74384	0.0	-164.99854	0.5724496	1.2665987e-09	1979.8486812114716
486	256.48495	87.16595	315.22498	-4.9925156	218.61111	81.85587	22.219666	129.81729	-32.64515	1948000	0.019558985	792.49023	0.0	-242.69037	0.5669021	-5.632639e-09	1983.2997870445251
487	260.59412	39.23381	289.48816	125.5511	279.7857	69.499084	41.629692	131.24544	-7.121437	1952000	0.019554686	221.10759	0.0	-109.33505	0.60912293	-9.0897084e-10	1987.3127501010895
488	274.6812	15.682182	297.8754	241.11163	225.23529	88.6186	15.684926	128.08282	49.78597	1956000	-0.023217494	70.60451	0.0	-22.558323	0.58590865	3.695488e-09	1990.7868120670319
489	264.8193	53.595036	313.7986	61.87609	223.23529	89.6592	18.479038	131.06642	-16.489246	1960000	-0.05050815	368.14236	0.0	-129.2636	0.5556824	3.4719705e-09	1994.2314789295197
490	261.35135	55.22847	304.23105	43.416927	210.16667	86.65013	19.188425	130.68565	-26.7198	1964000	0.0028624448	320.1199	0.0	-106.296906	0.59436387	9.387732e-10	1997.6273300647736
491	266.11685	54.803703	307.97217	53.85152	226.17647	85.08051	25.621946	131.97931	-37.866364	1968000	-0.022127712	324.70862	0.0	-92.65044	0.58448476	1.2814999e-09	2001.0861270427704
492	259.18967	54.268833	307.01395	137.0725	361.45456	55.16143	45.90367	132.26112	-5.1260066	1972000	-0.015962001	265.20056	0.0	-191.5712	0.61618567	3.1888485e-09	2005.1718790531158
493	273.91275	20.673641	302.70197	230.39961	221.47058	89.06649	15.88748	129.60255	30.775167	1976000	0.05333074	114.92933	0.0	-35.431618	0.5683512	4.3660404e-09	2008.6296710968018
494	268.59128	54.67437	316.2989	67.261116	215.88235	85.50925	25.151934	132.4435	-1.2516898	1980000	-0.015172193	364.50693	0.0	-67.213745	0.56682974	-2.7418137e-09	2012.1214580535889
495	267.51257	30.965385	304.8039	175.40952	277.0	70.067406	39.292477	131.2267	-8.129625	1984000	0.07190886	234.59688	0.0	-148.86197	0.5860763	1.3411046e-09	2015.8099319934845
496	276.35464	16.708225	308.4281	249.55197	215.27777	92.37045	17.970896	132.59325	38.83314	1988000	-0.02650044	91.69955	0.0	-23.80468	0.5697057	-7.4505807e-10	2019.3592638969421
497	269.73688	58.6564	322.1073	43.28769	211.61111	91.25391	19.4178	134.95389	-34.178185	1992000	-0.006020323	406.49063	0.0	-154.49568	0.534032	1.2516975e-09	2022.747724056244
498	274.55814	69.23465	316.45224	-12.208039	207.26315	90.17298	23.048475	136.00278	-17.09101	1996000	0.054990258	683.9788	0.0	-255.5253	0.5091341	-5.2154064e-10	2026.1360521316528
499	252.55968	70.182274	309.44083	22.289139	258.4	72.05624	42.70513	134.11234	-6.4611235	2000000	-0.0032892	429.24557	0.0	-141.47778	0.5743252	1.5050173e-09	2029.6750042438507
