Epoch	AverageEpRet	StdEpRet	MaxEpRet	MinEpRet	EpLen	AverageVVals	StdVVals	MaxVVals	MinVVals	TotalEnvInteracts	LossPi	LossV	DeltaLossPi	DeltaLossV	Entropy	KL	Time
0	-179.90399	118.687874	-0.7174354	-496.50122	97.875	0.14368607	0.06890293	0.31057322	-0.15754116	4000	-0.0018567694	12906.88	0.0	-784.42676	1.3834772	1.013279e-09	2.977539300918579
1	-172.6827	87.85246	8.605523	-386.4665	96.14634	-4.2167516	0.5504806	-0.3809001	-4.899187	8000	-0.0012358573	10283.848	0.0	-793.70605	1.3831679	8.642673e-10	5.980284214019775
2	-145.22653	90.85638	13.530464	-429.37524	93.40476	-8.880504	0.12426184	-7.2934628	-9.028025	12000	-0.0023575416	7302.3154	0.0	-395.89844	1.3828857	-6.2584876e-10	8.982464075088501
3	-163.18088	85.20185	8.666054	-381.54666	95.95122	-11.806547	0.1980684	-5.394129	-11.8909855	16000	-0.0016058652	7777.7417	0.0	-435.27197	1.3827181	6.854534e-10	12.012295246124268
4	-196.34746	122.672386	15.078873	-480.92017	104.13158	-14.755606	0.13935147	-12.1403885	-14.80607	20000	-0.0023351165	11544.308	0.0	-533.4219	1.3824278	2.9802324e-11	15.04541540145874
5	-178.02597	112.956665	6.9465585	-480.7805	97.097565	-17.916937	0.11714495	-16.162693	-17.953484	24000	-0.0030680224	9661.389	0.0	-428.2002	1.3817747	2.0861626e-10	18.091597080230713
6	-197.04189	95.81352	-19.496138	-359.05612	100.76923	-20.739426	0.07624551	-18.915478	-20.763235	28000	-0.00024813772	8915.992	0.0	-435.9629	1.3815811	-2.2351743e-09	21.124378204345703
7	-197.26346	114.75349	11.721999	-438.05063	99.1	-23.54523	0.0810063	-22.094595	-23.567575	32000	-0.0027896327	10626.651	0.0	-482.2705	1.3816144	1.2218953e-09	24.17448329925537
8	-212.84477	106.21291	-31.985184	-428.84045	98.225	-26.469244	0.041283622	-25.462584	-26.481262	36000	0.0009980259	10258.616	0.0	-484.42383	1.3811927	-6.854534e-10	27.192565202713013
9	-167.59785	113.546005	-32.403667	-539.83435	99.7	-29.380117	0.028538603	-28.697521	-29.38991	40000	-0.0019880044	6590.3354	0.0	-228.82715	1.3811003	1.0430813e-09	30.197575330734253
10	-184.75577	110.58871	-33.10228	-499.26	98.15	-31.440332	0.05974054	-30.647238	-31.45431	44000	-0.00045650423	8072.4434	0.0	-313.08936	1.3807373	1.4305115e-09	33.23613119125366
11	-171.16217	103.52087	36.02911	-417.1887	91.860466	-33.800858	0.024457697	-33.287918	-33.80789	48000	-0.0048260423	6855.976	0.0	-270.04004	1.3806133	-8.3446505e-10	36.23878717422485
12	-187.25883	124.3732	-10.404688	-467.65903	98.625	-36.039883	0.03116993	-35.478966	-36.047405	52000	-0.002648591	8325.493	0.0	-284.60693	1.3804396	9.536744e-10	39.26142120361328
13	-175.55054	136.70924	22.692944	-479.07086	97.12195	-38.34231	0.049409773	-37.110325	-38.35058	56000	-0.004693438	8188.7427	0.0	-237.07617	1.380076	-9.834766e-10	42.25133538246155
14	-196.19643	120.26415	-13.922733	-527.38165	97.268295	-40.478718	0.107162654	-37.947052	-40.488697	60000	-0.0019256531	7528.14	0.0	-284.0088	1.3802074	1.4901161e-10	45.263044118881226
15	-184.09328	110.85332	25.178612	-476.28363	96.97561	-42.811142	0.035482466	-42.110863	-42.81768	64000	0.0022056203	6368.811	0.0	-226.80322	1.3794842	-1.0728836e-09	48.28340220451355
16	-190.01906	101.20049	-48.87486	-425.01456	93.54762	-44.939564	0.0406431	-44.271263	-44.94605	68000	-0.001548749	6060.907	0.0	-239.34082	1.37947	0.0	51.283292293548584
17	-170.8621	100.15218	-2.2773466	-420.6344	96.34146	-47.127842	0.024107054	-46.765217	-47.133125	72000	-0.0015534642	5011.128	0.0	-157.26074	1.3796113	-2.2649764e-09	54.30807328224182
18	-187.72775	110.8854	-40.681244	-431.26086	94.61905	-48.952522	0.004908438	-48.796932	-48.954952	76000	-0.00050050236	5987.859	0.0	-216.6792	1.3787241	-7.1525574e-10	57.31272912025452
19	-181.50192	125.65248	33.822826	-496.31696	96.82927	-51.067688	0.01259708	-50.810825	-51.07095	80000	-0.0024541023	6822.8896	0.0	-193.90479	1.3788453	2.8312206e-09	60.356266021728516
20	-186.59808	124.86464	-50.873035	-447.9129	96.560974	-53.115665	0.011205834	-52.830902	-53.118202	84000	-0.0015500129	5991.933	0.0	-177.39209	1.3792348	-2.9802324e-11	63.36796021461487
21	-188.15155	114.01635	60.828655	-465.2773	95.902435	-55.090416	0.030505601	-54.079132	-55.09425	88000	-0.0039058942	5967.894	0.0	-169.18896	1.3789128	5.066395e-10	66.37500214576721
22	-174.0416	107.67216	7.037567	-411.67444	99.575	-57.040977	0.023757966	-56.42302	-57.043842	92000	-0.0018587229	4670.948	0.0	-105.68701	1.37876	1.0430813e-09	69.38304424285889
23	-197.10403	111.04823	-15.09674	-430.88925	97.975	-58.626286	0.0027592678	-58.496384	-58.62788	96000	-0.0043727327	5304.718	0.0	-198.92969	1.3783948	2.2649764e-09	72.47174406051636
24	-168.397	97.74895	1.1764653	-373.79712	99.025	-60.755493	0.015731465	-60.524696	-60.758312	100000	-0.003410019	3498.086	0.0	-72.718506	1.3783686	-7.1525574e-10	75.48461532592773
25	-158.5689	87.51139	-0.870646	-447.68964	96.31707	-62.129993	0.03612046	-61.48955	-62.136654	104000	-0.0011193319	3223.391	0.0	-49.375	1.3784083	-1.4305115e-09	78.49171924591064
26	-183.49629	103.98898	4.7394404	-394.50467	110.55556	-63.239376	0.25544584	-55.700638	-63.256916	108000	-0.007584148	3695.0227	0.0	-68.13916	1.3784441	-1.2218953e-09	81.53710007667542
27	-194.03139	109.60571	-32.935688	-434.7654	101.333336	-64.53297	0.10474834	-62.94409	-64.54429	112000	-0.00020471132	4413.932	0.0	-129.10791	1.377717	1.6391277e-09	84.55834722518921
28	-190.436	94.13546	-28.66237	-447.00443	101.74359	-66.35662	0.0151281385	-65.96206	-66.35845	116000	-0.0044838837	3242.5085	0.0	-105.47803	1.3776103	2.682209e-10	87.58504605293274
29	-171.44688	106.50619	48.460373	-464.37363	96.46342	-68.06817	0.010572471	-67.84149	-68.07	120000	-0.0054703956	4078.1155	0.0	-57.991455	1.3780181	-8.046627e-10	90.62154817581177
30	-172.36668	89.99844	38.133263	-445.9653	101.948715	-69.37325	0.0077170273	-69.19882	-69.37476	124000	-0.00056100637	2740.5393	0.0	-48.45874	1.3777361	8.3446505e-10	93.66349530220032
31	-175.21974	102.91852	-54.33317	-446.4765	95.17073	-70.569405	0.0052596517	-70.44391	-70.5705	128000	-0.006587781	3627.4424	0.0	-71.552	1.3777183	2.0861626e-10	96.67351126670837
32	-160.24077	96.85026	-26.645727	-472.38937	103.710526	-72.02548	0.0033120106	-71.922516	-72.02639	132000	-0.0035471697	2527.211	0.0	-22.764648	1.3771256	-9.834766e-10	99.6980812549591
33	-183.44344	102.58069	-31.632826	-424.37476	100.15385	-72.907814	0.008254368	-72.70671	-72.909004	136000	-0.0009427552	3179.193	0.0	-67.78931	1.3768767	-4.1723253e-10	102.71633124351501
34	-168.51804	108.019485	-11.227023	-394.46533	97.51219	-74.3513	0.0072349883	-74.18743	-74.35283	140000	-0.0068506226	3773.6572	0.0	-35.71338	1.3766418	-4.1723253e-10	105.75334310531616
35	-173.16867	86.293304	-19.594955	-362.7778	98.075	-75.46953	0.0033419433	-75.37011	-75.470505	144000	-0.0055220127	2451.9412	0.0	-35.40796	1.3763502	-1.192093e-10	108.76794338226318
36	-170.93332	125.345695	34.881718	-425.45615	123.71875	-76.51372	0.21696483	-75.23553	-76.576706	148000	-0.0031823297	4712.7915	0.0	-986.8633	1.3778855	-4.768372e-10	112.96884322166443
37	-179.95036	87.15316	-57.78241	-374.30447	101.69231	-75.82314	4.863667	-9.284879	-76.599174	152000	0.0023034534	2231.7378	0.0	-162.79346	1.3758025	9.834766e-10	116.0282952785492
38	-198.46419	117.58384	-0.9641346	-511.43314	106.945946	-77.768906	0.20382077	-66.82606	-77.79377	156000	-0.004620363	4002.738	0.0	-59.985596	1.3760098	-1.7881394e-10	119.04327821731567
39	-130.38985	89.09945	24.031525	-456.53384	93.2619	-79.21966	0.7657967	-60.355087	-79.297874	160000	-0.0062215934	2559.577	0.0	-20.198486	1.3758671	4.4703483e-10	122.05804228782654
40	-150.0808	73.81197	-37.134693	-357.12778	97.8	-78.793465	1.174272	-56.44963	-78.9092	164000	-0.005099273	1783.7556	0.0	-6.097412	1.375792	-1.5497208e-09	125.07921624183655
41	-171.75487	112.01481	-14.851026	-538.348	107.702705	-78.676735	1.5591965	-51.504158	-78.81039	168000	-0.0023601057	3624.5747	0.0	-11.174316	1.3749933	1.192093e-10	128.09133219718933
42	-166.80103	90.95261	14.275299	-360.70044	102.07692	-79.37036	0.015740396	-78.98723	-79.375206	172000	-0.0047766976	2063.2974	0.0	-11.671387	1.3746847	-2.384186e-10	131.1077082157135
43	-165.28467	116.32903	16.533527	-497.628	107.861115	-80.08494	0.07943032	-77.956375	-80.09425	176000	-0.0020188203	3516.8064	0.0	-10.739258	1.3750999	-1.9073487e-09	134.14078903198242
44	-165.11205	89.2587	-25.824932	-364.83383	94.78571	-80.77543	0.08717492	-76.62123	-80.78186	180000	-0.005570043	1995.8802	0.0	-12.329224	1.3750278	8.3446505e-10	137.1743643283844
45	-205.80618	116.92552	-0.8009879	-484.80847	102.38461	-81.52287	0.20560834	-77.272835	-81.54792	184000	-0.0015514997	4930.5957	0.0	-109.726074	1.3746865	2.384186e-10	140.19872117042542
46	-149.73212	91.7691	35.080887	-369.26282	95.268295	-83.72138	0.35874298	-69.72226	-83.746376	188000	-0.008009179	2236.1494	0.0	-2.4992676	1.374695	3.874302e-10	143.20742225646973
47	-172.39001	133.83742	47.900177	-568.35895	136.7931	-77.10101	14.1991	-3.1976564	-83.983665	192000	-0.00060935423	4693.327	0.0	-415.21924	1.3769321	-1.3709068e-09	147.20109224319458
48	-171.24019	84.853935	-27.183886	-443.7598	103.18421	-84.49282	0.13762917	-78.06361	-84.507286	196000	-0.006442853	2106.169	0.0	-3.3691406	1.3741709	-5.364418e-10	150.2184703350067
49	-151.33957	103.07257	98.28329	-379.60086	128.45161	-83.89347	4.750583	-27.52447	-84.943825	200000	-0.0033847	4014.482	0.0	-1222.7397	1.3757967	1.2516975e-09	154.13660335540771
50	-172.16003	105.92455	36.84184	-514.52423	100.871796	-71.98783	9.236824	-21.748127	-83.445	204000	-0.008735588	3521.4014	0.0	-396.46533	1.3737332	1.4305115e-09	157.17762732505798
51	-182.89996	105.01064	-30.488504	-444.92947	97.53658	-83.5823	5.278618	-18.354866	-84.44984	208000	-0.0039813775	3352.361	0.0	-224.76001	1.3730626	2.9802324e-11	160.19268202781677
52	-180.67316	124.969795	-47.8797	-475.64005	99.275	-85.70559	5.152094	-19.927261	-86.17422	212000	-0.0054096193	3882.491	0.0	-24.859863	1.3723458	2.0861626e-10	163.19037008285522
53	-122.35988	77.93049	57.42994	-288.41043	112.02857	-78.96387	16.222727	-27.770481	-87.14372	216000	-0.0056930836	2314.2637	0.0	-717.6134	1.3744562	7.4505807e-10	167.11008310317993
54	-139.50188	63.9517	-7.106147	-277.95325	100.0	-65.75539	7.5650725	-13.9032135	-81.71285	220000	-0.0036504366	1455.3656	0.0	-144.93286	1.3728492	-1.2516975e-09	170.13599014282227
55	-147.44865	101.05746	17.350277	-477.84473	103.02631	-71.184456	7.9031816	-22.332855	-84.912445	224000	-0.0053673233	3301.188	0.0	-60.914062	1.3723089	-1.7285346e-09	173.14349126815796
56	-145.28542	85.467926	22.703817	-419.0593	102.46154	-71.406715	7.4156637	-23.123905	-85.177864	228000	-0.0077625588	2560.9495	0.0	-71.2478	1.3727915	1.1920929e-09	176.18016409873962
57	-178.4926	102.43147	-18.610228	-447.9741	102.47369	-75.10894	4.4140673	-24.53395	-86.56439	232000	-0.0039018649	3091.132	0.0	-184.55518	1.3711022	-5.662441e-10	179.2066411972046
58	-169.05168	81.82222	-0.09681989	-406.36688	100.53846	-83.62083	4.679481	-25.614899	-88.077126	236000	-0.009488727	2154.6855	0.0	-32.40454	1.3705809	1.847744e-09	182.2360761165619
59	-169.57219	100.02116	-45.77518	-475.46436	100.666664	-84.56171	6.337269	-4.5320444	-88.66842	240000	-0.006811	2966.169	0.0	-109.83984	1.3710871	1.1920929e-09	185.26441431045532
60	-158.02588	94.49836	-52.050613	-520.5994	100.48718	-85.43197	2.0574493	-67.83833	-89.39072	244000	-0.0033479324	2346.1917	0.0	-19.941895	1.3704813	-1.7285346e-09	188.2858123779297
61	-170.95207	95.91559	-39.497017	-382.85367	100.92308	-84.977234	2.4810095	-44.05411	-89.160835	248000	-0.004625287	2592.5251	0.0	-33.098877	1.3698909	3.5762787e-10	191.31068634986877
62	-199.50056	99.5139	-72.88799	-445.50247	109.638885	-85.82012	1.9434108	-82.915016	-89.97899	252000	-0.007427229	2857.859	0.0	-144.13135	1.3697497	-5.364418e-10	194.3466591835022
63	-157.81659	98.91718	-37.43817	-524.6162	107.02702	-91.94469	1.4455435	-74.715576	-92.31282	256000	-0.0007005722	2747.1777	0.0	-50.999756	1.3700233	1.4305115e-09	197.39896607398987
64	-163.7791	111.19744	31.028467	-492.22318	100.76923	-90.7455	0.5203844	-79.91833	-90.81999	260000	0.0016102488	3510.7222	0.0	-12.287598	1.3690126	1.5199184e-09	200.46515917778015
65	-183.426	135.20636	18.25084	-626.4981	102.48718	-89.976776	0.21532875	-86.36856	-90.008514	264000	0.00041511978	5149.9795	0.0	-17.436523	1.368802	1.3113022e-09	203.48347115516663
66	-165.25789	80.95859	-34.03463	-361.22076	99.225	-91.12919	0.21937108	-84.497284	-91.1406	268000	-0.0051709204	1428.4313	0.0	-3.2060547	1.3685474	5.9604643e-10	206.50577116012573
67	-152.69214	98.7999	-5.8563776	-418.2949	96.95122	-90.62576	0.33846477	-82.08956	-90.67179	272000	-0.0052508	3492.3616	0.0	-42.669434	1.368698	-7.748604e-10	209.51636624336243
68	-183.96721	107.51512	14.217447	-405.32736	96.63415	-88.691826	0.56599283	-72.54521	-88.75383	276000	-0.005903364	3604.6157	0.0	-25.187256	1.3691087	-6.2584876e-10	212.52672934532166
69	-146.76703	83.05797	-48.721733	-353.46985	104.92105	-89.94055	0.071492694	-88.04258	-89.947	280000	-0.00870274	1945.5181	0.0	-55.49109	1.3688961	0.0	215.55849599838257
70	-167.42444	70.33713	-81.290634	-399.8844	102.81579	-87.6698	1.2203909	-54.490894	-87.74291	284000	-0.0037114779	1242.119	0.0	-19.964355	1.3683642	1.4901161e-10	218.59248328208923
71	-176.23	114.4164	29.533632	-468.84647	98.675	-87.2695	0.6431751	-71.714775	-87.33921	288000	-0.0046969415	3861.8953	0.0	-71.58032	1.3684022	-1.4901161e-09	221.612811088562
72	-153.58305	95.83872	-49.51304	-533.51135	99.2	-89.758766	0.07423311	-87.84505	-89.76546	292000	-0.003030226	2891.4001	0.0	-13.938721	1.3685492	-1.1622906e-09	224.63479232788086
73	-173.99075	106.9451	38.69143	-450.01904	107.13513	-88.7394	0.15023433	-84.46384	-88.75037	296000	-0.004707696	2853.712	0.0	-0.7597656	1.3678735	1.4007091e-09	227.67839431762695
74	-145.15736	93.67081	13.957582	-430.15543	132.86667	-88.76864	0.50776374	-84.93319	-88.957245	300000	-0.007923411	3625.542	0.0	-1287.8538	1.3704722	-1.8179417e-09	231.41714429855347
75	-163.40955	94.92341	39.5751	-381.2394	124.34375	-65.863785	22.895824	-23.064987	-86.01152	304000	-0.0042497376	2404.8062	0.0	-134.41113	1.3704435	5.662441e-10	235.3982493877411
76	-165.98177	101.93982	12.827999	-474.86145	110.72222	-80.46725	6.3745384	-24.158476	-86.96369	308000	-0.003009416	2434.2334	0.0	-138.25195	1.3677125	-2.3543836e-09	238.67144227027893
77	-158.18562	101.791405	7.2804446	-417.47488	109.333336	-75.29445	8.499662	-19.752876	-88.531044	312000	-0.0015233521	2878.1902	0.0	-128.8003	1.3683269	-2.4735927e-09	241.80274033546448
78	-157.67244	86.973465	-33.9848	-419.42685	103.76316	-79.37964	7.3887353	-42.532627	-89.70112	316000	-0.0005121212	1861.6569	0.0	-89.97131	1.3683736	-1.013279e-09	244.9104781150818
79	-161.14449	115.936905	61.432182	-434.75424	125.645164	-63.841305	26.358839	-6.53544	-91.01895	320000	-0.0025557694	2955.6797	0.0	-119.51074	1.3703278	-5.9604643e-10	248.6046142578125
80	-166.66322	90.462654	10.95661	-422.2474	95.51219	-78.26107	8.7967825	-24.534487	-93.32297	324000	-0.010176458	2137.2725	0.0	-235.29578	1.3677754	5.960465e-11	251.6258943080902
81	-147.15042	86.152084	-45.98077	-393.73047	100.69231	-82.77895	6.9078217	-72.43721	-94.762596	328000	0.00010980797	1987.6042	0.0	-91.154175	1.3687813	2.861023e-09	254.64018201828003
82	-112.33365	48.58314	-36.474403	-233.88441	93.90476	-77.10413	5.663689	-71.36948	-94.623665	332000	-0.010075679	1008.07416	0.0	-185.67719	1.3692981	-2.0861626e-10	257.79809308052063
83	-157.92992	106.58756	-41.226723	-518.07355	103.63158	-72.94441	7.378104	-14.627985	-92.827614	336000	-0.001321836	2963.9746	0.0	-383.19336	1.3685943	-2.384186e-10	261.1615161895752
84	-145.75781	103.92476	37.72952	-410.99414	101.74359	-83.22599	8.300396	-44.1884	-94.69225	340000	-0.006642846	3107.5078	0.0	-298.81396	1.3685635	-3.2782554e-10	264.4823250770569
85	-158.36281	107.2272	-27.923237	-597.0478	102.20513	-76.46439	8.653671	-49.408752	-94.83881	344000	-0.0039853165	3407.739	0.0	-232.6875	1.3687286	1.2516975e-09	267.57663106918335
86	-157.39793	97.99957	18.035315	-439.76764	105.18421	-84.29286	9.846738	1.2862573	-96.58826	348000	-0.006172355	2754.4524	0.0	-179.2522	1.3687348	-1.3113022e-09	270.60268211364746
87	-159.03093	103.341736	-42.200695	-500.91388	97.35	-79.9528	8.913728	-54.987385	-97.380035	352000	-0.007407488	2653.3472	0.0	-154.41748	1.3689014	-2.9802322e-10	273.6132402420044
88	-124.62772	64.18219	28.582487	-273.81378	99.625	-83.47841	9.800637	-25.315214	-98.91872	356000	-0.010558057	1788.2229	0.0	-314.98694	1.3697463	-5.960465e-11	276.65106415748596
89	-164.61786	93.48173	-17.361948	-418.65918	102.289474	-72.81673	7.0390334	-69.77839	-97.28241	360000	-0.013680547	2359.272	0.0	-345.37463	1.3689735	2.5331974e-09	279.6858460903168
90	-151.33125	94.941956	-46.87011	-503.3519	99.275	-83.606316	9.824186	-71.65412	-99.02623	364000	-0.0058245743	2355.5444	0.0	-86.4939	1.3684735	1.1026859e-09	282.72979831695557
91	-140.00166	80.52252	-22.481281	-438.344	107.86487	-81.92077	10.948191	-71.44028	-100.06311	368000	-0.0059214	2048.3713	0.0	-161.00244	1.3690854	1.1920929e-09	285.8058822154999
92	-142.96678	90.30976	-14.065092	-384.90906	97.25	-74.38886	8.925632	-69.62863	-98.89343	372000	-0.012414042	1566.303	0.0	-140.99866	1.3684068	-1.7285346e-09	288.8893802165985
93	-166.96779	99.07388	-33.54921	-471.3699	99.48718	-79.7461	11.289452	-68.934944	-99.317	376000	-0.003276192	2377.879	0.0	-166.98804	1.3674874	-8.046627e-10	291.9043891429901
94	-132.7527	76.90154	-24.739172	-445.3513	101.89744	-82.02978	11.287707	-69.95568	-100.45097	380000	-0.009112453	1398.5851	0.0	-111.39026	1.3688911	2.682209e-10	294.9161112308502
95	-142.25447	92.38552	62.844166	-418.44583	126.77419	-80.383156	12.126332	-61.945923	-99.391	384000	-0.0011675148	3092.622	0.0	-1135.1145	1.3707778	-3.0994416e-09	298.8249411582947
96	-171.26363	99.49681	-47.990578	-479.60797	104.83784	-76.62772	11.843046	-23.92816	-98.22387	388000	-0.0055939476	2974.0215	0.0	-233.66846	1.3678246	-8.9406965e-10	301.8635792732239
97	-137.53194	89.943474	15.794774	-444.45074	101.63158	-82.99302	11.895781	-33.010723	-100.60992	392000	-0.003183874	2326.052	0.0	-244.73047	1.3685211	-5.2154064e-10	304.88188433647156
98	-164.27394	79.725136	-64.12679	-346.94574	109.05556	-75.360344	11.699236	15.190694	-99.923775	396000	-0.010793073	1488.0951	0.0	-193.09229	1.3676884	1.8924475e-09	307.91932129859924
99	-152.00862	92.74529	10.591077	-399.9639	97.46342	-81.45342	13.339464	-67.93802	-100.79469	400000	-0.008701857	2137.792	0.0	-104.30847	1.3673145	-2.9802322e-10	310.92823815345764
100	-141.2991	87.09868	-11.074275	-448.13315	101.051285	-77.485	11.366803	-50.337917	-101.30041	404000	-0.008964517	1840.1772	0.0	-176.2218	1.3678064	4.4703483e-10	313.98169231414795
101	-158.52386	82.08418	-46.557934	-442.81866	106.94444	-75.599045	12.079531	38.70739	-101.00463	408000	-0.0055459156	1767.5995	0.0	-285.1161	1.3682185	-1.1324882e-09	317.0367124080658
102	-157.60973	91.912834	-28.02011	-436.72278	109.97222	-80.73312	13.013147	-67.59752	-101.87068	412000	-0.010324174	1874.7723	0.0	-87.86682	1.3675917	5.066395e-10	320.0766761302948
103	-129.18076	72.257484	-33.290035	-338.73996	91.23256	-75.12197	11.484972	-49.059624	-101.782974	416000	-0.014224614	1034.6005	0.0	-82.37836	1.3675668	-1.192093e-10	323.0783202648163
104	-146.79529	79.33455	-64.30647	-402.08664	99.15	-77.344376	12.762853	-65.4642	-100.890045	420000	-0.018360648	1136.8247	0.0	-51.247925	1.3670458	8.940697e-11	326.0929961204529
105	-158.46031	97.92123	-37.826015	-499.8189	96.31707	-77.60217	13.868158	-31.872337	-100.62109	424000	-0.0085792625	2271.3936	0.0	-172.88428	1.3658689	9.0897084e-10	329.139719247818
106	-135.64116	86.93604	-21.93218	-426.97928	105.189186	-81.39884	13.6438875	-60.30827	-102.83893	428000	-0.010661297	1646.8665	0.0	-164.5271	1.3673838	5.9604643e-10	332.18852519989014
107	-134.61864	72.70285	-44.49443	-292.84256	98.825	-75.07517	12.771243	-64.81401	-102.29098	432000	-0.01726581	1063.181	0.0	-118.8692	1.3666883	-1.3411046e-09	335.2004292011261
108	-165.2285	89.07924	-49.427006	-409.0539	109.833336	-77.04783	13.92189	-30.634539	-102.12954	436000	-0.010744945	1723.6793	0.0	-216.14978	1.3668746	-2.5779008e-09	338.2614622116089
109	-145.10547	66.725204	-44.122562	-355.2575	102.28205	-77.20801	12.725725	-64.425674	-103.832825	440000	-0.0117015345	1070.2198	0.0	-108.1333	1.366953	1.5050173e-09	341.29992604255676
110	-138.76128	89.081764	9.426585	-382.4091	106.78378	-77.72611	13.316161	-64.985245	-103.68312	444000	-0.0075157164	1950.1095	0.0	-81.88806	1.3669502	1.4156103e-09	344.36432433128357
111	-171.83212	86.29267	-44.773712	-384.4824	111.02857	-76.76264	14.022983	-51.648514	-103.21332	448000	-0.005788543	1653.5375	0.0	-222.94348	1.3657513	8.1956386e-10	347.42396807670593
112	-152.66351	96.650276	52.65808	-414.3171	112.0	-84.31144	14.428178	-64.0281	-105.001144	452000	-0.0029388736	2219.65	0.0	-172.09045	1.3665234	-7.748604e-10	350.4696741104126
113	-134.65659	72.20064	-11.625644	-315.41373	106.83784	-73.642265	16.149757	-58.285873	-104.38154	456000	-0.0067090513	1386.7981	0.0	-101.6355	1.3664231	-2.2351741e-10	353.5041341781616
114	-137.6876	82.76405	-42.32734	-369.5895	102.60526	-70.383675	15.317382	-51.619835	-103.73942	460000	-0.0083692325	1665.9907	0.0	-106.533936	1.3656156	1.475215e-09	356.5537302494049
115	-142.85403	74.31344	-29.165829	-393.51855	98.775	-70.79714	14.070449	-58.66499	-104.94367	464000	-0.017992713	1365.06	0.0	-142.73755	1.364559	-1.013279e-09	359.58512330055237
116	-144.40675	77.5606	-45.086235	-309.38232	104.26316	-74.812096	16.51151	-58.21032	-105.209526	468000	-0.013874682	1178.0947	0.0	-56.954346	1.3662546	8.493662e-10	362.67561435699463
117	-158.5689	101.140434	25.53221	-387.09534	103.36842	-79.88181	17.188745	-58.980873	-105.8655	472000	-0.0126043465	2414.0923	0.0	-229.59985	1.3648819	-3.5762787e-10	365.71926522254944
118	-126.45858	76.89649	-7.0738473	-356.4727	101.82051	-76.49881	16.74964	-59.562386	-108.588905	476000	-0.007420189	1376.1008	0.0	-154.95947	1.3660561	9.983778e-10	368.75185203552246
119	-144.2146	73.688705	-29.4283	-326.36713	107.10811	-72.85973	15.422577	-57.750572	-107.72993	480000	-0.0073888954	1573.6923	0.0	-152.75378	1.3649904	-1.4603138e-09	371.8004221916199
120	-139.9243	73.21608	4.7156105	-324.7143	106.10811	-74.60088	16.670256	-57.954098	-107.80887	484000	-0.013392278	1258.2168	0.0	-108.71277	1.3654839	-3.2782554e-10	374.8641893863678
121	-135.70207	65.4786	30.307646	-304.72195	99.775	-73.31304	15.936047	-57.196743	-107.350296	488000	-0.015391226	1091.057	0.0	-70.41516	1.3648986	5.960465e-11	377.89195227622986
122	-158.83963	95.71469	2.0998948	-504.25385	106.72973	-74.43045	15.485117	-52.625397	-107.403625	492000	-0.01401098	2559.5095	0.0	-126.03662	1.3640356	-8.1956386e-10	380.9487533569336
123	-145.24168	74.88834	-32.44762	-393.33896	100.61539	-79.06589	15.312663	-58.975082	-109.2325	496000	-0.011319709	1118.2683	0.0	-100.395874	1.3650866	1.192093e-10	383.99089312553406
124	-136.1937	92.97648	24.467968	-598.4412	106.62162	-72.95955	15.567057	-59.74488	-111.12267	500000	-0.011232242	2340.3816	0.0	-180.91919	1.3648837	-2.115965e-09	387.03020334243774
125	-99.24546	88.72183	59.287884	-356.3009	195.1	-75.60976	16.693172	-35.30871	-111.22421	504000	-0.01256021	4416.791	0.0	-2425.8135	1.3719858	-2.115965e-09	391.4749882221222
126	-127.094315	81.232	3.165958	-393.16922	105.18421	-55.007397	10.802626	-3.8802576	-107.86727	508000	-0.009058348	2029.0449	0.0	-487.82275	1.3644662	1.7881394e-10	394.52807331085205
127	-121.830246	66.0258	-13.536802	-397.88187	105.0	-69.85786	12.463644	-35.136757	-110.170105	512000	-0.015048846	889.7098	0.0	-167.78131	1.365154	-2.0861626e-10	397.5755841732025
128	-151.08835	70.7937	-57.787342	-372.1395	107.297295	-73.10686	15.908851	-53.600018	-109.57472	516000	-0.016181359	995.1284	0.0	-101.15558	1.3621919	-7.4505804e-11	400.63201427459717
129	-129.5689	72.86702	-39.6515	-422.57623	105.945946	-75.54999	19.216696	-56.943447	-110.26941	520000	-0.012977343	1275.144	0.0	-177.37756	1.3641658	-7.4505804e-11	403.6894521713257
130	-130.02428	77.7494	12.761599	-346.16846	112.8	-70.176384	20.043928	-28.848288	-109.57616	524000	-0.010905779	1493.7406	0.0	-120.66614	1.3638774	5.960465e-11	406.78741931915283
131	-135.5415	80.94696	-24.16184	-339.6769	107.08108	-63.295147	20.766644	-31.543127	-109.35235	528000	-0.014825354	1699.8156	0.0	-354.44434	1.3619764	-2.682209e-10	409.8512032032013
132	-153.10721	90.480705	-10.59943	-345.79617	109.333336	-79.763435	20.802187	-19.206566	-110.297455	532000	-0.012923224	2410.3135	0.0	-272.90503	1.3582197	4.0233136e-10	412.8957803249359
133	-114.27324	71.3228	41.43574	-301.1352	142.60715	-61.776726	22.277304	-12.347648	-110.82003	536000	-0.0068040225	1787.4844	0.0	-387.98462	1.3674234	1.3113022e-09	416.53800439834595
134	-117.31652	60.643955	-40.102867	-312.41034	105.1579	-59.08518	18.372332	-38.28593	-111.00327	540000	-0.009166419	971.04913	0.0	-99.46216	1.3617327	1.7732382e-09	419.57783913612366
135	-146.40506	71.72941	-23.001762	-324.37637	104.210526	-62.77411	17.668533	-44.5445	-111.258224	544000	-0.0205741	1088.0239	0.0	-351.41925	1.3592191	1.6391277e-09	422.604896068573
136	-142.5218	86.04441	-33.238766	-375.58746	107.13513	-77.42866	19.135195	-49.951336	-112.551704	548000	-0.017696302	1148.5516	0.0	-188.82489	1.3583336	-6.705523e-10	425.6549451351166
137	-148.97672	72.26062	-14.211782	-413.52927	109.30556	-76.73153	21.127642	-45.390404	-114.00432	552000	-0.018319355	1469.0002	0.0	-191.0299	1.3597542	2.1755695e-09	428.7218601703644
138	-128.93137	70.49415	10.004269	-358.59985	108.0	-73.97402	18.962402	-34.916607	-115.29303	556000	-0.011565601	1511.1986	0.0	-236.50354	1.3593528	-4.1723253e-10	431.78751730918884
139	-134.94194	78.05804	50.0584	-276.63608	137.65517	-51.83326	28.52862	12.328572	-115.517365	560000	-0.009797027	1410.0647	0.0	-257.35327	1.3629932	-7.1525574e-10	435.62907123565674
140	-160.73315	84.27755	-28.724764	-362.2865	117.93939	-69.1044	22.640322	-28.367172	-116.511406	564000	-0.010898237	1481.3702	0.0	-281.83484	1.3584958	1.4901162e-11	438.7301790714264
141	-130.75496	86.44147	11.523425	-457.6503	110.37143	-76.595345	23.697737	-0.40294456	-117.9671	568000	-0.014852677	1568.7612	0.0	-261.1703	1.3579717	-2.8312205e-10	441.7817921638489
142	-105.386154	38.41816	-28.483274	-203.62639	102.128204	-58.826756	21.08071	-27.844067	-118.98339	572000	-0.021265127	505.68436	0.0	-140.52405	1.3596352	-7.599592e-10	444.82617926597595
143	-117.438354	56.584484	-21.57351	-255.94264	108.861115	-61.047817	19.924911	-31.621729	-119.05096	576000	-0.023651073	1014.5473	0.0	-139.51532	1.359172	-3.2782554e-10	447.87921619415283
144	-106.04817	57.066975	21.125559	-269.84457	103.26316	-58.654057	16.488377	-7.40687	-118.489105	580000	-0.00947037	1015.2116	0.0	-171.15637	1.3595428	1.2516975e-09	450.92951130867004
145	-139.69696	90.22427	-38.079643	-513.35724	109.44444	-63.055492	18.231628	-27.39595	-117.29233	584000	-0.007967382	1925.6299	0.0	-373.55298	1.3546596	2.9802324e-11	454.00902819633484
146	-125.79703	53.951973	-27.882936	-265.80807	110.361115	-69.959564	16.632786	-13.153126	-118.890755	588000	-0.011820751	854.10974	0.0	-269.67676	1.3566084	-7.8976153e-10	457.08081221580505
147	-138.35022	75.25943	-6.1880445	-363.1062	109.361115	-69.56903	18.597916	-34.96641	-118.885025	592000	-0.020366848	1425.541	0.0	-122.39465	1.3543414	1.1026859e-09	460.133367061615
148	-131.16348	90.79149	32.698982	-445.75754	106.27027	-68.663376	20.52772	-32.244564	-119.848946	596000	-0.0171009	1501.9692	0.0	-285.97266	1.3549265	5.5134297e-10	463.22629141807556
149	-115.34932	67.4231	-12.833885	-300.65048	107.702705	-69.15702	24.930073	-32.02557	-121.67641	600000	-0.018390719	911.66754	0.0	-308.70264	1.3564888	-3.2782554e-10	466.466922044754
150	-130.97542	59.15834	-26.158216	-238.47044	102.26316	-61.74183	21.755966	-32.023857	-122.073265	604000	-0.023974659	858.03705	0.0	-177.98029	1.3532032	4.1723253e-10	469.5955891609192
151	-138.19917	73.153824	-36.195602	-326.6793	104.5	-69.81089	18.65271	-34.26429	-122.17661	608000	-0.010225275	1140.1499	0.0	-128.37042	1.3519629	-1.0430813e-09	472.663556098938
152	-134.30736	72.781166	36.84166	-297.8197	115.29412	-72.11825	20.104277	-38.810932	-122.89726	612000	-0.01608493	1244.7185	0.0	-75.78894	1.3541992	-1.1622906e-09	475.77054023742676
153	-107.377396	54.9823	-22.92889	-301.15042	97.175	-61.1494	19.385206	-37.124573	-123.36661	616000	-0.01810325	840.88245	0.0	-160.79742	1.352619	-8.493662e-10	478.81289434432983
154	-107.660736	57.377975	-35.044495	-279.62238	103.710526	-57.940987	18.24276	-22.675697	-123.350296	620000	-0.025297746	636.43854	0.0	-160.05417	1.3540965	8.3446505e-10	481.8861081600189
155	-114.493576	72.364815	5.3530765	-302.76474	111.02857	-60.495953	22.504335	-31.180208	-123.81518	624000	-0.015417364	1581.9198	0.0	-325.89526	1.3540288	1.1026859e-09	484.96759033203125
156	-131.20065	91.38548	8.365638	-413.83817	110.833336	-61.617012	22.146736	-33.00576	-124.21488	628000	-0.02865599	1760.4773	0.0	-200.60132	1.3504201	-1.2069941e-09	488.05343222618103
157	-135.08847	85.278694	-45.159203	-482.10822	105.567566	-64.27463	23.37417	-32.304634	-124.7949	632000	-0.0055417903	1687.5138	0.0	-338.81177	1.3492135	-2.9802324e-11	491.1125981807709
158	-131.23276	66.26119	-54.522415	-331.90494	107.97298	-71.608116	23.545588	-36.57493	-126.22965	636000	-0.02435193	747.41864	0.0	-139.39929	1.3496567	1.5944243e-09	494.16950130462646
159	-120.5043	60.338284	-8.93457	-255.55731	107.75676	-70.219215	21.933344	-37.47464	-127.0178	640000	-0.029134462	1139.8008	0.0	-368.25043	1.349392	1.2218953e-09	497.24074816703796
160	-75.960686	57.784122	58.015728	-239.07332	146.14815	-53.719173	19.745705	-13.031708	-127.21784	644000	-0.010088587	1976.549	0.0	-667.0597	1.3547204	-1.7881394e-10	501.0490481853485
161	-127.47702	67.4353	-7.091311	-318.9926	114.17647	-38.09766	13.660302	-22.956532	-125.6613	648000	-0.018335057	1829.8301	0.0	-856.2081	1.3485103	-1.2218953e-09	504.13866543769836
162	-107.686005	59.110912	0.112746306	-248.65141	104.297295	-62.38971	15.93626	-40.330826	-127.736046	652000	-0.026660262	657.17413	0.0	-155.7055	1.3489059	2.1308662e-09	507.21405816078186
163	-102.68587	48.73402	-10.53796	-272.32022	98.6	-57.86208	19.668175	-33.552708	-127.4925	656000	-0.03639817	493.35623	0.0	-71.81296	1.3476933	1.192093e-10	510.32259035110474
164	-135.30037	69.7768	-51.861717	-312.17047	111.22857	-67.253265	20.205725	-34.89088	-127.065674	660000	-0.019443264	773.681	0.0	-132.48352	1.3440263	6.2584876e-10	513.3967802524567
165	-113.65791	53.76888	-39.772606	-256.412	106.62162	-64.969574	19.02626	-35.183464	-126.18226	664000	-0.029428722	735.6618	0.0	-142.74481	1.3456738	-3.7252904e-10	516.4799642562866
166	-118.9767	54.82491	-39.005886	-281.03683	109.416664	-59.925514	18.176893	-21.98811	-126.143394	668000	-0.032824405	928.5006	0.0	-105.55023	1.3458264	-8.791685e-10	519.5545611381531
167	-110.955246	62.63421	-10.650902	-255.77557	114.0	-60.37757	18.714273	-5.9638014	-126.66622	672000	-0.016854277	1067.9084	0.0	-282.8526	1.3468702	1.4901161e-10	522.6489720344543
168	-127.941986	61.97054	-57.039494	-319.7392	106.89189	-64.34684	26.164673	-23.676285	-127.57103	676000	-0.009495222	1170.7827	0.0	-347.4856	1.3401929	5.364418e-10	525.7812931537628
169	-108.43084	55.14434	24.333529	-213.81844	117.29412	-59.46347	18.73414	-17.842607	-126.63862	680000	-0.010943499	998.87384	0.0	-209.88123	1.3470901	-5.662441e-10	528.9238653182983
170	-133.27312	82.91706	-32.682625	-433.09702	117.78788	-58.102657	20.383036	-25.760303	-126.97708	684000	-0.01062335	1456.0072	0.0	-236.01013	1.3427715	6.4074995e-10	532.0245451927185
171	-123.669525	70.35532	-20.316944	-316.38776	105.5946	-74.321815	21.709984	-33.62656	-129.99564	688000	-0.01198496	1103.8447	0.0	-172.37396	1.3396492	-1.013279e-09	535.103086233139
172	-125.90548	67.32545	4.4703994	-318.9538	119.09091	-65.234825	19.00589	-32.354004	-129.94145	692000	-0.011795099	939.142	0.0	-113.54187	1.3422846	-8.1956386e-10	538.2281811237335
173	-123.18375	70.832375	-3.3633943	-337.56863	109.333336	-64.397446	21.270512	-30.360752	-130.55959	696000	-0.020046046	1220.5936	0.0	-118.13501	1.337794	-4.1723253e-10	541.2987473011017
174	-107.01207	57.01148	21.454994	-254.32318	152.92308	-59.36996	23.237547	-2.8168879	-130.11469	700000	-0.020331297	1550.3445	0.0	-548.9261	1.3446772	-8.3446505e-10	545.1540682315826
175	-117.442184	69.54156	-10.046958	-293.67432	114.97059	-46.522617	21.075706	-9.148274	-129.56696	704000	-0.008635269	1045.2242	0.0	-434.60168	1.3378801	4.1723253e-10	548.2436842918396
176	-134.47742	98.20428	6.9987206	-527.37573	112.8	-66.97026	21.613901	-17.245968	-130.8462	708000	-0.0075305426	2232.4775	0.0	-343.1372	1.3346459	3.5762787e-10	551.3467273712158
177	-108.35129	57.835266	3.495417	-253.34428	122.6875	-61.91047	24.915052	-16.847677	-132.82903	712000	-0.021895295	1289.9365	0.0	-253.43921	1.3403903	-9.23872e-10	554.4427962303162
178	-124.04419	57.43315	-21.141731	-259.7558	116.411766	-57.05049	18.047087	-22.83213	-132.63432	716000	-0.020418976	861.95337	0.0	-246.20477	1.3374366	1.1026859e-09	557.5644271373749
179	-116.72625	72.455185	8.610141	-286.48132	117.14706	-62.546383	21.414206	-31.778467	-133.12057	720000	-0.023232313	1441.7698	0.0	-251.93604	1.3350098	-2.2351741e-10	560.6774063110352
180	-99.03175	50.298744	-15.496323	-200.40154	110.77143	-57.721813	17.488792	-30.84436	-133.48354	724000	-0.031404298	538.22064	0.0	-142.90552	1.3374199	-1.6838312e-09	563.7782022953033
181	-99.01753	43.372128	-25.822805	-181.14754	108.27778	-53.953133	20.403582	-22.746025	-133.04239	728000	-0.04034043	554.5377	0.0	-66.53952	1.3341286	-8.791685e-10	566.8521473407745
182	-123.82192	65.13345	18.478474	-330.79135	112.79412	-50.698845	18.813366	-20.938396	-132.38354	732000	-0.012848072	1156.8933	0.0	-302.61438	1.3311938	-5.2154064e-10	569.9375011920929
183	-115.06257	56.7428	-38.57831	-308.7833	118.606064	-60.228966	21.414762	-28.316086	-133.52853	736000	-0.017252985	704.0663	0.0	-147.73132	1.33627	8.3446505e-10	573.0403273105621
184	-100.44249	42.877655	-40.316883	-265.11566	119.242424	-54.719337	16.784073	-28.812511	-132.10516	740000	-0.03496068	451.68463	0.0	-56.35034	1.3358618	-2.503395e-09	576.1121883392334
185	-121.12465	63.86741	-7.2237716	-296.7067	110.111115	-55.413445	20.432348	-18.672014	-127.11058	744000	-0.025033256	929.04474	0.0	-251.21045	1.3275822	-1.4901162e-11	579.1865272521973
186	-75.4859	57.10586	42.688324	-199.18181	208.21053	-54.788887	24.830097	-4.343142	-133.80823	748000	-0.018976474	2946.2546	0.0	-1768.7861	1.3441341	-6.2584876e-10	583.9791023731232
187	-100.61859	49.81611	-8.703439	-215.56116	118.393936	-33.150177	9.980531	23.936735	-94.05892	752000	-0.02551478	1062.376	0.0	-477.08374	1.3328813	1.4901161e-09	587.0747530460358
188	-124.317505	81.19553	7.1472487	-326.3296	118.757576	-52.38022	17.71771	52.55989	-126.16729	756000	-0.020171998	1913.2972	0.0	-409.36975	1.3259449	8.940697e-11	590.1709213256836
189	-113.16443	69.99695	-1.7427893	-262.82965	151.38461	-50.67722	27.178976	4.4092407	-129.72072	760000	-0.018685253	1110.083	0.0	-163.04163	1.331877	-5.364418e-10	594.0298821926117
190	-90.79529	51.583733	8.6814995	-238.80959	112.08572	-53.889454	12.347589	-28.683048	-129.49138	764000	-0.039509065	814.6892	0.0	-225.68231	1.3289661	7.1525574e-10	597.1366062164307
191	-103.62273	59.09891	-37.362045	-246.37563	112.22857	-49.195423	19.997202	-11.370383	-127.64039	768000	-0.02902256	1107.7407	0.0	-184.42804	1.3240207	1.9371509e-09	600.2373042106628
192	-115.25281	62.978584	-9.224753	-319.96545	121.121216	-54.6235	20.079815	28.205547	-134.38538	772000	-0.02897986	897.72864	0.0	-81.52765	1.3231535	2.384186e-10	603.3437113761902
193	-106.07018	87.09671	63.874794	-390.5828	147.62962	-46.768517	25.575603	2.5178792	-129.0301	776000	-0.013086248	1875.678	0.0	-272.50378	1.326921	1.013279e-09	607.3829212188721
194	-99.857544	59.34128	6.6356196	-283.72333	111.6	-50.088673	18.044432	-7.4528494	-134.92303	780000	-0.028197948	706.19476	0.0	-207.98639	1.3219624	9.536744e-10	610.4687852859497
195	-107.83489	75.86663	-17.5717	-285.39392	118.030304	-56.41959	24.35653	-10.592167	-136.5686	784000	-0.033284847	951.4986	0.0	-114.9906	1.3211297	-7.0035455e-10	613.5837104320526
196	-91.88844	64.87221	-2.678695	-275.75308	122.875	-48.251656	24.923784	-7.992521	-135.97281	788000	-0.020758817	1449.3596	0.0	-307.53015	1.3205622	-7.4505807e-10	616.7178370952606
197	-85.637024	45.395763	4.469117	-189.0644	117.06061	-44.687176	18.597975	-9.6142845	-133.0659	792000	-0.03938612	634.8771	0.0	-186.77917	1.3199886	-1.0430813e-10	619.8582882881165
198	-127.01104	73.16073	-23.6356	-298.31586	119.454544	-48.376453	23.771393	-14.613005	-136.64883	796000	-0.037006993	1668.0244	0.0	-721.6807	1.3146527	-5.364418e-10	622.9815323352814
199	-78.57416	42.181755	19.828915	-156.78748	120.90909	-61.428993	10.988485	-31.418148	-138.31001	800000	-0.03307658	1239.1937	0.0	-667.6375	1.3201982	-1.937151e-10	626.1700782775879
200	-111.48006	77.7056	8.211918	-345.88065	126.741936	-42.145077	23.785706	-8.145607	-134.72389	804000	-0.02319897	2184.0413	0.0	-944.40796	1.3107878	1.1622906e-09	629.3395793437958
201	-113.435135	62.415554	-14.003915	-285.84714	118.46875	-53.837257	19.928055	2.3176968	-134.87877	808000	-0.02998606	1903.4962	0.0	-596.56323	1.3124909	-2.3841857e-09	632.4764280319214
202	-108.308464	66.59387	-28.748312	-292.66327	122.3125	-52.449635	19.717825	-17.512543	-137.77693	812000	-0.026869187	950.83325	0.0	-234.01227	1.3103822	-1.4007091e-09	635.6163022518158
203	-119.30556	76.30615	-18.250435	-316.36194	121.03125	-58.26329	22.176035	-1.2389147	-139.34442	816000	-0.036786065	913.2344	0.0	-162.44171	1.3079797	1.4901161e-09	638.7410912513733
204	-110.86779	65.913055	-12.668896	-343.8897	117.14706	-58.24497	23.561401	-15.703396	-135.45447	820000	-0.03533672	825.08997	0.0	-145.53674	1.306525	-1.9669533e-09	641.8544671535492
205	-89.1627	60.236897	24.530012	-215.82481	126.19355	-56.88517	24.949911	20.460373	-137.38995	824000	-0.025185948	1321.7998	0.0	-564.06244	1.3068595	0.0	644.9873902797699
206	-99.42293	53.19076	-0.21044458	-289.17395	111.0	-43.22783	24.79756	6.6525383	-131.14684	828000	-0.026376419	938.47253	0.0	-303.09515	1.3026844	1.4901162e-11	648.1012501716614
207	-99.20964	51.23741	-30.004501	-256.97852	116.882355	-50.747116	18.365198	-16.624617	-138.23914	832000	-0.038463082	638.697	0.0	-92.318665	1.3041955	-2.682209e-10	651.2300822734833
208	-97.00579	51.86165	-35.925224	-243.77483	125.645164	-53.19913	21.438593	-18.632515	-134.46703	836000	-0.02945884	696.0408	0.0	-173.41412	1.3051808	3.874302e-10	654.3623371124268
209	-86.48931	37.91552	-24.834661	-177.26892	117.20588	-49.930767	22.003828	-13.057452	-130.03413	840000	-0.038324747	611.3011	0.0	-176.69357	1.3000817	-4.4703484e-11	657.5022792816162
210	-114.82399	69.23378	-1.4618944	-278.51794	141.25	-50.2167	22.6227	-7.0138597	-139.29202	844000	-0.018878236	1128.8906	0.0	-334.95502	1.3040707	2.1904707e-09	660.9005923271179
211	-87.21732	55.55961	44.35094	-229.16422	131.1	-52.2706	23.09515	-12.720967	-137.0602	848000	-0.026591443	1154.081	0.0	-342.64355	1.3029284	-2.2798776e-09	664.066477060318
212	-76.73616	42.231133	29.564354	-149.32318	127.83871	-37.46819	15.887936	-9.670311	-138.172	852000	-0.023287868	882.7553	0.0	-138.8797	1.3019398	-1.2665987e-09	667.2222852706909
213	-99.32051	74.917984	-4.093133	-297.1056	127.566666	-40.97122	18.950516	-8.309749	-132.22195	856000	-0.039124556	1082.4353	0.0	-212.69855	1.2969267	2.384186e-10	670.3839662075043
214	-101.23323	60.772537	10.846766	-250.63104	134.64285	-46.805008	23.343784	-12.254908	-139.991	860000	-0.037324276	896.58014	0.0	-222.48145	1.295456	-2.9802324e-11	673.5415391921997
215	-81.026474	67.20548	75.88286	-301.4825	158.68	-50.137825	21.70499	-3.4243367	-139.67815	864000	-0.017999941	1859.9427	0.0	-809.79395	1.2994506	9.536744e-10	677.9024860858917
216	-85.28352	52.6214	6.8535085	-272.077	120.27273	-35.170174	24.745916	9.531415	-130.86626	868000	-0.03153921	622.4503	0.0	-219.56406	1.2915608	2.682209e-10	681.0353910923004
217	-105.416626	57.77165	-12.225623	-252.82251	147.26923	-46.48545	22.750269	-6.9189644	-117.16266	872000	-0.03369712	826.3484	0.0	-233.56	1.2967371	-1.192093e-10	684.2547602653503
218	-76.93249	43.63964	11.651948	-209.57588	132.4	-39.881836	17.0803	-4.0959253	-117.57891	876000	-0.037207216	677.9922	0.0	-132.21991	1.2913951	1.0430813e-09	687.4490020275116
219	-96.93149	69.9049	-1.9289566	-337.00598	131.86667	-36.406254	19.363169	-3.8257504	-134.3163	880000	-0.026730292	1075.9172	0.0	-416.5594	1.2866421	1.5497208e-09	690.6108362674713
220	-105.146225	68.5571	-7.1129355	-261.6476	132.36667	-51.022	23.106876	-11.573454	-140.71844	884000	-0.029215839	1100.6218	0.0	-228.1098	1.283319	2.0563602e-09	693.802817106247
221	-77.52164	58.008236	24.26542	-264.4597	124.1875	-44.425137	23.670551	-1.7180758	-138.44295	888000	-0.04573287	755.6356	0.0	-151.29114	1.285041	-5.9604643e-10	696.9564580917358
222	-84.93782	41.514977	12.03688	-176.39583	128.74193	-41.73834	24.41712	-4.527424	-128.31827	892000	-0.036510784	1013.09796	0.0	-258.27124	1.2866523	2.384186e-10	700.2025682926178
223	-90.45843	59.111492	1.7654402	-256.49835	133.2	-44.18074	18.904089	-14.540405	-123.53705	896000	-0.023422213	847.6613	0.0	-265.32782	1.2818036	-6.854534e-10	703.3715062141418
224	-104.09341	47.060516	-25.87811	-184.26923	138.42857	-41.466618	22.122408	-0.7144139	-132.56882	900000	-0.04443672	517.2035	0.0	-137.34653	1.2840109	2.5331975e-10	706.5885832309723
225	-77.81593	57.73239	55.120617	-193.42778	179.13637	-44.703373	19.382238	5.8044853	-142.9988	904000	-0.0053303265	1373.3029	0.0	-719.5976	1.2932488	1.4305115e-09	710.7077040672302
226	-98.11835	63.086452	26.24983	-246.17973	147.11111	-37.941505	23.78293	40.558243	-133.6132	908000	-0.03905901	995.32794	0.0	-506.8762	1.2815065	-1.4156103e-09	713.9643051624298
227	-89.71002	78.74376	0.081301644	-357.40973	138.25	-43.08628	23.510693	-4.309908	-128.71716	912000	-0.025093002	1299.0479	0.0	-193.27234	1.2773675	-1.7881394e-10	717.1262431144714
228	-86.517494	48.470364	-24.462708	-218.47018	130.43333	-43.32794	21.577944	0.5614426	-135.04808	916000	-0.033162758	544.41956	0.0	-101.06061	1.2749325	1.5497208e-09	720.4043741226196
229	-96.796646	69.14188	15.7873535	-272.74756	148.6923	-44.98071	23.144148	6.9922256	-143.2483	920000	-0.020517074	998.3244	0.0	-225.59863	1.275222	-8.940697e-11	723.627767086029
230	-112.48112	92.2424	28.851252	-392.36563	136.44827	-49.61865	26.920935	11.484009	-145.33308	924000	-0.02074736	1661.6477	0.0	-585.5005	1.2706543	9.685754e-10	726.8397471904755
231	-108.30401	76.13901	-13.141281	-427.82846	139.75	-48.63752	23.357204	12.830318	-131.02267	928000	-2.0275115e-06	1306.7059	0.0	-460.98132	1.2694268	-7.599592e-10	730.0434613227844
232	-95.80634	60.165844	22.81173	-233.8945	132.3793	-49.524433	21.994305	-10.988926	-146.92432	932000	-0.045592118	638.5002	0.0	-213.05075	1.2717044	-1.2069941e-09	733.2289123535156
233	-81.60009	47.32369	0.6935212	-191.4914	142.0	-43.386787	24.537542	-2.1104503	-147.60863	936000	-0.031716526	654.6018	0.0	-202.24313	1.2732397	-1.5497208e-09	736.4368650913239
234	-98.77028	54.30796	-5.215798	-186.52629	146.96297	-41.306652	22.253931	-0.8253772	-147.14432	940000	-0.0475866	781.6776	0.0	-124.58734	1.2749476	6.109476e-10	739.6709532737732
235	-109.848404	67.9216	-26.396044	-275.48346	144.62962	-42.416313	24.449728	5.957487	-146.56517	944000	-0.024493685	923.0881	0.0	-308.52936	1.2666246	1.4901162e-11	742.8918740749359
236	-86.095345	54.282616	0.4580657	-210.2521	135.31035	-50.90973	22.855673	-11.829796	-146.56784	948000	-0.03209389	556.2705	0.0	-195.74808	1.2688528	-8.642673e-10	746.1268482208252
237	-71.69615	61.738705	50.884296	-226.49149	131.33333	-40.337	26.989836	11.440535	-141.22342	952000	-0.04771086	836.5555	0.0	-170.72821	1.2668474	1.0579825e-09	749.3029022216797
238	-40.509674	52.34451	27.87263	-152.91196	230.82353	-49.129044	28.203382	9.826096	-139.6555	956000	-0.008733945	2635.2117	0.0	-1623.9368	1.2910287	-3.5762787e-10	754.1849102973938
239	-81.9161	43.68299	-27.06753	-206.59863	140.07408	-12.055508	17.15592	25.701036	-73.36006	960000	-0.05198436	1121.3003	0.0	-661.7972	1.2638284	-8.1956386e-10	757.4121992588043
240	-92.65138	50.51922	9.772176	-207.80368	141.32143	-39.027447	19.156322	13.375229	-116.90275	964000	-0.032451566	720.58966	0.0	-168.9516	1.2636697	-1.937151e-10	760.6290853023529
241	-68.404724	39.77451	5.003168	-159.86043	149.28	-39.87547	18.698786	-3.655989	-123.28725	968000	-0.058771722	641.87866	0.0	-205.81015	1.2677627	1.2069941e-09	763.9110851287842
242	-72.66069	56.723824	43.73537	-233.46243	141.42857	-34.44544	21.45362	14.750745	-131.31314	972000	-0.052058928	803.16656	0.0	-149.64563	1.2631663	-1.0430813e-10	767.1596822738647
243	-99.05652	71.353584	-12.234716	-308.375	140.32143	-34.308804	21.567877	8.828413	-130.19943	976000	-0.024466809	820.02106	0.0	-317.31525	1.258684	5.960465e-11	770.3778502941132
244	-94.96629	82.78465	41.636757	-297.88318	150.65384	-54.008045	25.17808	13.167904	-138.5562	980000	-0.024497023	1855.3187	0.0	-569.9332	1.2548544	-9.983778e-10	774.1640043258667
245	-86.56923	63.820248	40.171726	-257.73093	139.46428	-36.635914	19.462439	14.040374	-138.4232	984000	-0.0061703497	955.3165	0.0	-351.46216	1.2549119	1.6093255e-09	777.4047412872314
246	-61.21227	56.695953	58.524406	-146.66156	204.94737	-37.4597	20.42901	11.60015	-116.65078	988000	-0.038329445	1023.1429	0.0	-390.70502	1.2715672	9.387732e-10	781.5854852199554
247	-107.14077	64.16325	-25.40192	-300.00296	152.84	-32.049545	19.953066	6.8454175	-139.84875	992000	-0.048517536	887.3268	0.0	-382.54517	1.2548747	-7.301569e-10	784.860799074173
248	-83.74795	70.47082	24.36875	-245.72826	159.44	-44.528805	23.62029	4.3962374	-135.0715	996000	-0.015614465	1236.99	0.0	-248.98138	1.2517446	-7.1525574e-10	788.1221981048584
249	-84.74358	68.4743	-3.44907	-334.99045	158.72	-33.73992	27.524715	20.5575	-147.43689	1000000	-0.032419454	1095.417	0.0	-175.6781	1.2554364	5.2154064e-10	791.4248881340027
250	-102.469345	66.07406	-6.6727424	-254.93332	198.55	-38.65165	25.543192	34.127033	-149.4809	1004000	-0.036227714	956.9357	0.0	-183.09772	1.2682939	-4.4703483e-10	795.7279553413391
251	-55.06744	52.208576	22.55245	-182.7178	158.875	-38.382126	25.48008	19.64593	-126.88723	1008000	-0.04501066	1651.7822	0.0	-656.46387	1.2563319	8.791685e-10	799.3785932064056
252	-77.51069	65.083275	8.104778	-254.00978	146.51852	-25.844795	23.29031	17.71533	-114.47033	1012000	-0.043192618	985.1913	0.0	-333.43768	1.2479258	-7.4505804e-11	802.6694211959839
253	-95.08296	75.13773	28.026566	-310.69012	147.92592	-39.716408	29.533197	31.230232	-140.76376	1016000	-0.023642562	1502.0044	0.0	-447.5089	1.240153	-1.8179417e-09	805.9352412223816
254	-82.75453	59.524963	2.2836416	-212.83708	161.58333	-39.128796	24.427837	52.436573	-124.02022	1020000	-0.0354217	835.55524	0.0	-353.4786	1.245808	-1.2516975e-09	809.2582783699036
255	-86.1897	72.528275	52.967148	-227.59407	217.05556	-38.916832	23.798454	5.609815	-141.51085	1024000	-0.026295485	1812.1469	0.0	-832.496	1.2609783	1.4901162e-11	813.6759192943573
256	-98.069855	68.53594	19.061686	-246.7589	161.625	-28.03126	24.533583	13.514189	-137.52686	1028000	-0.03733616	940.345	0.0	-324.8365	1.2414714	-1.2069941e-09	817.181559085846
257	-89.984856	70.48991	34.333252	-266.1434	155.4	-44.820717	25.817705	19.803896	-143.32095	1032000	-0.04177657	870.40454	0.0	-241.79291	1.2403126	-3.874302e-10	820.4820792675018
258	-55.46412	50.708282	42.47466	-206.55754	194.0	-33.029694	21.144463	11.332349	-141.6776	1036000	-0.021305557	828.7397	0.0	-317.25107	1.2527223	-1.937151e-10	824.4613871574402
259	-97.84931	89.67071	28.18309	-304.52914	195.55	-33.40172	29.669865	34.75387	-128.52332	1040000	-0.018113656	2095.7043	0.0	-752.89185	1.2446684	-6.854534e-10	828.3511111736298
260	-96.156296	86.17225	4.55343	-306.685	186.61905	-36.365948	28.638742	23.310047	-142.6533	1044000	-0.005125922	1704.9991	0.0	-848.80817	1.2410204	-1.6391277e-10	832.2441191673279
261	-116.87559	73.9722	6.322252	-252.17725	181.40909	-41.528484	28.616766	5.0489655	-141.936	1048000	-0.015767178	1095.5375	0.0	-397.63385	1.2362874	-7.748604e-10	835.6271901130676
262	-76.62419	63.147526	15.930459	-210.58289	162.54167	-40.941204	25.401966	-7.892818	-147.24757	1052000	-0.040088758	789.34283	0.0	-223.99811	1.2352008	7.0035455e-10	838.9403972625732
263	-116.56036	82.82029	7.5268755	-333.45285	170.08696	-37.442688	29.029173	12.101735	-149.45302	1056000	-0.02809107	1819.9149	0.0	-607.6587	1.2331268	1.4901161e-10	842.6179602146149
264	-67.77724	63.91665	46.370663	-211.5489	164.66667	-42.307602	30.954687	11.696804	-151.88205	1060000	-0.043942016	930.9329	0.0	-320.08392	1.2376996	-2.7567149e-09	845.9544222354889
265	-74.0197	72.110306	-3.1985867	-308.84293	146.51852	-29.88019	27.107363	28.381922	-151.39719	1064000	-0.028694905	963.8285	0.0	-285.01978	1.2232032	-1.1175871e-09	849.204359292984
266	-55.26266	53.56844	28.88578	-197.77121	151.84616	-32.3255	25.91337	17.253891	-151.55681	1068000	-0.015741656	910.66925	0.0	-279.864	1.2276621	1.2814999e-09	852.5230312347412
267	-83.07178	58.958332	-6.787361	-218.72511	157.4	-32.30219	22.851414	18.055037	-149.351	1072000	-0.03833574	805.1566	0.0	-227.01306	1.2312001	2.384186e-10	855.8398752212524
268	-93.31795	66.08424	5.368022	-240.6219	185.55	-39.68089	26.849476	3.2674396	-151.02357	1076000	-0.0244639	1597.776	0.0	-413.2025	1.2297419	1.7881394e-10	859.3757832050323
269	-77.03935	63.111904	-15.159938	-255.56264	171.08696	-32.834335	25.36139	8.518315	-151.24057	1080000	-0.033142444	855.75305	0.0	-213.68158	1.2325461	-3.5762787e-10	862.7897353172302
270	-100.49414	79.41891	9.139061	-300.82333	165.20833	-35.02897	29.451067	16.825468	-152.48438	1084000	-0.0062705306	1414.3838	0.0	-490.44586	1.221764	8.9406965e-10	866.0940690040588
271	-67.31472	63.924557	5.00705	-230.25664	163.08333	-43.071938	26.318111	-2.931904	-151.79051	1088000	-0.043477226	879.8692	0.0	-342.21112	1.2268384	6.4074995e-10	869.3750133514404
272	-63.386448	53.778748	19.044197	-188.98932	180.22728	-34.046486	31.002243	15.003165	-145.53705	1092000	-0.018540336	1554.0771	0.0	-662.04083	1.230396	1.7881394e-10	873.5650312900543
273	-43.497795	61.313023	48.761265	-206.16602	197.55	-33.969234	20.508009	16.333267	-99.30085	1096000	-0.03146166	1161.959	0.0	-449.2688	1.2391018	5.2154064e-10	877.9841582775116
274	-76.687675	78.791565	-2.3635554	-313.33484	172.73914	-20.685795	23.70852	15.736259	-131.5471	1100000	-0.037283804	1788.086	0.0	-878.346	1.2203277	-1.5050173e-09	881.3964700698853
275	-46.762077	50.3419	77.6825	-159.29195	210.1579	-32.611435	27.468376	12.014195	-131.96825	1104000	-0.019941833	1458.6394	0.0	-757.4413	1.2381775	7.8976153e-10	885.5845441818237
276	-77.14351	54.931503	7.712038	-207.34277	171.52174	-14.323848	23.902992	14.769879	-148.3347	1108000	-0.033704504	845.4751	0.0	-472.59143	1.2303283	7.301569e-10	888.9269762039185
277	-72.24358	64.54645	-3.1765447	-293.9494	152.1923	-34.513165	25.287848	1.8297081	-146.28804	1112000	-0.038694102	778.9479	0.0	-145.7522	1.2178918	7.748604e-10	892.1974482536316
278	-75.52352	77.98583	6.916858	-313.6249	162.77272	-40.16404	28.827526	52.21998	-150.87596	1116000	-0.053350974	1309.5721	0.0	-269.71838	1.2235223	-1.4901161e-09	895.7321400642395
279	-93.6432	57.46792	-12.270668	-229.19447	184.42857	-32.504704	31.115906	22.654903	-151.20091	1120000	-0.019582829	1148.9493	0.0	-251.71167	1.2220734	-1.4901162e-11	899.264731168747
280	-65.5773	52.45403	9.362783	-170.28102	187.7619	-35.15054	22.84151	7.7677355	-137.3751	1124000	-0.053038567	842.405	0.0	-269.23212	1.2321781	-1.3411044e-10	902.9215643405914
281	-63.234535	71.810394	46.282074	-222.4986	171.69565	-22.103218	24.237404	19.036259	-147.56912	1128000	-0.035207603	1285.9056	0.0	-620.9345	1.2225972	1.9818545e-09	906.2855753898621
282	-54.868683	56.003895	69.46885	-208.45305	188.19048	-36.6429	28.944601	26.949272	-152.69276	1132000	-0.035450008	1278.9316	0.0	-486.8108	1.2229836	-1.192093e-10	910.5896072387695
283	-78.94421	98.66709	7.930584	-371.15213	210.36842	-20.855759	25.54732	33.118134	-148.89067	1136000	-0.026189681	1468.8976	0.0	-498.72345	1.2182158	3.874302e-10	914.6828281879425
284	-54.386852	55.499935	38.767612	-203.79927	171.69565	-30.6176	28.547163	16.395947	-154.1471	1140000	-0.033816632	605.3323	0.0	-228.28125	1.2130276	3.5762787e-10	918.0190861225128
285	-91.4704	88.806984	-12.912343	-328.13583	173.36363	-23.115551	26.599213	23.206963	-153.23087	1144000	-0.015168619	1834.6443	0.0	-866.0459	1.2082982	1.6540289e-09	921.4604370594025
286	-55.504745	37.121883	18.014366	-146.19688	171.65218	-33.526535	25.505894	10.227903	-152.15218	1148000	-0.030989751	647.9703	0.0	-298.06088	1.212948	-1.9967556e-09	924.7890572547913
287	-106.240005	78.49808	8.073354	-310.21432	220.27777	-41.11208	35.991528	19.568829	-153.60391	1152000	-0.016189517	1778.0574	0.0	-471.18176	1.2135788	-8.1956386e-10	928.7539451122284
288	-76.10058	83.204956	14.0818615	-290.4428	164.27272	-27.058645	25.101053	23.829853	-147.37311	1156000	-0.009011547	1552.0676	0.0	-412.44934	1.2019435	-1.0430813e-09	932.220721244812
289	-55.96482	52.49155	15.421481	-205.42755	176.04546	-30.111198	24.919086	16.688541	-137.54646	1160000	-0.033659767	556.5135	0.0	-191.49966	1.2167822	-1.5348196e-09	935.6106832027435
290	-65.76781	84.74244	32.180946	-251.72688	187.57143	-29.203447	30.180393	11.639332	-145.90276	1164000	-0.026237562	1064.522	0.0	-282.49786	1.208087	-5.2154064e-10	939.084712266922
291	-69.24481	62.35252	-0.25193834	-244.01247	216.72223	-29.428118	24.34516	17.971634	-129.23679	1168000	-0.01956369	999.42	0.0	-322.03363	1.2207017	1.3113022e-09	943.5800261497498
292	-92.681786	68.55472	41.999546	-195.69392	230.17647	-25.43034	24.051523	26.07726	-147.84363	1172000	-0.0011701009	1027.3881	0.0	-393.93457	1.2205747	4.768372e-10	947.6781232357025
293	-57.328632	82.6293	19.893831	-288.8621	193.6	-34.338547	29.32181	12.030828	-151.17915	1176000	-0.0454652	1464.948	0.0	-438.37024	1.2007388	2.6077032e-09	951.3920142650604
294	-76.469604	76.07488	25.41012	-241.43715	199.2	-30.390219	31.6598	16.873241	-149.0363	1180000	-0.030981213	1505.8197	0.0	-482.77057	1.2076335	8.3446505e-10	955.4036512374878
295	-56.941475	61.127094	41.898266	-230.46492	184.7619	-24.100786	22.621674	12.247185	-119.16215	1184000	-0.029764824	613.3886	0.0	-211.4031	1.2120196	-9.685754e-10	958.800183057785
296	-54.100456	53.23646	15.025517	-154.72044	221.9375	-28.354313	29.104065	15.824664	-108.94532	1188000	-0.036054473	888.0341	0.0	-319.7688	1.2246312	4.61936e-10	962.8776440620422
297	-49.296314	34.753345	4.298746	-119.860054	206.78947	-14.961551	18.084684	23.170437	-102.55547	1192000	-0.030956779	477.34448	0.0	-123.60666	1.217365	-2.8312205e-10	967.2733612060547
298	-22.837088	76.504295	64.33161	-216.19116	323.5	-17.552027	19.852108	16.742481	-136.92917	1196000	-0.022189898	1111.1888	0.0	-272.85193	1.2302663	-1.013279e-09	972.8260772228241
299	-52.616425	53.678974	22.722635	-177.86942	182.0	-12.2812	28.791393	31.843287	-110.66095	1200000	-0.048181582	897.5973	0.0	-402.82974	1.2028328	-9.536744e-10	976.2886521816254
300	-68.7455	57.787235	3.0403955	-203.96231	215.4	-27.644676	20.967396	21.361	-132.01393	1204000	0.0002468444	967.99664	0.0	-282.78436	1.2198555	3.2782554e-10	981.3761169910431
301	-60.151207	72.143196	35.518948	-224.74602	195.2	-23.376677	23.532719	17.851254	-125.94034	1208000	-0.042579737	954.6895	0.0	-274.62274	1.2009765	-2.9802322e-10	985.9353353977203
302	-54.509956	68.49761	14.695884	-300.98145	151.65384	-20.089357	26.943125	19.583239	-141.01855	1212000	-0.040509555	919.056	0.0	-281.90448	1.1857821	4.917383e-10	989.2418732643127
303	-50.702152	57.737957	15.291874	-235.4323	211.55556	-29.639133	27.135305	34.325645	-144.03294	1216000	-0.0522193	1006.276	0.0	-416.93665	1.2106484	-6.4074995e-10	994.033171415329
304	-72.31697	54.28012	15.268676	-221.36069	218.44444	-20.251879	26.084066	21.043697	-154.546	1220000	-0.028413571	769.5402	0.0	-217.6784	1.2070926	-2.592802e-09	998.3707182407379
305	-81.8021	65.83444	-4.9633656	-207.92891	217.0	-33.42069	30.585094	38.709938	-146.89963	1224000	-0.02468457	958.134	0.0	-368.3357	1.1927321	5.364418e-10	1002.788577079773
306	-39.03418	54.393795	26.305925	-235.48428	170.91304	-24.256752	27.544016	11.666346	-139.68465	1228000	-0.057387862	893.34106	0.0	-212.6554	1.1907187	1.2516975e-09	1006.1318881511688
307	-32.438503	64.7725	61.324196	-154.97496	288.25	-20.39051	22.366337	31.185684	-139.17996	1232000	-0.022645293	971.47626	0.0	-326.146	1.2137733	7.599592e-10	1011.8242781162262
308	-71.61629	36.95757	-4.782957	-158.3274	249.76923	-18.29013	26.636528	47.795506	-133.59358	1236000	-7.7091754e-05	993.38904	0.0	-372.06354	1.2079127	1.8328429e-09	1017.185955286026
309	-72.86523	79.171036	27.919308	-250.42877	241.86667	-20.826206	22.775452	16.98812	-127.01282	1240000	-0.04661658	979.00165	0.0	-380.8559	1.2071658	2.2500752e-09	1021.9303181171417
310	-94.5629	117.110214	9.142924	-471.72504	222.11111	-23.44631	26.641699	21.909168	-141.74565	1244000	0.014126831	2703.7854	0.0	-915.30334	1.1905546	-1.8775463e-09	1025.5833892822266
311	-76.88696	100.33379	39.565422	-311.31375	172.85	-28.250257	35.52078	21.341597	-160.6981	1248000	-0.029265258	1271.659	0.0	-387.85907	1.180375	1.1920929e-09	1029.2053151130676
312	-58.414387	68.3617	33.64743	-206.35999	193.3	-33.62043	29.156834	44.278	-150.58493	1252000	-0.05327186	1575.2086	0.0	-810.7809	1.1815604	3.7252904e-10	1032.7363922595978
313	-143.5957	98.764915	35.36787	-294.55038	300.3846	-35.23375	37.54889	24.256506	-160.24086	1256000	-0.0075020296	1632.0071	0.0	-350.79968	1.1958457	1.2218953e-09	1037.2744822502136
314	-63.77578	68.13388	5.9708652	-239.60312	230.57143	-37.6092	35.356632	22.793003	-160.34552	1260000	-0.026085518	1318.1289	0.0	-573.7439	1.195251	-9.23872e-10	1041.420576095581
315	-81.73205	60.26871	4.257284	-213.07506	263.8	-26.674192	32.78487	27.615665	-150.1848	1264000	0.0025379325	1093.6115	0.0	-354.4339	1.1870981	1.3411044e-10	1046.1840782165527
316	-98.44403	68.11199	1.6305121	-220.20961	227.35294	-32.496845	37.01655	28.714485	-148.49109	1268000	-0.013727978	1287.4307	0.0	-369.23413	1.186007	-1.8775463e-09	1049.9962780475616
317	-53.74569	64.22502	34.105247	-170.36057	277.5	-32.772243	28.066051	19.554316	-128.74492	1272000	0.00046847534	1014.8214	0.0	-428.21094	1.2057716	-9.983778e-10	1055.0495212078094
318	-78.04896	81.78735	56.93995	-213.17273	239.75	-22.145582	24.17254	26.406612	-134.84756	1276000	0.0032073678	1586.2949	0.0	-609.8794	1.1893761	-9.23872e-10	1059.3593821525574
319	-70.77103	72.697296	41.192165	-204.96524	238.71428	-29.79857	26.921066	19.197613	-138.5012	1280000	-0.022669654	1146.259	0.0	-415.77393	1.2037524	1.4156103e-09	1063.4960901737213
320	-47.14596	67.29523	21.995527	-197.66145	281.35715	-25.069075	36.12656	22.642708	-137.63785	1284000	-0.023077667	1048.1641	0.0	-316.1386	1.1972297	1.1324882e-09	1068.2227573394775
321	-45.556877	56.85007	32.887955	-191.73364	221.88889	-16.228338	26.776466	29.464025	-137.52122	1288000	-0.014057744	934.87036	0.0	-357.20276	1.1922662	-7.8976153e-10	1072.5870683193207
322	-42.7013	44.815685	37.23586	-145.08844	192.26315	-18.098019	22.852509	20.589603	-149.32506	1292000	-0.0662754	864.83936	0.0	-261.4649	1.1800582	2.9802322e-10	1076.1507031917572
323	-44.232666	65.20736	44.021946	-245.83961	171.16667	-16.948975	24.086567	31.558508	-141.349	1296000	-0.040703516	864.0446	0.0	-169.729	1.1850363	8.642673e-10	1080.4648094177246
324	-50.27839	31.591076	3.822602	-123.60022	244.75	-21.83875	18.321075	26.908773	-110.05183	1300000	-0.024733955	694.4376	0.0	-260.19537	1.2011013	1.6391277e-09	1084.9451162815094
325	-57.131313	68.26621	1.1644934	-207.54494	404.125	-26.175455	21.078257	25.67084	-116.73877	1304000	-0.03882087	1008.19946	0.0	-427.1505	1.2184714	-7.599592e-10	1090.9920101165771
326	-80.82636	87.029594	16.88874	-252.86086	217.0	-6.2176547	37.00544	46.148018	-147.21521	1308000	-0.019859022	1814.2797	0.0	-857.0406	1.1729491	-1.7881394e-10	1095.1107473373413
327	-44.407475	45.327644	12.70391	-170.41118	349.27274	-37.118603	29.238594	15.425053	-132.91933	1312000	-0.010221181	1498.0343	0.0	-856.63257	1.2126681	1.4603138e-09	1100.8279852867126
328	-51.263733	60.29278	2.5433793	-268.95673	238.4375	-9.632801	20.864231	28.221334	-130.7819	1316000	-0.021555644	1074.3756	0.0	-476.42987	1.1851553	-5.2154064e-10	1105.0779032707214
329	-43.966007	67.58558	56.079796	-221.87614	204.3158	-19.919641	24.18176	18.889137	-153.80705	1320000	-0.011708204	1071.428	0.0	-471.68164	1.1807207	1.758337e-09	1109.1842250823975
330	-46.887794	79.13044	44.676857	-223.32787	381.7	-25.23536	21.959301	35.775745	-141.23564	1324000	-0.022072	1260.5458	0.0	-448.59113	1.2072295	-1.0728836e-09	1114.86474442482
331	-40.09582	59.229256	46.45251	-194.7047	372.0	-16.247078	25.928568	30.564608	-158.2872	1328000	-0.026188895	1187.5636	0.0	-356.55725	1.2024994	1.0430813e-09	1120.2259571552277
332	-57.25116	60.530113	24.88354	-187.47868	246.125	-8.656626	26.599741	39.67226	-135.01561	1332000	0.001314511	786.6686	0.0	-254.71552	1.190243	-5.662441e-10	1124.375732421875
333	-45.90664	50.719437	21.353714	-203.41876	281.2143	-14.700087	21.584995	24.393682	-154.65483	1336000	-0.01677947	893.75806	0.0	-178.27905	1.193797	-5.2154064e-10	1130.3760430812836
334	-48.978928	49.954544	15.863155	-212.38698	209.05556	-25.973412	25.473083	19.470009	-149.68146	1340000	-0.021947164	1095.1602	0.0	-430.81488	1.1887708	2.0861626e-10	1134.2398011684418
335	-51.26272	49.758102	21.974176	-164.7807	284.14285	-25.14403	24.02219	15.496149	-115.09671	1344000	-0.01068997	749.0584	0.0	-272.18716	1.2044785	-1.0579825e-09	1139.1221203804016
336	-41.33483	60.113167	25.175028	-216.95479	183.6	-26.629185	31.116959	22.95847	-157.21701	1348000	-0.062339805	866.33325	0.0	-246.51807	1.168135	1.0579825e-09	1143.0566842556
337	-58.45519	59.317535	29.235147	-208.00217	239.4375	-15.852158	21.323658	25.986835	-84.41512	1352000	-0.023723736	679.40784	0.0	-210.67154	1.1952878	1.7881393e-09	1147.6673991680145
338	-79.75728	94.32408	53.264877	-294.16672	381.5	-32.4602	30.678295	31.568682	-152.76555	1356000	-0.020121476	1357.3121	0.0	-599.9663	1.2013649	-1.7732382e-09	1153.898567199707
339	-55.31299	72.10911	34.881664	-222.31697	306.15384	-17.045187	31.050556	38.002777	-145.3744	1360000	-0.022451214	935.6058	0.0	-423.9359	1.1837164	-9.387732e-10	1159.5389413833618
340	-50.790024	35.15205	14.090682	-103.68498	189.55	-18.972904	33.66776	39.02501	-139.34087	1364000	-0.03649733	883.49084	0.0	-530.07117	1.183991	-2.384186e-10	1163.0507242679596
341	-54.716274	83.754684	42.83084	-238.39433	176.61905	-21.914162	29.566206	24.625729	-140.48633	1368000	-0.014463468	989.8999	0.0	-454.09753	1.1615578	-3.5762787e-10	1166.4911150932312
342	-65.41258	73.7935	19.973248	-226.40248	247.0625	-31.018766	33.92964	26.718254	-154.9214	1372000	-0.018670479	1040.4719	0.0	-245.32343	1.1856631	-1.2069941e-09	1170.578907251358
343	-44.79293	66.29405	36.293568	-224.39703	232.47058	-22.361172	29.508448	26.947678	-159.78825	1376000	-0.012237337	669.4143	0.0	-234.51251	1.1790271	8.1956386e-10	1175.3558452129364
344	-64.813194	74.74413	23.868378	-233.2013	205.10527	-22.716158	32.337868	45.158154	-134.07253	1380000	-0.039406907	1117.8427	0.0	-338.74725	1.1747274	-7.4505807e-10	1179.187467098236
345	-56.742207	78.24024	40.710464	-228.91199	276.85715	-37.017994	38.163097	38.80203	-160.19109	1384000	-0.018536784	1809.8362	0.0	-807.2589	1.1792456	-1.4901162e-11	1183.9526581764221
346	-35.7962	65.15801	15.781608	-240.25809	230.71428	-25.37244	37.359837	40.099907	-156.04433	1388000	-0.019613203	1476.4374	0.0	-802.8006	1.1896919	1.192093e-10	1188.8778083324432
347	-74.936295	62.65066	25.677885	-175.65237	351.0	-17.590395	25.68257	27.398228	-154.39995	1392000	-0.027505727	1054.6097	0.0	-296.38226	1.1999644	-6.705523e-10	1194.230306148529
348	-31.178776	45.262978	17.174051	-186.47342	184.64706	-6.90997	22.159355	30.003813	-123.14778	1396000	-0.023110684	521.8456	0.0	-193.44553	1.1868727	-2.3543836e-09	1198.6274082660675
349	-20.721163	44.661835	28.871378	-155.0547	280.2857	-20.140345	23.958122	27.844591	-124.47494	1400000	-0.023363428	977.2614	0.0	-362.1703	1.1907824	-3.874302e-10	1204.4054112434387
350	-21.091352	75.87729	35.114376	-213.25699	305.5	-12.049326	22.696335	27.43988	-112.22634	1404000	-0.029587848	665.556	0.0	-241.18231	1.1981887	-6.705523e-10	1209.8102622032166
351	-50.559185	87.42784	31.378487	-318.0162	260.46667	-11.194282	27.92028	29.092497	-117.6667	1408000	-0.03505812	1305.9196	0.0	-487.18243	1.1927762	-8.046627e-10	1215.0041482448578
352	-42.62264	34.2868	18.390928	-118.4189	251.0	-18.563023	24.889036	29.741156	-113.53443	1412000	-0.047718342	660.8375	0.0	-128.82257	1.1910267	-6.705523e-10	1220.3885352611542
353	-75.88675	88.62627	28.342781	-228.90942	339.63635	-22.084305	30.871704	35.39441	-144.54762	1416000	-0.01332787	1715.8282	0.0	-480.83118	1.1881194	-5.811453e-10	1225.042590379715
354	-25.63556	33.208202	30.238085	-90.7834	206.66667	-20.92246	41.325073	47.45484	-110.46359	1420000	-0.0056308676	1839.5815	0.0	-1169.73	1.1813169	-1.296401e-09	1229.6360032558441
355	-41.22695	48.73908	30.181292	-177.25693	208.57895	-7.6804414	20.574568	31.705912	-107.05274	1424000	-0.02835067	639.69086	0.0	-271.15186	1.1787742	5.066395e-10	1233.168160200119
356	-42.40651	32.87266	11.28834	-116.65993	178.16667	-26.423344	31.493666	26.5071	-152.61186	1428000	-0.02171143	736.84424	0.0	-254.18524	1.172992	-1.937151e-10	1237.3773550987244
357	-35.797604	35.74969	30.231047	-110.00953	247.6875	-21.641953	21.023376	14.256062	-110.24662	1432000	-0.054612927	690.1179	0.0	-160.03485	1.188365	-2.9802322e-10	1241.4701371192932
358	-37.26743	46.32848	44.10509	-89.65643	650.6667	-23.628107	21.95736	26.6735	-114.573586	1436000	-0.014883242	892.24176	0.0	-557.3872	1.2157627	1.4007091e-09	1248.3877413272858
359	-46.195606	59.246914	30.186329	-187.49338	323.16666	1.381876	23.908733	45.10295	-86.638794	1440000	0.0062263478	1130.016	0.0	-664.82104	1.1923895	-5.960465e-11	1253.8024671077728
360	-39.214577	44.05596	33.4016	-142.08846	205.72223	-9.543373	25.005318	25.379734	-108.131615	1444000	-0.044036128	779.258	0.0	-338.005	1.1743221	9.23872e-10	1257.5398972034454
361	-30.248966	57.560917	30.700584	-193.79518	391.9	-27.736883	26.847204	24.005095	-120.824135	1448000	-0.027714496	788.1408	0.0	-356.18582	1.200314	-6.109476e-10	1263.6160712242126
362	-45.22834	60.071945	46.258415	-179.11931	213.66667	-7.2545624	25.815212	29.922377	-101.68996	1452000	-0.027630536	800.96924	0.0	-278.4397	1.1675736	4.3213366e-10	1268.0376381874084
363	-87.32231	88.99399	34.164547	-296.85495	465.75	-26.471336	26.00707	16.919472	-142.059	1456000	-0.030614888	1014.57513	0.0	-313.41913	1.1953443	1.0579825e-09	1274.4305992126465
364	-61.953213	72.46901	28.487288	-235.10385	250.53847	-19.219122	30.288895	26.161062	-130.31815	1460000	0.005805935	1492.5757	0.0	-648.4383	1.1686897	-3.7252904e-10	1280.048305273056
365	-34.79301	23.248888	6.4775176	-60.64473	612.0	-24.453125	23.077572	22.052742	-98.94627	1464000	0.008483274	722.21735	0.0	-336.0569	1.2107475	9.387732e-10	1286.905632019043
366	-102.70432	123.32462	18.543116	-340.2669	360.54544	-15.908726	26.75776	40.891796	-137.84334	1468000	0.0047814683	1778.568	0.0	-745.6229	1.1689506	-1.7881393e-09	1292.5327501296997
367	-34.949314	59.600506	25.959908	-235.89908	256.73334	-12.368285	25.306608	30.87848	-141.27377	1472000	-0.006187664	1016.5619	0.0	-456.9898	1.1709125	-1.3560056e-09	1297.547865152359
368	-63.30888	72.46261	24.696604	-211.75223	248.4	-23.907284	36.869267	43.37789	-138.24619	1476000	-0.022637585	1381.4302	0.0	-579.15607	1.1657948	-1.192093e-10	1301.7050411701202
369	-66.22457	65.50281	15.811433	-202.82524	230.41176	-22.076828	34.841805	32.468327	-113.701294	1480000	-0.025595242	1053.1705	0.0	-343.28442	1.1633124	-2.2351741e-10	1306.105981349945
370	-69.66082	80.81568	49.091278	-284.69412	216.53334	-25.58466	26.300888	25.357428	-122.80839	1484000	-0.04614055	1349.1708	0.0	-508.18243	1.1655054	-2.8312205e-10	1310.5548322200775
371	-44.58337	32.63931	3.0841677	-101.12232	324.0	-23.904129	28.92791	27.43234	-117.85306	1488000	-0.03229536	963.44385	0.0	-497.11536	1.1889426	1.6987324e-09	1315.9635620117188
372	-25.31594	39.727524	12.413275	-122.71281	365.55554	-15.60303	21.719723	28.023628	-120.729675	1492000	-0.013751866	818.12573	0.0	-299.54694	1.1921545	8.940697e-11	1321.871389389038
373	-33.95565	54.892868	47.758568	-148.4036	303.07693	-6.6404796	22.365707	35.02035	-117.8912	1496000	-0.012244395	728.36237	0.0	-191.01837	1.1829304	5.960465e-11	1327.5612761974335
374	-32.36881	78.72413	64.50856	-248.00618	219.5	-9.753932	27.245584	36.159393	-115.65337	1500000	-0.012471294	1014.576	0.0	-306.02582	1.1529732	7.4505804e-11	1332.1222274303436
375	-28.292175	46.325592	43.199474	-117.1068	254.61539	-19.07486	27.572502	27.309671	-124.10833	1504000	-0.040048797	665.61566	0.0	-291.29236	1.1791918	4.4703484e-11	1337.4524011611938
376	-36.496204	45.854736	40.259464	-133.47533	348.0909	-14.006579	23.22161	34.71505	-101.70393	1508000	-0.047598064	809.13544	0.0	-195.86407	1.1841307	1.5795231e-09	1343.5694062709808
377	-34.09789	51.040627	48.098984	-148.8221	324.83334	-13.780039	27.69715	32.66046	-122.24481	1512000	-0.027458966	690.74475	0.0	-265.68408	1.1757381	-1.6242265e-09	1349.3901932239532
378	-34.14277	52.641727	22.547176	-188.68698	280.33334	-15.712778	23.852396	31.67958	-123.43313	1516000	-0.02798949	621.2922	0.0	-152.73886	1.1715	1.4156103e-09	1354.2412321567535
379	-22.257101	40.847908	44.755863	-104.8716	223.17647	-9.004112	26.150066	37.782814	-117.34904	1520000	-0.064221874	490.96573	0.0	-166.67902	1.153136	9.536744e-10	1358.5700602531433
380	-30.909872	57.563343	25.763227	-192.83224	304.23077	-11.957365	24.339712	34.475388	-134.8577	1524000	-0.06172998	653.72015	0.0	-317.60504	1.1615779	-1.0877848e-09	1363.3869671821594
381	-34.906155	31.492174	17.940907	-101.43615	279.9091	-12.906881	24.79689	37.613174	-133.66736	1528000	-0.031863537	494.0423	0.0	-114.80435	1.1708411	-5.960465e-11	1368.4708993434906
382	-68.50047	74.88559	35.14818	-146.98366	802.5	-26.60276	21.73539	42.21895	-92.11309	1532000	0.008275322	961.7655	0.0	-533.2927	1.204835	-1.4901161e-10	1376.0188102722168
383	-80.564545	98.98666	4.502182	-288.2772	461.375	-8.779166	33.132374	53.55823	-120.31671	1536000	0.040387522	1735.9735	0.0	-887.11395	1.1758265	7.4505807e-10	1381.4401342868805
384	-104.88823	75.24353	-9.081961	-268.79498	441.0	-15.885342	28.166815	44.2952	-128.99867	1540000	-0.02864537	1013.8734	0.0	-328.37494	1.1649685	1.7881394e-10	1387.6562423706055
385	-56.827736	72.49323	35.59219	-198.5142	358.72726	-11.510068	19.385706	30.659405	-93.061134	1544000	-0.024939096	1075.291	0.0	-317.9865	1.173069	-3.1292438e-10	1392.9217641353607
386	-44.42684	66.50488	52.840435	-179.25589	361.7	-18.404375	26.71295	36.59246	-123.28769	1548000	-0.02391217	873.0353	0.0	-430.3662	1.1737709	-2.1755695e-09	1399.4660332202911
387	-62.640514	80.62832	5.4298463	-242.11073	345.0909	-10.504156	25.562695	43.67251	-146.49869	1552000	-0.00952992	1463.1724	0.0	-428.04602	1.1564257	1.013279e-09	1405.2219860553741
388	-39.828403	34.41652	15.916575	-104.65769	260.58334	-17.511501	22.087881	41.937984	-136.49751	1556000	-0.031165985	583.62854	0.0	-225.82388	1.1738647	1.7732382e-09	1410.5305333137512
389	-57.457165	125.990234	35.28089	-422.12384	320.08334	-8.803508	22.572542	31.794476	-145.55446	1560000	-0.013523826	1909.5623	0.0	-807.14026	1.1606337	-1.1175871e-09	1415.8300921916962
390	-65.51546	51.56163	13.235589	-140.18393	533.8571	-29.862843	28.698828	28.124756	-159.59203	1564000	-0.0141687095	1981.8363	0.0	-1189.9292	1.1769836	-2.0861626e-09	1422.1842443943024
391	-20.528212	51.463486	37.7828	-113.688354	333.08334	-15.355924	31.109354	47.72023	-118.13902	1568000	-0.035457924	864.2635	0.0	-344.72217	1.1711736	-1.5050173e-09	1427.7642712593079
392	-46.92871	55.42082	26.55401	-142.85419	377.6	-9.931524	19.341543	39.742912	-114.69754	1572000	0.0067373873	795.0482	0.0	-302.43842	1.1784445	-1.9222497e-09	1433.9755442142487
393	-44.02489	76.58359	41.40185	-215.96008	432.66666	-16.668846	21.897503	34.43946	-152.3052	1576000	-0.036423065	1368.7128	0.0	-494.74127	1.1749741	6.2584876e-10	1439.510546207428
394	-33.100178	53.78858	26.889353	-176.68123	317.5	-13.045095	29.38834	57.24561	-119.06351	1580000	-0.026975628	854.6331	0.0	-373.01648	1.1660424	-1.4305115e-09	1444.4447202682495
395	-38.309505	76.12061	28.252949	-267.55066	349.54544	-18.050268	29.030926	34.528442	-167.36844	1584000	-0.023096573	485.78955	0.0	-149.53009	1.1714971	1.385808e-09	1449.8648903369904
396	-30.833714	61.61768	26.443579	-179.8594	280.85715	-10.041532	21.459885	42.97829	-97.02386	1588000	-0.05702848	1048.4274	0.0	-352.24103	1.1545702	9.0897084e-10	1454.6979682445526
397	-55.54957	28.755444	-11.026809	-99.9094	530.7143	-24.138481	27.681725	40.500328	-128.72673	1592000	-0.02161747	810.7352	0.0	-462.83453	1.1852785	2.4884939e-09	1461.747385263443
398	-71.89872	61.748886	0.76964223	-199.52312	381.375	-5.2293177	22.931736	53.195045	-125.55396	1596000	0.01267753	753.92267	0.0	-355.3185	1.169262	-8.940697e-11	1467.531396150589
399	-24.425833	56.13585	46.638264	-165.60826	208.05263	-13.230968	26.36027	34.50518	-149.17067	1600000	-0.046588544	774.6602	0.0	-345.1286	1.1255352	5.9604643e-10	1471.6084043979645
400	-45.283634	77.92239	10.354635	-245.89	491.625	-28.311821	27.2384	35.53695	-126.49862	1604000	-0.017473156	978.3533	0.0	-576.1843	1.1885343	-9.983778e-10	1478.09024310112
401	-47.549988	44.60094	28.191465	-115.91513	285.64285	-2.0110917	33.047684	46.85462	-154.74591	1608000	0.009828074	1112.3717	0.0	-693.0931	1.1553657	-1.2516975e-09	1482.7974693775177
402	-21.178621	56.21006	30.167427	-205.4357	264.0	-14.798973	19.356922	22.875305	-97.867836	1612000	-0.026639255	744.9378	0.0	-312.32553	1.1517792	-2.9802322e-10	1487.732958316803
403	-16.963057	22.09382	27.130398	-47.797806	557.7143	-16.251123	19.320478	36.098923	-114.55947	1616000	-0.040629342	477.0551	0.0	-214.43677	1.1932597	-9.536744e-10	1494.89643907547
404	-45.076702	78.11761	22.32182	-219.21478	519.1429	-6.900137	20.01778	40.756733	-102.85478	1620000	0.006334756	846.7635	0.0	-204.59808	1.1888769	1.2218953e-09	1501.805236339569
405	-37.521507	70.68033	35.95601	-167.55238	563.4286	-12.084543	20.80892	38.256668	-123.956474	1624000	0.0047373334	778.06635	0.0	-355.81552	1.1824847	-4.2617323e-09	1508.0675513744354
406	-33.5275	56.546524	63.68798	-178.04462	299.15384	0.556169	28.661173	57.16262	-108.80281	1628000	-0.010824194	1288.444	0.0	-636.8507	1.1623725	2.3245812e-09	1512.7268011569977
407	-45.601246	53.264526	30.17453	-192.24397	281.07144	-8.742773	27.74813	52.448227	-149.27216	1632000	-0.016683903	1008.1968	0.0	-486.94604	1.1627392	-4.3213366e-10	1517.7634780406952
408	-20.486664	57.276543	43.479427	-135.84657	553.1429	-21.376356	20.025461	40.2898	-136.32796	1636000	-0.014277978	657.1653	0.0	-306.36914	1.1916835	-1.6391277e-10	1524.6431682109833
409	-31.229927	43.06417	24.53242	-114.784584	486.75	-17.19279	20.66444	41.796284	-111.44543	1640000	0.0023599158	690.72766	0.0	-214.83221	1.1916833	-2.0861626e-10	1531.5704352855682
410	-3.6855874	31.135565	67.24551	-53.50432	246.57143	-3.846436	21.586802	51.986954	-101.441284	1644000	-0.01301561	531.8224	0.0	-147.52914	1.1658344	1.2069941e-09	1536.2966582775116
411	-21.292908	86.13363	35.307774	-275.3534	393.2	-7.5930142	19.51694	39.265106	-133.47392	1648000	-0.012162232	863.7861	0.0	-322.56512	1.1797503	-1.2516975e-09	1542.2908453941345
412	-40.03378	86.23173	57.365356	-222.25536	292.92307	-10.200217	32.262764	46.356926	-131.43129	1652000	-0.032467198	767.50836	0.0	-276.89777	1.1606902	1.5646219e-09	1546.9343361854553
413	-3.4844594	47.64756	59.41857	-91.53782	249.3125	-3.8207836	31.675154	59.116013	-125.00365	1656000	-0.026481079	555.0879	0.0	-249.29599	1.1528184	-5.811453e-10	1551.7062001228333
414	-22.741848	50.53749	57.927963	-130.40182	249.35715	-10.153266	30.899097	50.576874	-123.326065	1660000	-0.04587931	822.7778	0.0	-202.32812	1.152915	-1.2814999e-09	1556.025464296341
415	-42.176617	44.46308	20.515596	-143.31114	327.66666	-9.50934	26.945793	45.73351	-105.86542	1664000	0.0077764476	973.45197	0.0	-518.6101	1.1727952	2.2649764e-09	1561.5373711585999
416	-64.60231	79.11055	34.46074	-232.01643	254.0	-11.092767	23.335537	39.386745	-106.474304	1668000	-0.0014410581	1650.5441	0.0	-929.9918	1.1367027	-6.4074995e-10	1565.6567862033844
417	-38.572334	63.841236	48.488297	-158.25041	230.93333	-26.196102	35.44864	37.15676	-124.54922	1672000	-0.041675113	935.659	0.0	-380.9447	1.1525675	-2.2351741e-10	1569.7510001659393
418	-23.351189	63.12955	63.25544	-143.18869	258.0	-15.745856	28.126066	31.967089	-102.38077	1676000	-0.02699024	821.78235	0.0	-276.14758	1.1601586	-2.9802324e-11	1574.763346195221
419	-15.580969	49.4802	53.720604	-119.571175	439.75	-18.273832	26.577316	38.663097	-107.97859	1680000	-0.058359314	810.4609	0.0	-422.62964	1.1805071	8.642673e-10	1580.2952950000763
420	-10.176762	45.058468	26.90138	-158.81516	212.27777	0.5259021	27.30156	41.246193	-128.00148	1684000	-0.0517668	667.0238	0.0	-325.0078	1.1363508	1.3560056e-09	1584.9442963600159
421	-42.89326	39.700184	3.507106	-98.8183	495.375	-25.321262	27.606453	33.219067	-116.548645	1688000	-0.04387194	766.53485	0.0	-359.58832	1.1830221	1.7881394e-10	1591.8137521743774
422	-24.350765	32.229584	27.384989	-62.74251	673.2	-10.575305	20.350157	44.43969	-63.937714	1692000	-0.022807881	291.76306	0.0	-109.99925	1.197369	-5.2154064e-10	1599.0220322608948
423	-14.536732	34.65305	31.725935	-77.421104	330.41666	0.7468845	25.575054	51.581364	-63.198677	1696000	0.0154082645	833.553	0.0	-455.32043	1.1780903	2.9802322e-10	1605.2161831855774
424	-39.61834	37.83611	-1.5226212	-104.562004	539.8571	-12.008356	18.999624	38.0059	-93.71447	1700000	-0.00094624684	619.4532	0.0	-274.04272	1.191986	1.0430813e-09	1611.806381225586
425	-37.96914	71.07556	26.172337	-193.03008	378.875	-8.685927	24.420448	45.056446	-104.022736	1704000	-0.037059184	747.7675	0.0	-360.66202	1.1884898	2.0116568e-09	1617.647396326065
426	-14.8415165	54.42227	57.560974	-122.21885	397.8	-6.236	28.452816	42.9583	-122.77079	1708000	-0.03942875	555.925	0.0	-191.13486	1.1790313	3.1292438e-10	1622.9213671684265
427	-23.572754	23.339577	23.52694	-56.75199	253.0	-5.637199	21.809076	41.27573	-95.78986	1712000	-0.010021303	656.3833	0.0	-273.5452	1.1679366	4.1723253e-10	1628.7749502658844
428	-31.860453	45.384777	17.546549	-145.27037	387.6	-16.955414	26.46056	36.30469	-101.78909	1716000	-0.02135205	550.2616	0.0	-240.9682	1.172011	1.5646219e-09	1634.6994140148163
429	-20.361166	98.81358	50.544224	-345.59967	281.42856	-12.026655	24.928196	37.46333	-123.1901	1720000	0.020417593	1223.7843	0.0	-593.1279	1.143936	1.4901162e-11	1640.5433883666992
430	-25.53843	46.528675	31.05382	-124.090515	359.0	-9.526696	19.277811	38.67361	-113.099625	1724000	-0.052816667	517.505	0.0	-163.27469	1.1649756	0.0	1645.583339214325
431	-58.38404	54.904217	13.78828	-209.45178	364.8	-12.19628	24.94127	33.413754	-128.50563	1728000	-0.028389042	889.2943	0.0	-245.39093	1.1720204	8.791685e-10	1650.927844285965
432	7.272993	19.552073	46.1323	-17.62656	488.625	-13.950126	20.9075	30.446222	-121.48645	1732000	-0.04484596	424.49902	0.0	-197.62447	1.1796132	-7.1525574e-10	1657.6840381622314
433	-83.75515	83.49166	2.532884	-231.63428	660.0	-9.062102	20.83099	33.23043	-134.91325	1736000	0.008280826	935.43475	0.0	-396.98108	1.1805948	9.983778e-10	1664.972457408905
434	-31.785398	78.66624	22.646343	-265.8466	356.18182	-8.920142	27.90729	40.502815	-132.67125	1740000	-0.016127555	966.4165	0.0	-438.99396	1.1563809	1.9967556e-09	1670.461322069168
435	-16.385492	30.986162	21.912226	-69.08788	378.3	-9.79106	21.518637	38.387943	-94.92066	1744000	-0.021510266	595.8875	0.0	-143.04837	1.1738843	-1.3411046e-09	1676.0380573272705
436	-21.031374	42.02584	34.932327	-116.231606	306.69232	-5.852753	20.707685	38.157104	-98.12875	1748000	-0.028677126	555.01874	0.0	-241.10971	1.1599838	9.685754e-10	1681.9335780143738
437	-41.794262	62.759792	54.653164	-177.60483	439.55554	-13.376988	20.779978	30.885675	-126.79937	1752000	-0.036888726	694.0369	0.0	-221.1742	1.1813394	-4.768372e-10	1688.716378211975
438	-13.526028	58.18657	49.69355	-184.21591	292.25	-12.577096	27.987532	37.818832	-149.93034	1756000	-0.043930247	714.1293	0.0	-278.87402	1.167221	-2.1606683e-09	1693.8506979942322
439	-46.47911	72.64201	37.73736	-127.20066	806.0	-16.291145	20.900614	37.980328	-136.12007	1760000	-0.023415692	567.82294	0.0	-308.23978	1.1955154	2.115965e-09	1700.6955852508545
440	-25.231422	65.00156	30.106445	-186.82382	467.0	-1.4209981	25.839947	55.738445	-120.826164	1764000	-0.018374426	624.64233	0.0	-243.73795	1.1720842	-2.4437905e-09	1707.832768201828
441	-7.7890506	21.794579	35.992878	-33.564285	476.75	-12.670637	26.206917	49.33297	-126.32057	1768000	-0.01962106	591.8187	0.0	-384.6768	1.175608	-1.5050173e-09	1714.4272241592407
442	-5.1832957	40.81494	51.917606	-97.77394	352.9	-0.938829	22.057947	52.33081	-90.39913	1772000	-0.04202535	487.33844	0.0	-201.30447	1.1580164	-2.2351741e-10	1720.2579152584076
443	-0.5388705	30.938448	52.43923	-59.55747	315.66666	2.060042	22.965721	53.281128	-117.82068	1776000	-0.020561615	400.7884	0.0	-157.72757	1.1666099	-4.4703484e-11	1725.7624430656433
444	-14.531564	44.805313	49.673355	-144.23853	359.36365	-6.80066	25.909397	57.18974	-113.160736	1780000	-0.046002164	511.29855	0.0	-178.20566	1.1696758	5.811453e-10	1731.1872980594635
445	-24.739273	33.66684	24.05416	-73.99867	485.125	-7.899091	25.094837	46.42838	-122.09018	1784000	-0.017778367	663.9914	0.0	-226.40616	1.1814786	3.7252904e-10	1738.771086215973
446	3.830318	25.968834	56.354015	-33.168385	433.66666	-11.242559	20.89741	47.094135	-86.05844	1788000	-0.027659798	488.76538	0.0	-173.42355	1.1822563	7.4505807e-10	1746.3920331001282
447	-38.728985	60.505047	17.176859	-178.44028	482.42856	-7.512793	22.856016	46.21938	-113.2428	1792000	-0.017805135	543.1246	0.0	-235.22034	1.1846974	-1.9818545e-09	1752.8403100967407
448	-28.209045	34.29893	18.418676	-119.71347	359.0	-3.398971	26.31041	45.317467	-90.98138	1796000	-0.0045499085	662.0304	0.0	-395.73175	1.1680137	1.5497208e-09	1759.249661207199
449	8.05934	10.802573	21.698744	-3.8003645	808.5	-14.761379	21.939161	42.10846	-109.84125	1800000	-0.0215467	313.08258	0.0	-193.90045	1.210374	4.917383e-10	1767.1400570869446
450	-16.025768	45.16101	36.39119	-90.575516	485.125	-6.4799466	28.380068	50.564312	-103.19726	1804000	-0.013943979	561.2315	0.0	-244.59827	1.1869913	-1.8924475e-09	1774.2084290981293
451	-2.4227643	37.96325	67.07019	-70.745735	261.16666	-3.7151995	23.601648	45.062637	-97.39707	1808000	-0.04183651	436.913	0.0	-138.6036	1.1611408	-7.4505804e-11	1779.892394065857
452	-28.808784	49.54463	31.704485	-170.90584	290.30768	-5.0985875	25.28942	42.295837	-131.06444	1812000	-0.036168132	468.96512	0.0	-180.49252	1.1502507	5.9604643e-10	1785.1555540561676
453	-35.061127	56.495712	35.95358	-174.71933	416.66666	-14.632638	22.184998	26.716404	-118.084274	1816000	-0.0598392	1163.0344	0.0	-575.9143	1.170651	1.0877848e-09	1790.9635441303253
454	-1.6668639	17.302456	23.297693	-35.962475	487.25	-11.559799	27.817532	44.675182	-98.23193	1820000	-0.019410001	342.67575	0.0	-160.51622	1.1872171	4.4703483e-10	1797.8602890968323
455	-36.592968	35.9704	11.699251	-102.22666	298.69232	-0.14017199	25.561922	46.823666	-96.44558	1824000	-0.010138826	819.237	0.0	-499.24408	1.1527488	2.667308e-09	1802.8347041606903
456	-25.154501	43.723038	31.629274	-118.705605	427.77777	-21.749086	26.749138	37.139145	-106.24506	1828000	-0.039707225	727.32764	0.0	-408.00763	1.1686233	7.4505804e-11	1808.3741772174835
457	10.204213	28.495092	44.673447	-45.4118	537.2857	-7.6140523	16.632051	34.23706	-83.701996	1832000	-0.05424247	411.44714	0.0	-203.02214	1.1904516	1.0430813e-09	1815.0718462467194
458	-16.225792	29.46584	55.45353	-54.98511	384.33334	1.838553	23.924755	49.994446	-75.0415	1836000	-0.016434174	700.1715	0.0	-278.16833	1.1765743	-2.2500752e-09	1820.6276352405548
459	-19.034777	30.507378	27.789007	-70.78761	433.57144	-10.2832775	21.169868	44.535503	-69.66146	1840000	0.0024322616	377.9623	0.0	-143.12482	1.1781654	-8.493662e-10	1827.599727153778
460	-6.6279263	51.083275	39.727417	-152.66855	349.0909	-9.718713	20.951874	45.153934	-103.83187	1844000	-0.050214734	609.26324	0.0	-216.42087	1.1501445	-8.046627e-10	1834.100831270218
461	-21.929956	75.97129	70.27271	-177.72849	340.36365	-5.4104004	22.845892	47.82123	-100.42412	1848000	-0.029190326	782.9844	0.0	-211.96161	1.1556883	1.4603138e-09	1839.1873693466187
462	-2.4660509	26.0918	37.64095	-48.31698	503.2857	-8.899449	22.610895	51.198402	-107.5483	1852000	-0.030861892	470.7938	0.0	-204.86948	1.180427	1.0579825e-09	1845.5091552734375
463	-14.150922	66.00946	52.92548	-175.25554	495.75	-9.018817	24.571487	48.816635	-135.65419	1856000	0.007508647	720.99286	0.0	-354.87674	1.1671542	1.5497208e-09	1852.579844236374
464	13.534477	35.01087	58.952488	-50.031395	602.3333	-6.3603754	22.625202	52.396194	-107.877205	1860000	-0.015293711	283.12076	0.0	-99.61015	1.1829457	-1.1622906e-09	1859.3279852867126
465	8.229865	28.044538	63.869003	-31.518066	545.4286	0.29125342	22.011871	51.223656	-84.91444	1864000	-0.019794086	380.9598	0.0	-125.808044	1.1816689	2.1010638e-09	1865.5911123752594
466	-38.836334	57.632076	19.728512	-156.62463	425.625	-2.7185597	22.567474	46.42648	-94.522896	1868000	0.013079136	840.528	0.0	-315.29138	1.1632415	1.9818545e-09	1871.4316313266754
467	-50.72168	91.05056	44.203876	-216.32796	488.5	-13.8420725	24.507864	46.34339	-107.821365	1872000	-0.016921494	988.6439	0.0	-448.85492	1.1638309	2.2351741e-10	1877.0097291469574
468	-17.426804	33.047443	38.90056	-70.87093	383.625	-14.565478	21.432707	47.30677	-79.55544	1876000	-0.0063942713	547.9283	0.0	-122.28064	1.174323	6.2584876e-10	1884.2400193214417
469	15.307639	33.614536	54.570625	-59.021286	525.2857	-9.959031	21.114096	52.090664	-90.54924	1880000	-0.022911841	595.8143	0.0	-233.55951	1.1729772	1.1473894e-09	1890.753650188446
470	-4.3992414	38.682716	46.72505	-62.696774	496.0	-8.491883	22.391487	54.981285	-75.21773	1884000	-0.004057208	425.50858	0.0	-141.3569	1.179198	-3.427267e-10	1898.1305961608887
471	-28.584105	20.747234	6.9153585	-62.886745	429.14285	-5.362806	22.430481	59.677933	-113.0117	1888000	-0.030036256	568.8804	0.0	-308.66245	1.1847912	2.5331975e-10	1905.1964983940125
472	-5.1455803	36.176495	46.242348	-61.96622	503.83334	-6.8894286	24.42525	49.041286	-107.37751	1892000	-0.0022932289	604.96515	0.0	-274.70972	1.1800363	-1.937151e-10	1911.8692381381989
473	-23.568975	52.36022	53.18139	-108.9761	541.0	-10.860055	24.327984	54.879486	-78.805336	1896000	-0.009921173	403.89383	0.0	-189.38051	1.1790401	-1.8179417e-09	1918.1921181678772
474	-5.0712748	51.301575	35.318245	-152.24126	354.3	-0.21455933	28.101679	57.65837	-101.86263	1900000	0.0113643315	651.78564	0.0	-329.40247	1.1554025	-1.5050173e-09	1924.3635392189026
475	-32.130997	55.133236	24.248352	-169.52554	437.0	-17.122364	26.969587	52.1397	-111.509094	1904000	-0.009949397	766.7945	0.0	-464.24344	1.177894	-1.1771918e-09	1930.9623680114746
476	16.647388	9.456344	29.939867	1.1956649	538.8571	-7.075274	19.964642	52.02146	-106.27621	1908000	-0.042291228	437.04138	0.0	-149.77979	1.1855991	-4.1127204e-09	1938.0567390918732
477	2.4235647	27.96649	58.0567	-14.931414	692.8	-6.962327	20.718016	46.38182	-77.972275	1912000	0.0021419348	302.21936	0.0	-115.8743	1.2017206	2.682209e-10	1945.8359732627869
478	-57.56644	59.153362	15.528217	-142.55467	513.1667	-4.6784596	25.882545	53.40122	-110.065186	1916000	-0.002023798	520.63696	0.0	-190.78094	1.1810615	-9.983778e-10	1952.470887184143
479	-12.022055	30.669268	35.6014	-79.62949	236.75	3.2457366	24.904596	52.19008	-91.66387	1920000	-0.0013752925	735.1404	0.0	-451.6353	1.1244531	-2.399087e-09	1956.6464431285858
480	-49.368095	62.96339	10.143961	-187.66812	525.4286	-13.579475	20.786219	50.391758	-111.62109	1924000	-0.034267917	727.2961	0.0	-316.50214	1.1828636	-4.0233136e-10	1963.3199863433838
481	-2.188889	32.19768	21.436228	-57.30713	784.0	-18.979694	25.974058	35.932545	-99.6138	1928000	-0.031047352	640.51227	0.0	-408.3847	1.2067742	1.0579825e-09	1970.502764225006
482	2.285921	26.792437	51.877995	-35.631886	362.66666	-1.0133941	24.426783	54.37844	-83.34611	1932000	-0.009578264	501.69824	0.0	-219.97992	1.1693586	-8.940697e-11	1976.2705373764038
483	-29.237043	33.308933	9.745006	-90.43675	535.7143	-8.664844	23.491243	58.606728	-93.45202	1936000	-0.028817367	338.05057	0.0	-90.00656	1.1841285	1.5497208e-09	1982.62078332901
484	-18.24522	35.074738	41.697712	-63.927044	535.0	-10.6044445	22.88604	50.552	-98.95729	1940000	-0.034695175	603.1647	0.0	-199.49304	1.1872631	2.0861626e-09	1989.9886903762817
485	-34.95226	68.89534	44.450794	-176.75041	551.8571	-4.6152306	24.624506	45.434093	-125.01665	1944000	-0.003729833	818.7333	0.0	-396.6029	1.1809883	-1.5795231e-09	1996.5623743534088
486	-27.676386	23.009209	12.670411	-56.68203	618.1667	-7.6968613	21.022633	58.518288	-117.63843	1948000	-0.0110733835	374.88162	0.0	-109.75647	1.2015907	5.2154064e-10	2002.9185152053833
487	-13.900954	50.151196	72.1298	-88.06629	604.6667	-5.095627	25.785439	49.802643	-124.60395	1952000	-0.020727245	379.8924	0.0	-107.915344	1.1955882	1.1026859e-09	2010.2385773658752
488	6.34917	29.388533	32.158714	-62.063038	377.0	-6.53797	24.217745	52.984978	-115.17291	1956000	-0.049234275	524.46625	0.0	-268.4551	1.1866283	1.6540289e-09	2016.757690191269
489	6.4713135	30.206398	65.914406	-40.441116	330.66666	1.6951529	27.478216	53.317173	-123.39843	1960000	-0.009423073	646.4929	0.0	-330.0354	1.1679983	-9.23872e-10	2022.0677642822266
490	-13.196226	53.336018	27.463339	-139.09181	461.7143	-4.900951	21.762167	46.514572	-124.708534	1964000	-0.021806017	266.45197	0.0	-121.43715	1.1929731	2.0861626e-10	2029.0067253112793
491	4.866371	39.544773	44.979168	-60.22481	777.5	-13.158028	19.615595	44.18743	-94.27854	1968000	-0.046234205	442.37924	0.0	-302.56708	1.2179214	-8.9406965e-10	2036.7007322311401
492	-35.84657	76.605804	48.043755	-188.04895	500.14285	3.8452735	24.267082	58.468033	-67.34642	1972000	-0.017734585	798.2958	0.0	-505.2548	1.1839905	2.9802322e-10	2042.9690103530884
493	3.8099391	43.972435	45.678036	-91.10773	647.0	-8.355073	25.326704	54.368374	-117.52092	1976000	-0.027805759	523.7493	0.0	-273.83423	1.2034703	-1.952052e-09	2049.2924621105194
494	0.28822136	30.417639	34.142696	-39.407593	815.5	-10.187983	22.745358	53.33836	-84.42391	1980000	-0.017127117	345.42926	0.0	-184.27524	1.2172527	-5.5134297e-10	2056.2725303173065
495	12.915477	20.160824	36.8614	-18.826958	553.0	2.3341959	22.671986	55.826862	-88.787056	1984000	0.0049394476	390.37646	0.0	-182.86185	1.2021375	2.220273e-09	2063.4675703048706
496	-16.060516	37.545193	25.425299	-103.40315	442.8889	-5.55611	22.120985	47.11731	-117.500916	1988000	-0.015277556	451.86823	0.0	-204.95442	1.1902629	3.5762787e-10	2070.0123813152313
497	-30.639214	59.933075	41.313618	-201.43222	236.5625	-1.5345163	29.99639	56.267128	-115.22561	1992000	-0.05334732	878.1137	0.0	-502.7438	1.1272988	-1.1473894e-09	2074.0886063575745
498	-70.925026	99.84861	-6.576959	-305.15308	549.0	-33.610897	30.78809	37.00927	-126.814384	1996000	-0.029730724	1352.3853	0.0	-833.7069	1.1871195	-3.5762787e-10	2079.6746230125427
499	-37.299717	99.906296	27.938513	-307.3805	434.8889	-6.4108768	27.64328	61.492153	-143.13663	2000000	0.026781654	1026.6002	0.0	-555.4986	1.1635426	3.1292438e-10	2085.376358270645
