Epoch	AverageEpRet	StdEpRet	MaxEpRet	MinEpRet	EpLen	AverageVVals	StdVVals	MaxVVals	MinVVals	TotalEnvInteracts	LossPi	LossV	DeltaLossPi	DeltaLossV	Entropy	KL	ClipFrac	StopIter	Time
0	-204.91861	115.33374	61.415176	-498.2373	79.38	-0.0918095	0.028459141	0.023471057	-0.29102418	4000	-6.198883e-09	33278.96	-0.020992704	-1315.8965	1.3498076	0.025033256	0.23525	79.0	5.321171045303345
1	-177.81528	92.69435	-5.6883497	-402.08707	85.04256	-4.336778	0.16128321	-2.8903809	-4.597905	8000	9.638071e-08	24699.816	-0.020883054	-1024.416	1.3559121	0.019446822	0.31925	79.0	10.763062953948975
2	-137.24469	62.847588	37.699577	-281.15823	87.844444	-8.163492	0.14788608	-5.4724545	-8.295669	12000	-5.3882598e-08	14641.41	-0.0292517	-577.583	1.3403625	0.023036933	0.2845	79.0	16.33626914024353
3	-109.91553	55.916218	-48.695705	-370.22186	89.59091	-10.881888	0.059488297	-9.976406	-10.955626	16000	6.198883e-09	10106.276	-0.031205943	-379.6006	1.3333822	0.025857285	0.261	79.0	22.02377486228943
4	-83.2177	33.67901	4.7729106	-155.53574	97.4	-13.104858	0.06254257	-11.555247	-13.162599	20000	-1.513958e-08	4933.177	-0.03333158	-202.99414	1.306165	0.025886197	0.3085	79.0	27.885278940200806
5	-74.78973	36.485126	1.2590166	-164.18681	106.45946	-14.80347	0.057845715	-11.963122	-14.847115	24000	1.7404556e-08	4786.4253	-0.034561016	-198.97314	1.2801656	0.025216056	0.2515	79.0	33.69795298576355
6	-77.19841	73.46524	-11.407204	-359.0341	107.97298	-16.515863	0.02716064	-16.329592	-16.54928	28000	-4.1007997e-08	8834.84	-0.03627302	-232.1709	1.2409738	0.02804465	0.24975	79.0	39.51928400993347
7	-67.63953	36.67399	-21.466873	-207.92229	107.675674	-18.407215	0.021014558	-18.240364	-18.434925	32000	-3.0994416e-09	3868.4458	-0.037687972	-179.63672	1.2403535	0.03729488	0.30075	79.0	45.496809005737305
8	-67.04336	74.90428	5.757879	-383.5384	114.14286	-20.129465	0.04514404	-18.785652	-20.157042	36000	-2.3007393e-08	7766.024	-0.041648988	-213.93066	1.1749582	0.048822083	0.31375	79.0	51.61528301239014
9	-47.747513	23.98938	-3.1387808	-106.56914	128.29033	-22.029213	0.04025756	-20.66702	-22.053446	40000	-1.4305114e-08	2212.355	-0.039571047	-105.7876	1.1819358	0.035691377	0.26575	79.0	57.712270975112915
10	-56.019497	35.523693	8.91725	-159.68227	137.03572	-23.438152	0.022475544	-23.183113	-23.459929	44000	2.7179718e-08	3457.6	-0.044138905	-152.95874	1.1285791	0.042495772	0.37875	79.0	63.76847505569458
11	-37.22041	32.43812	26.82571	-119.98869	142.42857	-25.107336	0.04253492	-24.220795	-25.133423	48000	6.198883e-09	2268.4695	-0.04624234	-79.437744	1.0752834	0.038877476	0.27025	79.0	69.8040120601654
12	-78.35813	78.50336	-1.9760813	-276.57666	184.4762	-26.394321	0.017073521	-26.286861	-26.409086	52000	5.00679e-09	8421.847	-0.054649103	-270.20264	1.033867	0.07400105	0.35425	79.0	75.96204900741577
13	-33.444645	31.401577	33.395863	-98.3524	170.47826	-28.660887	0.078429155	-26.702446	-28.684498	56000	-4.4107438e-09	1718.558	-0.049847487	-61.32495	0.9650165	0.06381196	0.33625	79.0	82.16582298278809
14	-78.407974	131.45811	13.8147	-540.90607	175.31818	-29.875675	0.016485488	-29.73695	-29.889091	60000	1.5497207e-08	16096.784	-0.048456367	-295.88477	0.9394642	0.0715924	0.27925	79.0	88.32185387611389
15	-49.740894	27.159698	8.851995	-107.52266	206.73685	-32.31054	0.019374331	-31.990406	-32.324356	64000	-7.1525574e-10	2093.8525	-0.045514654	-105.74951	0.9162149	0.055785812	0.264	79.0	94.66757082939148
16	-53.30027	36.269047	-4.487154	-145.1207	163.34782	-33.89926	0.014021546	-33.694424	-33.909195	68000	6.3180923e-09	2587.0444	-0.049862437	-74.5459	0.86410236	0.07135831	0.316	79.0	100.87833404541016
17	-54.89145	32.25352	-0.74742377	-129.35901	194.95	-35.21206	0.020565255	-34.978634	-35.223434	72000	2.1636486e-08	2647.102	-0.052772608	-135.44849	0.812549	0.08174769	0.28	79.0	107.06676197052002
18	-73.921074	47.04057	-4.524098	-216.04092	186.7619	-36.97564	0.028140143	-35.27821	-36.984	76000	-7.7486035e-09	4271.8057	-0.051826213	-209.41821	0.8059246	0.11103962	0.34875	79.0	113.28962302207947
19	-61.215935	40.12569	-9.041085	-178.34439	197.0	-39.19974	0.006659479	-39.13416	-39.206223	80000	-5.662441e-10	2582.224	-0.05190905	-132.15527	0.812815	0.084938094	0.293	79.0	119.56341004371643
20	-56.3025	33.00167	9.432279	-143.77411	272.7857	-41.031937	0.0051544644	-40.993587	-41.037384	84000	-1.2874604e-08	1706.9526	-0.051829867	-50.93518	0.7906195	0.07902129	0.29525	79.0	126.23144388198853
21	-51.400208	39.268505	18.360548	-127.563805	214.83333	-42.209248	0.013458169	-41.839817	-42.214993	88000	7.7486035e-09	1651.1503	-0.041694753	-31.94226	0.7594122	0.07467079	0.39225	79.0	132.77914810180664
22	-95.55717	85.06956	-31.626724	-395.78662	235.8	-43.14341	0.0039141686	-43.108475	-43.14808	92000	2.861023e-09	5313.1055	-0.041599825	-172.98047	0.7788686	0.1074935	0.396	79.0	139.26847791671753
23	-80.5654	51.266483	3.8354847	-228.04701	204.42105	-45.24669	0.00903034	-45.08119	-45.251583	96000	-5.1259996e-09	3837.7053	-0.051627	-206.55493	0.70965356	0.10520791	0.35375	79.0	145.70488500595093
24	-139.36174	108.62935	6.994191	-342.20456	350.72726	-47.628395	0.0044292915	-47.5911	-47.631264	100000	8.523465e-09	8331.576	-0.03920227	-460.22803	0.7705343	0.07510574	0.331	79.0	152.9973292350769
25	-59.335632	33.002647	2.1613677	-109.08043	286.0	-51.09011	0.0053638825	-51.03802	-51.094753	104000	-1.37090685e-08	875.04	-0.042173617	-20.919922	0.72690403	0.08425601	0.3445	79.0	159.8178689479828
26	-78.727325	73.33502	-2.8410575	-260.2867	407.55554	-52.02095	0.011327125	-51.469536	-52.024002	108000	3.0994416e-09	2136.4106	-0.030271824	-28.911133	0.7454015	0.083559126	0.3785	79.0	167.2454571723938
27	-29.59055	29.737495	29.97454	-81.534645	256.2	-52.90823	0.00845049	-52.825672	-52.91414	112000	-5.960465e-11	792.9922	-0.032981537	-1.8875122	0.6993064	0.07394908	0.35975	79.0	174.1293170452118
28	-58.242012	39.47447	4.5801435	-115.650085	428.5	-52.730278	0.0060722902	-52.664402	-52.735264	116000	2.3841857e-09	1007.8955	-0.03797558	-32.493286	0.74335885	0.057293534	0.28525	79.0	181.70016884803772
29	-167.41827	178.15474	15.435029	-584.01685	344.9091	-53.463676	2.7097867	7.35167	-53.66433	120000	-2.0295381e-08	30826.152	-0.027987368	-1022.3125	0.6478637	0.12865935	0.478	79.0	188.64638805389404
30	-43.373066	58.849293	87.59071	-127.67275	406.1111	-58.696712	0.018005382	-58.509968	-58.702244	124000	2.3245812e-09	2298.834	-0.03917225	0.6459961	0.66564935	0.043384057	0.239	79.0	196.60246920585632
31	-86.13827	114.408264	89.33402	-358.86575	434.22223	-58.721275	0.005107864	-58.606525	-58.723614	128000	4.4107438e-09	6535.5806	-0.04102403	-40.15039	0.7044858	0.06260593	0.263	79.0	204.99601411819458
32	-62.38057	146.69753	123.53273	-372.43286	423.1111	-59.69693	0.018054143	-59.479267	-59.702545	132000	-3.695488e-09	8856.489	-0.032121133	-20.011719	0.608618	0.07945874	0.312	79.0	213.18537020683289
33	-74.37429	124.26709	117.046394	-258.45905	498.625	-60.491276	0.031776216	-59.865063	-60.49806	136000	3.7550927e-09	7599.5737	-0.044976454	-34.75244	0.63753885	0.09222831	0.2475	79.0	262.8300552368164
34	-68.87244	189.0238	130.88506	-529.9099	476.0	-61.50735	0.0054386007	-61.428654	-61.50944	140000	-1.1317432e-08	12317.989	-0.044151705	-7.1279297	0.6548638	0.060008217	0.20525	79.0	62213.767416000366
35	-43.958904	128.08934	112.05262	-185.33655	754.4	-62.0196	0.0073324325	-61.89133	-62.021477	144000	1.0371208e-08	3173.0085	-0.04314432	-23.491943	0.6720237	0.051970348	0.25025	79.0	62222.0465798378
36	-209.92004	135.2918	-15.916401	-381.43005	430.66666	-61.205948	0.009467215	-61.061344	-61.208675	148000	1.4781952e-08	19081.08	-0.04768183	-864.83594	0.65824413	0.09157667	0.36125	79.0	62230.65874195099
37	-31.049154	216.70688	209.89435	-379.44803	596.6667	-66.044205	0.013860799	-65.89523	-66.04903	152000	-1.013279e-08	18037.027	-0.03878649	-101.45703	0.5551952	0.092309825	0.207	79.0	62239.127301216125
38	17.753164	115.91984	197.68127	-94.05638	566.2857	-64.67032	0.007950049	-64.47847	-64.67294	156000	-4.4047834e-08	11079.182	-0.022004077	-456.38086	0.6086407	0.0724972	0.25825	79.0	62248.179037094116
39	-15.231411	56.365795	118.305305	-87.14633	452.625	-61.114773	0.04366255	-60.55064	-61.12543	160000	-2.0503998e-08	2136.5715	-0.026927048	-54.36255	0.57065237	0.080692075	0.276	79.0	62255.935463905334
40	46.564087	101.90456	196.69693	-55.291157	660.3333	-59.715034	0.08291523	-58.26597	-59.729355	164000	-5.4717063e-08	6397.6733	-0.024649411	-197.28516	0.60355353	0.045567192	0.185	79.0	62264.98495721817
41	-29.649193	65.341896	145.80304	-141.35123	307.0909	-57.388184	0.012002073	-57.209	-57.393143	168000	1.1920929e-09	2007.1351	-0.042363085	-34.048584	0.63390464	0.06253684	0.238	79.0	62272.47250509262
42	24.445356	88.56943	211.6929	-59.663883	516.5714	-56.28774	0.010844768	-56.160797	-56.293716	172000	3.3974647e-08	5312.913	-0.03308422	-932.30273	0.588104	0.16589467	0.4475	79.0	62280.00283694267
43	6.034555	43.819553	126.20351	-48.18726	271.16666	-49.16179	16.114437	26.83772	-54.053234	176000	3.3378602e-09	4911.254	-0.042841084	-2052.095	0.5794802	0.06610406	0.245	79.0	62286.61469888687
44	31.397478	108.32135	199.05798	-131.95055	570.0	0.18329035	10.585467	21.143719	-26.67351	180000	-8.225441e-09	6266.7583	-0.031402886	-545.2124	0.6943168	0.07115926	0.273	79.0	62294.51783800125
45	110.39498	17.032024	130.47623	86.85511	1000.0	2.009068	6.1079326	13.954986	-6.872516	184000	0.0	2324.3464	0.038240846	-164.04028	0.7528494	0.80440795	0.5525	79.0	62302.280906915665
46	98.31834	129.3575	265.53177	-126.90773	640.6667	-2.3677444	1.6219057	8.009459	-4.5396466	188000	2.8371812e-08	8891.996	-0.029903634	-1097.6221	0.6060474	0.055217914	0.2155	79.0	62309.268465042114
47	-29.122894	104.37476	118.7934	-228.02603	547.8571	22.575117	12.625531	45.75618	-5.087823	192000	-6.6757204e-09	5947.106	-0.037099577	-2664.352	0.60738724	0.08951823	0.2285	79.0	62317.452228069305
48	-25.330206	87.524796	130.8003	-124.98175	650.4	-7.2658024	3.0068655	7.397041	-19.503883	196000	-2.861023e-09	4363.245	-0.036667343	-1991.4509	0.62761384	0.06422044	0.197	79.0	62324.9951570034
49	2.9019864	67.85457	114.258446	-85.82406	438.0	-23.82946	16.512281	1.2618072	-44.53958	200000	-7.7486035e-09	1366.2991	-0.03653341	-44.05432	0.6110925	0.06818539	0.332	79.0	62332.72421813011
