Epoch	AverageEpRet	StdEpRet	MaxEpRet	MinEpRet	EpLen	AverageVVals	StdVVals	MaxVVals	MinVVals	TotalEnvInteracts	LossPi	LossV	DeltaLossPi	DeltaLossV	Entropy	KL	Time
0	-209.80965	128.69246	21.867525	-565.387	95.19512	-0.15678504	0.022979649	-0.043582983	-0.20866741	4000	0.00092704594	16414.496	0.0	-967.09326	1.3789079	-6.556511e-10	0.9898290634155273
1	-176.02444	112.00329	51.402508	-507.55725	125.6129	-4.4097743	0.77789277	2.3962376	-5.331411	8000	0.0006328672	8804.67	0.0	-474.3828	1.3796828	8.0466267e-10	2.6643340587615967
2	-207.72621	105.7344	-49.614807	-510.7884	86.888885	-8.421782	0.44165927	-0.77176833	-8.626149	12000	0.004175164	14509.602	0.0	-792.03955	1.3794367	-2.9802322e-10	3.62900710105896
3	-201.82193	121.13649	-35.811325	-529.05237	96.560974	-12.25949	0.7533129	7.8337336	-12.378824	16000	0.0013808813	12991.842	0.0	-589.6509	1.3792673	-1.66893e-09	4.645535230636597
4	-210.20094	135.13678	-0.28421852	-508.34528	91.093025	-15.436508	0.126767	-12.952778	-15.477606	20000	0.00014244905	14920.905	0.0	-595.18164	1.3796136	3.5762787e-10	5.636763095855713
5	-205.41731	135.97339	-43.506016	-525.3038	91.5	-18.508295	0.02230697	-17.902859	-18.529823	24000	0.0027849302	13541.875	0.0	-491.5913	1.379703	2.7418137e-09	6.613626956939697
6	-186.40817	116.890236	-25.999815	-559.2804	93.690475	-21.173033	1.3987813	3.9526184	-21.295326	28000	0.0020743534	10470.238	0.0	-419.05835	1.3798954	-1.6391277e-09	7.5876688957214355
7	-228.34416	129.55035	11.160214	-486.70682	96.025	-23.727083	0.03457524	-23.055004	-23.73896	32000	-0.00043569505	13296.77	0.0	-481.4082	1.3801264	-5.066395e-10	8.545278072357178
8	-215.21138	112.131836	-66.70436	-537.13727	89.40909	-26.442581	0.067690946	-24.384369	-26.45651	36000	9.928644e-05	11520.459	0.0	-476.9182	1.380121	1.3709068e-09	9.566246032714844
9	-194.65323	99.0055	52.75754	-403.23465	92.5814	-29.163282	0.02217451	-28.647444	-29.170897	40000	-0.000882294	8653.415	0.0	-333.88232	1.3802209	-1.0728836e-09	10.540108919143677
10	-196.5381	117.37585	-72.09918	-489.1497	92.16279	-31.473238	0.0043133004	-31.433819	-31.478642	44000	4.929118e-05	9453.584	0.0	-340.47998	1.3806369	5.6624416e-10	11.505722045898438
11	-185.0446	104.42183	13.138191	-412.62744	93.88095	-33.783825	0.16287257	-30.246971	-33.802387	48000	0.0008131936	7560.765	0.0	-279.57275	1.3806471	5.9604655e-11	12.501542091369629
12	-177.41391	111.33477	45.160793	-484.95514	91.209305	-35.934097	0.033746272	-35.06241	-35.93931	52000	0.00248315	6969.662	0.0	-208.13037	1.3808618	-1.2814998e-09	13.467476844787598
13	-165.67387	86.23152	-16.968946	-384.7937	92.45238	-37.814186	0.04339939	-36.94521	-37.82004	56000	-0.0038904175	4851.8643	0.0	-182.90271	1.3809643	1.1324883e-09	14.462555170059204
14	-195.27124	109.84421	-17.949501	-488.78833	93.29269	-39.59873	0.012064114	-39.298244	-39.60273	60000	-0.0010497756	7246.244	0.0	-266.1006	1.3809574	2.9802324e-10	15.44509506225586
15	-176.16843	102.540215	-6.7121663	-385.44907	97.125	-41.743477	0.06385754	-40.725	-41.75112	64000	-0.0010093339	5555.448	0.0	-179.25146	1.381285	-4.768372e-10	16.42873215675354
16	-210.2672	119.70743	22.800154	-426.49548	103.13158	-43.570633	0.040252335	-42.339996	-43.57679	68000	0.0008801464	8134.1387	0.0	-282.73218	1.3809111	-8.642674e-10	17.409597158432007
17	-162.7579	115.97879	-45.328266	-534.7943	90.63636	-45.83264	0.0014950421	-45.820595	-45.83468	72000	-4.6366826e-05	5542.668	0.0	-143.37622	1.3811309	-8.642673e-10	18.366142988204956
18	-202.03737	115.0956	17.38639	-463.13562	92.809525	-47.512108	0.17628686	-43.684425	-47.52458	76000	-0.001533566	7512.9097	0.0	-291.93262	1.3813274	-1.3113022e-09	19.32707405090332
19	-181.74898	121.77769	12.300701	-439.32162	97.05	-49.847565	0.012452175	-49.56888	-49.850445	80000	0.0002161935	6195.851	0.0	-162.96484	1.3811438	-4.470348e-10	20.31250286102295
20	-226.80986	113.819	-73.58858	-461.8271	97.575	-51.676834	0.034860738	-50.441982	-51.680557	84000	-0.00014576316	7426.772	0.0	-299.50513	1.3812081	0.0	21.328745126724243
21	-185.3781	103.78334	-37.566803	-440.13165	96.0	-54.089264	0.022481244	-53.299015	-54.09145	88000	0.00021966547	4772.836	0.0	-161.63062	1.3812337	-7.4505807e-10	22.319580078125
22	-164.11795	98.6662	-18.089552	-383.94427	96.19512	-55.939842	0.053677753	-55.068974	-55.94728	92000	-0.003773287	4087.2312	0.0	-86.42554	1.3814908	6.258488e-10	23.295150995254517
23	-174.62347	104.264534	-0.47240132	-423.54184	91.48837	-57.31586	0.037335895	-56.266224	-57.31949	96000	-0.0025076717	4599.553	0.0	-121.42346	1.3813148	1.2814999e-09	24.300112009048462
24	-184.48578	130.63425	48.47246	-502.06772	95.9	-58.926853	0.006659406	-58.79705	-58.92835	100000	0.0005352795	5478.651	0.0	-121.61157	1.38149	2.9802322e-10	25.31863307952881
25	-178.53131	112.45793	51.436573	-520.8071	91.48837	-60.578377	0.0052128485	-60.469234	-60.579556	104000	-0.0006208122	4575.577	0.0	-110.00928	1.3815414	8.9406965e-10	26.323410034179688
26	-198.26762	106.24741	-66.37203	-438.76422	95.31707	-62.17557	0.004235515	-62.08717	-62.17671	108000	-0.0021568676	4917.5684	0.0	-162.05627	1.3813186	-2.3841856e-10	27.348061084747314
27	-153.3568	88.62819	-29.762829	-364.8358	95.12195	-64.11214	0.00483076	-64.01916	-64.11338	112000	-0.000735207	2708.1099	0.0	-31.153442	1.3816166	-8.0466267e-10	28.37897300720215
28	-161.52379	101.696144	-9.103697	-480.93723	91.15	-65.043465	0.0398145	-64.55259	-65.051544	116000	-0.0023315074	4147.4414	0.0	-25.080444	1.3814188	3.5762787e-10	29.475554943084717
29	-195.983	93.073586	-40.07228	-487.6694	94.14634	-65.83861	0.0029380913	-65.74847	-65.83979	120000	-0.0024897903	3451.481	0.0	-126.62573	1.3813063	-1.1920928e-10	30.50317406654358
30	-178.2701	101.12288	-67.75568	-439.6204	89.0	-67.60196	0.00075618975	-67.58916	-67.60294	124000	-0.0006593019	3646.7249	0.0	-111.889404	1.3817804	-6.258488e-10	31.520097970962524
31	-178.95142	99.935616	44.07374	-505.8691	96.7	-69.3427	0.0065521025	-69.19034	-69.34421	128000	-0.0041139573	3522.2495	0.0	-73.34656	1.3817025	-7.1525574e-10	32.521445989608765
32	-180.43619	87.01778	-50.547714	-373.16525	99.0	-70.7835	0.0012543426	-70.75029	-70.784515	132000	-0.00557876	2121.408	0.0	-64.19879	1.3812431	-5.6624416e-10	33.526313066482544
33	-170.51326	97.76552	0.19632597	-399.53284	100.71795	-72.13393	0.05609111	-71.28492	-72.1404	136000	-0.0029282868	2965.0654	0.0	-29.579224	1.3814261	7.1525574e-10	34.55048894882202
34	-161.16418	85.39796	-8.97796	-409.05893	96.25	-73.0824	0.034458064	-71.72629	-73.08505	140000	-0.004467942	2243.5833	0.0	-17.937622	1.3816435	-1.0430813e-09	35.582552909851074
35	-160.51292	99.86071	-35.59361	-470.47598	97.2	-73.83075	0.00805246	-73.63316	-73.83197	144000	-0.0048065633	2780.6567	0.0	-11.944458	1.381849	7.748604e-10	36.59818196296692
36	-174.59665	81.62181	-43.99799	-371.2574	97.15	-74.454605	0.012337252	-73.957214	-74.45609	148000	0.00031773746	1966.6327	0.0	-32.713196	1.3812547	2.1755695e-09	37.63931202888489
37	-184.74524	99.279854	-30.69013	-385.61502	95.63415	-75.46928	0.029608248	-74.68414	-75.47292	152000	-0.002790898	3769.7136	0.0	-68.68689	1.381603	-1.4305115e-09	38.66317415237427
38	-185.93782	116.36455	28.624327	-462.45047	99.17949	-76.97216	0.01754158	-76.61864	-76.974174	156000	-0.004629219	3813.9604	0.0	-42.933838	1.3813537	-2.503395e-09	39.69392704963684
39	-155.60631	92.402084	-35.381165	-398.48877	93.68293	-78.22025	0.016451577	-77.82449	-78.22204	160000	-1.7826445e-05	2564.5728	0.0	-7.336914	1.3814464	1.4901161e-09	40.712687969207764
40	-179.01299	88.514755	-68.13358	-462.8624	96.95122	-78.77874	0.0094126975	-78.62286	-78.780334	164000	-0.0016141087	2664.2124	0.0	-37.496765	1.3814559	-1.9073485e-09	41.765395164489746
41	-160.1731	110.60298	-18.613138	-456.98346	93.097565	-79.92977	0.028240765	-79.45066	-79.932846	168000	-0.0052908957	3581.6519	0.0	-15.778931	1.3811533	-3.5762784e-10	42.8012421131134
42	-165.49765	87.234	-74.100296	-404.54147	100.35897	-80.72714	0.06419028	-79.23306	-80.73484	172000	-0.0041766334	2380.0046	0.0	-6.0820312	1.3813517	-1.1324882e-09	43.82206892967224
43	-185.16214	86.25857	-6.624408	-456.94357	99.46154	-81.23643	0.0100270165	-81.02952	-81.23825	176000	-0.0045431703	2349.949	0.0	-46.324097	1.3805662	3.2782554e-10	44.86069393157959
44	-171.82536	121.475006	8.94953	-509.56027	101.02564	-82.58357	0.025151229	-81.74615	-82.58596	180000	-0.003912464	4334.1367	0.0	-6.755615	1.3808783	2.9802327e-11	45.97823715209961
45	-164.63696	114.55649	12.989181	-569.42554	96.60976	-83.17409	0.0053383657	-83.039116	-83.17497	184000	-0.005366221	3705.4946	0.0	-7.0822754	1.3806291	-9.23872e-10	47.00254201889038
46	-150.54404	98.01072	15.518579	-541.1924	96.875	-83.73712	0.01076715	-83.4921	-83.73852	188000	-0.005231034	2893.9126	0.0	-0.9310303	1.3813039	-2.9802327e-11	48.03127312660217
47	-142.11336	91.80743	22.853981	-483.96524	93.57143	-83.56774	0.0044832844	-83.39493	-83.56857	192000	-0.0056114495	2874.271	0.0	-7.3623047	1.3807058	-2.0861626e-10	49.07574391365051
48	-145.84122	86.464836	2.7397888	-387.96985	89.09091	-82.98192	0.023074077	-82.59465	-82.98417	196000	-0.0029102135	2081.8657	0.0	-0.6982422	1.380814	7.45058e-10	50.09984612464905
49	-184.9363	109.256744	42.950684	-468.6547	95.04878	-83.10302	0.0010754719	-83.05653	-83.10348	200000	-0.0049687997	3231.3618	0.0	-41.044678	1.3796511	-2.6524067e-09	51.07625603675842
50	-166.90959	100.5439	34.06984	-394.19937	96.04878	-84.5102	0.0060515488	-84.3858	-84.51122	204000	-0.0050278306	3069.3997	0.0	-3.6011963	1.3805836	1.7881394e-10	52.10399413108826
51	-153.83696	88.440956	-1.7628933	-405.96234	95.92683	-85.01978	0.0039980058	-84.92604	-85.02056	208000	-0.00582828	2586.3481	0.0	-1.6375732	1.3806351	7.748604e-10	53.1416699886322
52	-168.58379	87.3275	-2.7318656	-400.81433	100.948715	-84.74699	0.05875535	-83.13285	-84.751366	212000	-0.010509163	2175.1042	0.0	-4.4190674	1.3802843	-1.6689301e-09	54.16743016242981
53	-140.51172	76.36951	-31.596462	-393.09424	87.86364	-85.168015	0.0009277787	-85.142006	-85.168434	216000	-0.004828468	1494.3228	0.0	-2.1464233	1.3804115	9.23872e-10	55.176878929138184
54	-148.91998	84.671776	-50.55165	-343.91916	92.54762	-84.848625	0.001380788	-84.81872	-84.849144	220000	-0.008568525	2067.0713	0.0	-0.40905762	1.3801701	1.013279e-09	56.180190086364746
55	-156.0257	93.10696	-3.3073585	-365.8066	103.07895	-84.6731	0.008608292	-84.51443	-84.67433	224000	-0.008532196	2563.7178	0.0	-5.470825	1.3803818	2.4735929e-09	57.20959806442261
56	-165.6857	126.26939	-3.6255865	-541.5398	99.64103	-84.09325	0.0035565442	-84.00729	-84.09393	228000	0.0009174198	4479.2515	0.0	-0.9001465	1.3790882	-8.493662e-10	58.22983694076538
57	-179.06328	102.94254	5.767382	-428.5697	95.76923	-84.29805	0.013377685	-83.9885	-84.29962	232000	-0.0032903398	3230.4873	0.0	-30.408081	1.3787835	3.2782554e-10	59.26487898826599
58	-158.26685	102.77233	3.4455693	-460.79248	96.07317	-85.71022	0.0020539723	-85.64598	-85.710655	236000	-0.0095658	3097.0332	0.0	-0.16699219	1.3796159	5.0663945e-10	60.309460163116455
59	-139.6246	74.87925	22.986568	-347.7884	96.74359	-85.65447	0.011624156	-85.48128	-85.656166	240000	-0.003191162	2849.499	0.0	-78.4931	1.3794965	-2.384186e-10	61.34677219390869
60	-151.33669	107.062355	26.240877	-501.71286	103.567566	-83.3345	0.014775619	-83.02774	-83.33647	244000	0.0037584603	3473.0586	0.0	-5.7824707	1.379909	-5.066395e-10	62.36068391799927
61	-131.56537	80.06804	55.885086	-296.19986	130.86667	-82.56463	0.013268295	-82.47999	-82.56831	248000	-0.0034503043	3048.4055	0.0	-173.51556	1.3808433	7.45058e-10	63.80610203742981
62	-165.19571	95.67821	-48.404034	-469.67267	93.166664	-79.313484	0.004843536	-79.227036	-79.31709	252000	-0.0036992282	2698.0688	0.0	-13.443054	1.378078	5.9604643e-10	64.80008912086487
63	-145.24802	85.97915	-49.5678	-373.07382	94.7619	-79.46184	8.350103	53.325745	-80.12978	256000	-0.0051979944	2381.9055	0.0	-236.29224	1.3797092	-1.7434358e-09	65.80048608779907
64	-136.30522	69.67151	20.203062	-282.4082	94.61905	-80.18389	0.018472854	-79.76213	-80.18687	260000	-0.0043723555	1827.6848	0.0	-13.65564	1.3794186	-6.258488e-10	66.79579997062683
65	-159.57895	86.15302	-7.310851	-429.4279	104.13513	-79.16919	0.008920126	-78.88067	-79.17141	264000	-0.006436296	2309.569	0.0	-2.762024	1.3791127	3.2782552e-10	67.83619117736816
66	-174.47499	92.55129	-62.740517	-422.0843	95.414635	-79.58041	0.001791867	-79.54665	-79.58196	268000	-0.00608813	2284.4165	0.0	-39.51935	1.3765969	-2.115965e-09	68.84026312828064
67	-126.23076	68.57129	-6.4855423	-349.24207	92.21429	-81.38515	0.020492494	-80.958145	-81.38786	272000	-0.00542289	1680.7258	0.0	-45.375793	1.3783803	-7.45058e-10	69.85276889801025
68	-165.36533	113.1837	51.978146	-443.2296	94.87805	-79.56077	0.030718295	-79.00254	-79.564995	276000	0.002108992	3860.817	0.0	-29.59314	1.3779637	1.9371507e-10	70.84630489349365
69	-138.68794	73.338455	-0.822666	-324.78537	92.7381	-81.00841	0.0030510055	-80.92062	-81.00944	280000	-0.008368468	1675.9185	0.0	-6.052368	1.3779969	-3.874302e-10	71.83350706100464
70	-136.68686	75.49365	14.15542	-323.08047	122.4375	-80.29731	0.33331975	-76.66074	-80.380104	284000	-0.0027069598	2777.0193	0.0	-947.0647	1.37954	8.046628e-10	73.4536349773407
71	-147.73015	75.194374	-14.885446	-372.53214	96.731705	-77.285065	2.9271064	-2.8745832	-78.07419	288000	-0.007835485	1553.2739	0.0	-24.764587	1.3783455	-1.7881391e-10	74.44355607032776
72	-145.4821	69.5531	6.9169607	-353.60205	97.8	-78.04568	0.8422369	-62.37676	-78.23206	292000	-0.0056638867	1389.1794	0.0	-4.0202637	1.3771756	-8.7916857e-10	75.42612385749817
73	-173.12224	113.412094	-27.248936	-523.80817	94.36585	-78.04063	0.7281571	-66.37734	-78.24508	296000	-0.0020087957	3828.8225	0.0	-111.15204	1.3761206	2.6822091e-09	76.40560507774353
74	-135.03784	52.81504	-63.0966	-302.0022	97.34146	-81.020706	0.90391755	-62.738525	-81.1188	300000	-0.0025656521	1071.5721	0.0	-30.042084	1.3780574	6.854534e-10	77.40824484825134
75	-165.93437	86.72442	-54.104767	-431.50708	101.30769	-79.84809	1.1794442	-60.04176	-79.93278	304000	-0.0083722435	2421.772	0.0	-36.858154	1.3767123	-7.3015693e-10	78.42320513725281
76	-137.92265	73.005264	27.053837	-365.1519	93.690475	-81.09819	0.15113354	-78.56713	-81.11415	308000	-0.00865154	1488.1311	0.0	-12.79071	1.3772578	1.2218953e-09	79.39768695831299
77	-127.07735	73.15608	-19.400406	-329.8012	92.2619	-79.85741	2.3365824	-38.676716	-80.06296	312000	-0.0068524377	1661.1267	0.0	-41.03827	1.3772407	-7.4505807e-10	80.37223386764526
78	-118.70864	69.08975	32.259254	-254.29051	96.15	-78.18447	0.46133792	-68.89038	-78.21706	316000	-0.010441216	1771.3467	0.0	-65.15454	1.3778858	4.321337e-10	81.35655212402344
79	-159.72844	101.97826	-35.03856	-462.65723	89.795456	-75.542076	0.2675081	-67.194695	-75.55703	320000	-0.005373344	3076.8274	0.0	-60.22412	1.3757105	1.4901164e-11	82.33726620674133
80	-135.842	71.48022	41.60394	-299.26416	98.25	-77.82444	0.0168131	-77.43081	-77.82666	324000	-0.0069502443	1756.5706	0.0	-6.4276123	1.3769655	-1.1920929e-09	83.32622814178467
81	-130.9549	75.150154	18.755047	-349.60318	95.39024	-77.133064	0.03713344	-75.99621	-77.136406	328000	-0.0049085245	1696.1993	0.0	-19.768982	1.3769813	-8.791685e-10	84.31980419158936
82	-131.51447	68.52379	-44.340843	-309.43182	93.53658	-75.62649	0.12333931	-71.0054	-75.63553	332000	-0.0047991946	1358.102	0.0	-3.2054443	1.3761821	8.642674e-10	85.30081605911255
83	-150.7353	91.38242	-21.695648	-439.7181	99.333336	-75.1544	0.0090666395	-74.96354	-75.155785	336000	-0.0057087764	2466.3882	0.0	-15.759338	1.3759584	-1.7881391e-10	86.29414486885071
84	-138.38057	66.15494	23.242584	-309.67484	99.79487	-76.46825	0.15337023	-70.61581	-76.47549	340000	-0.006468434	1437.6626	0.0	-5.6797485	1.3755548	-1.192093e-10	87.26781797409058
85	-145.73425	92.62749	-35.97162	-440.21503	93.42857	-75.67363	2.0402756	-32.707188	-75.801895	344000	-0.007488296	2274.9438	0.0	-32.710022	1.3738036	-2.9802327e-11	88.25089001655579
86	-145.91054	76.70454	-30.53271	-400.9566	101.02564	-76.51601	0.00042499445	-76.51152	-76.51633	348000	-0.005387459	1622.7192	0.0	-1.4210205	1.3759304	5.9604655e-11	89.25291419029236
87	-135.81967	81.312	-0.5259099	-398.5266	103.8421	-76.98164	0.023476524	-76.434166	-76.98379	352000	-0.007918894	2190.695	0.0	-43.862732	1.3741684	-1.4901161e-09	90.2350709438324
88	-139.1923	69.46678	-25.764843	-331.4588	92.47619	-74.63338	0.010434318	-74.06173	-74.63417	356000	-0.016887069	1548.6284	0.0	0.107299805	1.3738976	3.8743017e-10	91.22385501861572
89	-142.75827	72.78685	-64.29775	-344.755	91.976746	-74.47816	0.0008251395	-74.43469	-74.47848	360000	-0.009263754	1310.6868	0.0	-17.18869	1.3730639	2.5331975e-10	92.1937940120697
90	-142.77843	57.83008	-31.978376	-352.5873	97.71795	-76.00783	0.027642839	-74.26754	-76.008736	364000	-0.014185324	939.84106	0.0	-0.08772278	1.3728902	-1.7881393e-09	93.19029903411865
91	-145.45761	80.08882	-9.711746	-434.30066	100.38461	-76.20672	0.17305416	-69.669495	-76.2184	368000	-0.0033422709	1790.5415	0.0	-9.038025	1.3734598	1.937151e-10	94.17664098739624
92	-141.1422	69.69004	-33.705944	-316.94086	99.10526	-77.16363	0.053125694	-76.5822	-77.171196	372000	-0.003774276	1364.4929	0.0	-1.5274658	1.3737943	9.23872e-10	95.1835949420929
93	-137.56825	61.801434	-37.95116	-299.8707	105.73333	-76.6481	0.6100435	-71.00777	-76.79882	376000	-0.007468134	2556.0222	0.0	-615.07336	1.3747694	-6.4074995e-10	96.56212592124939
94	-141.1814	64.37386	-34.58029	-309.01224	95.82927	-73.70988	2.0043576	31.986862	-73.791664	380000	-0.00881527	857.7699	0.0	-13.564667	1.3699371	1.2516975e-09	97.56834816932678
95	-158.82451	79.934685	-15.232748	-336.3798	103.1579	-74.651596	0.70122004	-51.665867	-74.69805	384000	-0.011859737	1789.3801	0.0	-12.047424	1.3699183	-4.4703483e-10	98.5955650806427
96	-130.66258	76.518875	-3.1040525	-370.6529	104.78378	-76.022606	0.113145016	-72.58929	-76.03249	388000	-0.008990027	1684.2749	0.0	-27.847107	1.3729188	4.3213366e-10	99.6328489780426
97	-134.6842	90.35408	15.304597	-445.43564	101.13158	-73.742424	2.0328465	-35.412197	-73.99216	392000	-0.003523223	2493.4128	0.0	-4.9247437	1.3710408	1.0430812e-09	100.66421604156494
98	-137.84312	86.06517	-45.558086	-400.2381	105.5	-73.184906	0.20048308	-68.93082	-73.20126	396000	-0.006303098	2125.578	0.0	-4.7943726	1.372194	-7.450579e-11	101.68222403526306
99	-166.05919	83.31046	-40.95512	-373.8043	96.775	-73.67636	0.119203135	-70.909355	-73.68812	400000	-0.0047516227	2433.266	0.0	-122.93494	1.3687837	1.3411046e-09	102.69199919700623
100	-164.71233	81.25706	-38.28068	-375.9103	103.68421	-78.128265	0.021679003	-77.445526	-78.13005	404000	-0.0086235255	1730.5609	0.0	-48.338806	1.369808	3.4272674e-10	103.73844385147095
101	-124.774864	78.43088	15.146084	-310.04742	101.128204	-80.946945	1.8510226	-32.848694	-81.06758	408000	-0.009220917	2176.6213	0.0	-88.722534	1.3698292	-1.4901158e-10	104.78663325309753
102	-128.55704	67.233055	-45.778484	-345.8598	99.74359	-77.66005	0.107961394	-73.781746	-77.66747	412000	-0.0066767335	1389.9196	0.0	-39.722412	1.3705487	-5.2154064e-10	105.79501986503601
103	-119.92659	77.08837	62.278954	-307.24875	118.181816	-69.262344	12.811281	7.293461	-75.086555	416000	-0.0038314064	2099.3171	0.0	-368.73145	1.3703365	1.7881396e-10	107.4423258304596
104	-129.97665	74.04982	-18.237514	-342.78558	102.0	-73.38245	6.64715	28.199205	-74.17856	420000	-0.010764383	1666.8201	0.0	-90.42706	1.3684865	1.2516975e-09	108.46989107131958
105	-151.64024	89.323044	0.690489	-353.52115	106.08108	-72.82917	0.2796248	-55.51704	-72.83905	424000	-0.001015991	2124.2441	0.0	-18.30249	1.3667395	6.407499e-10	109.56176996231079
106	-146.22751	92.00346	-8.870893	-373.23254	112.542854	-73.755745	9.152716	61.57375	-74.47008	428000	-0.013192266	2624.1528	0.0	-233.78601	1.3692647	-1.6093255e-09	110.57824492454529
107	-133.27226	59.629536	4.787525	-263.6221	103.39474	-75.28277	0.06947508	-73.08938	-75.2905	432000	-0.009441491	1188.9655	0.0	-29.726868	1.3673496	8.7916857e-10	111.59843611717224
108	-138.12064	80.31567	-27.456486	-310.17288	98.53846	-72.991844	1.720588	-24.15329	-73.1073	436000	-0.00786487	2153.6025	0.0	-41.000244	1.3668036	-3.1292438e-10	112.64686512947083
109	-129.90068	41.47877	-62.263077	-238.9009	99.97436	-74.04734	0.0048879446	-73.94177	-74.04986	440000	-0.017133947	691.229	0.0	-12.904785	1.3680897	7.1525574e-10	113.79386591911316
110	-143.06519	66.46177	-19.184706	-335.5394	97.925	-72.60721	0.011442542	-72.355354	-72.61033	444000	-0.0079414025	1365.5074	0.0	-8.114807	1.3649704	5.5134297e-10	114.85022497177124
111	-139.04579	85.47073	19.070213	-342.6834	101.61539	-73.73208	0.09171481	-70.831474	-73.73919	448000	-0.004137004	2036.2063	0.0	-1.2305908	1.3655875	-5.9604643e-10	115.89227795600891
112	-156.93642	90.8606	-35.550262	-381.87213	107.333336	-74.2733	0.05236	-72.2587	-74.278275	452000	-0.000797607	2350.9297	0.0	-29.693237	1.3652642	8.940697e-10	116.93546319007874
113	-146.01605	78.53253	-14.298522	-320.98087	98.225	-76.617966	0.16476032	-73.1561	-76.63283	456000	-0.0008947998	1945.3975	0.0	-16.89563	1.3639879	0.0	118.00634503364563
114	-119.15194	77.010315	34.795994	-296.42563	101.97436	-78.33055	0.818328	-56.888184	-78.37362	460000	-0.0052555287	2109.1665	0.0	-88.69946	1.3653641	1.1324883e-09	119.0615611076355
115	-117.70748	63.47027	-19.630276	-311.73856	99.64103	-74.58802	0.28463107	-66.74977	-74.604675	464000	-0.0043254904	1368.4215	0.0	-36.782074	1.3655571	-5.811453e-10	120.0952501296997
116	-136.65372	67.813545	-28.51106	-310.54013	102.60526	-71.96902	0.050871246	-69.57717	-71.970825	468000	-0.009602083	1449.6163	0.0	-0.041015625	1.3640885	-9.685756e-10	121.16153407096863
117	-129.50703	88.62645	3.4483097	-518.6059	103.18421	-71.73991	0.13648571	-67.12315	-71.748276	472000	-0.0032944418	2283.5793	0.0	-4.85495	1.3634282	-7.4505807e-10	122.1963369846344
118	-142.95764	88.32464	-25.946344	-387.62714	107.189186	-72.28399	0.004201817	-72.16667	-72.28458	476000	-0.016006293	1976.0684	0.0	-10.597656	1.3631713	5.215407e-10	123.26028299331665
119	-129.41522	82.60761	-4.4416814	-451.44022	101.92105	-73.74538	0.12633716	-70.78916	-73.754486	480000	-0.010087904	2179.4165	0.0	-5.411194	1.3615708	-2.0712614e-09	124.30134391784668
120	-129.02254	73.028275	-18.18094	-396.22046	96.875	-72.74732	0.41996613	-56.46623	-72.76751	484000	-0.0074026957	1814.6571	0.0	-7.694763	1.3604244	4.0233133e-10	125.31953001022339
121	-142.8196	81.432	29.533775	-366.71643	103.89189	-72.04086	2.1874623	-37.260494	-72.28748	488000	-0.013907916	2117.6301	0.0	-54.688477	1.3597429	-1.0728836e-09	126.40225410461426
122	-145.14995	78.83891	-30.888472	-436.8602	106.810814	-72.85474	0.00045693727	-72.84591	-72.85488	492000	-0.0036873072	1858.7672	0.0	-3.2279663	1.3596091	-4.4703485e-10	127.45402908325195
123	-134.24878	72.13276	-1.9267095	-308.59097	101.051285	-73.73828	0.0006380727	-73.717285	-73.738396	496000	-0.011515871	1603.6569	0.0	-1.1127319	1.3599874	1.3411044e-10	128.4962170124054
124	-156.37637	102.63953	-31.643305	-553.8444	106.54054	-73.25558	0.05817751	-71.10401	-73.258934	500000	-0.007990718	2996.9114	0.0	-50.091553	1.3572631	-2.026558e-09	129.53509497642517
125	-119.69248	66.2015	17.23716	-268.47433	102.60526	-76.63703	0.00077093806	-76.62116	-76.6372	504000	-0.01139411	1975.3724	0.0	-110.552185	1.3580823	1.4454126e-09	130.57945013046265
126	-119.41565	71.061584	-1.4817728	-351.55453	100.79487	-71.97792	0.022424784	-71.30421	-71.97928	508000	-0.01192472	1595.8301	0.0	-28.435486	1.357686	-2.9802272e-11	131.64442682266235
127	-134.13159	68.727196	-23.513922	-381.82376	109.25	-69.38334	0.0017756387	-69.33262	-69.38354	512000	-0.006686113	1778.9421	0.0	-2.2385254	1.3585224	9.536744e-10	132.73817491531372
128	-119.752815	73.48486	57.072582	-330.74133	135.41379	-69.96968	0.030044056	-69.27905	-69.97493	516000	-0.007355362	2330.87	0.0	-179.58453	1.3613527	-2.384186e-10	134.33342099189758
129	-119.899055	67.49681	2.6402154	-283.62286	103.189186	-64.320145	0.0032243144	-64.22195	-64.32058	520000	-0.006801879	1449.5327	0.0	0.1951294	1.3544123	-5.5134297e-10	135.3687882423401
130	-144.81061	86.330696	-7.696099	-362.20093	108.97222	-64.2474	0.0059196358	-64.06287	-64.248116	524000	-0.011460345	2162.21	0.0	-65.328735	1.3533881	1.1026859e-09	136.43702602386475
131	-126.34431	63.466496	-9.469387	-286.49768	105.702705	-67.61003	0.0011530466	-67.58019	-67.61024	528000	-0.012584489	1323.4996	0.0	-0.015655518	1.3557854	5.066395e-10	137.64720606803894
132	-133.62679	79.07151	5.671251	-328.27362	109.888885	-67.92575	0.00092748745	-67.903946	-67.925995	532000	-0.0014986247	1924.873	0.0	-1.8007202	1.3551745	-1.8030406e-09	138.74657797813416
133	-126.657364	71.29295	-25.221066	-299.4898	106.388885	-68.49131	0.0029735668	-68.40935	-68.49164	536000	-0.015161201	1517.1392	0.0	-0.1618042	1.3536313	-7.450579e-11	139.79466891288757
134	-131.25626	92.45741	17.906824	-420.7153	100.10256	-68.69303	0.001853109	-68.63723	-68.6933	540000	-0.0022452958	2543.9573	0.0	-0.57421875	1.3517941	6.4074995e-10	140.8516309261322
135	-134.49878	70.21125	-17.924253	-310.25266	107.55556	-69.03261	0.0045402725	-68.88252	-69.03306	544000	-0.012244161	1611.5149	0.0	-1.9212646	1.3522134	1.9818545e-09	141.926038980484
136	-133.33652	90.25531	36.63186	-323.9652	131.46666	-69.63611	0.11489129	-68.51947	-69.66857	548000	-0.008525908	2911.3948	0.0	-369.34607	1.3552436	5.3644184e-10	144.0397469997406
137	-123.88033	71.10379	30.170319	-251.19704	106.62162	-65.95236	0.20165001	-62.33137	-65.98567	552000	-0.015368886	1757.0276	0.0	0.25408936	1.3507905	0.0	145.06963300704956
138	-146.02435	79.921265	-54.060818	-312.9958	106.80556	-65.58091	0.31416765	-56.23997	-65.63336	556000	-0.0063329367	1823.0454	0.0	-73.13788	1.3492851	2.682209e-10	146.1072781085968
139	-138.13374	87.9172	7.4924803	-367.35208	105.51351	-68.91878	3.5427098	-0.5790442	-69.25477	560000	-0.015870627	2333.19	0.0	-48.503174	1.347528	-6.2584876e-10	147.18844509124756
140	-139.72511	68.54369	-15.373491	-328.90973	106.702705	-71.58675	0.01489858	-70.903076	-71.58856	564000	-0.0069752187	1269.6853	0.0	-4.430847	1.3468496	1.6391277e-10	148.2513439655304
141	-143.98218	80.38425	-33.255817	-406.55063	104.75676	-72.277565	4.7618513	34.915005	-72.61369	568000	-0.00037101284	1653.1917	0.0	-141.99011	1.3445362	-1.3858079e-09	149.29217195510864
142	-123.438446	76.36966	-28.923645	-350.82837	116.088234	-73.941345	0.27793905	-63.238953	-73.95014	572000	-0.016369365	1868.1097	0.0	-72.154724	1.3486366	-5.9604643e-10	150.3437201976776
143	-109.895164	71.66368	6.0250006	-350.06195	107.888885	-70.09624	1.962461	-22.273766	-70.23609	576000	-0.016975746	1918.2029	0.0	-88.24194	1.3478487	3.7252904e-10	151.4030900001526
144	-162.11719	80.3417	-49.192207	-369.89832	113.47059	-66.0437	0.0009978383	-66.00835	-66.04408	580000	-0.017273936	1707.53	0.0	-86.12796	1.3437951	1.4901191e-11	152.46765089035034
145	-130.9944	77.963486	-20.759895	-378.49237	105.432434	-69.70706	0.3639632	-57.6411	-69.72287	584000	-0.010389268	1844.9209	0.0	-1.7521362	1.3431444	1.0281801e-09	153.51196885108948
146	-121.93694	77.560684	-19.316862	-354.74777	106.24324	-69.482765	2.92356	12.931284	-69.724266	588000	-0.012785083	1937.9773	0.0	-65.41925	1.3410435	4.4703485e-10	154.5604739189148
147	-122.26284	61.884632	-40.937565	-283.36975	98.025	-68.202194	0.13411139	-63.477085	-68.20801	592000	-0.01214426	1276.8391	0.0	-1.677063	1.3412995	-1.1175871e-09	155.62653517723083
148	-130.54988	81.45473	-9.316894	-354.3951	108.083336	-68.328606	0.06547189	-65.32585	-68.33146	596000	-0.00034622848	1813.1296	0.0	-3.973755	1.3423412	1.2367964e-09	156.89007186889648
149	-143.60309	65.927826	-6.859729	-288.3904	120.5625	-68.54482	6.0741777	32.003666	-69.15489	600000	-0.0036923774	2018.2253	0.0	-153.55695	1.3425376	1.9222497e-09	158.17969298362732
150	-126.29314	66.15517	-1.0025148	-251.60999	111.2	-69.968765	0.0016649906	-69.88754	-69.96892	604000	-0.016752053	1280.6735	0.0	-17.343323	1.3389626	8.642674e-10	159.3210048675537
151	-134.9982	86.293724	9.3976555	-296.62408	149.92308	-68.1205	0.08370075	-66.81046	-68.13878	608000	-0.00598146	2499.2637	0.0	-115.69153	1.3470054	5.066395e-10	161.0565857887268
152	-116.11043	68.16406	-23.208822	-262.9184	101.97436	-63.464996	0.013105334	-63.1089	-63.466106	612000	-0.012293205	1608.9421	0.0	-6.45459	1.3373468	-4.6193593e-10	162.12097191810608
153	-132.46107	67.60709	-41.110226	-343.05133	105.89189	-64.37932	0.00036329488	-64.35939	-64.37945	616000	-0.01087705	1384.5413	0.0	-27.697174	1.3357146	-8.1956386e-10	163.1979660987854
154	-132.07118	91.652	-16.54323	-413.51843	104.64865	-66.71684	0.013606158	-66.29569	-66.71772	620000	-0.013109691	2346.233	0.0	-22.352661	1.3369356	-1.1175871e-09	164.25816321372986
155	-123.83008	84.96818	-6.0160694	-501.17914	110.4	-68.86842	0.0024567368	-68.81093	-68.868744	624000	-0.009126488	1888.0947	0.0	-15.249603	1.3366195	2.9802322e-10	165.31709599494934
156	-115.119156	54.331852	-38.3867	-224.47246	106.432434	-67.242065	0.0012995427	-67.193596	-67.24224	628000	-0.014335141	814.77515	0.0	-16.62564	1.3346039	1.1324883e-09	166.33529114723206
157	-131.38855	78.01841	-12.908959	-350.59885	108.0	-65.35159	0.07582937	-62.43429	-65.35553	632000	-0.020317515	1732.6843	0.0	-9.280212	1.3330674	1.4901158e-10	167.4160680770874
158	-110.27067	77.28626	-24.999277	-375.22073	110.19444	-66.54792	0.007886073	-66.29612	-66.54861	636000	-0.011830846	2218.306	0.0	-42.606567	1.3361094	-7.4505846e-11	168.48284316062927
159	-116.39407	69.33929	-0.76144904	-275.00317	112.0	-63.696743	0.00075967837	-63.674145	-63.69686	640000	-0.01896793	1656.9434	0.0	-1.5184937	1.3323865	-4.4703463e-11	169.51891016960144
160	-124.70993	81.04042	24.537924	-309.1666	111.08572	-62.993336	0.021329185	-62.57067	-62.99528	644000	-0.003944382	1915.6846	0.0	-11.451477	1.3311121	-1.9073487e-09	170.5896759033203
161	-149.2682	84.873146	-7.3623843	-340.41205	113.23529	-64.51753	0.0037810674	-64.34295	-64.51774	648000	-0.005441278	2091.4333	0.0	-61.158264	1.3296354	7.450579e-11	171.65027022361755
162	-125.69616	84.56706	19.378372	-326.6127	113.52941	-68.11724	0.006479192	-67.90628	-68.11774	652000	-0.0106264725	1854.7815	0.0	-1.7388916	1.3306615	1.4901162e-10	172.70893716812134
163	-132.16148	79.46299	2.7425265	-391.98856	108.02778	-67.64876	0.0013863615	-67.6035	-67.6489	656000	-0.008149713	1936.8442	0.0	-8.9869995	1.3273976	-1.3709068e-09	173.7711751461029
164	-148.80298	92.129555	-2.9588602	-335.074	112.4	-68.990875	0.0018228978	-68.93182	-68.99103	660000	-0.011722356	2588.0903	0.0	-37.247314	1.3241069	-2.3692848e-09	174.8093421459198
165	-131.74197	66.4811	-27.003592	-251.08305	115.44118	-71.86142	0.00083768065	-71.83157	-71.8615	664000	-0.009874895	1259.9706	0.0	-22.531006	1.326843	-1.2367963e-09	175.86532282829285
166	-111.647484	67.92569	-1.4667449	-319.53708	111.28571	-69.793755	0.010306644	-69.42173	-69.79428	668000	-0.017026752	1427.6002	0.0	-73.617615	1.3272986	6.4074995e-10	176.92551708221436
167	-121.818184	78.49013	50.297592	-312.0326	112.117645	-65.82772	0.0053290306	-65.735794	-65.828514	672000	-0.009159946	2166.5144	0.0	0.07788086	1.3273185	1.5497207e-09	178.1062090396881
168	-147.94052	86.470116	-22.761904	-330.60342	117.51515	-65.56548	0.0017529228	-65.50382	-65.565605	676000	-0.014679506	1886.6287	0.0	-72.82349	1.3227522	6.556511e-10	179.19455289840698
169	-127.60398	89.21226	-11.34615	-324.1621	155.4	-68.58479	2.9605956	-35.41952	-69.37132	680000	-0.003855886	2667.0396	0.0	-612.09406	1.3353069	-1.8179416e-09	180.9519340991974
170	-113.5762	73.19501	4.2826276	-297.24426	111.47059	-67.49438	0.0627769	-66.55233	-67.50862	684000	-0.021414934	1832.1772	0.0	-35.80072	1.3224292	0.0	182.00267791748047
171	-107.121994	59.30746	-0.15463232	-258.37183	119.63636	-64.80442	0.12523088	-62.789474	-64.82272	688000	-0.018595386	1360.9275	0.0	-66.64618	1.3274052	4.768371e-10	183.0638518333435
172	-131.79187	60.179176	-7.074469	-253.34212	123.22581	-61.0972	0.21280661	-51.929817	-61.14521	692000	-0.017435148	1251.9216	0.0	-5.803833	1.3271644	-7.45058e-10	184.14702987670898
173	-146.91025	90.44013	12.468169	-384.3132	124.29032	-61.877956	1.2823215	-33.767166	-61.99253	696000	-0.01101248	2764.2065	0.0	-99.16077	1.3241444	9.536743e-10	185.2397449016571
174	-111.377	72.01279	-3.0007515	-330.13	110.57143	-65.48155	0.015291005	-65.0321	-65.483536	700000	-0.016206391	1237.0044	0.0	-12.925018	1.3223555	-2.384186e-10	186.28110098838806
175	-155.31525	84.83521	-14.660353	-309.18222	122.90625	-64.055885	0.3871298	-54.39776	-64.08296	704000	-0.008719474	2164.4275	0.0	-81.93335	1.320655	-9.387732e-10	187.36265897750854
176	-121.63281	74.29976	5.8806973	-297.30383	118.84849	-67.71314	0.0035194522	-67.65229	-67.714	708000	-0.017312594	1786.4697	0.0	-22.249756	1.3217201	3.8743017e-10	188.47303318977356
177	-126.99769	58.251717	-51.032207	-309.0245	117.333336	-65.907455	0.0076107164	-65.7639	-65.90861	712000	0.0005617514	1140.2755	0.0	-8.545807	1.3195972	2.8312208e-10	189.6887469291687
178	-110.855545	59.765934	8.199453	-234.69308	119.57576	-64.470955	1.8601674	-18.047459	-64.5693	716000	-0.03341236	1280.7826	0.0	-55.791016	1.3183522	-1.4901164e-11	190.82368397712708
179	-96.83874	50.813038	-2.5456128	-228.75102	123.78125	-61.63189	0.053265307	-60.593845	-61.637512	720000	-0.027096178	1259.9637	0.0	-133.92181	1.322056	-2.8908254e-09	191.91618704795837
180	-111.00235	71.33533	65.092926	-265.1047	158.08333	-55.804115	0.6952499	-55.102547	-57.239517	724000	-0.013456386	1919.6725	0.0	-291.45074	1.3267171	-2.4139881e-09	193.75580310821533
181	-102.44215	65.88936	14.800746	-273.12396	117.78788	-47.018265	1.6679413	-31.185366	-51.603394	728000	-0.021850318	1300.5001	0.0	-44.82187	1.314051	-2.1457671e-09	194.82330417633057
182	-141.75818	92.91516	-3.485579	-363.659	120.21875	-48.42127	2.5350535	-38.17227	-55.98526	732000	-0.016724184	2507.4268	0.0	-304.00586	1.3129976	-1.4752151e-09	195.89676785469055
183	-103.3444	62.178226	-5.4735026	-267.21103	114.0	-58.96318	1.2381259	-44.83958	-60.567284	736000	-0.025006384	1510.6873	0.0	-19.25055	1.3117127	-5.960465e-10	196.96503114700317
184	-115.24035	64.88784	-9.31264	-312.46436	122.645164	-57.809475	1.2295538	-56.346058	-60.186203	740000	-0.015658455	1228.5646	0.0	-9.8402405	1.3126824	-2.667308e-09	198.03502893447876
185	-127.71497	84.69889	-21.871105	-315.86932	106.810814	-59.037704	1.4810163	-48.08583	-61.15643	744000	-0.0061584115	2050.0708	0.0	-83.52112	1.3038108	-7.748604e-10	199.07473492622375
186	-107.42261	91.24775	21.867619	-468.64124	118.75	-64.05332	0.50159127	-51.6559	-64.2156	748000	-0.009374123	2627.1572	0.0	-100.09601	1.3087814	5.9604655e-11	200.1464958190918
187	-165.01405	85.13205	-36.842834	-322.0331	127.5	-59.420128	1.223079	-51.516945	-62.58252	752000	-0.019373894	2580.375	0.0	-217.56808	1.3079723	2.0861626e-10	201.21634912490845
188	-131.7998	76.51159	-7.174109	-324.14185	113.44118	-67.018585	0.09049412	-66.38299	-67.083206	756000	0.0010780096	1567.914	0.0	-8.523254	1.3032856	-2.2351743e-10	202.24648809432983
189	-125.998726	90.22432	-27.564356	-430.99036	120.28125	-68.365456	0.21757197	-63.25989	-68.40835	760000	0.0049436986	2423.7822	0.0	-6.060852	1.3012984	-1.9371509e-09	203.32296800613403
190	-134.70027	79.6168	-1.3266947	-307.3766	129.36667	-67.97775	0.037546813	-67.5983	-68.01062	764000	-0.028733518	1725.969	0.0	-11.189697	1.3079097	4.1723253e-10	204.41237497329712
191	-107.01525	78.69433	-7.8886833	-402.56656	125.064514	-66.62508	0.101557724	-65.7356	-66.704636	768000	-0.008751638	1703.4106	0.0	-138.29083	1.2991545	1.3411039e-10	205.5001449584961
192	-117.97469	71.892006	26.06896	-271.63342	161.41667	-60.753307	1.2690471	-57.165363	-63.463398	772000	-0.005082395	2040.5812	0.0	-576.0779	1.314615	-2.4139881e-09	207.04426908493042
193	-130.23883	87.974945	-7.757801	-335.3253	119.9375	-56.926167	2.29536	-12.356851	-61.083843	776000	-0.015808135	2227.3445	0.0	-65.98212	1.2964784	1.6689301e-09	208.11300110816956
194	-109.35794	69.69104	-13.243129	-258.69757	129.83333	-60.66006	1.5947059	-51.488625	-63.148098	780000	-0.015419796	1455.4199	0.0	-119.93231	1.3015871	2.9802327e-11	209.17274522781372
195	-135.88058	106.834465	-22.150942	-446.16486	130.33333	-52.46731	6.5391984	10.964444	-62.005764	784000	-0.01136611	3104.8423	0.0	-289.29187	1.2928922	-4.023314e-10	210.23885416984558
196	-118.236115	79.91643	25.46034	-280.8303	126.2	-61.968224	2.149982	-24.289152	-64.624855	788000	-0.0076794922	2086.3633	0.0	-22.57428	1.2987881	1.3858079e-09	211.3398518562317
197	-107.91115	66.36627	20.87728	-227.90083	123.0	-60.794483	1.925869	-56.83767	-63.91889	792000	-0.027796485	1412.4956	0.0	-145.71289	1.2966816	-9.834766e-10	212.4539930820465
198	-124.930275	95.65498	29.580238	-459.7103	165.20833	-54.70894	4.483441	-47.20192	-63.13445	796000	-0.0031842142	2960.4294	0.0	-424.9522	1.3067272	1.7732382e-09	214.26505208015442
199	-157.8851	77.211136	-32.288754	-316.98605	133.0	-50.050236	13.098313	-5.7441764	-63.823605	800000	-0.012900777	2275.7007	0.0	-192.64697	1.3004081	-3.874302e-10	215.4605951309204
200	-142.2293	82.07142	-34.85819	-358.94772	138.67857	-60.64999	5.8008504	5.4701567	-67.109245	804000	0.008891925	1889.7249	0.0	-162.9743	1.2901208	-1.3709068e-09	216.54167795181274
201	-104.41073	74.74601	4.131674	-352.58652	125.19355	-59.657883	8.736148	-25.087145	-70.277824	808000	-0.03306386	1893.75	0.0	-549.35266	1.2893426	-1.1026859e-09	217.61480593681335
202	-130.46687	84.49359	-24.418367	-311.29587	133.67857	-46.64654	14.962545	-12.80862	-70.90609	812000	-0.010232568	2552.6372	0.0	-573.555	1.2901461	-1.3411046e-09	218.6992371082306
203	-96.82422	77.39146	2.5265675	-317.56857	127.666664	-52.33912	10.29332	-35.296635	-71.742134	816000	-0.017590139	1315.7031	0.0	-135.68222	1.2899089	-5.066395e-10	219.82463002204895
204	-134.7592	110.886086	51.519886	-463.57608	186.42857	-42.883423	21.229244	-0.7984066	-73.66523	820000	0.0010224022	4047.6646	0.0	-961.521	1.3000011	-7.1525574e-10	221.3830840587616
205	-128.44931	81.19235	14.900028	-330.02386	127.16129	-42.146446	16.651733	-22.893175	-75.56226	824000	-0.022308296	1995.1616	0.0	-604.726	1.284945	1.3262034e-09	222.46169996261597
206	-124.90726	78.95958	-15.956559	-300.8911	125.3	-57.83684	11.233794	-9.858076	-76.79825	828000	-0.010302208	1639.7891	0.0	-130.37726	1.2828462	2.294779e-09	223.53326988220215
207	-114.27958	97.33197	-12.431245	-494.19992	126.645164	-63.170395	10.552035	-41.6545	-78.351036	832000	0.00028014556	2626.1558	0.0	-192.86395	1.2803519	1.8328428e-09	224.59154510498047
208	-122.877075	62.4725	-3.6452885	-284.0017	139.0	-52.56029	14.288057	-34.79508	-79.2008	836000	-0.015185684	939.05945	0.0	-84.1947	1.2836826	2.9802327e-11	225.69245100021362
209	-136.56607	98.315895	21.65991	-402.5328	125.6	-55.033005	14.371549	-36.190895	-80.22423	840000	0.0028046966	2261.2168	0.0	-432.93097	1.2760015	-7.45058e-10	226.72557401657104
210	-154.85782	99.55535	1.8852692	-418.9976	154.12	-62.806366	12.791681	-36.87938	-83.44681	844000	0.0068641677	1702.0115	0.0	-185.01746	1.2851483	7.748604e-10	227.82219791412354
211	-113.1711	69.29011	-3.3717608	-236.81302	128.16667	-61.383987	14.672022	-36.41484	-86.194374	848000	-0.015985243	862.0626	0.0	-123.83676	1.278613	-6.4074995e-10	228.8869321346283
212	-119.406204	84.89069	19.41079	-301.54703	128.8	-54.545853	18.763306	-29.201439	-87.58072	852000	-0.006755553	1486.6305	0.0	-104.75351	1.2789328	5.9604655e-11	229.9705901145935
213	-102.76832	71.394356	-3.710664	-276.10376	128.3	-54.85171	17.616884	-30.16111	-88.97344	856000	-0.009029478	1081.6548	0.0	-93.40469	1.2772369	1.2814999e-09	231.0346121788025
214	-120.82128	77.63802	-23.756441	-323.7325	124.09677	-55.875713	19.227198	-28.702173	-89.425125	860000	-0.018227592	1327.397	0.0	-265.8143	1.2753441	-3.5762787e-10	232.09832000732422
215	-105.77502	75.26518	-15.373248	-285.52814	135.10345	-57.948563	21.599323	-28.297901	-91.018135	864000	-0.020931013	1475.6116	0.0	-325.7702	1.2771163	-1.1175871e-09	233.22125792503357
216	-126.762695	122.00113	16.741673	-520.7297	128.26666	-47.19655	18.242615	-22.946959	-91.9946	868000	0.012918264	3933.9375	0.0	-717.9109	1.2717097	-2.4139881e-09	234.2858669757843
217	-102.166046	69.61327	-24.227232	-332.48398	132.27586	-54.98225	20.007555	-27.633799	-94.4369	872000	-0.030573055	839.42664	0.0	-70.604004	1.2791054	3.1739473e-09	235.3476939201355
218	-127.8913	90.49726	0.00422714	-338.14883	137.35715	-56.71584	21.735476	-24.460712	-95.38343	876000	-0.018593026	1520.0051	0.0	-266.32504	1.2734008	9.983778e-10	236.41522693634033
219	-146.00792	68.49136	-52.88369	-262.48743	179.80952	-62.411476	23.926537	-21.31439	-97.022964	880000	0.010212749	2662.192	0.0	-1439.4697	1.2884626	1.0430812e-10	238.1330530643463
220	-93.62568	66.6098	37.921402	-243.81078	176.09091	-65.75951	15.1946125	-26.076277	-95.59468	884000	0.0057247058	2627.479	0.0	-1402.5743	1.2934651	-2.115965e-09	239.84131288528442
221	-91.875465	74.11413	9.343409	-305.05936	132.82759	-40.814358	14.666484	-10.606661	-93.92202	888000	-0.025024064	1292.0469	0.0	-296.3848	1.2736117	4.6193604e-10	240.90476298332214
222	-102.284454	76.9204	-14.514525	-320.8556	126.833336	-47.38595	21.905828	-10.689688	-94.82876	892000	-0.037033264	1631.6158	0.0	-254.77197	1.2744665	1.3411046e-09	241.96416091918945
223	-130.28345	98.04928	3.429897	-353.03375	130.0	-52.54144	23.635216	-19.680416	-95.077034	896000	-0.02823092	1959.4963	0.0	-604.1808	1.2736597	3.0249359e-09	243.02714109420776
224	-90.980354	59.856968	-2.9214678	-210.89983	130.16667	-56.653603	23.052357	-22.47121	-97.05383	900000	-0.023526454	851.286	0.0	-280.26743	1.2742178	2.2947788e-09	244.08278489112854
225	-103.930046	80.44147	11.715778	-249.21115	147.07692	-44.190315	20.225216	-18.771294	-97.084274	904000	-0.009710684	1343.1067	0.0	-212.8482	1.2750268	1.8030405e-09	245.2555592060089
226	-125.8745	91.179596	-17.144926	-307.92352	125.2	-47.90621	21.101915	6.493368	-97.2861	908000	-0.018701471	1728.1719	0.0	-526.0867	1.2655058	1.0579825e-09	246.31477999687195
227	-85.30587	62.882114	4.9439816	-221.72844	140.78572	-58.983173	22.461521	-19.7402	-99.33819	912000	-0.015638908	1500.377	0.0	-516.5521	1.2765949	-2.9951335e-09	247.4044690132141
228	-104.9173	103.92531	88.8195	-475.26346	161.29167	-46.252132	22.175167	-11.913831	-98.644005	916000	0.0095522255	3317.6465	0.0	-855.54474	1.2798731	5.2154064e-10	249.13474702835083
229	-89.817924	84.592316	20.055286	-308.44812	135.21428	-48.14396	15.410046	-17.39225	-98.88419	920000	-0.0242588	1665.4728	0.0	-233.61285	1.2731535	1.6093255e-09	250.2487771511078
230	-78.962105	50.94574	20.357937	-219.7078	139.59259	-39.322803	18.474953	13.165153	-98.03608	924000	-0.034144487	1293.3545	0.0	-367.70535	1.2786615	-5.215406e-10	251.38598108291626
231	-104.16453	72.444786	4.1341796	-324.2198	166.91304	-34.041206	22.170343	38.100777	-96.94095	928000	-0.019429725	1562.5881	0.0	-260.39322	1.2889454	2.0861626e-10	253.45603609085083
232	-107.44518	71.46264	-13.026356	-279.73282	123.48387	-43.34044	22.485823	-11.095282	-99.07515	932000	-0.03959952	1016.7418	0.0	-203.69574	1.2712	-5.5134297e-10	254.5767149925232
233	-87.57815	57.761482	5.494799	-229.7473	133.2069	-51.207397	24.295435	-17.315508	-100.581726	936000	-0.035124972	996.85693	0.0	-217.13647	1.2676497	6.5565103e-10	255.69163990020752
234	-82.41587	53.91491	6.777703	-198.1408	166.78261	-37.186066	18.186058	4.3406105	-98.34131	940000	-0.020728365	1006.2838	0.0	-191.06677	1.2869377	-1.1622906e-09	257.6979749202728
235	-112.42461	100.432686	20.205364	-342.6571	189.5	-38.523754	25.092846	26.709711	-100.03345	944000	-0.00033722073	2025.3711	0.0	-512.82623	1.2877719	-8.940698e-11	259.3546040058136
236	-90.50054	77.60502	44.808105	-274.8224	158.75	-40.939423	21.57824	12.023462	-100.38337	948000	-0.010184161	1281.5842	0.0	-241.94083	1.2829187	-3.248453e-09	261.1609089374542
237	-108.9379	65.76621	4.631373	-306.10947	142.96297	-47.768982	20.12392	-1.8727698	-100.228065	952000	-0.014564577	1078.0372	0.0	-166.54149	1.2708404	-2.8312205e-10	262.22366309165955
238	-95.48294	71.92263	19.854017	-293.15613	175.27272	-39.36583	26.760271	24.561968	-101.13117	956000	-0.022018762	1114.3608	0.0	-162.28702	1.2882602	1.1175871e-09	264.0616958141327
239	-111.5208	68.361244	20.507298	-240.49924	170.95653	-37.84534	27.50095	50.454723	-100.69087	960000	-0.0050229244	1204.2109	0.0	-233.73257	1.2782879	-3.4272674e-10	265.83151412010193
240	-85.3631	73.62238	29.861212	-271.35065	133.3793	-48.72857	19.263163	-7.0260143	-101.47388	964000	-0.019362958	1285.0149	0.0	-277.94003	1.2656617	1.7285346e-09	266.9518449306488
241	-106.92687	81.93237	27.393707	-301.5475	175.45454	-39.653008	21.779848	-6.2642155	-101.5869	968000	-0.016315782	2243.75	0.0	-233.43567	1.2771657	1.1920925e-10	268.3555920124054
242	-86.40738	50.458355	-7.755526	-237.71988	131.56667	-34.202744	20.960232	-11.24701	-101.85081	972000	-0.031568922	670.2639	0.0	-162.53714	1.2659807	-7.7486034e-10	269.43671894073486
243	-89.43338	52.764523	6.6561747	-226.82765	141.37038	-50.1378	22.261318	-16.012344	-102.326385	976000	-0.029047396	1355.9921	0.0	-390.44397	1.266474	1.475215e-09	270.5684199333191
244	-81.886856	53.359467	-6.4093785	-236.00415	132.31035	-33.66663	18.978525	-4.3980837	-99.23819	980000	-0.028856728	945.6205	0.0	-184.26062	1.2689917	2.3841856e-10	271.6836130619049
245	-82.81014	77.51911	15.711966	-361.58453	139.21428	-44.716564	20.488144	-10.595591	-100.97237	984000	-0.041043542	1183.2808	0.0	-185.38657	1.2690814	8.940698e-11	272.8194260597229
246	-78.1752	61.86949	22.326654	-235.47885	137.40741	-33.61486	22.159037	-5.1465235	-102.71006	988000	-0.021887656	1161.9337	0.0	-284.1151	1.2646064	9.387732e-10	273.96820998191833
247	-94.5592	72.15062	43.89	-266.42075	176.90909	-44.0925	28.131815	10.109643	-102.76686	992000	-0.025617257	1869.9019	0.0	-658.23083	1.2793008	2.2351741e-10	276.0744318962097
248	-88.527466	67.72385	2.9677157	-257.3244	136.32143	-42.538773	23.46114	-3.472377	-102.52949	996000	-0.035442583	1156.0195	0.0	-194.35663	1.2607367	-1.5199184e-09	277.22792410850525
249	-76.827	73.47676	10.6811695	-261.14594	130.96666	-42.039158	22.05891	20.987123	-103.4112	1000000	-0.02239722	1248.27	0.0	-168.6308	1.256157	-1.475215e-09	278.32860708236694
250	-85.228775	75.612885	15.229872	-283.2111	136.67857	-42.209362	22.852335	-6.6087055	-104.109245	1004000	-0.03470972	1173.0249	0.0	-158.09158	1.2590913	8.493662e-10	279.47751688957214
251	-86.032684	50.2354	-22.747744	-224.2865	139.08	-37.709034	23.64573	-2.2817264	-104.72741	1008000	-0.018731125	801.1066	0.0	-136.76083	1.2649412	9.685754e-10	280.63035106658936
252	-101.54517	84.59841	28.406826	-395.8922	142.88889	-44.608017	22.740702	-4.348771	-105.27118	1012000	-0.025760688	1905.9729	0.0	-434.11267	1.2564418	2.2351743e-10	281.7359390258789
253	-58.96813	38.64092	19.540222	-163.96059	124.96774	-41.295338	21.554121	-6.1188602	-105.79428	1016000	-0.031789068	712.336	0.0	-189.06284	1.2498215	1.1920929e-09	282.8731391429901
254	-84.842606	68.37857	-4.7961693	-269.78888	134.2069	-34.745617	21.374928	-2.6455545	-101.98052	1020000	-0.025309926	943.26465	0.0	-192.949	1.2562118	3.8743017e-10	284.0859270095825
255	-83.25105	73.22574	35.1887	-271.27386	131.5	-41.39799	26.240467	-2.4592519	-105.99695	1024000	-0.04102719	949.9819	0.0	-89.50601	1.2536554	2.9802323e-09	285.15329098701477
256	-79.403465	79.4348	48.977955	-291.61423	173.27272	-41.657604	22.861126	-1.0968356	-106.53819	1028000	0.0028126389	1624.9756	0.0	-506.84656	1.2690616	7.8976153e-10	286.909481048584
257	-82.15804	62.319332	31.69549	-221.52661	142.33333	-36.427773	27.466446	0.23726583	-103.422264	1032000	-0.055899456	1191.478	0.0	-172.17432	1.2575793	-2.5480986e-09	288.03787994384766
258	-69.6876	46.16017	17.548937	-175.34627	138.14285	-34.36561	23.098969	14.374808	-106.8555	1036000	-0.04364146	848.95105	0.0	-170.89514	1.250877	-4.768371e-10	289.1231939792633
259	-55.284557	71.18738	51.219406	-262.1775	179.80952	-32.148605	19.894503	35.225883	-103.780685	1040000	-0.033255666	1158.2062	0.0	-190.58627	1.275083	6.705523e-10	291.2735562324524
260	-86.95064	60.488483	-8.308041	-266.94485	120.030304	-35.888195	23.847046	-1.0457978	-106.99924	1044000	-0.05394623	995.157	0.0	-415.875	1.2356024	-6.705523e-10	292.4448161125183
261	-84.6626	73.31921	7.3547244	-244.35966	134.20833	-46.10708	21.114532	-9.09575	-108.240166	1048000	-0.031156246	1569.4404	0.0	-444.63324	1.2465864	-2.2500755e-09	293.8191809654236
262	-85.04774	64.77908	16.673918	-236.64886	146.23077	-34.93805	20.466055	20.52803	-107.214714	1052000	-0.023777366	1191.6024	0.0	-339.96954	1.2486408	-2.041459e-09	295.05682492256165
263	-57.518322	58.49191	25.502026	-200.69781	196.8421	-39.794743	20.05758	8.306549	-103.22148	1056000	-0.02922991	1499.4148	0.0	-561.96454	1.270968	3.5762787e-10	297.2703981399536
264	-80.358406	79.601295	4.2462177	-386.61478	165.86363	-25.119461	19.49023	99.23253	-107.45752	1060000	-0.041682087	1721.6487	0.0	-569.35925	1.2505221	-1.4901161e-10	298.4641377925873
265	-84.71615	68.277565	9.623185	-259.3193	205.0	-32.02607	21.521252	0.94833326	-108.11514	1064000	-0.012742586	1061.7745	0.0	-292.85938	1.2632434	-7.4505807e-10	300.4190011024475
266	-79.399254	65.88927	41.45118	-260.29242	145.14815	-35.252205	22.726072	-1.8032866	-104.49	1068000	-0.028916579	652.99036	0.0	-109.061935	1.2407992	2.667308e-09	301.5648329257965
267	-69.53917	63.377205	5.5112586	-290.0889	140.0	-35.594276	22.857384	-0.696779	-101.73302	1072000	-0.0446868	907.9329	0.0	-76.46414	1.2366595	-1.3709069e-09	302.79225897789
268	-76.29012	53.918808	0.0396639	-188.73952	134.35715	-34.08756	24.385166	5.265177	-108.17611	1076000	-0.042628594	546.688	0.0	-98.78708	1.2301086	1.8477441e-09	303.9673409461975
269	-61.97781	47.850594	-5.6739373	-216.20418	141.32143	-39.332092	22.357843	-3.332785	-111.22071	1080000	-0.059606522	818.3385	0.0	-193.0186	1.2361958	8.791685e-10	305.10863614082336
270	-52.96645	41.76411	55.667843	-113.04026	273.0	-34.022236	20.905289	3.6668956	-106.88833	1084000	-0.023650989	1446.3859	0.0	-676.2049	1.2678177	4.4703463e-11	307.35141801834106
271	-55.730217	47.032154	11.55561	-156.86508	132.64285	-18.613813	14.9472065	1.0387478	-104.84333	1088000	-0.063946925	723.8939	0.0	-275.01492	1.2279588	1.0430813e-09	308.4687850475311
272	-62.88448	46.190216	23.968748	-193.73447	141.95833	-29.436747	20.454914	2.7446318	-99.1099	1092000	-0.06661937	766.94617	0.0	-74.966644	1.2373505	-3.0845404e-09	309.83895993232727
273	-62.355873	58.9547	30.487875	-196.03802	156.28	-26.774303	22.485216	4.303053	-110.436005	1096000	-0.026610557	670.4422	0.0	-104.12904	1.2280889	-9.0897084e-10	310.9843821525574
274	-81.92433	70.98838	66.555275	-227.84218	144.2963	-32.3161	26.861147	2.7692182	-111.03696	1100000	-0.036723815	1023.94727	0.0	-334.21408	1.2175488	-4.3213366e-10	312.107497215271
275	-57.25484	56.409325	17.955826	-220.54259	145.21739	-34.10486	26.549147	3.8155282	-111.67115	1104000	-0.012267418	924.1186	0.0	-193.51318	1.2302464	-1.7881385e-10	313.43614888191223
276	-67.400246	78.714226	32.777855	-243.00546	141.13043	-30.31429	22.263342	3.5507653	-103.77583	1108000	-0.036342263	1074.1691	0.0	-332.84027	1.2171601	1.4007091e-09	315.15407705307007
277	-71.507355	56.528034	16.220106	-174.69383	166.63637	-30.452826	23.550362	4.66962	-105.14009	1112000	-0.032126233	1654.4514	0.0	-347.16156	1.2205851	-4.1723253e-10	316.55686211586
278	-68.30718	68.55495	32.72656	-275.9535	148.23077	-27.661617	22.029444	5.9190807	-105.239586	1116000	-0.01410906	1058.03	0.0	-215.34076	1.2085835	1.6987324e-09	317.6846480369568
279	-61.67986	59.468456	31.498623	-190.40584	161.75	-30.473946	26.542116	5.27695	-112.637596	1120000	-0.05950398	760.681	0.0	-162.53156	1.2189724	1.4603139e-09	318.83646607398987
280	-92.33781	61.984283	-19.483286	-244.82846	214.77777	-41.815453	23.312874	24.074566	-114.28266	1124000	-0.039927088	1717.6982	0.0	-772.37134	1.2356608	1.4901164e-10	320.6008870601654
281	-54.57086	45.93581	-0.3579478	-204.86926	178.72223	-32.688087	26.02512	5.239719	-112.81716	1128000	-0.025773354	1206.3888	0.0	-571.5011	1.2236569	-6.1094757e-10	322.0136470794678
282	-69.11757	66.205	16.036861	-226.31964	164.82608	-22.021648	20.491684	6.09433	-105.02162	1132000	-0.01457388	858.5834	0.0	-210.31961	1.2084019	2.8908254e-09	323.16516399383545
283	-49.95089	64.544395	67.7246	-223.49043	160.68182	-27.748285	23.904922	4.5705757	-104.46117	1136000	-0.0214612	1117.4601	0.0	-189.27158	1.2110925	-8.791685e-10	324.32370710372925
284	-43.269558	46.05851	24.183706	-166.96443	148.95653	-30.392399	23.407541	4.5381465	-106.13974	1140000	-0.06296675	1004.7473	0.0	-298.36288	1.205779	-2.0712614e-09	325.5620651245117
285	-50.747513	56.388523	17.871058	-274.88455	166.22728	-18.556055	18.473164	6.9482565	-100.66301	1144000	-0.0030402131	718.5156	0.0	-193.7843	1.2038558	-8.791685e-10	326.71737408638
286	-66.96459	61.709805	9.75851	-256.05502	155.48	-21.052385	23.374237	6.4077425	-111.33366	1148000	-0.03835298	1038.1631	0.0	-300.4896	1.2035546	-1.8030405e-09	327.8542881011963
287	-55.54192	87.08511	40.67312	-293.86548	331.2	-52.032917	26.831253	27.174156	-112.670074	1152000	-0.007894412	3297.3516	0.0	-1952.3677	1.2462361	9.0897084e-10	329.94042682647705
288	-69.91384	79.777054	4.8932986	-272.71463	200.36842	-4.707402	20.774765	86.231575	-106.39705	1156000	-0.012886788	1679.2053	0.0	-773.63745	1.212866	-2.0712614e-09	331.2508499622345
289	-59.80453	64.06009	52.168453	-239.58583	146.3077	-27.726835	26.772337	6.7202187	-108.43264	1160000	-0.05458666	982.63416	0.0	-134.53375	1.1892898	2.7865172e-09	332.48218512535095
290	-75.65277	69.5513	17.152683	-233.82143	203.63158	-28.224777	22.090862	6.7508245	-108.97055	1164000	-0.01175105	1214.7073	0.0	-261.87558	1.2066957	-8.1956386e-10	334.3548951148987
291	-72.635704	80.101135	8.422334	-368.97025	152.27272	-31.41262	28.174454	6.355624	-114.25803	1168000	-0.035066407	1444.01	0.0	-444.69724	1.196132	2.3245812e-09	335.81872296333313
292	-42.841297	46.438545	45.565105	-176.25748	166.0	-28.077068	32.10477	9.739832	-111.68809	1172000	-0.0629352	727.0027	0.0	-419.55634	1.1963279	8.940697e-10	337.0518560409546
293	-75.047424	70.37475	78.046906	-248.00648	206.36842	-27.938608	25.849028	8.385643	-111.576675	1176000	-0.013914198	1690.6611	0.0	-480.37048	1.2053792	-2.235174e-10	339.1067199707031
294	-82.95157	71.91525	11.493533	-246.40955	182.80952	-32.624645	24.594074	10.391327	-116.03261	1180000	-0.05285897	1032.9404	0.0	-281.10043	1.1968702	-5.9604643e-10	340.3031949996948
295	-72.84573	66.90823	0.6174078	-250.74962	261.06668	-32.7622	25.707647	18.027733	-117.54345	1184000	-0.015733603	1402.6403	0.0	-360.92874	1.2231258	3.874302e-10	342.46765780448914
296	-66.658	66.216545	21.909504	-218.67097	212.61111	-33.12917	34.041187	20.382084	-113.77127	1188000	-0.0012607425	1406.9688	0.0	-527.73944	1.2084256	3.5762787e-10	344.59038496017456
297	-98.28676	87.13872	29.03492	-263.30783	187.36842	-28.074766	24.99621	17.020906	-117.687775	1192000	-0.024220362	1552.6453	0.0	-414.1991	1.1921427	3.6656855e-09	345.92220091819763
298	-71.86814	64.13865	32.99782	-174.15314	192.89473	-34.42496	31.676449	14.073518	-116.27887	1196000	-0.021767698	975.9088	0.0	-332.60416	1.1919328	-1.0728836e-09	347.24576902389526
299	-64.69946	61.13007	25.197508	-205.74847	236.0625	-39.814774	41.51443	17.524868	-121.09264	1200000	0.0030168146	2200.2183	0.0	-1330.7474	1.2087808	5.215407e-10	349.4112801551819
300	-67.143	63.4571	14.087598	-280.0339	173.33333	-23.849512	22.959656	15.478621	-113.00389	1204000	-0.04992611	749.18604	0.0	-135.85776	1.1870458	-4.768372e-10	350.665354013443
301	-60.002975	70.14383	-3.5704777	-306.70377	254.13333	-30.660555	26.234705	13.948884	-118.22242	1208000	-0.048108265	1531.2362	0.0	-416.71646	1.214644	1.4901164e-11	352.4536180496216
302	-59.31651	58.94803	18.67005	-200.33311	169.9	-16.833849	20.749641	20.032854	-97.34321	1212000	-0.049700633	1188.6987	0.0	-294.04257	1.188101	-8.34465e-10	353.88341903686523
303	-72.48828	71.05201	20.08123	-233.10068	232.47058	-21.677126	22.582397	13.692482	-111.42738	1216000	-0.020878531	1285.9744	0.0	-331.38464	1.1970359	1.1920929e-09	355.8381950855255
304	-64.36125	107.72182	18.27944	-477.5017	169.56522	-16.241058	22.386791	23.430721	-107.438515	1220000	0.025104415	2126.7866	0.0	-557.2235	1.1695392	-1.1920928e-10	357.0178289413452
305	-50.194267	41.262493	26.336199	-152.71469	236.0	-32.40024	26.235441	16.393808	-123.78798	1224000	-0.036038764	1087.9678	0.0	-530.1345	1.2132447	-4.2021275e-09	359.0683009624481
306	-72.65254	69.521996	19.037315	-199.34435	189.1	-24.145052	26.824522	16.985964	-122.40148	1228000	-0.017047185	1332.2504	0.0	-296.8796	1.1767753	1.3411046e-09	360.44217109680176
307	-31.014738	64.400604	47.008743	-222.30286	291.92307	-28.14023	21.53414	-1.8594089	-122.92805	1232000	-0.031043578	1435.8308	0.0	-603.16846	1.2157003	4.0233133e-10	362.7226531505585
308	-64.95317	83.27438	37.471428	-262.68646	177.2381	-9.503564	24.003986	25.841301	-121.9768	1236000	-0.004203204	1817.3398	0.0	-1016.78986	1.1678631	2.041459e-09	363.8984739780426
309	-27.132725	66.15462	47.19804	-187.39177	275.5	-32.17316	22.73058	2.515625	-109.22615	1240000	-0.04238614	1445.9209	0.0	-709.76807	1.2115271	-2.771616e-09	366.04269003868103
310	-50.4933	47.87712	32.68662	-159.72816	222.70589	-16.254833	21.261889	19.844477	-105.70725	1244000	-0.03996052	882.6708	0.0	-264.34103	1.1936524	1.7881396e-10	368.0186309814453
311	-88.97406	77.77529	0.43624958	-237.12306	190.4	-20.380026	22.956085	17.86159	-110.15957	1248000	0.0007566102	1315.1509	0.0	-492.78223	1.1706191	-1.8924475e-09	369.2085962295532
312	-50.200413	64.07274	49.504673	-194.20024	187.0	-31.630775	24.880829	14.149821	-110.99012	1252000	-0.045541123	1626.3141	0.0	-558.6096	1.1767507	2.6971103e-09	370.5397779941559
313	-72.607086	74.882355	22.47828	-223.23634	204.89473	-17.57656	25.684046	24.784351	-118.947075	1256000	-0.019821461	1033.1478	0.0	-419.84918	1.1765563	3.874302e-10	371.7557270526886
314	-103.72978	72.32542	-2.39932	-239.48436	347.0909	-34.594883	26.507956	20.736147	-113.31629	1260000	-0.0055107214	1199.3285	0.0	-290.12674	1.2172022	1.0877848e-09	374.45991015434265
315	-36.43333	49.445873	20.243692	-170.51202	297.46155	-15.566826	23.224752	56.332397	-112.263374	1264000	-0.03183088	937.9568	0.0	-389.45166	1.1945381	1.1920931e-10	376.74365520477295
316	-34.559708	53.917305	62.994953	-164.14088	215.44444	-13.862881	18.69274	16.430967	-101.998436	1268000	-0.032649063	751.52405	0.0	-192.8341	1.1781268	-9.387732e-10	378.5639810562134
317	-90.78649	111.63598	50.870438	-330.41003	209.63158	-15.938424	22.006102	15.844775	-98.453606	1272000	-0.010866769	2510.3916	0.0	-1082.8136	1.1644583	2.324581e-09	380.2875509262085
318	-82.32464	79.23451	1.2430975	-255.8089	263.0909	-35.597553	27.060904	13.902273	-119.93936	1276000	-0.013855223	1300.6577	0.0	-366.25787	1.2033553	-2.5480986e-09	382.411826133728
319	-48.28001	67.0866	54.755836	-225.8711	217.61111	-26.030128	26.775475	18.84048	-117.55454	1280000	-0.004190691	976.57007	0.0	-229.16736	1.1778786	-1.4156103e-09	384.59788513183594
320	-48.080894	65.464874	15.955315	-246.05267	187.4	-15.394337	27.40717	22.882427	-119.418945	1284000	-0.053598776	1145.4403	0.0	-355.1798	1.1579065	3.4272668e-10	385.93248987197876
321	-15.55314	20.870039	34.79383	-46.789677	234.3077	-24.308899	21.278845	18.849627	-109.12237	1288000	-0.026088817	1081.829	0.0	-496.6859	1.2016761	-1.1622906e-09	388.2002201080322
322	-36.45333	52.744007	52.673016	-185.80267	219.17647	-5.6010814	18.90254	20.273928	-114.9588	1292000	-0.033342466	748.06335	0.0	-245.43654	1.1785276	3.1292435e-10	390.4119882583618
323	-47.688477	53.934864	19.209112	-150.21567	175.31818	-18.2581	29.00436	31.103233	-118.29157	1296000	-0.06471854	789.92645	0.0	-319.7246	1.156296	-2.682209e-10	391.6692910194397
324	-38.010967	44.625656	32.372223	-118.661194	231.5625	-21.056969	20.323675	21.118353	-107.94777	1300000	-0.021203957	754.678	0.0	-253.61842	1.1826582	1.0281801e-09	393.76437282562256
325	-35.895035	51.536957	49.894413	-122.88538	191.0	-12.521806	21.196182	32.511208	-118.84614	1304000	-0.022094235	611.51074	0.0	-215.65768	1.173118	1.1175871e-09	395.07659888267517
326	-49.59586	51.97849	17.706358	-154.52385	186.81818	-21.03809	21.8774	26.69286	-99.775055	1308000	-0.04217336	719.6998	0.0	-336.55438	1.2000666	6.258488e-10	397.26967310905457
327	-37.135677	65.15669	51.53626	-214.13644	262.41666	-13.894451	23.084707	32.756878	-120.98911	1312000	-0.011220396	1098.6549	0.0	-468.3112	1.1869166	-4.023314e-10	399.65330505371094
328	-41.737835	27.911318	3.4758945	-83.224594	194.14285	-6.657738	16.926086	47.25992	-81.10439	1316000	-0.019260656	719.2598	0.0	-226.81642	1.1726339	-2.1010638e-09	401.77728509902954
329	-29.627213	43.542652	26.889816	-155.70232	170.52942	-15.191397	22.598545	23.40759	-100.242035	1320000	-0.03855548	690.141	0.0	-236.65054	1.1730534	1.475215e-09	403.9448890686035
330	-43.092384	62.748276	50.554096	-210.57759	249.33333	-16.09809	24.56666	30.776457	-113.18516	1324000	-0.014138371	942.3062	0.0	-265.091	1.1748936	-9.23872e-10	406.2789239883423
331	-61.420475	50.298054	10.81735	-174.44249	227.33333	-18.088377	27.548496	22.751307	-107.143166	1328000	-0.037727028	1203.8683	0.0	-479.46588	1.1837058	1.7285346e-09	408.0092830657959
332	-23.829443	54.843414	25.794046	-158.69577	380.0	-18.751389	17.282892	18.497961	-113.89457	1332000	-0.020988625	933.0828	0.0	-370.30457	1.2061366	-4.1723253e-10	410.6104209423065
333	-23.674046	74.39059	68.81334	-244.30484	210.3158	-4.091969	25.629982	32.823	-106.09304	1336000	-0.009289265	1577.1162	0.0	-530.4094	1.1595737	3.516674e-09	412.87097907066345
334	-9.481482	39.483524	61.55579	-52.092113	690.6	-18.384449	19.319836	27.763563	-109.75883	1340000	-0.013201106	912.1578	0.0	-530.09424	1.2319096	5.5134297e-10	416.2766580581665
335	-55.376904	73.22418	19.165438	-229.29752	226.85715	5.2143955	23.89016	36.76619	-99.45509	1344000	0.0071870647	2111.6567	0.0	-1056.0271	1.1866972	3.2782554e-10	418.2058598995209
336	-43.910034	61.215305	40.508705	-196.15584	208.88889	-26.746105	28.890852	18.135513	-122.99636	1348000	-0.010592923	1171.8174	0.0	-595.1074	1.1502287	-9.387732e-10	420.3499071598053
337	-33.35224	46.375484	30.20103	-141.9993	224.82353	-17.4478	20.386526	19.696949	-102.18543	1352000	-0.05428146	874.4956	0.0	-304.22897	1.1725067	-4.172325e-10	421.9441592693329
338	-71.40846	83.20105	44.4058	-275.6977	261.2857	-13.065547	22.893497	30.145641	-121.034836	1356000	0.008289259	1244.2966	0.0	-443.03308	1.1679127	8.9406954e-11	423.7228090763092
339	-35.17423	68.615486	25.88257	-226.41478	308.18182	-29.995966	27.394283	17.663326	-117.76533	1360000	-0.012144543	1236.2953	0.0	-502.13953	1.1889832	8.642673e-10	426.45118618011475
340	-34.517246	42.64131	24.43765	-148.47015	232.0	-12.797722	21.53248	23.836817	-111.789085	1364000	-0.05070419	807.48236	0.0	-315.19006	1.1733494	1.4305115e-09	428.47043108940125
341	-23.132692	72.441345	59.470844	-178.92088	262.72726	-19.38475	25.383259	24.049635	-113.06645	1368000	-0.02729211	734.3559	0.0	-253.62886	1.201194	-1.1026859e-09	431.16251611709595
342	-18.525333	29.093264	32.767796	-73.84155	237.35715	-1.7170215	23.52494	39.481125	-94.018295	1372000	-0.03172663	665.7875	0.0	-292.19687	1.1778221	1.2218953e-09	433.6793169975281
343	-62.894176	63.10924	28.706623	-194.40416	258.9091	-11.576918	20.398947	29.97284	-104.39442	1376000	-0.02142933	949.6039	0.0	-269.73972	1.1909757	9.0897084e-10	436.32299995422363
344	-41.98076	59.955704	49.55178	-210.8702	217.94444	-16.063953	18.180048	22.551674	-121.42714	1380000	-0.022508316	823.8872	0.0	-130.40256	1.1646786	-8.0466267e-10	438.39276790618896
345	-70.88294	78.47164	42.53506	-201.41165	199.33333	-26.827211	27.265448	24.983105	-122.51891	1384000	-0.055823006	1455.238	0.0	-541.47705	1.1571666	2.1159647e-09	439.682776927948
346	-60.638226	99.76095	43.28834	-240.2691	252.33333	-25.947882	28.65949	32.277416	-119.827866	1388000	0.019401949	1801.379	0.0	-433.01935	1.1611576	-7.0035455e-10	441.46248483657837
347	-40.80177	53.998035	33.356407	-153.52554	250.66667	-27.566578	28.477156	31.308102	-120.70037	1392000	-0.03452812	1090.5248	0.0	-436.36288	1.1714303	-4.6193593e-10	443.872927904129
348	-41.26089	81.40703	62.0285	-267.6051	265.42856	-11.811012	26.430939	33.06667	-112.41175	1396000	-0.002822049	878.692	0.0	-219.80394	1.1751276	-1.0430817e-10	445.99892711639404
349	-63.404015	56.398643	4.43604	-182.40926	187.05263	-11.56295	26.419422	31.91822	-117.606346	1400000	-0.04893518	1021.124	0.0	-329.22647	1.1490703	8.34465e-10	447.23490595817566
350	-26.251717	60.097755	57.626534	-136.41107	432.1111	-29.5945	24.700882	22.80555	-117.39208	1404000	-0.028059088	1558.5204	0.0	-709.723	1.2097901	4.336238e-09	449.71909284591675
351	-34.06698	83.09254	45.896793	-236.99384	227.3077	-4.2380443	22.688019	32.619156	-112.79132	1408000	0.018080324	1178.813	0.0	-376.13678	1.1741207	2.235174e-10	452.5721709728241
352	-54.821762	75.33327	62.322647	-207.02376	221.41176	-13.323793	29.211348	36.139988	-101.854935	1412000	0.0052339435	1181.4628	0.0	-408.78748	1.1540055	6.854534e-10	454.35367584228516
353	-32.183018	56.733936	44.646873	-173.08237	311.58334	-16.107937	20.959238	34.37919	-95.154434	1416000	-0.026883319	742.9662	0.0	-239.7878	1.18432	1.3113022e-09	456.5203170776367
354	-31.398556	53.677322	29.051174	-152.91005	218.93333	-15.402047	22.813953	35.353683	-102.178894	1420000	-0.050547555	752.5982	0.0	-253.06711	1.1664395	1.6391277e-09	458.17867398262024
355	-46.416588	73.28126	39.317833	-253.4083	227.52942	-11.934174	29.707691	34.303886	-119.676476	1424000	-0.012442414	1246.6176	0.0	-267.5197	1.1536028	2.6822091e-09	459.7357201576233
356	-52.126705	38.53577	29.05525	-89.2796	375.22223	-30.932737	29.441698	31.719881	-110.50822	1428000	0.018471975	1475.0569	0.0	-893.22614	1.2162106	-2.2053719e-09	462.2812089920044
357	-54.84451	100.97693	34.156517	-317.52408	280.14285	-14.094016	24.04184	40.61841	-118.01447	1432000	-0.01006411	1472.6277	0.0	-536.86707	1.15241	2.9355287e-09	464.5186400413513
358	-11.268455	53.5273	41.031803	-134.83195	288.6154	-17.855032	26.34839	31.548513	-122.08332	1436000	-0.017768309	864.21533	0.0	-214.49805	1.1747892	1.5795231e-09	466.66428399086
359	-5.75085	33.462452	56.36265	-50.01978	305.81818	-13.581574	20.008173	30.084095	-118.73574	1440000	-0.027583625	701.45685	0.0	-232.37328	1.1933887	-1.4156103e-09	469.26779103279114
360	-16.924448	57.57618	58.837624	-140.24231	360.1	-7.0890627	22.721605	39.999313	-117.8734	1444000	-0.031841427	1017.2356	0.0	-339.75763	1.1843104	-2.2947788e-09	471.25875902175903
361	-24.278399	45.680466	47.364773	-159.00232	222.11765	6.311957	24.352564	50.201218	-88.73213	1448000	-0.016771294	1051.9501	0.0	-565.96606	1.1658958	-1.2069941e-09	473.8006241321564
362	-18.62198	50.48267	35.77449	-123.544876	377.1111	-17.804773	21.746346	28.75055	-112.86202	1452000	-0.04205807	766.0847	0.0	-303.1076	1.1994581	-1.296401e-09	476.2142581939697
363	7.423762	26.745546	64.342705	-34.71353	362.77777	-6.4269266	20.827332	42.729477	-111.21568	1456000	-0.02163792	513.2768	0.0	-139.39642	1.2043865	5.960463e-11	478.7404499053955
364	-48.44004	76.76692	21.929237	-228.98012	228.25	1.9858496	22.395826	37.720825	-98.606186	1460000	-0.028344259	1511.8829	0.0	-830.5637	1.1635101	-2.0712614e-09	480.33310294151306
365	-58.966633	65.85661	36.26173	-222.18231	245.76923	-23.69241	30.592836	32.352097	-124.595345	1464000	0.015658386	1614.3964	0.0	-775.58923	1.1782683	-4.768371e-10	482.7987139225006
366	-35.145542	50.781998	34.708958	-138.0719	367.0	-21.431618	22.029554	28.33651	-129.34714	1468000	-0.034926105	861.0713	0.0	-366.1972	1.2006876	6.4074995e-10	485.51337599754333
367	-32.244175	57.572117	40.54841	-196.63905	215.76471	0.3464867	18.556187	42.501026	-102.49182	1472000	0.026315652	1255.6145	0.0	-704.7844	1.1591687	3.1888485e-09	487.57964611053467
368	-43.272205	64.94252	19.673843	-191.8396	327.5	-19.013472	22.087612	32.194004	-118.81781	1476000	-0.043843344	1223.0262	0.0	-376.76624	1.197921	-2.3394824e-09	490.0248701572418
369	-42.28091	51.291798	12.355097	-133.621	262.0	-15.41633	29.661766	37.376076	-124.59038	1480000	-0.032845646	856.8762	0.0	-348.10815	1.1855166	-1.1920929e-09	492.30867195129395
370	-12.107601	38.363552	53.68386	-98.66114	206.16667	-11.468622	23.087004	34.02155	-130.97522	1484000	-0.047762908	732.57166	0.0	-251.98605	1.1528919	2.9802313e-11	494.5447030067444
371	-14.822535	43.14059	41.22256	-124.93788	328.72726	-11.037665	23.385572	34.986996	-108.18571	1488000	-0.0609758	522.5131	0.0	-156.8642	1.1935903	7.599592e-10	496.64315605163574
372	-15.080432	46.974342	32.10073	-142.3156	311.91666	-5.67986	24.047176	37.49467	-118.05476	1492000	-0.03515004	624.9049	0.0	-142.31601	1.1869417	-1.4752151e-09	498.9211370944977
373	-12.168444	40.866825	69.84701	-96.65189	192.3	-3.399653	28.688427	33.890762	-121.78351	1496000	-0.041015103	904.5753	0.0	-395.99817	1.1351585	-5.066395e-10	500.85387897491455
374	-4.853896	43.614094	25.00671	-91.50022	517.4	-15.4928875	19.102009	29.447771	-100.847176	1500000	-0.037009403	809.27936	0.0	-389.16125	1.222308	-1.5199184e-09	503.459037065506
375	-28.444479	39.39984	11.525692	-122.27463	177.33333	5.6370525	23.269915	41.722736	-105.48808	1504000	-0.02668	822.51996	0.0	-418.87805	1.1663259	-2.7120113e-09	505.11422991752625
376	-25.003437	42.33353	38.17411	-140.9038	203.89473	-5.9670296	24.288078	40.375072	-127.429375	1508000	-0.04731291	595.2362	0.0	-227.11584	1.1395383	5.066395e-10	506.6297981739044
377	-25.305449	57.56021	49.63472	-220.44139	184.28572	-13.281431	28.8228	37.590214	-134.29381	1512000	-0.04403954	720.9872	0.0	-179.85274	1.1302755	1.0728836e-09	508.08312702178955
378	-51.40116	84.13924	38.28689	-243.06822	189.0	-21.85391	29.25559	31.537212	-124.40566	1516000	0.021220125	1261.8445	0.0	-417.8708	1.1419315	3.8743017e-10	509.7623882293701
379	-48.17303	46.328934	29.221327	-116.4894	315.41666	-19.25181	22.531242	27.16847	-123.9803	1520000	-0.041720353	797.86755	0.0	-196.53546	1.1862005	-1.6242265e-09	511.6721131801605
380	-37.885925	46.020447	4.330277	-144.26334	389.375	-23.240463	25.738941	36.450302	-123.49864	1524000	0.01016799	896.1304	0.0	-488.75452	1.1902301	-7.301569e-10	514.3735039234161
381	-66.19174	73.70317	34.13131	-221.23044	416.25	-9.9517565	21.834534	32.855877	-89.24792	1528000	-0.019908039	1189.8225	0.0	-366.68176	1.1806178	4.917383e-10	516.8373391628265
382	-18.161898	50.319633	48.077526	-153.09814	317.58334	-9.899166	24.491491	40.37134	-85.69797	1532000	0.0026652403	874.44385	0.0	-423.50653	1.1844149	2.592802e-09	518.8081901073456
383	-22.476923	53.09042	47.066475	-166.80373	189.7	-6.1873693	24.585342	43.383022	-125.26425	1536000	-0.047266558	808.8631	0.0	-291.27344	1.1196821	-1.9818545e-09	520.1716620922089
384	-51.89532	51.715935	1.469898	-127.23107	368.875	-26.763477	24.786098	31.492033	-127.10777	1540000	-0.028217986	1113.3542	0.0	-539.78503	1.1899182	-9.0897084e-10	522.9096491336823
385	-30.310793	92.23918	66.52778	-298.20938	349.36365	-5.820921	21.070814	37.15188	-122.21312	1544000	0.024003103	838.59644	0.0	-307.18164	1.1766568	-1.8924475e-09	525.1033120155334
386	-40.154095	54.068314	50.059982	-126.95558	304.58334	-9.780389	28.688875	39.91816	-131.94476	1548000	-0.047732957	1135.8354	0.0	-382.14935	1.1648057	1.0132789e-09	527.4937489032745
387	-7.939108	39.448734	56.59122	-73.98893	365.0	-14.740907	21.412975	35.4174	-93.86236	1552000	-0.045792043	700.02356	0.0	-251.70464	1.1819103	2.2053719e-09	529.8807790279388
388	-52.677906	73.378044	44.069496	-216.94214	353.54544	-12.586307	26.898514	36.5775	-126.94406	1556000	-4.1879714e-05	674.8095	0.0	-150.78018	1.1733987	1.6093253e-09	532.0438740253448
389	-10.186016	34.33065	81.76577	-45.364975	251.91667	-8.204588	23.18129	39.018894	-113.97799	1560000	-0.0026451573	583.29175	0.0	-170.00159	1.169428	-2.5629998e-09	534.6686010360718
390	15.926111	20.519526	39.531677	-12.500454	686.4	-12.711303	19.532864	36.45807	-119.062294	1564000	-0.02294854	582.8984	0.0	-283.7934	1.208507	4.917383e-10	538.0184271335602
391	-7.930281	33.44665	55.67323	-62.640762	344.0909	1.5770139	19.912762	42.77744	-82.27732	1568000	0.022274632	463.8529	0.0	-168.85297	1.1840584	-9.536744e-10	540.1590440273285
392	-3.3210394	32.212666	51.97407	-72.77026	283.57144	-0.22042252	19.9799	41.75971	-93.103806	1572000	-0.030654091	653.21674	0.0	-232.82213	1.1623101	-6.854534e-10	542.3479499816895
393	-21.676868	73.89343	88.91215	-183.44821	414.77777	-5.5670557	19.649096	49.85702	-92.770355	1576000	-0.022773651	770.8061	0.0	-232.39972	1.1830754	9.0897084e-10	544.7261428833008
394	-43.08045	56.511116	40.128376	-170.19138	254.2	-5.4785523	19.875706	38.013245	-113.123566	1580000	0.0144345835	995.17664	0.0	-467.26108	1.1492424	-1.3411044e-09	546.6682121753693
395	-48.018124	94.77609	16.360228	-294.2277	362.875	-20.63265	25.930826	28.01376	-110.47946	1584000	-0.008090755	1217.8617	0.0	-693.464	1.1861098	1.6987324e-09	549.0123722553253
396	-18.099728	33.71583	46.086143	-63.40656	418.8889	-7.2244735	20.331827	38.943947	-108.138626	1588000	-0.045564845	849.04346	0.0	-242.23727	1.1921477	1.6391277e-09	551.4016292095184
397	-5.7807736	44.82388	31.274857	-100.19591	391.125	-8.169146	20.004255	31.780687	-105.49164	1592000	-0.021879349	632.66223	0.0	-158.79778	1.1983821	-1.1026859e-09	553.7292609214783
398	-8.442496	21.564676	24.175043	-46.48095	455.33334	-9.090526	18.412203	33.94759	-83.24012	1596000	0.003835159	405.51788	0.0	-110.858765	1.2069721	5.0663945e-10	556.3023478984833
399	-54.097874	43.064106	4.5299706	-128.86407	594.6667	-17.405771	27.27839	49.79026	-108.092155	1600000	0.012854006	823.7575	0.0	-365.55908	1.1996205	2.4288893e-09	559.2670838832855
400	-22.32372	35.989132	39.77765	-115.04518	196.42105	4.6494284	17.829685	38.537098	-103.67531	1604000	-0.025821265	1019.0635	0.0	-587.58246	1.1345464	-1.1771917e-09	560.5648009777069
401	-23.425491	64.224594	58.370586	-148.4573	382.8889	-19.631922	26.15269	29.36865	-130.88687	1608000	-0.016190298	775.60144	0.0	-309.39374	1.1810908	-9.2387203e-10	563.3763689994812
402	-27.499472	33.52343	17.895222	-92.02219	320.58334	-8.049273	23.21592	36.471653	-113.76351	1612000	-0.02715762	477.84277	0.0	-200.68277	1.1711117	2.8759242e-09	565.6872081756592
403	-40.38298	69.60195	50.074497	-145.64151	425.0	-11.26525	18.92072	46.791107	-107.87398	1616000	-0.04451081	1205.4358	0.0	-594.07947	1.1693405	-1.0728836e-09	567.8954300880432
404	-33.286026	54.00828	41.376514	-153.9221	364.33334	-4.669112	24.222797	48.46001	-101.65713	1620000	-0.032888446	841.8867	0.0	-345.78027	1.1873119	2.026558e-09	570.5571660995483
405	-37.016228	67.01023	31.59586	-245.3774	205.26315	-2.592505	26.644186	62.694283	-124.66364	1624000	-0.022411603	1632.1604	0.0	-869.0481	1.124722	-3.4272668e-10	572.0077970027924
406	-25.519186	40.138035	42.85848	-112.61168	383.8889	-32.909058	34.226944	45.434353	-127.19955	1628000	-0.013053432	1253.1172	0.0	-805.3137	1.1757061	-2.6226044e-09	574.5773038864136
407	-18.77838	56.867645	53.692818	-139.59158	250.53847	-4.4851403	24.432617	41.828373	-114.91786	1632000	-0.005919097	691.3275	0.0	-217.70294	1.1612269	-1.4901161e-10	576.6695399284363
408	-17.097113	43.28678	40.909973	-121.876976	346.3	-23.144104	25.416914	32.834217	-103.60942	1636000	-0.04554796	798.4584	0.0	-427.76138	1.1752782	-1.564622e-09	578.7340159416199
409	-17.247602	28.776058	24.213629	-61.25657	330.0	-6.5474257	21.577389	36.645733	-120.78138	1640000	-0.028947769	616.65704	0.0	-173.57837	1.1810565	1.564622e-09	580.9836490154266
410	-51.008106	54.188026	32.315422	-191.5942	289.6	-4.3749757	24.616686	40.357788	-96.53785	1644000	-0.027650278	761.7884	0.0	-282.3175	1.1648235	2.1159647e-09	582.820681810379
411	-16.439777	48.680786	45.425694	-107.49565	312.0909	-6.026627	26.232252	38.30328	-102.72569	1648000	-0.046880838	591.7816	0.0	-132.86185	1.1604674	-4.4703477e-11	584.8417119979858
412	-51.82674	76.29289	-1.64665	-232.2344	443.0	-19.466946	25.312616	42.24758	-113.688354	1652000	0.025193535	1085.4894	0.0	-511.47772	1.2031705	-2.384186e-10	587.4853670597076
413	3.431639	28.12971	54.209354	-24.213444	330.77777	-6.2061853	19.797314	54.95197	-95.57188	1656000	-0.014637534	482.4882	0.0	-213.34203	1.1839509	1.4901163e-09	590.5801079273224
414	-62.746643	92.470955	13.898988	-285.5042	404.0	-10.228074	23.84409	45.94665	-113.23724	1660000	-0.010294437	1316.7244	0.0	-349.20312	1.1760769	1.1920931e-10	592.5798630714417
415	-34.339466	61.010197	47.4406	-200.77928	199.29411	-8.309684	29.240818	38.50574	-133.0107	1664000	-0.041783124	1078.0162	0.0	-549.14813	1.1094074	1.4156103e-09	594.0217871665955
416	-18.4571	30.878862	32.119583	-65.59032	364.1111	-22.504238	30.802273	35.036484	-135.15327	1668000	-0.027781889	1100.7192	0.0	-633.8168	1.1731846	-4.6193602e-10	596.3675580024719
417	-16.889187	52.432884	55.57551	-108.70786	400.33334	-3.939857	19.762632	36.77955	-78.734985	1672000	-0.030661486	604.62756	0.0	-176.90883	1.1942854	2.0563602e-09	598.8124299049377
418	-28.861403	50.96709	14.823461	-167.24892	358.18182	-2.2252846	21.305904	37.81826	-86.90516	1676000	-0.03279698	436.39575	0.0	-153.77705	1.1689515	1.9371504e-10	602.1709439754486
419	-23.331066	46.08887	55.429504	-115.28366	290.36365	-9.993496	22.964163	38.278393	-115.52188	1680000	-0.025716826	622.6842	0.0	-210.9259	1.1693425	7.0035466e-10	604.3378150463104
420	-50.24366	48.413612	4.2839327	-163.56093	385.8889	-11.302695	22.679197	40.940277	-115.44862	1684000	-0.035867266	827.69836	0.0	-293.56134	1.186068	-4.917383e-10	606.8289058208466
421	-37.38603	71.058136	28.032911	-243.41057	255.86667	-4.209678	27.342245	42.304874	-118.54154	1688000	-0.029679518	936.14453	0.0	-412.14166	1.1290122	7.4505807e-10	608.6872320175171
422	-14.691275	53.27078	42.018578	-97.70365	478.2	-14.550243	26.053215	46.510384	-125.3275	1692000	-0.0188988	582.5775	0.0	-280.87036	1.2125058	-1.7434358e-09	611.5100109577179
423	-37.23521	43.183445	30.918009	-96.950226	410.22223	1.3873833	29.12893	47.75675	-124.845695	1696000	-0.026156276	832.77966	0.0	-378.24457	1.178963	-2.220273e-09	613.3069539070129
424	14.9776	26.915682	55.8288	-13.55451	503.4	-11.805194	21.076584	46.01678	-95.939674	1700000	-0.018872961	510.48523	0.0	-218.05605	1.2052473	-1.8030406e-09	616.5112822055817
425	-27.333096	58.138943	50.381683	-125.00974	409.75	-0.052800782	25.006865	46.46624	-107.7739	1704000	-0.009860281	844.5326	0.0	-255.98274	1.1894376	-1.8924475e-09	618.8500730991364
426	0.3139763	35.93508	42.92092	-50.855145	435.5	-2.4842591	20.413462	51.989822	-92.582184	1708000	-0.026365537	573.12054	0.0	-160.32314	1.1915383	2.9802322e-10	621.2553780078888
427	0.679142	27.98567	54.278522	-48.50396	313.33334	-1.2133529	24.920015	42.892414	-86.822235	1712000	-0.020366346	438.1467	0.0	-193.2107	1.1637955	-8.046627e-10	623.3014509677887
428	-46.54275	60.639275	14.082701	-176.19952	294.66666	-13.72233	23.584547	43.35851	-90.73503	1716000	-0.01099778	812.1324	0.0	-268.21057	1.1742438	8.1956386e-10	625.9053328037262
429	-18.411322	65.921875	52.15555	-188.26031	356.5	-11.601566	24.755342	47.261574	-102.57209	1720000	-0.028140338	658.1404	0.0	-309.45532	1.1674901	-1.4007091e-09	628.2705671787262
430	3.4143822	20.823818	29.164495	-26.320616	499.625	-9.261705	21.611437	42.213886	-99.49605	1724000	-0.0034308732	571.46985	0.0	-345.74738	1.2053387	-1.758337e-09	631.080127954483
431	0.43902484	30.8784	44.733994	-72.08197	309.72726	1.427346	23.348257	52.86503	-101.284225	1728000	-0.029769968	655.5193	0.0	-211.44975	1.169313	1.0877848e-09	633.3354821205139
432	-29.053555	49.100266	21.258133	-147.24185	354.4	-6.9684286	25.972363	47.005386	-109.06238	1732000	0.012232032	837.3119	0.0	-461.8435	1.1654534	2.6524067e-09	635.3117320537567
433	-9.45678	40.43623	68.47246	-92.782486	330.36365	-9.74818	21.76069	41.0049	-104.77122	1736000	-0.033416416	614.98425	0.0	-267.26147	1.168546	-1.6689301e-09	637.0380258560181
434	-18.52703	52.756233	39.331646	-181.22119	192.55556	-4.147511	25.346546	52.56089	-108.4503	1740000	-0.048325706	1000.7273	0.0	-380.487	1.0943172	1.1324882e-09	638.4628610610962
435	-8.83483	19.79264	22.487543	-48.79821	328.9091	-16.384087	26.648647	40.831833	-111.497154	1744000	-0.02236699	895.5543	0.0	-419.43652	1.1754172	-3.874302e-10	640.5891160964966
436	-16.679245	43.03757	53.804188	-69.61792	543.2	-10.418858	20.089298	50.59604	-83.54615	1748000	-0.050294165	611.18317	0.0	-139.00322	1.21342	2.428889e-09	643.1867370605469
437	-41.19224	28.454103	8.22826	-85.55486	410.42856	-3.8125658	25.044973	46.604034	-109.62718	1752000	-0.017989535	834.8928	0.0	-165.64197	1.1898847	-1.2814998e-09	645.7747418880463
438	4.124087	38.9642	81.57042	-57.018406	358.4	1.9740969	21.370403	60.078598	-75.877335	1756000	-0.0027960164	442.031	0.0	-179.67366	1.1653403	-9.536743e-10	647.7491459846497
439	23.906952	29.178986	54.389194	-21.491776	670.8	-17.519695	15.655235	41.549202	-100.76427	1760000	-0.045556314	595.6854	0.0	-384.83276	1.2329006	-9.23872e-10	650.7891170978546
440	-38.838062	60.819492	60.359253	-171.9508	341.45456	11.622622	30.02343	64.5805	-121.09998	1764000	0.0057397326	1589.613	0.0	-1123.1097	1.1622131	-2.6226044e-09	653.1907749176025
441	-32.249634	72.39039	50.179974	-216.1476	417.77777	-16.898827	30.682547	43.27774	-132.02467	1768000	-0.017375626	887.38745	0.0	-349.05145	1.1504207	-1.1175871e-09	656.3230509757996
442	-6.5298214	38.969025	71.439255	-56.297077	387.66666	-10.540684	21.757654	43.488415	-109.50674	1772000	-0.01879444	503.2572	0.0	-155.82051	1.179184	7.7486034e-10	658.9302968978882
443	-4.0478024	29.82992	41.251247	-60.139557	260.0	0.53739756	21.453148	53.10707	-109.35186	1776000	-0.027121164	419.47845	0.0	-88.39403	1.1572962	4.6640634e-09	661.4781720638275
444	1.0368023	67.08088	48.859726	-163.36769	391.875	-3.0231118	20.228062	48.094658	-101.21235	1780000	0.015205014	779.53986	0.0	-377.31226	1.1696055	-1.5795231e-09	664.6152160167694
445	-7.3460417	40.5891	57.034386	-61.470135	356.8	-1.6667203	26.412611	53.228516	-93.72824	1784000	-0.0223154	471.5271	0.0	-161.04549	1.1805108	1.952052e-09	667.8025918006897
446	-18.540777	45.316696	41.93293	-105.812454	292.1	-6.3495154	28.935633	41.69374	-122.07621	1788000	-0.021714348	594.4606	0.0	-195.00334	1.1386421	2.1457671e-09	669.8573579788208
447	-0.72823143	33.256027	27.707756	-64.65552	430.7143	-4.5191154	17.31811	43.87317	-86.39006	1792000	-0.04137642	530.23676	0.0	-235.4086	1.1904471	1.0877848e-09	672.5829799175262
448	-31.959534	48.829716	18.55168	-116.39839	382.44446	-3.1990314	27.065569	46.308514	-103.32495	1796000	-0.04117155	480.84265	0.0	-147.84975	1.1695545	-3.5762787e-10	674.9138798713684
449	-40.57333	42.286526	3.888702	-99.31084	627.5	-5.2844443	22.734764	55.90019	-100.20342	1800000	-0.012361322	460.6689	0.0	-126.580185	1.211107	2.6822091e-09	677.4210181236267
450	6.4615493	35.564453	34.090122	-60.32299	523.0	-6.1525483	27.375273	66.0365	-89.351105	1804000	-0.024984289	509.98022	0.0	-218.15004	1.1963625	5.8114524e-10	680.2053940296173
451	-40.984325	89.6774	25.04538	-253.97012	383.7143	1.2907405	31.099058	63.71149	-80.90179	1808000	0.028701	1119.3123	0.0	-552.1986	1.1711512	2.8312208e-10	683.1795020103455
452	-16.287191	47.04428	39.662567	-144.04944	327.36365	-9.915488	29.194353	45.398643	-120.61782	1812000	-0.024576845	1155.4395	0.0	-538.9778	1.135803	1.564622e-09	685.690131187439
453	-21.738901	52.871986	31.405828	-135.36807	429.0	-15.958706	22.954496	31.06322	-100.77501	1816000	-0.03110758	732.1603	0.0	-329.23975	1.1704371	2.1606685e-09	689.0654289722443
454	-18.930717	61.25028	52.203976	-151.4491	492.75	-7.9831357	21.766314	36.57166	-124.9338	1820000	0.019088376	595.9533	0.0	-221.27202	1.2006259	8.7916846e-10	692.2846078872681
455	-2.5258265	46.55517	50.241505	-114.04891	248.27272	-8.225437	20.899563	34.510757	-116.58801	1824000	0.00042660907	754.9606	0.0	-321.46353	1.1565064	-1.4156103e-09	695.6419150829315
456	2.8260136	38.474705	61.593945	-38.31449	776.5	-6.0781746	17.170639	50.014614	-75.09775	1828000	-0.041791424	377.9126	0.0	-149.4041	1.2328949	-1.5199184e-09	699.163556098938
457	-5.504533	17.371855	19.252125	-26.560282	349.1	1.3340638	25.372211	50.078236	-87.454895	1832000	-0.045444287	825.8976	0.0	-439.98145	1.1473558	2.9206277e-09	701.3958339691162
458	3.4454913	47.042393	71.17212	-98.18855	564.8571	-11.283095	22.67975	40.47413	-87.599045	1836000	-0.04322907	892.1578	0.0	-425.48874	1.1971695	-8.642674e-10	704.6418631076813
459	-24.82657	17.045052	-6.062899	-52.55513	802.5	-9.4638	19.399132	36.35385	-99.87773	1840000	-0.018656384	327.38287	0.0	-154.4914	1.2197049	3.218651e-09	707.3623578548431
460	11.526851	26.964659	45.573708	-37.144985	423.85715	0.5770978	23.066818	63.877197	-116.78685	1844000	0.0031841416	425.87274	0.0	-150.11012	1.1938174	-2.2947788e-09	709.7359750270844
461	-54.869774	90.82695	31.073116	-253.14238	296.72726	2.486857	29.994247	63.946976	-117.13486	1848000	0.008567274	1542.3884	0.0	-874.2821	1.1515353	-2.5331975e-10	712.4309821128845
462	-18.060326	63.399086	62.714684	-165.85619	436.75	-16.705694	27.601639	32.13417	-137.91217	1852000	-0.0021710107	951.504	0.0	-454.26022	1.1708306	-8.0466267e-10	715.3029029369354
463	-2.422682	25.089556	33.99502	-36.530853	381.4	-2.9305813	20.596228	42.41003	-83.39458	1856000	-0.019646306	485.70477	0.0	-119.612915	1.1769717	1.3709068e-09	717.5309159755707
464	-0.68441963	30.971344	49.654526	-46.24088	414.125	-10.230572	25.915121	47.077633	-120.48567	1860000	-0.02481633	826.32263	0.0	-309.11307	1.1674306	4.127622e-09	720.1459701061249
465	-1.1540339	42.423607	46.501835	-80.4136	477.25	-6.3224535	22.49616	43.58463	-86.62037	1864000	-0.037719354	556.1645	0.0	-147.55652	1.1939251	-9.685756e-10	723.258780002594
466	-0.48587772	35.653297	61.07691	-44.113266	423.14285	-3.716139	24.50753	43.499878	-104.01391	1868000	-0.013570315	648.9422	0.0	-241.44951	1.199389	0.0	725.9093279838562
467	13.372928	22.196075	54.59805	-15.846126	553.1429	-5.5084467	21.05875	46.022152	-114.209885	1872000	-0.03444732	528.6446	0.0	-184.0481	1.2161696	5.215406e-10	729.6689651012421
468	0.522912	38.073036	54.026943	-67.4188	406.25	-0.3331321	22.417318	56.522835	-123.09904	1876000	-0.03277887	440.4615	0.0	-190.38141	1.1809242	1.564622e-09	732.0579390525818
469	-1.3238602	124.86111	100.36053	-270.24088	644.6667	-5.2745175	21.456385	42.459137	-103.727104	1880000	0.004525736	1270.3386	0.0	-523.6556	1.2196176	3.7252906e-10	735.2494571208954
470	20.585384	21.828222	44.173832	-7.9164224	1000.0	-10.541204	25.317247	53.693718	-131.74178	1884000	-0.015959045	384.75284	0.0	-226.53198	1.2285036	1.1622907e-09	738.3476319313049
471	5.462332	29.83023	85.14562	-24.105099	297.15384	17.13314	28.735565	96.874725	-93.74886	1888000	-0.016588373	1337.5195	0.0	-927.6508	1.1522439	-2.2351743e-09	740.570249080658
472	7.766525	25.18085	52.7496	-21.339693	412.42856	-6.277557	20.952019	38.74516	-118.24115	1892000	-0.00032939576	472.08057	0.0	-182.94368	1.1995611	-4.0233136e-10	743.225447177887
473	20.132893	31.373993	79.15372	-33.660255	396.375	-1.0326248	19.756636	53.826344	-85.78137	1896000	-0.034354918	347.57108	0.0	-70.690186	1.215337	4.768371e-10	745.7089819908142
474	-21.01103	63.597786	56.887306	-137.77315	430.0	0.26601857	22.272335	46.985294	-113.47805	1900000	-0.033332262	631.6897	0.0	-220.5662	1.1979454	-7.152557e-10	748.3745200634003
475	12.508267	28.15495	77.55914	-32.420956	341.9091	2.9010582	24.824694	53.217007	-90.529655	1904000	-0.013188258	392.6823	0.0	-208.22104	1.1873062	-1.0281801e-09	751.0098469257355
476	-20.163809	105.37379	48.986893	-273.03268	480.14285	-8.612466	25.456583	44.139507	-122.68265	1908000	-0.025635816	647.23303	0.0	-315.79846	1.2130522	9.834766e-10	753.7196300029755
477	-33.56698	40.32861	56.620365	-77.00685	349.6	4.70817	24.838537	56.054134	-107.193794	1912000	-0.014555596	756.4286	0.0	-535.9439	1.1932775	3.427267e-10	756.1462669372559
478	-2.7529063	32.840897	65.61767	-38.99405	487.125	-11.498208	27.299782	54.060905	-127.531975	1916000	-0.05394076	929.124	0.0	-506.2732	1.2079488	8.4936624e-10	759.2358570098877
479	12.352229	38.176685	85.79873	-44.03561	430.85715	-3.5917907	20.783209	45.703434	-86.06453	1920000	-0.023464518	587.146	0.0	-240.32895	1.2130783	1.5944243e-09	761.6700580120087
480	-3.0917883	22.33369	46.40228	-29.313742	280.7	6.9359937	24.159508	57.366245	-99.0547	1924000	-0.0060204566	733.8937	0.0	-385.53247	1.1755471	-3.3229588e-09	763.7035970687866
481	-20.192293	38.382416	28.47676	-91.67861	271.66666	-2.9961917	28.376791	50.491684	-117.220764	1928000	-0.04114998	745.958	0.0	-356.33752	1.1450717	1.4901161e-09	765.5946810245514
482	-31.550688	55.812218	32.160522	-180.62248	196.27272	-6.600448	23.427355	49.83204	-110.253716	1932000	-0.012303043	819.7151	0.0	-309.72034	1.1641717	-3.4272674e-10	767.7370309829712
483	15.430866	22.440033	41.951267	-25.619766	397.0	-15.820025	22.19604	30.840332	-105.01587	1936000	-0.068846606	569.7407	0.0	-265.67032	1.1949414	-1.1175871e-09	770.3136260509491
484	15.068205	38.947834	83.036354	-54.17799	374.75	-5.7028346	20.263391	30.467237	-95.22385	1940000	-0.07933698	545.4498	0.0	-162.88249	1.201011	-2.4735929e-09	773.2806119918823
485	-12.801984	56.705505	66.20326	-156.79628	362.0	-1.6205484	22.588058	43.793045	-112.93724	1944000	-0.060435615	685.7546	0.0	-306.89743	1.1431293	-1.385808e-09	775.4730038642883
486	-16.734865	65.841354	37.21524	-154.46913	496.42856	-8.6690645	27.686445	44.606724	-118.97162	1948000	-0.0015845858	451.68707	0.0	-146.6917	1.2148563	1.4305115e-09	778.0943651199341
487	10.278199	29.00697	69.232925	-43.42103	343.63635	-6.6360507	28.457918	51.11998	-104.46767	1952000	-0.03236892	664.7762	0.0	-250.17915	1.1824814	1.0579824e-09	780.266420841217
488	-4.229128	77.001434	64.30463	-209.37802	315.1	-3.66074	28.533085	51.00626	-102.034096	1956000	-0.051347647	493.43295	0.0	-107.931625	1.1656616	-2.0712614e-09	782.1979110240936
489	3.4888859	33.519485	58.746494	-45.260513	491.25	-4.661761	21.88164	45.248173	-111.75536	1960000	-0.0086684525	590.1837	0.0	-161.97519	1.2210734	-3.2782554e-10	785.5364792346954
490	18.06995	38.175	50.23426	-53.17827	656.8	-10.757358	22.040594	42.75568	-109.6071	1964000	-0.04291415	636.069	0.0	-362.36108	1.2203159	7.1525574e-10	788.317577123642
491	-22.69628	92.07388	56.973328	-227.17564	491.42856	2.2213411	27.982517	52.731346	-89.20055	1968000	0.023292352	1145.159	0.0	-743.29736	1.1968231	-2.8312205e-10	790.3575401306152
492	2.7866464	57.599083	83.65863	-140.855	344.5	-0.7932357	26.73944	50.540676	-113.49488	1972000	-0.00065615587	755.94885	0.0	-259.7846	1.1625583	5.8114524e-10	792.7974271774292
493	21.231308	24.30847	69.646034	-3.4117908	403.14285	-5.7311277	24.896513	44.55716	-116.98282	1976000	-0.022400271	465.2405	0.0	-260.45193	1.1835525	1.8030405e-09	795.2273058891296
494	10.511106	42.131172	48.726486	-54.619385	768.25	-3.9171164	17.695198	53.098835	-78.51377	1980000	-0.046436533	324.3748	0.0	-114.53339	1.249367	7.1525574e-10	798.6086208820343
495	-9.58405	40.395855	45.909534	-103.179695	291.22223	8.244033	25.664528	53.77333	-95.56238	1984000	0.01160627	830.724	0.0	-497.73206	1.1572835	2.861023e-09	800.9730269908905
496	7.359801	29.341232	53.5435	-27.847618	588.1667	-6.4702516	18.538443	38.598866	-104.5445	1988000	-0.043318227	405.3294	0.0	-147.91074	1.2144989	1.0281801e-09	804.0135099887848
497	-0.92119855	82.432274	83.29274	-165.23032	599.3333	-1.5430869	26.544641	53.134747	-114.78915	1992000	0.028275117	592.064	0.0	-265.472	1.2048383	-3.233552e-09	807.7699549198151
498	-51.191227	59.895157	6.336962	-141.38756	606.25	-4.8862305	25.012644	55.596275	-142.33374	1996000	-0.03371544	667.91455	0.0	-330.22168	1.2199438	-5.066395e-10	810.5036680698395
499	22.08065	25.124178	50.061195	-28.761835	359.66666	2.4730775	28.109638	59.506695	-94.895195	2000000	-0.003836885	518.3486	0.0	-287.87814	1.1955447	-8.940704e-11	813.3289339542389
