Epoch	AverageEpRet	StdEpRet	MaxEpRet	MinEpRet	EpLen	AverageVVals	StdVVals	MaxVVals	MinVVals	TotalEnvInteracts	LossPi	LossV	DeltaLossPi	DeltaLossV	Entropy	KL	Time
0	-231.28975	100.747665	-62.228657	-502.15527	86.78261	-0.087809354	0.031871237	0.06908102	-0.19101253	4000	0.020990144	19483.498	0.0	-1063.0	1.3501682	7.4505807e-10	2.8833467960357666
1	-168.42514	102.954834	41.08493	-436.22705	96.48781	-3.9382288	0.60548884	2.0935123	-4.5059586	8000	-0.0015633815	10028.526	0.0	-624.8037	1.3695577	-1.8328429e-09	5.837954044342041
2	-116.809265	62.62217	-20.356974	-333.3426	104.23684	-7.6778545	0.13611093	-6.471572	-7.8140774	12000	-0.0029595657	4298.1313	0.0	-235.38843	1.3343164	-1.3560056e-09	8.84829306602478
3	-167.01979	115.092285	-21.982733	-507.53973	124.741936	-9.865427	0.19907297	-7.4927115	-9.975208	16000	0.026116531	8893.012	0.0	-389.39453	1.2778811	-7.301569e-10	11.92187786102295
4	-130.97818	113.89831	43.157574	-528.9705	139.21428	-12.610777	0.20417328	-10.893513	-12.704938	20000	0.02966962	6025.3535	0.0	-206.03271	1.2210916	4.61936e-10	15.131814002990723
5	-53.973747	77.15656	42.223965	-250.11905	150.57692	-14.7198515	0.16458644	-12.046643	-14.778194	24000	-0.0056382464	2357.677	0.0	-15.190918	1.1841804	-4.61936e-10	18.331046104431152
6	-33.999363	60.807167	47.25936	-197.86194	278.2143	-15.060498	0.75415355	-10.224429	-15.422318	28000	0.017811475	1562.3431	0.0	-11.914795	1.1291748	-1.5944243e-09	22.86564803123474
7	-115.45265	76.148674	19.134481	-264.6138	381.5	-15.1695175	0.19971685	-14.407978	-15.308412	32000	-0.016874267	1997.0597	0.0	-21.456787	1.1130837	2.0116568e-09	27.754994869232178
8	-35.75876	66.34898	63.442623	-174.72939	228.23529	-15.9015465	0.1091529	-15.383209	-15.959602	36000	-0.0040793135	1486.2501	0.0	-0.19226074	1.0312079	-3.2782554e-10	32.43267202377319
9	2.8569934	68.77244	176.99425	-138.66492	202.93333	-15.949658	0.1103299	-15.228923	-15.997544	40000	0.021071471	1425.6544	0.0	-15.231689	0.9678606	-1.1473894e-09	37.227843046188354
10	8.469896	70.206116	257.67203	-74.856346	201.57895	-15.308585	0.03830682	-14.866008	-15.338735	44000	0.009544036	1917.4077	0.0	-13.681763	1.0173941	-2.0563602e-09	40.778557777404785
11	32.6535	74.285965	145.86552	-66.28396	428.66666	-14.5988865	0.16777591	-11.915231	-14.650999	48000	-0.07196519	1752.6171	0.0	-40.24768	0.93236375	1.6242265e-09	45.4070827960968
12	26.328192	96.74093	178.91959	-129.22855	523.4286	-13.471818	0.1023702	-12.652832	-13.5272665	52000	-0.07989838	1148.7456	0.0	-37.005127	0.8903214	1.6242265e-09	51.770318031311035
13	-121.80736	95.52359	70.995834	-211.94664	549.0	-12.147083	0.41237083	-8.954012	-12.35284	56000	0.0019041331	1260.6978	0.0	-30.293945	0.9606409	1.192093e-10	57.71236801147461
14	-137.84132	49.22365	-15.904172	-196.10127	359.0	-12.988843	0.015973458	-12.885005	-13.004497	60000	-0.04517861	1274.4117	0.0	-85.647095	0.9772341	2.30968e-09	62.208518981933594
15	-97.861305	37.13112	-18.903679	-159.437	432.22223	-14.799596	0.05070115	-14.360043	-14.838667	64000	-0.0061836224	1381.5681	0.0	-32.904175	0.9717777	-1.7285346e-09	67.1018590927124
16	-84.14803	79.733086	92.797386	-213.40662	424.1111	-16.024445	0.04280485	-15.528702	-16.049679	68000	-0.021773176	1826.4806	0.0	-8.112793	0.89812505	5.5134297e-10	71.92019605636597
17	-43.292927	98.13437	180.70964	-124.8689	380.2	-16.64057	0.019936673	-16.528116	-16.658768	72000	-0.044305548	1838.0088	0.0	-0.15673828	0.9181035	7.4505807e-10	76.35242319107056
18	-65.90327	87.07685	101.47739	-152.58014	783.2	-16.664953	0.011904108	-16.603283	-16.676683	76000	-0.08026132	594.36774	0.0	-4.5856323	0.95944476	1.6838312e-09	82.92577886581421
19	-138.38136	47.318516	-89.911224	-203.19618	908.25	-16.208261	0.0062106173	-16.190266	-16.21942	80000	-0.02818656	375.898	0.0	-0.07562256	0.97280896	-1.3411044e-10	90.78083610534668
20	-44.690353	17.657337	-29.27494	-73.996735	1000.0	-16.218588	0.02173518	-16.154291	-16.257141	84000	-0.08666282	377.7155	0.0	-4.4912415	0.93479294	-8.642673e-10	97.93200492858887
21	74.2958	85.63202	174.74979	-40.238705	531.5714	-15.749706	0.030809095	-15.623968	-15.788468	88000	-0.1438736	1842.2784	0.0	-86.81592	0.8374887	1.3113022e-09	103.87035584449768
22	13.928219	93.68143	169.18034	-87.70097	603.3333	-13.588616	0.045734335	-13.403443	-13.648459	92000	0.0032186618	1865.9904	0.0	-21.740967	0.7947682	-1.3411046e-09	109.70407176017761
23	95.07295	116.106705	260.98236	-47.44188	349.9091	-12.418293	0.035959	-12.270677	-12.451673	96000	-0.0047234017	3477.149	0.0	-144.19531	0.6045748	-1.9073487e-09	114.5233838558197
24	65.04093	124.08284	250.51848	-71.27622	424.22223	-9.576779	0.053939644	-9.356194	-9.6267	100000	0.03838101	2757.1284	0.0	-58.06787	0.61898255	9.0897084e-10	119.50882196426392
25	58.22205	141.02316	264.1985	-158.48584	298.69232	-7.5730653	0.3312146	-5.885005	-7.745618	104000	-0.0075367144	3704.4146	0.0	-93.59155	0.6225552	-4.768372e-10	124.15208888053894
26	105.106445	113.18536	246.8313	-18.144756	326.0909	-4.681912	3.9086008	5.5985947	-6.592671	108000	-0.023194287	2711.9854	0.0	-45.085938	0.65609	1.2516975e-09	128.72329592704773
27	73.40717	131.80418	216.28604	-94.04051	660.1667	-3.7310724	3.7249398	5.1192884	-5.459862	112000	-0.054333463	1617.094	0.0	-3.9995117	0.74783236	-1.7881393e-09	134.85462594032288
28	-93.88368	133.1095	84.30703	-227.73871	794.8	-3.5061352	3.1254904	4.752902	-5.158022	116000	0.08423546	3116.6033	0.0	-194.99731	0.5767185	-3.5762787e-10	141.5535409450531
29	92.271576	138.40144	274.62494	-125.60535	645.3333	-5.9043436	1.5446551	5.351025	-6.3390775	120000	-0.06829972	2303.8015	0.0	-43.645508	0.64461404	-1.7881393e-09	147.59333181381226
30	58.68374	87.22884	132.91647	-109.858444	677.0	-4.5063725	1.6107589	4.3967237	-5.0641646	124000	-0.11455846	1493.6018	0.0	-61.807617	0.72807604	1.9073487e-09	153.64584183692932
31	43.81236	97.698395	147.1968	-76.809044	750.0	-4.278628	2.7809865	5.1424656	-5.369751	128000	-0.12335347	1337.9438	0.0	-11.703613	0.78630114	5.811453e-10	159.5846118927002
32	-55.317425	109.61945	146.97346	-171.82991	741.2	-5.116453	2.1224964	5.696969	-5.865252	132000	-0.044482857	1204.8949	0.0	-47.99536	0.82586145	3.874302e-10	165.57701301574707
33	-122.80819	27.735125	-77.94864	-166.99599	548.0	-6.4637423	0.34885654	2.9537396	-6.560891	136000	-0.06588762	1499.7361	0.0	-89.31055	0.8410718	1.2069941e-09	170.81278777122498
34	-116.803825	28.166328	-69.97405	-150.66277	505.0	-8.943966	1.1721007	7.8049164	-9.066772	140000	-0.03066246	1441.6991	0.0	-72.87134	0.8466872	-1.5199184e-09	176.10088181495667
35	-122.50889	35.78633	-60.635548	-169.42711	530.8571	-11.32655	0.0015577296	-11.318119	-11.327964	144000	-0.04773316	1040.537	0.0	-51.464233	0.89783376	-2.2053719e-09	181.05505204200745
36	-141.57576	26.955389	-110.60042	-184.95235	644.5	-13.409113	0.000606072	-13.405457	-13.409805	148000	-0.04981209	828.08954	0.0	-34.779724	0.8904158	-6.854534e-10	186.75748705863953
37	-200.55292	29.496946	-155.9568	-238.05298	840.25	-15.149609	0.00028804387	-15.147952	-15.150034	152000	-0.045379486	525.34393	0.0	-20.585968	0.90861094	-2.9802324e-11	192.70788288116455
38	-113.74839	17.391977	-86.654106	-129.6577	1000.0	-16.5131	0.000216691	-16.511274	-16.51346	156000	-0.02890145	152.2602	0.0	-0.4285431	0.891172	-2.9951335e-09	198.64802813529968
39	-83.52704	15.601959	-68.513535	-108.79843	1000.0	-16.37931	0.000114030525	-16.3788	-16.379585	160000	-0.051405754	172.66386	0.0	-4.514282	0.929279	-2.1457671e-09	205.71585774421692
40	-94.31335	17.109055	-71.931435	-111.91222	1000.0	-15.74215	0.00014815074	-15.741507	-15.742489	164000	-0.086100675	169.85814	0.0	-2.1765442	0.9130487	9.23872e-10	212.77981901168823
41	-69.675095	2.7576933	-67.15119	-73.93685	1000.0	-15.2672615	0.0001526396	-15.2668085	-15.2676115	168000	-0.08889787	206.34247	0.0	-5.8805084	0.9335537	-1.0430813e-10	220.4720458984375
42	-56.813377	10.873366	-44.15983	-68.85145	1000.0	-14.506758	0.00017803613	-14.506166	-14.507191	172000	-0.05142158	255.35031	0.0	-3.3143463	0.9009015	2.0712614e-09	228.78264498710632
43	-57.609493	16.97449	-45.42486	-86.64371	1000.0	-13.901436	0.000224221	-13.9008255	-13.901993	176000	-0.06978745	310.3686	0.0	-2.498169	0.89461553	6.2584876e-10	236.94515895843506
44	-33.55709	29.694622	-6.1638947	-83.36596	1000.0	-13.371642	0.00041617523	-13.369949	-13.372582	180000	-0.10513456	465.42294	0.0	-3.925537	0.885417	2.6375055e-09	245.72056603431702
45	-38.21265	24.917961	4.4991226	-56.163986	1000.0	-12.705731	0.0006379469	-12.703632	-12.707068	184000	-0.0780792	605.57574	0.0	-4.3987427	0.86625373	1.3411044e-10	253.22046613693237
46	-37.252304	32.351906	-7.4056177	-91.639114	918.0	-11.9707575	0.17188363	-6.76049	-11.98318	188000	-0.057466265	1120.7692	0.0	-6.192627	0.8447275	6.2584876e-10	260.00218892097473
47	-30.914928	39.336033	20.464615	-83.08246	1000.0	-11.206059	0.10726813	-8.670018	-11.220946	192000	-0.07672271	638.9726	0.0	-1.7167969	0.82625157	-6.556511e-10	267.5201449394226
48	91.54382	132.71574	238.46178	-115.79132	551.0	-10.667231	0.22544399	-8.287505	-10.74418	196000	-0.06406038	2475.0278	0.0	-239.37183	0.6166107	0.0	273.81492280960083
49	95.98683	139.65219	269.0777	-151.12926	480.14285	-7.3393583	3.1715906	7.593401	-8.204979	200000	-0.06090018	2460.2615	0.0	-44.11963	0.6500637	1.4007091e-09	279.77986693382263
50	128.81906	147.9013	252.88191	-199.38737	453.375	-3.969409	4.3130617	6.048188	-6.0916243	204000	-0.018876756	3266.9084	0.0	-55.336426	0.51842815	-1.0877848e-09	285.3329589366913
51	42.478176	114.553444	245.2987	-65.725235	555.4286	-3.7556145	1.7799991	4.301333	-4.181288	208000	-0.07403351	1601.1903	0.0	-2.7896729	0.68383795	-1.7881393e-09	291.7390420436859
52	30.060926	150.36209	226.98396	-215.48735	416.8889	-3.6835024	2.1358354	4.617959	-4.368673	212000	-0.0020790766	3171.3538	0.0	-3.345459	0.55305576	-2.2649764e-09	296.83898091316223
53	-35.230465	63.75537	73.097824	-105.939995	770.4	-3.7962308	1.3515012	4.3598275	-4.084819	216000	-0.044193927	809.10156	0.0	-5.953186	0.7125127	-1.0579825e-09	302.93882489204407
54	-50.253296	79.59727	155.99588	-148.92188	360.45456	-4.5118976	1.7451249	5.218447	-4.9209986	220000	0.052616388	1952.9752	0.0	-81.85657	0.6337854	-4.4703484e-11	308.26604890823364
55	-11.838794	129.6745	217.36748	-168.98409	277.83334	-7.3789062	2.294191	8.005688	-7.8612895	224000	0.049631972	2723.5654	0.0	-37.278076	0.5580555	2.7567149e-09	312.6827528476715
56	-60.64037	13.55108	-39.212017	-79.77612	646.2	-9.243959	1.6050057	9.570524	-9.404084	228000	-0.032246333	526.4903	0.0	-4.5093384	0.7710866	-5.811453e-10	318.79010701179504
57	-29.80749	118.70751	194.96143	-194.81914	335.7	-8.79804	2.2619364	9.38494	-9.19972	232000	0.011722289	1914.6521	0.0	-54.000854	0.6189224	4.6491624e-09	323.53443598747253
58	12.34412	110.936455	192.43443	-86.09859	311.81818	-9.122391	3.5850952	10.012005	-9.837621	236000	-0.053033344	1782.9498	0.0	-30.350586	0.63646865	1.7285346e-09	328.25071597099304
59	-69.566216	17.75473	-46.327286	-97.836395	509.85715	-7.2911034	2.5881896	8.07454	-7.817364	240000	0.049407914	720.99817	0.0	-15.127258	0.67945576	-3.2782554e-10	333.50201892852783
60	-23.31754	69.34	174.6345	-88.67203	380.4	-7.548694	2.794142	8.507716	-8.207408	244000	0.02806624	923.6009	0.0	-25.773132	0.5759771	2.69711e-09	339.5549418926239
61	-26.766668	88.98374	193.10052	-165.24146	258.6	-6.795345	1.68068	7.396245	-7.0368767	248000	0.060023025	1864.0508	0.0	-48.825073	0.5062274	1.3709068e-09	344.46641087532043
62	-40.514107	44.108326	21.221876	-143.56895	221.72223	-4.849943	4.7763867	7.346449	-6.9580307	252000	0.066074625	1380.9497	0.0	-36.56067	0.44865307	-2.1606683e-09	349.3884677886963
63	-42.32298	45.47003	35.214783	-156.74402	213.66667	-8.70599	1.1928514	8.882057	-8.83507	256000	0.08518005	1424.9072	0.0	-17.374512	0.40510684	2.965331e-09	353.9968070983887
64	-21.580935	42.22008	122.35735	-61.04319	211.44444	-10.370888	0.17733482	-6.922129	-10.409767	260000	0.038795926	1067.0377	0.0	-17.103271	0.40249282	-3.8444994e-09	358.4306390285492
65	-38.210686	36.806213	28.174515	-135.14285	107.567566	-8.732679	0.013957151	-8.169277	-8.733605	264000	0.06853225	1800.4485	0.0	-72.00696	0.46667627	-1.7881393e-09	361.48719096183777
66	-7.4504914	91.28815	198.1404	-106.6609	162.58333	-12.012502	0.9609664	-0.6763251	-12.169381	268000	-0.00011928064	2335.7505	0.0	-190.2168	0.4559985	5.632639e-09	365.26904010772705
67	-40.942284	32.498028	34.35093	-84.783424	104.57895	-11.067155	1.0755943	11.210913	-11.1329	272000	0.0690938	1282.6183	0.0	-46.461914	0.46662962	-5.0365925e-09	368.32711601257324
68	-35.49659	49.873684	179.35622	-171.76163	109.44444	-13.004812	3.9466302	13.620003	-13.686873	276000	0.042674135	1750.4614	0.0	-49.093384	0.41651487	-1.8328429e-09	371.3853418827057
69	-24.63242	54.642273	226.51945	-74.89901	106.48649	-15.46566	5.21227	16.35903	-16.38507	280000	0.04828883	1882.8252	0.0	-13.207397	0.42033082	5.364418e-10	374.3994109630585
70	-21.058361	46.48585	201.13875	-79.41125	101.51282	-15.575872	5.2445617	16.546087	-16.493467	284000	0.054144986	1518.4445	0.0	-13.360962	0.39028364	6.109476e-10	377.4490821361542
71	-15.155849	28.93062	39.545506	-80.825836	96.65854	-15.338326	1.8284435	15.082822	-15.525566	288000	0.052956656	1435.4108	0.0	-55.546387	0.38565907	2.771616e-09	380.39245986938477
72	-9.968896	25.335632	41.409218	-54.77064	100.76923	-12.193	7.178197	14.590903	-14.378132	292000	0.06110874	1462.9083	0.0	-316.3838	0.37831432	1.5944243e-09	383.367075920105
73	-6.3642397	33.22315	47.068485	-109.44516	106.945946	-6.034897	11.743473	14.015529	-13.767143	296000	0.06995324	1425.6028	0.0	-310.30933	0.3689233	2.0861626e-09	386.3406620025635
74	80.23842	98.88998	262.3009	-42.80239	189.73685	1.9086367	16.442728	18.871454	-18.771637	300000	-0.010202486	2414.368	0.0	-529.3534	0.3261794	3.2931566e-09	390.14732789993286
75	30.982582	79.05849	234.37187	-65.08385	409.44446	14.481345	14.708674	23.56222	-23.227398	304000	0.013221581	1546.7812	0.0	-540.98346	0.3191441	1.0579825e-09	395.8062698841095
76	118.32781	91.17968	247.1807	7.7596707	360.63635	2.4485557	19.413586	23.723686	-23.27457	308000	-0.057832513	1850.3676	0.0	-440.8291	0.3647767	-3.4421683e-09	400.35788798332214
77	169.86494	92.488884	265.49872	-10.51111	353.0	8.618973	17.301653	25.698029	-24.889555	312000	-0.048559897	2327.736	0.0	-410.77234	0.33002254	-1.2218953e-09	405.11542296409607
78	61.87389	98.21975	288.8832	-25.965914	459.25	18.669289	12.608443	29.588835	-27.895002	316000	-0.018340359	1187.2732	0.0	-298.79254	0.3617489	-3.889203e-09	410.453222990036
79	104.3962	97.434494	232.84837	-17.227037	514.8333	7.3004584	19.17001	29.719656	-27.719046	320000	-0.06335187	882.5714	0.0	-64.50061	0.40951034	2.0861626e-09	415.7048559188843
80	108.768875	67.62116	215.66183	2.718466	684.6	9.405317	16.961687	30.422985	-25.3411	324000	-0.060164597	480.71045	0.0	-39.444794	0.36543626	-5.811453e-10	421.2735290527344
81	136.1773	112.89408	277.8988	-19.095057	431.22223	8.599836	17.86932	31.169445	-20.86532	328000	-0.05984674	1661.4547	0.0	-223.92053	0.339619	-9.685754e-10	426.2905158996582
82	68.55537	144.02197	275.06393	-150.43294	234.25	20.721321	12.171211	33.220074	-25.34918	332000	-0.027611958	2708.0361	0.0	-455.5786	0.32012817	-1.4007091e-09	430.24924778938293
83	128.79738	147.57018	271.3669	-165.69177	221.88235	22.346695	14.1651745	35.458717	-29.119566	336000	-0.04580835	2795.7688	0.0	-502.2964	0.30024073	2.2351743e-09	433.98892092704773
84	83.75997	130.71716	253.68994	-151.69144	304.76923	35.62708	9.527399	39.88304	-37.355156	340000	0.014399719	2264.0088	0.0	-395.77417	0.33895713	3.859401e-09	438.6382329463959
85	82.93483	135.96922	284.32745	-123.995544	233.66667	26.722502	14.523724	38.552658	-35.562912	344000	-0.050703347	2031.2246	0.0	-188.86658	0.35236055	-1.5348196e-09	442.3349390029907
86	116.05111	137.5117	265.4345	-120.558235	289.5	27.300528	12.888012	38.375446	-26.027025	348000	-0.056840893	1648.0258	0.0	-85.95349	0.4042234	-3.799796e-09	446.19922399520874
87	107.33405	132.6027	263.8001	-153.47856	264.33334	31.233088	9.699439	39.299816	-33.469532	352000	-0.02758448	1992.3441	0.0	-309.38367	0.32365912	-6.6757204e-09	450.3087730407715
88	105.55254	140.53293	270.63528	-142.03854	221.5	25.289799	19.08964	41.08216	-36.527267	356000	-0.017603891	2094.2158	0.0	-128.81189	0.30989996	1.8179417e-09	453.9809830188751
89	54.313076	131.22676	259.36014	-162.84833	246.85715	30.77575	14.967017	43.043285	-40.220474	360000	-0.03203669	2279.4407	0.0	-323.99084	0.41381696	-3.2335519e-09	458.0681519508362
90	100.089905	146.79352	267.99805	-178.02446	231.94118	24.140087	14.699079	40.52133	-37.503723	364000	-0.044056784	1874.8622	0.0	-256.36694	0.2519958	-1.3262034e-09	461.7060558795929
91	89.09697	145.78282	263.39935	-183.8354	272.85715	28.286882	14.713616	43.667328	-38.78555	368000	-0.023031857	2078.9775	0.0	-68.885864	0.3694688	-1.0043383e-08	465.504380941391
92	43.371853	155.21387	269.84485	-231.82571	219.44444	22.976011	23.328821	44.229885	-42.54759	372000	-0.010825239	1970.3181	0.0	-260.0901	0.29413837	-1.2665987e-09	468.9825258255005
93	52.760998	158.19054	257.10352	-180.66643	238.75	23.435919	24.930342	46.522533	-44.386513	376000	-0.01503747	1983.2964	0.0	-96.08801	0.36714005	2.667308e-09	472.7289559841156
94	10.08826	166.00069	276.269	-203.11812	196.05	19.07211	29.204453	48.15135	-45.54009	380000	-0.018079948	2989.763	0.0	-419.1548	0.28932288	1.2665987e-09	476.2444839477539
95	-17.459717	147.03204	240.70268	-212.3444	170.31818	7.3899603	30.583725	49.61171	-46.35858	384000	0.012182407	2588.9382	0.0	-296.79224	0.3351653	5.364418e-10	479.55908608436584
96	-39.49185	186.4626	257.46378	-302.71606	166.63637	4.916316	35.391014	52.798748	-52.217743	388000	0.0049687964	4603.94	0.0	-785.0698	0.3114445	-5.5283307e-09	482.9873888492584
97	-82.09627	180.66367	229.8188	-646.1061	158.64	8.034433	35.919422	56.812546	-57.037388	392000	-0.017447298	7093.2495	0.0	-1323.062	0.33289856	-4.3213366e-10	486.36815190315247
98	-124.888275	184.56744	208.36557	-400.97986	142.11539	-19.407808	39.137455	61.188633	-61.454414	396000	0.039659046	7027.146	0.0	-793.04834	0.33993477	8.9406965e-10	489.53552889823914
99	-79.48422	219.32678	235.75497	-506.21866	181.04546	-18.495485	46.84889	65.437614	-66.80129	400000	0.020160336	6532.538	0.0	-821.69824	0.30653036	-2.5629998e-09	492.87511587142944
100	-36.282887	225.51068	232.24242	-658.4992	234.47058	17.77377	47.1051	69.306694	-70.049385	404000	-0.0114121875	5376.994	0.0	-477.2798	0.39304805	2.9951335e-09	496.67204999923706
101	-8.088603	163.54462	237.51776	-355.2076	171.39131	4.5942636	45.345356	62.595196	-71.431725	408000	-0.008009644	3203.9941	0.0	-525.16626	0.33452484	-8.642673e-10	500.0028660297394
102	-29.877905	125.530624	260.70663	-279.81592	164.45833	-8.668327	43.58243	58.01788	-72.97539	412000	-0.013020077	2189.834	0.0	-700.6936	0.3256066	-2.6524067e-09	503.27076387405396
103	34.250782	134.19711	245.07692	-226.64955	279.42856	4.187366	48.252743	62.155605	-74.18197	416000	-0.051756915	2499.5454	0.0	-1079.6697	0.42485487	-4.6044586e-09	507.2746410369873
104	27.680645	134.07602	276.582	-208.47055	190.47368	15.712573	35.588844	61.44786	-73.420876	420000	0.009294796	1995.0038	0.0	-469.15356	0.2923568	1.3709068e-09	510.9573528766632
105	135.88274	110.986725	273.12598	-5.1657863	361.0909	31.359755	30.441153	60.243397	-74.12566	424000	-0.07907096	2323.965	0.0	-1315.1724	0.4066667	-3.3676624e-09	515.40802693367
106	159.90315	87.990456	262.97852	27.04631	322.91666	22.529572	25.416103	59.900803	-73.84273	428000	-0.03616733	1412.688	0.0	-268.45276	0.32263243	-6.6757204e-09	519.3041229248047
107	158.11986	105.05225	275.73657	12.883521	328.08334	31.560007	18.663797	59.77152	-73.45962	432000	-0.017687915	1284.9762	0.0	-312.54718	0.3337589	6.6757204e-09	523.2821760177612
108	145.79256	114.10575	289.60007	-29.47069	639.8333	25.627693	26.142973	62.813816	-74.32812	436000	-0.021714788	1357.6708	0.0	-665.20435	0.35325024	4.068017e-09	528.6043848991394
109	88.3736	126.13569	275.63617	-56.327114	664.8333	13.673224	22.972654	57.898724	-68.84539	440000	-0.0077539575	992.9084	0.0	-119.62219	0.40473014	6.8992376e-09	534.4341988563538
110	151.87831	99.23934	260.81625	-20.820545	518.0	7.9064345	22.325006	57.280285	-57.27394	444000	-0.03629956	1043.5199	0.0	-216.45361	0.35785154	-8.940697e-11	539.5097479820251
111	105.53147	97.5199	192.8122	-25.429419	790.2	9.050261	24.276197	60.52476	-60.023373	448000	-0.004537565	853.4986	0.0	-387.20746	0.32984114	3.0249356e-09	546.0825598239899
112	164.56842	132.77197	277.69662	-81.3209	344.72726	15.821158	24.61061	61.34728	-59.132515	452000	-0.03606126	2284.855	0.0	-854.9175	0.3531625	-3.3825636e-09	550.4265139102936
113	64.46804	65.1519	135.57864	-41.797245	862.75	18.039373	22.425802	62.177982	-38.078728	456000	-0.054706395	657.62775	0.0	-369.76904	0.34661093	5.9604643e-10	556.6693317890167
114	83.8397	102.845665	219.3735	-43.336617	574.0	4.9076	22.930172	59.865723	-40.945805	460000	-0.0538807	667.8411	0.0	-175.57407	0.30486056	-2.3692845e-09	562.0614528656006
115	43.721436	88.773674	220.45367	-50.99273	626.1667	7.424093	25.632915	61.676594	-37.841644	464000	0.015128454	1113.6312	0.0	-307.643	0.36911634	1.1622906e-09	568.3472270965576
116	-0.01816813	23.220913	28.935265	-33.756855	627.5	-1.8000346	23.260874	60.126045	-52.703728	468000	0.013761134	539.0104	0.0	-110.918976	0.35427266	1.3411046e-09	574.5136938095093
117	80.29034	89.00315	221.62367	-24.759768	846.75	-9.97808	18.934456	55.127502	-65.192924	472000	-0.011170549	561.5464	0.0	-280.65616	0.3881704	-2.0712614e-09	581.9748268127441
118	44.07169	86.199776	187.53798	-68.43232	741.8	4.818849	21.873747	61.56383	-50.929665	476000	-0.017720401	438.36374	0.0	-72.22635	0.39468297	1.1473894e-09	588.6039888858795
119	-3.1015046	108.41892	206.89731	-107.33045	702.8	1.390069	19.701324	60.226803	-59.861187	480000	0.009659833	550.1069	0.0	-113.486664	0.43989524	-1.5944243e-09	594.2516498565674
120	-51.966515	80.67545	5.409752	-209.69476	633.2	-4.671634	23.923958	60.400322	-35.78554	484000	0.01201232	767.5877	0.0	-147.78833	0.42570022	-3.2931566e-09	600.3697049617767
121	-9.035702	41.317596	15.183935	-80.595894	1000.0	-12.212981	21.494505	59.49131	-55.113567	488000	0.008720495	123.8487	0.0	-50.60917	0.52652234	9.23872e-10	606.8668229579926
122	33.730392	84.41344	174.61072	-49.004375	858.0	-4.5028296	23.15887	57.64043	-58.265224	492000	-0.08684163	290.2981	0.0	-175.23021	0.47957623	5.364418e-10	613.5089340209961
123	-14.834593	102.91291	184.12793	-95.66291	623.6	2.5187855	18.075874	52.634907	-38.412598	496000	-0.0015436292	622.0018	0.0	-175.50964	0.49562854	-2.384186e-10	619.0878508090973
124	-64.39788	32.96722	-25.13769	-105.70252	770.2	-7.481184	22.60553	50.31544	-65.28497	500000	0.03835221	416.24722	0.0	-76.98901	0.505485	-1.6540289e-09	625.3560450077057
125	-16.24744	14.962524	7.9631696	-30.712635	1000.0	-14.062291	16.644487	38.479607	-29.533823	504000	-0.035308175	125.95831	0.0	-85.58212	0.51670593	2.384186e-10	632.6697487831116
126	-39.727016	21.967388	-13.313758	-69.26823	863.0	-2.445079	15.921118	36.608574	-69.55332	508000	-0.0034874396	206.32681	0.0	-24.3721	0.50419664	9.685754e-10	639.275887966156
127	-17.701004	17.442055	-1.8150533	-47.1799	1000.0	-4.9794316	13.705966	36.0383	-18.399794	512000	-0.043036524	58.478024	0.0	-17.544468	0.500142	4.4703484e-11	645.4053721427917
128	-14.931304	23.471771	9.697513	-41.125862	1000.0	-3.128706	15.297732	38.054504	-20.228182	516000	-0.08185193	42.192974	0.0	-21.992554	0.51382416	7.4505804e-11	651.5657770633698
129	-2.852843	13.0127	16.573156	-19.951593	1000.0	-4.249493	15.796121	37.92297	-20.809267	520000	-0.050303023	26.304281	0.0	-4.058853	0.5118101	-1.7285346e-09	658.5771958827972
130	-1.6595592	18.695438	20.11786	-24.703045	1000.0	-3.7615047	15.606213	40.760826	-20.297226	524000	-0.05671508	58.172173	0.0	-15.476398	0.5074999	-1.3560056e-09	665.9840178489685
131	-10.2987175	23.255417	17.312212	-46.32014	1000.0	-4.4581375	15.282368	38.81022	-21.469881	528000	-0.057642505	50.45605	0.0	-10.645699	0.5067046	1.847744e-09	674.2586898803711
132	-12.751116	0.8821299	-11.624824	-14.099187	1000.0	-6.838676	16.48037	42.42612	-23.081173	532000	-0.06514468	27.490768	0.0	-2.7332134	0.5094544	1.9967556e-09	682.9596247673035
133	-13.209112	10.316548	-1.2562047	-24.775011	1000.0	-8.315156	17.397062	47.920868	-23.971945	536000	-0.0921419	17.179049	0.0	-2.5083084	0.5104566	3.427267e-10	691.8209300041199
134	-16.756739	21.269917	12.403182	-46.308487	1000.0	-6.9421277	17.253426	46.71873	-69.763504	540000	-0.0790437	56.68343	0.0	-16.171284	0.49809527	1.8924475e-09	700.0411279201508
135	-16.644812	45.562958	47.61765	-81.19404	881.0	-6.4066105	18.420345	49.30054	-64.27253	544000	-0.020093208	288.2175	0.0	-79.869156	0.48245195	1.6689301e-09	706.8767018318176
136	53.108383	39.763763	112.08242	1.13743	1000.0	-8.079487	22.163887	51.721157	-65.61357	548000	-0.07329086	173.66904	0.0	-112.57356	0.46711093	-3.054738e-09	713.8248910903931
137	100.63307	79.99037	182.97426	11.937183	752.0	1.7290373	20.21888	53.70541	-41.64243	552000	-0.081199564	260.59445	0.0	-119.24463	0.43530712	-1.5497208e-09	721.1068110466003
138	72.06846	93.481186	203.3688	-47.528015	624.8333	5.152372	18.364388	49.913456	-26.056664	556000	-0.016640626	765.43036	0.0	-234.89941	0.4140896	7.599592e-10	727.3242299556732
139	116.67413	84.29709	207.39435	-13.360031	841.5	0.84276867	20.80619	51.12219	-32.153107	560000	-0.016159477	404.8972	0.0	-113.15616	0.4405202	2.965331e-09	733.0700898170471
140	128.28477	89.39908	220.34985	-2.0562038	611.3333	9.912282	19.956196	56.046535	-48.645584	564000	-0.016756512	632.3982	0.0	-72.5708	0.3975373	1.758337e-09	740.0130589008331
141	188.56354	25.231337	224.62729	150.65732	653.0	13.524873	20.396023	58.868614	-60.39614	568000	-0.02802224	642.75116	0.0	-159.56125	0.35693246	-8.046627e-10	745.8364551067352
142	70.97442	100.352486	254.6941	-58.099346	435.44446	21.469048	17.593754	69.816925	-46.532627	572000	-0.043336634	1362.2172	0.0	-395.75946	0.34854984	1.0281801e-09	751.8443470001221
143	67.51064	106.93388	244.39027	-62.171616	531.3333	6.492608	22.041777	65.6927	-76.79456	576000	-0.021026915	656.7244	0.0	-102.83893	0.34601575	-2.2500752e-09	758.2290527820587
144	156.39728	92.281586	257.06287	-16.963995	364.22223	17.04903	22.475418	63.44654	-71.55069	580000	-0.07554402	1097.2942	0.0	-292.46344	0.36980614	3.0994416e-09	762.7810549736023
145	54.48313	95.49883	231.32825	-69.22861	384.1	19.155153	22.472046	72.33495	-61.137592	584000	0.0019259414	1241.4159	0.0	-327.74597	0.34420532	1.0281801e-09	767.8837978839874
146	73.75918	80.268776	207.7713	-44.532787	758.6	-1.2614595	21.29668	55.162174	-78.17532	588000	-0.006654336	420.6459	0.0	-73.175934	0.31732208	-2.9057263e-09	774.3693799972534
147	78.089	99.837234	232.07289	-39.458035	399.0	7.966167	25.17599	71.77255	-75.73198	592000	-0.03857935	915.82043	0.0	-71.96045	0.32895696	1.5944243e-09	779.6980588436127
148	113.73223	122.3388	274.34998	-52.276833	340.54544	13.175941	27.205717	64.01965	-78.55366	596000	-0.03361419	1406.9839	0.0	-249.99805	0.31258184	-3.2782554e-09	784.1879889965057
149	186.65526	120.49582	289.67587	-37.921623	284.30768	25.461798	24.80985	66.739204	-79.57288	600000	-0.032279946	1638.9106	0.0	-511.94287	0.30618802	1.1324882e-09	788.0630331039429
150	168.3549	121.51998	287.56137	-15.854616	266.42856	46.373245	16.732464	69.41289	-77.7158	604000	0.0010386921	1519.0236	0.0	-196.88464	0.27006066	-1.7881393e-09	791.8556110858917
151	99.62066	121.47074	281.7262	-19.5667	250.57143	39.70691	23.193762	70.75885	-81.38712	608000	0.010734685	1871.4827	0.0	-513.0718	0.3327762	5.2154064e-10	795.7562630176544
152	205.25766	77.733536	253.38673	-7.9669604	393.9	26.05716	22.755863	64.57317	-81.376114	612000	-0.02766602	1251.1731	0.0	-615.477	0.3308119	-5.453825e-09	800.0762159824371
153	130.34995	74.16586	232.86766	26.419306	562.7143	30.310926	25.827381	74.10552	-77.19882	616000	0.00024364483	757.359	0.0	-391.4362	0.40131268	-9.387732e-10	805.0644540786743
154	127.788536	86.741776	275.28458	30.211897	558.7143	13.555373	24.975683	70.11901	-51.739433	620000	-0.025489239	401.80188	0.0	-51.63739	0.45644644	-5.438924e-09	810.065593957901
155	168.3016	95.51014	264.42276	18.816942	380.125	15.480379	26.130701	70.77418	-73.03674	624000	-0.041535262	722.7118	0.0	-355.84225	0.3240407	3.7252904e-10	814.6559419631958
156	148.13817	113.50719	286.04523	-11.047324	224.13333	34.959515	28.968142	78.08715	-81.191505	628000	-0.04566864	1200.2478	0.0	-138.953	0.28934622	-2.2351741e-10	818.3770909309387
157	157.12769	104.66178	299.23703	16.075346	230.5	40.98102	26.336758	73.44079	-82.94649	632000	-0.03563086	1150.075	0.0	-131.2456	0.2337044	7.301569e-10	821.9326560497284
158	205.98286	83.406166	261.372	8.830588	351.3	39.211937	25.01386	76.46278	-79.542015	636000	-0.022831125	586.4437	0.0	-240.34174	0.29706523	2.6822091e-09	826.1644179821014
159	89.2675	109.38695	272.58038	-73.76036	384.2	27.841599	30.900766	83.249344	-84.17511	640000	0.02149954	1160.8193	0.0	-431.30768	0.33501706	4.9471853e-09	830.9448139667511
160	138.96518	87.68336	265.63245	33.456985	434.8889	28.197233	32.91536	85.52634	-78.81631	644000	-0.087018095	1475.7308	0.0	-729.4345	0.37544757	-9.834766e-10	835.2321991920471
161	156.24107	117.762245	283.13266	-66.28698	278.9091	23.625315	26.176542	73.63335	-73.30632	648000	-0.033893406	1228.6758	0.0	-233.22144	0.36499146	1.1846423e-08	839.3938448429108
162	185.83284	105.21564	288.72314	2.1435552	392.2	30.037298	28.270144	80.50316	-48.97272	652000	-0.023140207	879.2907	0.0	-184.58209	0.3656546	-1.013279e-09	843.6906208992004
163	140.10172	119.32818	277.62155	-38.237972	284.23077	43.87851	24.574417	82.905815	-73.16055	656000	-0.020348528	1333.1643	0.0	-711.0422	0.2924662	1.5944243e-09	847.6612169742584
164	147.18246	145.97287	300.49408	-152.85289	210.10527	32.294262	28.732197	76.71613	-51.185116	660000	-0.020652851	2949.7788	0.0	-996.0956	0.22081676	2.0563602e-09	851.1326608657837
165	201.73836	107.73717	297.77856	27.687294	227.11765	60.99912	17.22049	85.88515	-18.501736	664000	0.029790904	1249.8319	0.0	-254.46606	0.22612625	-1.4901161e-10	854.4482138156891
166	123.4881	131.42526	295.97015	-105.60735	196.75	58.151173	22.106731	87.15288	-43.511784	668000	-0.0001231203	1949.8235	0.0	-487.39258	0.23850065	3.5762787e-10	857.898050069809
167	195.27332	105.094955	296.54272	-44.771343	233.125	47.44993	26.512718	87.06823	-69.07881	672000	0.008679292	1258.4293	0.0	-371.4212	0.22014962	-1.385808e-09	861.3248529434204
168	171.174	133.52394	304.1547	-117.84826	251.8	60.210506	19.79419	83.56436	-29.697788	676000	0.025434135	2020.1545	0.0	-463.25623	0.19085978	-1.758337e-09	864.6619639396667
169	156.7568	115.301895	282.23474	-15.087637	270.57144	53.942307	22.639322	85.34289	-37.002216	680000	-0.041181255	1746.7343	0.0	-725.9946	0.2673991	2.026558e-09	868.438915014267
170	161.59636	152.76344	287.98273	-171.37709	221.44444	52.417515	24.796087	86.489136	-40.857353	684000	0.013358362	1929.675	0.0	-412.04297	0.20503995	1.4007091e-09	871.8227648735046
171	218.30766	92.25157	294.62717	12.121086	260.93332	57.800915	24.106102	88.35874	-29.339212	688000	-0.020231968	1202.7059	0.0	-225.65302	0.18907297	0.0	875.2673180103302
172	118.691864	165.58249	284.4844	-165.01512	252.86667	52.647873	24.92497	86.35257	-50.03292	692000	0.012602469	1844.393	0.0	-745.9082	0.26506054	1.9371509e-09	879.0709407329559
173	200.82417	158.30867	303.85245	-193.22269	241.1875	66.816925	22.823906	84.73623	-39.759003	696000	0.0070504076	1135.5358	0.0	-223.67743	0.2208018	-1.952052e-09	882.4678680896759
174	184.49297	155.03569	295.48654	-213.12384	242.9375	62.311874	29.864418	90.830986	-45.5809	700000	-0.01748498	1696.5348	0.0	-444.9098	0.21984546	-8.9406965e-10	885.9504837989807
175	212.69122	168.21407	292.64594	-356.2456	262.73334	67.34256	22.944118	87.99044	-56.377052	704000	0.016390648	1572.9166	0.0	-330.62146	0.22950584	2.682209e-10	889.4442520141602
176	159.91068	194.2726	285.844	-312.26895	238.875	54.565475	36.157272	89.44696	-64.60719	708000	0.021032669	1642.4938	0.0	-382.66943	0.21570145	-7.4505807e-10	892.9099807739258
177	150.58441	228.33372	308.1852	-515.3501	251.33333	59.373287	35.556705	88.142555	-70.95238	712000	0.034460973	2730.0115	0.0	-301.10962	0.21888094	3.8743018e-09	896.3809478282928
178	174.8886	176.58676	304.49728	-216.37589	253.33333	56.104374	41.043793	96.67896	-86.858086	716000	0.022637604	895.94257	0.0	-218.93927	0.20948185	-3.1143428e-09	899.9095327854156
179	147.16504	204.70784	285.28082	-278.9482	250.13333	64.61568	33.693386	93.89351	-95.51345	720000	0.0026944526	1949.6316	0.0	-1049.1917	0.22966188	4.3213366e-10	903.4293019771576
180	212.92867	177.54744	302.11734	-345.34882	258.93332	47.80941	43.33218	89.88389	-99.23909	724000	0.021227118	1991.6061	0.0	-1112.8091	0.20732106	-2.2351741e-10	906.8922770023346
181	136.83437	177.27443	296.95117	-234.29616	233.41176	53.556313	51.414505	98.46802	-100.78087	728000	0.016893988	1225.0674	0.0	-272.14587	0.19052915	2.7418137e-09	910.3831357955933
182	144.07507	186.79346	296.29153	-394.6565	230.52942	51.596153	42.15487	80.765114	-98.5529	732000	-0.033792447	2063.9429	0.0	-332.49695	0.19754681	1.3262034e-09	913.7733368873596
183	166.58104	117.62176	286.15594	-79.966705	251.26666	48.80457	39.65821	100.1842	-100.53566	736000	0.027563099	1233.3137	0.0	-247.7384	0.20317377	-2.384186e-10	917.283570766449
184	219.00069	133.1368	296.92398	-233.57411	263.8	54.76605	34.75594	86.96823	-96.1448	740000	-0.02677708	759.28174	0.0	-335.534	0.2080657	-1.3411046e-09	920.7895557880402
185	147.72896	122.56887	289.56882	-11.8499365	275.64285	50.664898	48.594135	89.092766	-101.02733	744000	-0.025060955	3158.7263	0.0	-2049.6162	0.25200573	1.1920929e-09	924.3903169631958
186	238.42105	88.55732	305.03198	8.123252	255.53334	60.008877	26.552942	81.20791	-60.66535	748000	-0.019215021	628.5724	0.0	-256.52673	0.19266188	-4.768372e-10	927.87380194664
187	198.50078	118.7224	294.67267	-18.864258	227.76471	63.527046	29.524406	93.31322	-55.367584	752000	0.012254383	777.3427	0.0	-103.897705	0.19807392	6.705523e-10	931.2976219654083
188	188.34387	131.98215	299.0795	-159.53178	235.0625	62.843464	30.047367	95.929245	-86.5298	756000	0.012493131	1046.5492	0.0	-212.51178	0.18179224	-1.2814999e-09	934.730141878128
189	170.84036	120.67814	284.09872	-23.891468	215.35294	63.71538	29.059652	90.50837	-65.04724	760000	0.009804093	587.3787	0.0	-184.8735	0.1949994	4.0233136e-10	938.1970820426941
190	104.290764	149.23666	304.06235	-211.53018	226.11765	50.09828	40.464622	84.99065	-93.8969	764000	-0.008855823	1955.9447	0.0	-432.7511	0.18293244	1.3411044e-10	941.6410989761353
191	155.02206	127.35891	296.63193	-39.43283	226.47058	34.769184	40.77204	87.94986	-100.01376	768000	-0.010699457	2333.5234	0.0	-687.6752	0.18158631	-5.364418e-10	945.0507569313049
192	214.6446	116.53986	294.82336	-109.92902	296.07693	57.12433	18.95289	86.610016	-62.61129	772000	-0.0012223396	1437.9602	0.0	-375.59802	0.19590017	8.046627e-10	948.4780058860779
193	220.71461	87.84202	287.0345	-5.480827	264.66666	58.295597	19.854572	81.76308	-72.08253	776000	-0.02335284	774.4493	0.0	-104.59607	0.19846296	-2.1457671e-09	951.9471127986908
194	194.52478	116.60793	284.03592	-34.688934	234.94118	64.088875	20.785728	89.02288	-86.54656	780000	-0.032177813	674.5334	0.0	-174.66125	0.19994467	4.1723253e-10	955.371661901474
195	212.62706	105.45379	292.8734	-12.313864	265.26666	59.87096	25.498745	91.16413	-59.392635	784000	-0.02135358	784.29553	0.0	-138.52484	0.20639914	1.385808e-09	958.8437297344208
196	173.38919	118.84966	295.44073	-16.565851	247.5625	58.085144	26.745592	91.76744	-72.747925	788000	-0.024301047	641.55	0.0	-76.048645	0.21517414	5.811453e-10	962.3001179695129
197	183.09181	150.39716	297.23035	-213.37407	259.86667	55.921555	29.042212	90.13775	-87.26077	792000	-0.002747639	888.5002	0.0	-349.40723	0.22099172	7.0035455e-10	965.9079868793488
198	196.44751	135.53922	268.57025	-177.061	308.08334	58.03029	33.396324	93.907646	-97.138084	796000	-0.023333995	388.59622	0.0	-146.68063	0.23895007	-1.4305115e-09	969.8018138408661
199	240.33432	76.66434	296.3225	2.564189	333.45456	58.704086	21.118908	87.03614	-76.841736	800000	-0.045110054	167.04433	0.0	-46.02977	0.2492777	6.705523e-10	973.9992108345032
200	216.1862	96.82974	275.12018	-9.447434	330.33334	56.624496	18.57513	86.87057	-50.07077	804000	-0.0129631935	905.64465	0.0	-173.73138	0.2455754	1.4901161e-10	978.0052499771118
201	249.73746	16.853354	278.12833	226.60423	347.18182	56.323303	13.462703	82.69918	0.45778286	808000	-0.026903022	205.86331	0.0	-51.935608	0.24782552	-4.917383e-10	981.7824330329895
202	199.225	113.06846	291.06253	-101.53744	343.18182	55.861263	19.805876	85.02823	-66.3143	812000	-0.028982047	830.9198	0.0	-138.12964	0.2612927	-3.0249356e-09	985.8201770782471
203	248.47156	25.691303	275.76724	197.21965	366.9	52.5412	14.289685	83.18872	26.00608	816000	-0.06194256	283.31625	0.0	-63.66649	0.27146158	-2.8014182e-09	989.9328579902649
204	186.71281	93.15246	251.11993	-43.999283	495.0	56.595226	20.372652	97.2635	-2.290029	820000	0.008639972	1949.264	0.0	-1026.9049	0.2729503	-9.685754e-10	994.7011518478394
205	237.3667	25.35685	286.71454	209.98068	429.1111	32.621307	9.413952	58.644333	-14.288929	824000	-0.09540575	752.6351	0.0	-489.27866	0.290207	-8.046627e-10	999.1958477497101
206	236.03665	24.928581	272.49435	190.33154	450.875	44.07999	14.090106	74.0602	15.9548645	828000	-0.07817532	261.70435	0.0	-74.346924	0.2952165	-2.384186e-10	1003.7123167514801
207	217.8433	89.77679	295.182	-20.292263	392.0	45.277977	16.56265	80.33283	17.146576	832000	-0.041028574	693.79877	0.0	-89.41937	0.2921716	-2.5331974e-09	1008.1802978515625
208	237.32121	22.466633	278.1835	213.00795	417.66666	43.042618	16.205357	79.892235	15.484275	836000	-0.0572962	166.57944	0.0	-41.80961	0.28744236	9.387732e-10	1012.6346228122711
209	234.71394	36.553295	290.70468	194.4198	434.66666	46.111053	18.695803	83.89772	19.98037	840000	-0.045448214	259.96213	0.0	-38.301804	0.28049275	1.4901161e-09	1017.1920328140259
210	181.30014	71.41068	230.87068	2.4481292	463.5	43.416367	18.959154	93.537125	-42.407177	844000	0.003065478	823.3397	0.0	-392.8696	0.28224975	-1.1771918e-09	1022.0659770965576
211	193.79	121.46373	302.0025	-47.261166	385.5	33.00897	23.964771	79.442764	-77.611404	848000	-0.020865772	1458.2592	0.0	-451.2063	0.281673	-4.3213366e-10	1026.6439850330353
212	234.1088	38.917217	289.53778	166.4541	445.375	38.75943	18.604593	83.20483	17.221571	852000	-0.00083690963	605.42914	0.0	-104.07706	0.26323178	5.662441e-10	1031.3465569019318
213	220.9773	34.243908	279.77628	175.80534	559.0	33.164623	18.984386	79.99101	-66.691124	856000	-0.044286873	312.56854	0.0	-94.900696	0.2953206	-4.4703484e-11	1036.6265258789062
214	224.60739	55.542503	302.89166	124.67113	498.875	37.940704	20.629618	82.57291	13.881468	860000	-0.027954917	401.79544	0.0	-84.59973	0.28506055	1.9967556e-09	1042.1577949523926
215	199.60965	66.956604	271.30048	50.093906	527.5714	30.476612	20.258305	82.01522	12.258057	864000	-0.011964869	550.7992	0.0	-135.26059	0.30884227	2.0861626e-10	1047.4967510700226
216	219.67165	35.48085	283.93262	181.17258	528.1429	29.842062	19.98696	80.43027	9.981252	868000	-0.044341896	320.91437	0.0	-70.86865	0.29202524	-5.2154064e-10	1053.0609030723572
217	213.65837	49.89376	308.81836	157.39574	567.4286	28.933695	23.640503	83.28831	7.9504514	872000	-0.01849798	213.43356	0.0	-57.176483	0.3005388	-7.599592e-10	1058.243407011032
218	185.53464	63.16076	274.9657	40.00067	474.875	31.340239	24.790646	83.73156	3.0754461	876000	-0.010027626	420.90967	0.0	-221.5915	0.29197937	-8.1956386e-10	1063.390007019043
219	181.48929	101.2961	274.3427	-29.966465	427.66666	36.330273	26.755688	83.13434	0.787539	880000	0.021504931	945.81714	0.0	-112.65271	0.26350316	-1.7136336e-09	1067.5833148956299
220	183.17448	99.93363	278.68665	-29.82274	397.8889	28.445215	26.850813	77.3766	-10.093461	884000	0.008659232	637.6735	0.0	-109.28461	0.26801017	4.0233136e-10	1072.0350320339203
221	147.6749	87.823166	242.70195	-13.735595	430.55554	31.170904	26.593006	79.43074	-28.900839	888000	0.014334612	998.6757	0.0	-325.05823	0.26262605	1.4454127e-09	1076.5259277820587
222	77.41094	112.385185	300.0904	-51.979992	292.07693	22.008245	24.900675	71.45474	-62.016212	892000	-0.0053237313	1651.2998	0.0	-259.2434	0.2660947	2.1457671e-09	1080.3875801563263
223	30.075079	102.89796	244.8266	-70.41056	249.06667	20.213278	32.515526	71.26506	-80.25954	896000	0.010453699	2126.3179	0.0	-1234.9165	0.27851996	1.6540289e-09	1084.1528718471527
224	78.6628	115.160484	265.7457	-96.08174	252.14285	2.2572796	34.624958	74.83777	-89.62066	900000	-0.0006699712	1739.494	0.0	-502.29126	0.26009646	-5.2154064e-10	1087.8226609230042
225	44.44092	92.875755	245.12938	-67.00543	183.85715	19.616661	31.420988	73.97631	-85.48613	904000	-0.0024538485	1963.7123	0.0	-339.98206	0.24691156	2.220273e-09	1091.1030278205872
226	85.450356	102.566284	276.2837	-35.987675	326.33334	7.5938087	30.43693	80.89831	-81.318794	908000	0.011974578	1023.165	0.0	-225.7323	0.2544827	1.7881394e-10	1094.8433248996735
227	38.178703	94.75134	241.92386	-61.637245	230.17647	11.027493	33.114494	76.568954	-92.55391	912000	0.005738491	1523.5486	0.0	-239.01318	0.25940117	-1.3411046e-09	1098.638736963272
228	57.325035	92.37394	249.92888	-50.385868	205.47368	5.166319	39.761677	72.53782	-93.78565	916000	-0.0052415114	1317.9913	0.0	-101.06201	0.2575212	3.2782554e-10	1102.0408849716187
229	40.076508	81.55808	223.2966	-70.226524	241.9375	9.962639	34.437202	75.01429	-93.26226	920000	0.003063976	873.64105	0.0	-219.28693	0.22713065	-1.2218953e-09	1105.5858058929443
230	70.83341	116.07539	274.85867	-62.748882	215.72223	10.799582	38.753662	81.10586	-92.77562	924000	0.005970409	1659.2832	0.0	-417.20593	0.2357764	7.8976153e-10	1109.0835959911346
231	47.427074	87.74489	247.51015	-42.959705	212.77777	13.333362	36.972664	78.94375	-92.32293	928000	-0.024595479	1396.2343	0.0	-320.63562	0.21446444	-1.2069941e-09	1112.516119003296
232	66.51557	112.22947	266.98984	-60.745476	252.6	12.941419	40.646446	78.383286	-96.32163	932000	0.035215504	1908.1243	0.0	-606.9608	0.1990194	-1.192093e-10	1115.8868970870972
233	36.425255	75.63497	265.65494	-29.884966	202.27777	9.487242	32.855732	68.11902	-93.27692	936000	-0.011758894	1347.6677	0.0	-516.2235	0.24345444	-1.3411044e-10	1119.3160438537598
234	130.87804	114.71187	276.40378	-11.320419	231.11765	11.45115	42.101208	80.308044	-98.821915	940000	-0.0033687113	2263.7795	0.0	-1038.7455	0.19718549	-3.6209822e-09	1122.7520389556885
235	89.9998	120.724434	266.07	-63.267475	199.0	34.640263	33.338604	84.23221	-92.74732	944000	-0.008162682	2050.3467	0.0	-249.25464	0.20963453	1.8775463e-09	1126.0662508010864
236	106.48442	120.01465	272.99863	-51.54819	220.05556	25.823902	36.15391	84.36325	-94.59367	948000	0.0074100494	1331.8511	0.0	-182.97705	0.2215417	3.2037497e-09	1129.562012910843
237	132.95802	112.7079	272.21527	-23.03585	246.66667	35.32672	36.106247	86.0967	-95.7373	952000	0.012604968	1331.8535	0.0	-322.4527	0.18336079	-2.9802324e-11	1133.007777929306
238	100.87149	119.15275	271.39395	-42.70594	242.8125	35.713142	32.063663	83.40808	-94.93865	956000	-0.025982495	1902.6122	0.0	-676.3474	0.22102667	1.9073487e-09	1136.5776827335358
239	162.27654	121.83278	282.76486	-26.957048	246.125	33.831608	33.404152	84.684044	-98.451675	960000	-0.026261363	1447.1133	0.0	-555.4332	0.21203342	-1.385808e-09	1140.0758140087128
240	207.29199	94.44772	287.6834	20.521221	262.13333	44.980736	34.22718	93.07815	-93.73235	964000	0.0082072	1274.8209	0.0	-509.44836	0.20658164	4.1723253e-10	1143.5320439338684
241	112.353546	112.60699	297.58972	-10.778126	211.77777	47.192	30.349617	83.45427	-97.408005	968000	0.0013994516	1666.3562	0.0	-290.96912	0.21538326	7.599592e-10	1146.9608891010284
242	217.76263	83.940605	274.9925	25.925135	350.9091	48.011936	23.216785	76.92881	-74.247406	972000	-0.038426384	1199.3798	0.0	-872.1242	0.22477688	-4.351139e-09	1151.1589758396149
243	141.87712	105.13048	266.22607	14.846669	246.5625	54.184624	26.422476	84.62512	-97.35923	976000	-0.016904881	1329.3206	0.0	-750.65814	0.21432842	1.847744e-09	1154.8391358852386
244	151.59178	107.24679	283.15817	18.40469	226.11765	37.419266	35.563522	86.01114	-98.15007	980000	-0.030838078	800.63226	0.0	-249.76074	0.21351212	1.5944243e-09	1158.1831259727478
245	121.84481	117.26698	287.71045	-7.9293666	225.23529	41.168148	37.48294	86.786766	-99.15455	984000	0.007992808	1500.9508	0.0	-320.00952	0.22986451	-2.9355287e-09	1161.574816942215
246	217.1915	78.146576	274.6451	35.892536	285.0	43.948986	29.967203	86.802086	-99.06648	988000	0.0017661348	1008.3626	0.0	-478.36237	0.22107057	5.364418e-10	1165.1443738937378
247	165.14267	103.664566	282.1361	7.648643	259.0	50.948788	28.656727	86.41006	-100.80471	992000	-0.039666288	864.4636	0.0	-195.37836	0.22521985	-2.026558e-09	1168.716980934143
248	172.15543	102.11532	270.268	15.284912	280.0	48.0218	29.14908	88.124855	-100.87968	996000	0.0005719779	729.60474	0.0	-204.85284	0.2343394	-4.3213366e-10	1172.4946978092194
249	209.97006	72.430305	284.12244	37.41536	290.84616	46.598797	30.61483	88.16714	-99.55516	1000000	-0.017744713	712.6759	0.0	-454.8908	0.2287868	-1.192093e-10	1176.260862827301
250	191.35806	97.8908	282.21048	-16.0574	288.76923	58.23117	22.845066	88.47106	-93.32083	1004000	0.0148199005	1189.4958	0.0	-262.60486	0.211685	-1.475215e-09	1180.1519920825958
251	204.08952	101.98214	288.57544	-2.4319446	281.64285	51.139034	22.099787	84.29621	-77.15009	1008000	-0.027035475	1185.991	0.0	-206.96698	0.22205086	1.8626451e-09	1183.837177991867
252	124.08514	123.62696	271.00726	-45.42195	283.84616	43.03035	27.61186	86.4426	-100.482445	1012000	-0.0031275516	1552.4702	0.0	-567.0891	0.24512745	-3.0845404e-09	1187.5156478881836
253	93.08268	113.95316	274.8554	-79.62491	289.23077	29.064379	35.234657	85.760864	-99.52007	1016000	-0.0013438282	1388.1631	0.0	-188.50854	0.25030643	5.9604643e-10	1191.324373960495
254	95.747894	133.38242	290.20697	-62.00502	330.08334	20.575775	34.195564	83.882645	-97.78324	1020000	0.0030433869	1631.3644	0.0	-330.54456	0.24019986	4.61936e-10	1195.3781569004059
255	165.31291	120.62846	282.95633	-86.6	319.66666	26.43679	36.25139	86.62909	-90.348976	1024000	-0.008742529	1320.6868	0.0	-432.71124	0.25506344	5.662441e-10	1199.2800660133362
256	110.11545	128.78757	248.77794	-105.13942	337.54544	31.640427	35.409855	84.904205	-71.86192	1028000	-0.01173409	1502.4917	0.0	-486.77734	0.25245136	-6.854534e-10	1203.4602358341217
257	45.547127	105.955055	259.44266	-73.15563	305.3846	16.551737	35.805763	89.05926	-96.19288	1032000	-0.00561325	1673.0248	0.0	-644.6763	0.26168972	-1.6689301e-09	1207.4768130779266
258	71.429184	123.58197	270.7301	-80.73749	366.8	-4.3540916	36.0576	83.31589	-100.14971	1036000	-0.028605236	1031.9327	0.0	-326.1469	0.27305266	3.710389e-09	1211.901470899582
259	-20.61169	38.555122	31.121151	-72.455475	559.2857	-9.279074	28.803286	71.398476	-97.54949	1040000	-0.020232018	294.98965	0.0	-42.57283	0.30646178	-2.2798776e-09	1218.5514788627625
260	-24.892433	32.538235	33.599552	-60.465393	579.6667	-9.066367	26.601112	65.13703	-96.89466	1044000	-0.0041136304	333.49564	0.0	-180.53822	0.3090226	4.4703483e-10	1224.360604763031
261	43.906147	109.23566	215.75803	-45.44298	554.1429	-5.351949	25.306849	61.46596	-105.71551	1048000	-0.013132376	696.5379	0.0	-281.09103	0.2930579	-1.1026859e-09	1229.6662318706512
262	-30.248613	30.700146	2.4419937	-75.2788	580.6667	-4.7489944	24.075718	66.28465	-102.40516	1052000	-0.015838038	110.65607	0.0	-70.42297	0.30471185	9.387732e-10	1234.2147817611694
263	79.79157	136.63756	276.34744	-88.770615	397.55554	2.8292723	37.607315	90.71643	-101.85689	1056000	0.004359095	919.6547	0.0	-436.01166	0.2688689	-1.1920929e-09	1239.244658946991
264	39.407677	127.03943	237.80937	-87.671165	550.7143	3.6865084	27.927258	66.40854	-89.50153	1060000	-0.030723587	356.10013	0.0	-85.77139	0.30343676	5.2154063e-09	1244.1820359230042
265	-64.68869	57.722263	33.307556	-115.1184	790.25	-7.1821513	23.845898	60.461544	-88.888885	1064000	-0.0029693125	104.703674	0.0	-63.476345	0.32642287	3.710389e-09	1250.9544689655304
266	-1.7183666	81.541	171.32967	-97.337524	499.625	-6.9879403	24.894814	55.000668	-95.51178	1068000	-0.01457992	418.02863	0.0	-163.43683	0.3187448	6.556511e-10	1256.8170900344849
267	41.388725	111.806625	301.5902	-66.0429	477.125	-6.4101543	25.500507	80.37115	-96.622665	1072000	-0.0074401484	472.49576	0.0	-245.2571	0.32062414	-1.6242265e-09	1262.924567937851
268	19.766369	97.24847	253.67802	-61.0538	488.25	2.52739	31.797085	87.95524	-92.674515	1076000	-0.012857544	560.3996	0.0	-160.69046	0.32272562	9.834766e-10	1269.9913189411163
269	-42.084187	15.024447	-21.522274	-62.780865	800.25	-11.202319	19.35705	60.786335	-79.959946	1080000	0.0042264424	160.22359	0.0	-23.972778	0.3379386	2.7418137e-09	1275.8017258644104
270	19.543386	103.84208	270.9834	-83.113976	413.875	-5.1943927	29.086609	82.81579	-100.1418	1084000	0.011155579	710.83923	0.0	-112.86389	0.33133522	1.6391277e-10	1280.957808971405
271	63.01567	73.868225	150.05333	-61.144485	635.8333	-5.9742336	26.882418	72.508286	-96.10545	1088000	-0.026335562	559.41956	0.0	-384.08112	0.32683796	1.952052e-09	1287.999545097351
272	15.490964	44.05139	67.05643	-59.19485	332.4	3.5620883	27.147926	60.511196	-94.34718	1092000	0.026819885	558.1601	0.0	-177.2034	0.32657316	8.642673e-10	1293.310418844223
273	60.28129	71.3969	191.72322	-24.263006	512.2857	-5.7932568	26.075953	63.905327	-97.29613	1096000	-0.037843682	309.2781	0.0	-176.49109	0.33502173	1.0281801e-09	1298.781930923462
274	23.546902	73.38838	190.28264	-41.17886	544.0	3.3915534	28.428854	83.054634	-99.591354	1100000	0.018386692	487.8167	0.0	-148.1687	0.32411617	7.748604e-10	1304.9321749210358
275	77.19186	146.93742	259.32657	-140.85818	499.0	3.352536	32.097454	81.236206	-102.92891	1104000	-0.009917011	1125.6909	0.0	-476.7854	0.310096	-2.8759242e-09	1310.031534910202
276	87.460686	102.34192	244.80788	-47.580307	285.7143	24.713789	36.739487	74.1756	-95.65198	1108000	-0.021049766	1344.413	0.0	-412.01715	0.27594447	1.7881393e-09	1313.9640939235687
277	89.867	113.1244	254.05591	-85.05972	256.13333	16.193537	34.642666	82.229836	-100.919716	1112000	-0.022874607	1127.8755	0.0	-165.32721	0.26856193	5.2154064e-10	1317.706799030304
278	83.16105	101.35206	239.65872	-54.492695	330.16666	16.595263	39.325783	85.287346	-98.35527	1116000	0.015806293	1647.5892	0.0	-759.7396	0.24459164	-2.3543836e-09	1321.7239258289337
279	99.79667	93.83282	259.8723	-40.50731	262.6	6.554091	34.0256	75.137085	-87.23742	1120000	-0.039760534	1063.5645	0.0	-691.14655	0.29397544	4.3213366e-10	1325.8116579055786
280	79.120834	99.14692	260.5293	-28.773035	224.58824	24.984535	32.506756	84.82282	-92.18851	1124000	-0.03688623	1135.3717	0.0	-265.26764	0.28479177	2.7418137e-09	1329.8601598739624
281	69.83861	110.43831	242.0884	-84.44402	272.2857	17.024786	34.86991	84.878235	-105.53522	1128000	-0.01584795	1283.5868	0.0	-255.54626	0.3010737	2.861023e-09	1333.8365800380707
282	49.46023	89.683395	233.07669	-43.255173	260.66666	11.73649	34.445934	79.23758	-104.16263	1132000	-0.008448926	1115.537	0.0	-90.19678	0.3159679	8.940697e-11	1337.8760459423065
283	43.335995	70.0232	223.08173	-39.79214	222.5	6.367029	37.02122	73.0713	-104.43079	1136000	-0.018825838	758.72925	0.0	-41.37018	0.31515533	-1.1026859e-09	1341.8318479061127
284	111.3756	104.40311	258.23788	-33.91189	327.75	27.027449	41.071384	88.90302	-104.42862	1140000	-0.03614072	1627.342	0.0	-1096.7639	0.31826663	1.847744e-09	1345.7737200260162
285	87.76938	109.053	303.78482	-22.093904	271.53845	20.829082	31.838976	83.072556	-92.49311	1144000	-0.021924417	1121.7329	0.0	-305.24377	0.2619126	-8.3446505e-10	1349.6868419647217
286	74.33335	99.21377	258.13657	-50.993176	221.47058	21.921022	36.704346	86.40857	-95.78384	1148000	0.0046523036	1193.0134	0.0	-397.47418	0.2659534	2.3543836e-09	1353.366055727005
287	25.745201	53.72265	223.02751	-47.045284	177.5	8.031166	36.780975	71.37065	-100.12467	1152000	-0.018990228	992.08765	0.0	-322.6635	0.2929359	2.1904707e-09	1356.9100239276886
288	44.022995	100.145836	274.52267	-44.270466	228.82353	7.7848053	36.650723	77.20127	-100.96395	1156000	-0.03340547	1141.2463	0.0	-242.24426	0.25173172	-2.95043e-09	1360.4281928539276
289	29.74196	81.56257	221.5612	-64.460045	183.90475	5.2709565	37.598396	69.28404	-103.307495	1160000	-0.009983994	1054.8153	0.0	-213.42609	0.27546686	0.0	1363.7905399799347
290	36.510315	79.89713	222.02562	-74.31699	187.90475	2.6019125	39.417156	82.03018	-103.05787	1164000	0.001293816	910.62366	0.0	-288.1903	0.29611555	-2.861023e-09	1367.531282901764
291	-9.491968	40.25385	60.306076	-80.72222	188.95	1.2406964	36.29965	86.28796	-107.12067	1168000	-0.0277208	1239.4799	0.0	-474.74506	0.30271354	-4.8279762e-09	1371.1448328495026
292	30.533571	75.333565	268.347	-46.240234	150.73077	-4.028098	37.117023	53.3501	-107.89637	1172000	-0.034865856	1307.7025	0.0	-449.1604	0.27251583	-3.7699937e-09	1374.4437868595123
293	6.9180856	29.240974	52.146183	-53.384914	221.22223	-6.6269374	32.75616	68.96544	-107.923386	1176000	0.0031131525	147.36862	0.0	-51.217728	0.32542926	-2.3841857e-09	1378.8422260284424
294	6.1670456	79.83507	226.27336	-113.62916	181.0	-0.25354186	36.115707	91.323105	-108.82532	1180000	-0.007822561	1437.189	0.0	-343.52087	0.2816332	4.2021275e-09	1382.379324913025
295	10.307513	77.26571	229.6084	-88.11244	193.3	-6.752379	33.287807	50.897575	-109.16397	1184000	-0.036678787	717.1262	0.0	-231.76147	0.25958788	-2.1904707e-09	1386.100924730301
296	-2.389178	25.105028	28.17814	-43.576458	305.8	-5.2398124	24.351828	58.184814	-108.04507	1188000	-0.02075949	185.28624	0.0	-58.772774	0.3561002	4.3064357e-09	1390.98592710495
297	0.59820837	66.95754	165.08824	-103.047455	339.0909	-5.0698085	26.490257	68.407005	-110.62483	1192000	-0.01974487	516.91754	0.0	-79.34039	0.3454416	4.798174e-09	1396.6170680522919
298	22.453917	80.02333	217.45432	-44.746445	263.86667	-3.0381246	36.325176	77.17307	-110.42603	1196000	-0.0054346174	803.09326	0.0	-182.75867	0.3031613	-5.4687264e-09	1402.0766549110413
299	32.315937	105.5871	230.29669	-73.86515	305.25	3.4531288	28.093285	72.502655	-109.01744	1200000	-0.017017739	839.9144	0.0	-179.43231	0.3153832	-6.2286856e-09	1406.5288000106812
300	28.709364	67.51504	220.86401	-44.91733	181.27272	2.99417	39.57088	83.49994	-111.950645	1204000	-0.013290535	1017.2167	0.0	-274.76215	0.2739656	1.7434358e-09	1410.443592786789
301	65.809364	97.29188	231.43071	-38.794388	235.23529	8.696809	35.2491	89.36414	-111.04245	1208000	-0.03146103	1373.6707	0.0	-283.49634	0.27232537	2.0861626e-10	1414.3019649982452
302	40.82149	90.07325	236.85188	-74.44533	172.56522	15.494584	36.77133	91.39248	-112.83424	1212000	-0.0144781945	1520.9507	0.0	-196.14465	0.25649574	-4.4107438e-09	1417.6684839725494
303	51.03065	81.5324	240.83604	-20.937798	169.81818	8.330443	39.802563	79.28889	-110.76051	1216000	-0.016024482	1034.2963	0.0	-273.8058	0.23765467	-4.3064357e-09	1420.878028869629
304	57.613712	74.06248	240.43799	-34.071785	207.57895	16.25496	40.29091	96.49153	-115.126495	1220000	0.026930759	1185.2971	0.0	-476.1825	0.21864317	-4.4703484e-11	1424.2694067955017
305	30.467457	62.652634	225.55133	-45.73912	155.84	9.077135	39.721886	74.208755	-115.7064	1224000	-0.010252104	981.51886	0.0	-189.72467	0.25727725	4.634261e-09	1427.458641052246
306	58.437534	84.83935	267.3189	-25.018906	176.36363	4.5607686	40.444935	77.50392	-116.12873	1228000	-0.023932971	1206.667	0.0	-263.20636	0.22949193	-8.940697e-11	1430.7225849628448
307	30.411488	43.06674	192.13966	-37.59706	167.73914	6.143874	37.284122	88.58792	-107.73126	1232000	-0.0037593658	574.9043	0.0	-270.55383	0.25760382	3.8444994e-09	1433.9856507778168
308	119.32992	113.59878	284.2827	-4.2832723	261.26666	-0.26304826	38.105286	76.30015	-109.911354	1236000	-0.009307731	2255.7166	0.0	-1592.8708	0.17359154	1.8775463e-09	1437.5912120342255
309	106.32568	114.16077	265.13373	-31.477093	195.6	26.659988	40.60097	98.11389	-108.947655	1240000	-0.0169571	1470.3218	0.0	-337.7339	0.22819068	-5.960465e-11	1440.9323370456696
310	87.47059	97.99804	264.85443	-13.191719	180.22728	21.523066	40.17884	86.85007	-96.40127	1244000	0.006125091	992.1156	0.0	-281.13702	0.2576048	-3.1292438e-09	1444.1981627941132
311	129.91211	117.983574	270.67728	-15.410654	242.25	39.26272	34.73997	105.380585	-102.63552	1248000	-0.00918315	1398.0121	0.0	-297.43872	0.22435288	-2.7120113e-09	1447.7978830337524
312	111.91097	104.43977	259.11884	2.8654542	234.35294	26.98239	36.31307	83.660675	-110.67349	1252000	-0.020680873	925.81213	0.0	-273.8333	0.25473535	-1.296401e-09	1451.4545168876648
313	89.90759	115.59948	272.4404	-25.206104	226.93333	29.257008	39.633144	93.2147	-111.11176	1256000	0.0014146034	1919.396	0.0	-571.79944	0.2621849	3.5911798e-09	1455.0616099834442
314	111.82621	120.914314	249.82028	-32.967087	357.7	14.912957	36.57267	79.142944	-86.32795	1260000	0.01713225	1206.0356	0.0	-315.35663	0.22411998	8.046627e-10	1459.3915917873383
315	121.810974	124.392624	287.36932	-33.258926	264.7143	30.989555	33.38674	106.073074	-108.85344	1264000	-0.03188281	1468.4077	0.0	-255.97986	0.25476944	-3.2931566e-09	1463.186321735382
316	106.71168	116.028786	268.857	-25.880463	275.07144	34.032948	34.38726	95.84126	-95.405075	1268000	0.005053875	1435.403	0.0	-577.66864	0.23876776	-1.2367963e-09	1466.8634259700775
317	150.85316	118.022095	261.17532	-29.348782	297.69232	24.29907	34.916176	85.918785	-101.10137	1272000	-0.01811473	937.8582	0.0	-415.12756	0.2603901	4.0084123e-09	1470.7284018993378
318	136.87914	112.195885	268.13873	-18.595018	332.58334	29.310886	35.042786	97.73512	-76.99114	1276000	-0.01280888	716.4118	0.0	-128.36719	0.26122504	-9.23872e-10	1474.9154489040375
319	136.23248	137.66547	278.44235	-61.33395	416.66666	34.806683	28.016647	90.214455	-102.27262	1280000	0.026270268	1628.2538	0.0	-793.75653	0.25962558	-2.4884939e-09	1479.635862827301
320	96.68032	104.47787	260.53928	-37.268127	542.8571	5.2183824	29.74597	74.70566	-100.14201	1284000	-0.023975002	617.9832	0.0	-186.9367	0.28168538	6.109476e-10	1486.1987209320068
321	169.00647	90.159874	267.6685	4.639582	665.6667	14.189297	28.193071	87.100044	-86.46161	1288000	-0.03875683	325.3516	0.0	-135.65375	0.26396194	4.5448543e-09	1492.5991489887238
322	-16.080315	40.313957	37.963245	-75.52373	809.0	4.5387344	23.207386	93.00454	-57.25755	1292000	-0.032945603	266.47876	0.0	-205.37375	0.30358654	9.536744e-10	1500.01846909523
323	89.90376	146.64447	272.41	-44.48413	736.2	4.1402216	21.829807	85.7899	-41.50467	1296000	-0.02233318	276.16696	0.0	-203.64137	0.2891244	-5.453825e-09	1506.7534251213074
324	-47.231693	20.311155	-20.099018	-75.13089	1000.0	-2.5621731	22.994478	73.28454	-27.649723	1300000	0.00018794251	179.76724	0.0	-148.14732	0.29670286	1.9967556e-09	1513.3345830440521
325	21.546616	142.15102	267.28372	-73.93561	842.5	-2.8669255	19.66596	87.15685	-29.671335	1304000	-0.015173633	105.94874	0.0	-55.426247	0.3053221	-1.3560056e-09	1519.8793771266937
326	-53.23103	12.929328	-39.7053	-67.81074	1000.0	-9.154705	13.026835	64.57044	-25.237103	1308000	0.0036220222	34.897186	0.0	-6.579611	0.31329727	1.0281801e-09	1526.4545798301697
327	-65.162964	20.795712	-49.61305	-100.45701	1000.0	-9.7172575	16.001545	51.352493	-27.621538	1312000	0.014511113	60.32891	0.0	-22.294918	0.30146563	1.2814999e-09	1532.7073640823364
328	-96.79977	18.778679	-72.90708	-125.54567	1000.0	-10.844138	16.95143	37.922535	-30.464794	1316000	0.007729504	49.39011	0.0	-22.118439	0.29795668	-2.682209e-10	1539.6913809776306
329	-99.75107	11.958796	-86.3067	-119.063065	1000.0	-12.450125	13.778505	30.967842	-30.444683	1320000	0.009614443	35.292458	0.0	-7.219528	0.29654008	-4.917383e-10	1548.6010568141937
330	-150.0912	14.877383	-137.91475	-175.1423	1000.0	-14.290979	11.634326	29.370962	-31.64159	1324000	0.02405799	45.644848	0.0	-21.101423	0.309961	4.157424e-09	1555.9806067943573
331	-168.98994	10.419931	-154.95213	-184.31197	1000.0	-18.622566	16.740742	36.170094	-33.45259	1328000	0.025684742	58.13552	0.0	-23.69371	0.31086168	5.9604643e-10	1562.1468179225922
332	-226.06664	42.66147	-161.32309	-280.17978	1000.0	-22.75804	15.013622	26.658522	-34.135296	1332000	0.044590052	63.635376	0.0	-19.465889	0.3159133	-6.7949295e-09	1569.4842720031738
333	-184.96198	31.127134	-136.60393	-221.80359	1000.0	-26.07509	12.7631645	22.157997	-36.00432	1336000	0.040327705	71.61343	0.0	-34.73034	0.31090698	1.9222497e-09	1576.054592847824
334	-162.41321	14.348809	-140.62167	-177.82922	1000.0	-25.389427	14.142414	30.482698	-35.13326	1340000	0.019898236	77.85471	0.0	-48.80607	0.29462478	-1.4454127e-09	1583.1798079013824
335	-105.7132	21.185585	-79.63314	-136.18007	1000.0	-22.348602	13.3489	30.294514	-40.15406	1344000	0.0056723556	89.10208	0.0	-47.153553	0.28113183	1.1026859e-09	1590.0953221321106
336	-92.99216	3.2986863	-89.07658	-98.10162	1000.0	-18.993263	13.112995	32.74426	-31.838829	1348000	0.016320204	60.101795	0.0	-32.49862	0.2689855	-6.8545343e-09	1597.1457479000092
337	-57.818016	24.661722	-24.643684	-94.10452	1000.0	-16.432789	15.797556	42.265717	-31.7571	1352000	-0.0045673694	65.73728	0.0	-28.236732	0.265821	-3.0100347e-09	1604.1346380710602
338	32.32695	132.85336	261.04056	-63.989693	841.5	-4.426208	24.632977	90.91166	-28.592558	1356000	-0.028083626	297.81125	0.0	-205.49156	0.25597212	-2.682209e-10	1611.7143490314484
339	51.712486	130.67795	277.28	-37.59368	835.5	-4.381315	25.373116	92.58686	-28.599005	1360000	-0.017589953	102.93217	0.0	-20.78955	0.26042587	3.4272671e-09	1619.6185450553894
340	164.5063	102.33433	280.50488	3.7307603	533.8571	21.2033	34.673027	94.05608	-82.715904	1364000	-0.038124263	652.16077	0.0	-396.6062	0.24763134	-7.748604e-10	1624.9813249111176
341	211.93602	81.17979	269.49567	-39.999046	344.54544	34.41118	24.383724	88.91691	-82.326096	1368000	0.0019983002	511.10495	0.0	-277.90265	0.20290604	2.4735927e-09	1629.240247964859
342	208.12651	86.19219	277.0902	5.226693	324.16666	45.544304	24.914633	90.47226	-83.16651	1372000	0.0058452096	458.52667	0.0	-277.2605	0.19109482	3.0696392e-09	1633.3033950328827
343	170.54408	129.50465	285.85596	-59.285496	296.46155	47.035126	31.249907	93.82467	-72.03397	1376000	-0.032374777	1110.6117	0.0	-474.91968	0.22848307	-2.9206275e-09	1637.3819208145142
344	181.68062	116.08259	292.8852	-26.259914	276.64285	41.572662	36.76058	84.54686	-93.56707	1380000	-0.013103314	1068.1168	0.0	-261.2193	0.19229734	8.9406965e-10	1641.1017138957977
345	154.1825	132.47397	288.27924	-33.698826	244.0	46.72357	33.230587	92.12059	-97.64948	1384000	0.027100753	1208.4554	0.0	-233.33673	0.17439358	-1.5497208e-09	1644.7368397712708
346	106.883575	139.89021	298.0221	-54.612316	222.70589	40.732616	31.913185	95.5549	-101.27661	1388000	-0.009006889	1732.9122	0.0	-291.78223	0.19182537	-7.3313715e-09	1648.2756688594818
347	112.65503	137.17134	311.39612	-60.651676	206.3158	32.74042	41.810764	87.399895	-100.76262	1392000	0.0063662636	1777.1873	0.0	-273.82275	0.16556643	2.5629998e-09	1651.749540090561
348	50.513863	104.39416	235.75761	-73.96091	237.0625	14.5396	37.332947	81.9719	-95.06129	1396000	0.022443015	1407.9025	0.0	-200.72241	0.32015908	3.1590461e-09	1655.2866868972778
349	105.16959	123.05381	270.61496	-27.430748	265.35715	34.37653	32.4296	85.113945	-98.72661	1400000	-0.04565571	1659.893	0.0	-597.6211	0.27953038	-5.9604643e-10	1658.964548110962
350	41.389095	104.03449	250.14973	-51.11974	156.52	31.480825	35.643402	81.65291	-102.29909	1404000	-0.0031633684	2130.0623	0.0	-532.8341	0.18419145	-2.8908254e-09	1662.1629979610443
351	6.5909247	70.939285	222.36388	-68.91706	126.354836	11.664199	41.54482	75.22672	-106.11553	1408000	0.013084202	2213.632	0.0	-908.6157	0.19432542	-8.3446505e-10	1665.311978816986
352	-1.8321741	79.499115	232.05408	-151.88358	122.78125	-1.2691877	37.20615	81.7441	-109.51915	1412000	0.037717193	1503.0167	0.0	-243.48352	0.18821268	-1.758337e-09	1668.4527008533478
353	-20.071123	50.1295	203.54573	-129.57892	112.65714	-5.539168	34.301228	77.65214	-113.98205	1416000	0.039848074	923.3626	0.0	-152.56653	0.19497404	-7.748604e-10	1671.539633989334
354	-38.92846	48.645866	180.07011	-119.66046	118.606064	-13.09079	33.340866	61.361362	-114.68802	1420000	0.030360188	943.2738	0.0	-231.05957	0.19630046	1.7285346e-09	1674.6041090488434
355	-32.05697	48.480244	209.48213	-96.543976	104.76316	-19.899828	34.037895	46.329094	-117.79283	1424000	0.047259327	762.7555	0.0	-156.07355	0.18094812	2.3841857e-09	1677.6238198280334
356	-69.56374	35.555553	-9.104445	-172.18935	101.871796	-20.843794	30.04209	25.20473	-116.8741	1428000	0.022450631	958.683	0.0	-420.19025	0.18095505	6.556511e-10	1680.6396689414978
357	-59.119667	34.317387	28.7579	-144.6235	99.275	-35.061333	29.364365	-6.289155	-124.0282	1432000	0.04949523	515.653	0.0	-47.631958	0.19092037	-1.847744e-09	1683.6432700157166
358	-65.58978	33.143414	-7.2039795	-145.60422	91.76744	-29.14885	27.458763	-6.262352	-122.22828	1436000	0.03448063	427.55667	0.0	-92.32129	0.16402885	9.536744e-10	1686.6631090641022
359	-65.64215	37.537056	5.2124324	-192.29668	93.92857	-36.217297	26.796589	-9.39913	-117.60908	1440000	0.043208856	404.6604	0.0	-24.754608	0.18458076	1.3411046e-09	1689.641457080841
360	-54.679264	26.581268	6.663636	-124.21245	90.38636	-33.56194	25.883446	-9.491512	-124.18386	1444000	0.039071564	272.07388	0.0	-13.907013	0.17404288	7.1525574e-10	1692.6189720630646
361	-39.957108	25.899792	22.658726	-101.18096	91.18604	-31.086472	25.278526	-8.37838	-115.505936	1448000	0.035976	279.80426	0.0	-49.98526	0.18238358	2.4437905e-09	1695.5636248588562
362	-32.333675	30.066473	14.308489	-122.462166	92.34884	-28.929392	29.071806	-4.34061	-119.849	1452000	0.02375926	416.1817	0.0	-116.06442	0.20178804	1.3709068e-09	1698.6058390140533
363	-18.137032	30.603056	23.698298	-122.367325	92.674416	-22.502167	31.005768	9.472441	-124.71886	1456000	0.03704089	341.14044	0.0	-169.56158	0.18701601	4.1723253e-10	1701.5695278644562
364	-1.5224985	28.41923	62.588985	-61.286198	98.875	-11.025606	37.26137	31.26836	-125.64071	1460000	0.008281292	305.97195	0.0	-85.49812	0.178188	4.1723253e-10	1704.5424921512604
365	-13.983461	31.083475	35.782887	-76.29613	96.756096	-11.104447	40.40852	49.341045	-122.63282	1464000	0.0026503736	187.7484	0.0	-35.379227	0.20093589	-6.8545343e-09	1707.522980928421
366	-6.937053	32.854244	61.61309	-80.871704	100.589745	-8.930164	42.140736	56.148586	-122.52134	1468000	-0.010544574	208.27904	0.0	-23.737213	0.19454817	2.384186e-10	1710.4693758487701
367	2.1338487	34.368366	53.164948	-77.82051	99.825	-7.464485	43.100376	55.62683	-123.70947	1472000	-0.030442439	282.1691	0.0	-41.08571	0.20499112	-3.218651e-09	1713.452358007431
368	7.0918827	46.684887	235.02776	-51.94131	103.18421	-6.9988456	44.084873	56.289288	-121.5207	1476000	-0.036997765	889.1205	0.0	-395.34293	0.21218003	-1.0728836e-09	1716.497526884079
369	20.627869	57.191242	272.73593	-33.823097	104.289474	2.890833	42.188797	66.232864	-109.61569	1480000	-0.027073245	951.7821	0.0	-192.65619	0.20327231	3.9935113e-09	1719.559492111206
370	18.95557	59.870663	248.10776	-63.042503	108.77778	4.9197507	39.83657	85.42546	-109.313545	1484000	-0.015285191	1041.7721	0.0	-106.25824	0.19832894	-1.6689301e-09	1722.5578107833862
371	41.378483	84.47006	236.9545	-60.061787	131.96552	5.0346885	40.141964	79.21397	-114.31446	1488000	0.0004963083	1600.4952	0.0	-486.06982	0.18564305	-3.2782554e-09	1725.7920398712158
372	19.836763	74.18405	219.24881	-94.32714	162.375	12.97884	36.871468	77.488014	-109.65105	1492000	-0.018379346	1437.2688	0.0	-439.85095	0.20969178	-3.2782554e-09	1729.3302068710327
373	25.04616	73.42425	228.85382	-76.83232	130.93333	8.029638	39.512573	78.48946	-113.12985	1496000	-0.0100353295	1230.2556	0.0	-254.52087	0.1647882	5.2154063e-09	1732.5398890972137
374	9.257752	56.177536	163.45892	-102.03043	146.36363	5.3384733	33.45149	77.52624	-117.0635	1500000	-0.011595002	795.0359	0.0	-298.1812	0.1848443	6.854534e-10	1736.4281630516052
375	2.2178185	75.25414	213.82779	-119.86483	195.45	-5.543007	31.998526	63.967945	-114.079315	1504000	-0.0040767277	817.72485	0.0	-154.82404	0.16905215	-4.738569e-09	1740.7363069057465
376	-7.716014	78.57094	221.67575	-76.90469	194.05	13.036901	40.025623	73.95078	-110.583984	1508000	-0.07117144	1939.9135	0.0	-1068.212	0.26195183	5.6773426e-09	1744.2861738204956
377	-15.011021	81.615974	220.7891	-124.01844	137.89655	-8.056372	33.38766	71.597664	-109.73965	1512000	-0.024737913	1689.1664	0.0	-662.1223	0.14060685	1.013279e-09	1747.4659049510956
378	-50.275333	77.11568	270.85727	-131.51869	137.89655	-12.214106	39.302486	100.56957	-115.01867	1516000	-0.012826898	1217.4117	0.0	-648.2332	0.14523746	-5.39422e-09	1750.5967168807983
379	-68.87923	68.95807	146.88025	-144.39528	144.25926	-36.211334	39.2814	64.6285	-120.13664	1520000	-0.012025688	1214.4768	0.0	-529.2135	0.122430064	5.066395e-10	1753.811815738678
380	-84.15025	48.03633	23.674513	-148.62094	127.83871	-35.554485	38.73051	118.82965	-117.355545	1524000	0.01319949	1266.4258	0.0	-749.78217	0.13519979	1.6689301e-09	1756.8880298137665
381	-77.39658	55.097263	23.33526	-174.51912	121.0	-45.40777	39.745686	20.96713	-119.99183	1528000	0.009410949	290.09796	0.0	-97.12799	0.1511729	6.854534e-10	1759.9546129703522
382	-88.101265	65.21424	21.682327	-267.53848	129.86667	-47.33353	39.85059	23.934181	-128.56256	1532000	0.014835396	620.6005	0.0	-141.75455	0.1458824	1.4305115e-09	1763.0395648479462
383	-86.61902	69.6487	180.42116	-164.07405	132.36667	-52.160408	38.943714	21.492935	-129.31955	1536000	-0.0024494429	762.8165	0.0	-297.64523	0.13412374	3.4272671e-09	1766.2227838039398
384	-103.06482	50.10901	3.5419357	-193.5232	139.03572	-46.020645	37.322086	24.605537	-128.71823	1540000	0.0069391783	307.4314	0.0	-121.59801	0.13221711	-3.0696392e-09	1769.3166918754578
385	-98.9356	53.294636	2.980619	-196.46698	136.39285	-53.00392	38.578518	39.1572	-127.07386	1544000	0.007144296	343.56522	0.0	-107.0094	0.1301444	-4.1127204e-09	1772.3907198905945
386	-96.18	46.58332	-10.365611	-170.37112	141.03572	-50.75475	39.580654	22.544615	-127.209404	1548000	0.014204505	167.63113	0.0	-45.968887	0.1352561	-5.9604643e-10	1775.4745090007782
387	-84.43019	59.09159	19.121416	-188.06285	140.78572	-49.82808	39.674217	20.871046	-125.94766	1552000	-0.008724295	165.72337	0.0	-24.77092	0.14645697	-4.4703483e-10	1778.564054965973
388	-80.99526	57.662945	98.286156	-234.54541	138.82143	-51.407173	39.017056	24.67948	-123.51656	1556000	-0.01104073	1017.9295	0.0	-470.66132	0.14657661	-1.4603138e-09	1781.6819140911102
389	-82.46644	76.547745	248.77768	-138.11143	152.76923	-43.41168	41.64438	57.854977	-110.34036	1560000	-0.00028329276	444.87454	0.0	-72.4917	0.15404002	7.1525574e-10	1784.808692932129
390	-66.384834	88.17759	143.60316	-262.9114	152.46153	-37.261047	43.90288	63.945133	-119.73253	1564000	-0.0010718618	729.2717	0.0	-160.96735	0.13678889	2.6524067e-09	1788.0551431179047
391	-81.12618	86.2588	278.41293	-161.37936	158.0	-39.130005	46.599342	77.055435	-120.01985	1568000	0.017755397	517.0698	0.0	-102.981964	0.14667197	-2.2947788e-09	1791.1628949642181
392	-78.041245	98.553505	213.06866	-190.9474	165.70833	-41.746025	40.106182	57.74279	-120.34566	1572000	-0.008437839	1047.5192	0.0	-478.94006	0.14109054	3.4570693e-09	1794.383714914322
393	-89.5954	68.11609	155.89825	-166.45688	154.48	-43.51629	40.736168	68.545555	-112.45334	1576000	-0.0028521447	520.4576	0.0	-118.9942	0.16263747	-2.8014182e-09	1797.4835469722748
394	-105.43454	56.764973	11.184048	-182.48177	155.72	-44.208374	38.961884	72.04911	-112.57934	1580000	0.020523358	819.3028	0.0	-565.8978	0.15031397	-2.9206275e-09	1800.6835780143738
395	-107.30967	54.51424	20.10769	-235.31766	156.96	-52.808445	37.84085	33.824303	-118.13564	1584000	0.014665326	266.2112	0.0	-36.747253	0.15391491	-6.2584876e-10	1803.7825589179993
396	-124.442726	23.38916	-74.501274	-162.70134	160.83333	-59.914852	35.801388	27.567146	-127.377335	1588000	0.013342753	93.90002	0.0	-21.934471	0.16648175	-3.3974648e-09	1806.8869879245758
397	-110.4043	50.891674	23.815577	-175.12218	159.96	-59.274445	37.311783	25.778835	-121.437775	1592000	0.002732856	127.286896	0.0	-23.9711	0.17150961	-2.7418137e-09	1810.888288974762
398	-102.56786	47.179554	-3.043386	-168.74832	155.88	-53.90939	37.23216	28.859322	-121.69125	1596000	-0.01900372	69.96194	0.0	-15.711372	0.17929597	-3.218651e-09	1814.6852679252625
399	-29.923666	152.0833	262.25867	-172.3492	197.75	-39.20244	45.096558	52.476566	-125.407455	1600000	-0.033964258	2588.2925	0.0	-1086.4591	0.13914984	-3.0994416e-09	1817.9858920574188
400	-84.96866	69.72793	132.93553	-156.08849	173.26086	-34.576504	47.047718	87.70946	-113.14096	1604000	-0.0044470006	571.1329	0.0	-234.76208	0.15761372	-3.7550927e-09	1821.2620778083801
401	-40.716854	129.17766	289.57733	-181.96625	191.05882	-17.40959	58.836174	87.553665	-110.87094	1608000	0.006115145	1565.3829	0.0	-567.6778	0.14551708	-5.6922436e-09	1824.912976026535
402	-86.2068	62.07854	111.926956	-181.61916	173.77272	-40.74502	44.73888	57.12992	-122.03613	1612000	0.005875382	544.529	0.0	-163.56107	0.1579178	4.2915342e-09	1828.1265399456024
403	-52.51407	83.015884	188.4207	-135.98853	173.69565	-38.735634	40.901825	59.62972	-112.81822	1616000	-0.020129053	897.13904	0.0	-376.28693	0.1566676	2.861023e-09	1831.3140840530396
404	-80.65438	60.38473	28.468832	-180.25127	173.04347	-36.75386	41.847	51.078617	-114.83658	1620000	-0.013406105	271.9373	0.0	-134.24426	0.16310437	1.6093255e-09	1834.4692749977112
405	-40.1804	95.11101	225.40361	-155.41447	170.86957	-38.615593	45.728638	68.228714	-115.49219	1624000	-0.009436004	833.92645	0.0	-251.17969	0.15167266	-6.556511e-10	1837.7130570411682
406	-53.42121	84.21595	178.57997	-146.70123	229.94118	-10.328792	54.022556	76.201004	-115.85238	1628000	-0.0567194	1122.998	0.0	-695.69104	0.2269733	4.053116e-09	1841.6416668891907
407	-32.202545	92.60872	226.19919	-153.0823	240.1875	-4.550459	54.32532	73.15613	-115.20673	1632000	-0.056181356	1509.0652	0.0	-881.00604	0.20135576	-1.013279e-09	1845.4326848983765
408	12.849963	103.62333	278.73218	-92.42017	196.55	-16.795303	45.51438	61.98656	-114.07803	1636000	-0.01986677	1561.003	0.0	-459.40662	0.15240969	1.0728836e-09	1848.6881530284882
409	3.1043882	103.9693	278.1934	-102.31229	207.21053	-5.15127	44.692894	93.44906	-113.78744	1640000	0.0018744018	1211.8553	0.0	-320.34235	0.1509216	-1.9073487e-09	1852.0548269748688
410	74.46272	146.8656	290.67465	-128.20718	291.6154	-11.443588	45.44091	90.22193	-114.12525	1644000	0.0018810878	1715.0079	0.0	-717.67706	0.15094374	-7.748604e-10	1855.7420389652252
411	-26.014124	40.633495	49.398014	-71.99166	353.44446	-2.4990888	27.31094	84.29701	-103.080666	1648000	-0.008088611	810.84875	0.0	-446.43747	0.19024651	-6.2584876e-10	1860.5066509246826
412	103.68521	109.2695	241.75392	-44.491474	340.55554	-2.689436	31.61151	78.71963	-110.501976	1652000	-0.02527908	994.67505	0.0	-464.18903	0.1641854	-2.2053719e-09	1865.8155000209808
413	95.437965	123.18055	257.00742	-54.10995	352.18182	22.735773	28.845295	96.34241	-89.66392	1656000	-0.011548676	1403.9109	0.0	-511.50037	0.14106555	-1.7881393e-09	1871.2937450408936
414	169.37405	101.460846	266.57233	14.157628	350.18182	31.143362	31.037788	84.646645	-74.50432	1660000	-0.07325591	1357.8893	0.0	-869.04407	0.22837134	-3.427267e-10	1875.8426959514618
415	169.08087	116.767	259.53445	-44.617176	358.9091	41.65746	27.636211	84.439674	-64.831154	1664000	-0.013431568	1018.7448	0.0	-308.95746	0.14360934	-5.2452087e-09	1880.5695190429688
416	204.22923	95.58671	280.52954	-33.985573	267.57144	54.52331	25.393394	86.90811	-109.59248	1668000	-0.022462508	1095.3179	0.0	-362.10034	0.11161018	1.0728836e-09	1884.458769083023
417	171.99254	119.13204	266.24573	-45.766125	281.64285	51.648476	22.321344	80.66643	-98.68895	1672000	-0.003405406	1601.9829	0.0	-566.678	0.13302892	-1.0877848e-09	1888.392226934433
418	161.88638	122.349205	272.29184	-12.934719	270.35715	42.216446	27.273783	80.086494	-109.821434	1676000	-0.0098923985	1099.3635	0.0	-352.1507	0.144622	2.4437905e-09	1892.2625088691711
419	198.51921	114.8317	280.19876	-24.013548	306.15384	39.830303	32.148804	81.50785	-91.58181	1680000	-0.005616354	558.37897	0.0	-227.2503	0.12407842	1.1473894e-09	1896.1918587684631
420	139.16556	128.74434	266.76947	-24.39675	235.8125	44.298218	37.541267	85.75104	-106.848	1684000	-0.016179692	1480.2341	0.0	-679.4835	0.13299838	-1.4007091e-09	1899.9551548957825
421	182.74652	108.85193	272.12878	-24.837809	265.0	49.745323	33.11457	89.14987	-98.960335	1688000	-0.011561575	626.7243	0.0	-73.49518	0.12714523	-4.3064357e-09	1903.8338930606842
422	116.77812	129.22485	254.08023	-40.181675	298.23077	45.186897	40.049656	88.62854	-105.77932	1692000	-0.07089259	1535.6968	0.0	-870.17126	0.21330237	-6.2286856e-09	1908.2878589630127
423	155.4673	122.447784	276.4338	-53.096947	284.57144	29.768377	35.523174	77.9344	-109.39463	1696000	-0.020486692	2208.4277	0.0	-643.7855	0.13847464	6.9737434e-09	1912.3939640522003
424	113.86709	122.74831	275.95197	-58.13442	275.92856	38.614346	24.644203	78.47444	-111.15056	1700000	-0.0011798384	1459.55	0.0	-354.17224	0.13370848	2.2351743e-09	1916.4152607917786
425	120.476295	135.16467	277.6214	-70.44822	270.57144	22.725277	32.561234	78.064606	-114.8371	1704000	-0.016122434	1423.1182	0.0	-166.83936	0.13712265	2.8014182e-09	1920.163556098938
426	74.72746	118.75393	262.39536	-41.19661	263.13333	26.02493	34.2749	81.70726	-110.95989	1708000	-0.004289873	1389.1722	0.0	-267.5791	0.13053742	-8.493662e-10	1924.012188911438
427	95.90051	127.05177	254.51472	-67.87933	276.35715	20.584217	37.619022	82.640076	-111.2767	1712000	-0.010306531	1530.2588	0.0	-248.62927	0.12893093	1.0877848e-09	1928.1074159145355
428	139.70877	115.41158	256.20813	-35.136936	290.53845	23.623747	31.313768	76.49173	-110.053505	1716000	-0.021326514	2203.9414	0.0	-741.6548	0.14044993	1.3560056e-09	1932.036849975586
429	153.0258	100.333206	246.57356	-33.47941	319.33334	34.9355	27.263348	86.29171	-106.595314	1720000	-0.0016149414	888.77014	0.0	-201.06134	0.13222548	2.041459e-09	1936.1232500076294
430	48.306934	113.23353	254.9039	-34.84009	326.58334	37.92708	26.260853	78.462006	-102.01825	1724000	-0.032127526	2759.2898	0.0	-1521.2385	0.19508491	-1.758337e-09	1940.2871489524841
431	126.82218	106.02272	232.5791	-25.449743	307.15384	7.3208413	35.137554	75.25683	-114.7352	1728000	-0.032260105	2131.7717	0.0	-946.6736	0.1300701	4.0233136e-10	1944.3754358291626
432	144.37584	106.23995	228.64682	-46.44457	316.33334	30.797016	29.43711	78.70077	-108.14237	1732000	-0.026731865	1374.6243	0.0	-174.6394	0.17387776	-2.9951335e-09	1948.5728569030762
433	94.677765	127.90536	234.11632	-87.53758	353.63635	31.326485	26.750603	76.761894	-106.80432	1736000	-0.027299091	1498.0532	0.0	-314.51672	0.18709011	3.3527612e-09	1952.8381769657135
434	80.37444	135.80878	249.72234	-74.7555	306.53845	17.859848	25.887592	71.72631	-118.04465	1740000	-0.0013514126	1848.9447	0.0	-218.04077	0.14168756	-1.0579825e-09	1957.0115168094635
435	60.762497	113.19549	200.88223	-68.56479	407.77777	20.27374	30.378628	70.55069	-112.03876	1744000	-0.038431916	1464.4824	0.0	-482.74707	0.20856479	-1.5944243e-09	1961.753033876419
436	20.777773	102.6314	205.35829	-92.345116	305.75	3.1382108	27.506128	68.110344	-120.16605	1748000	-0.009326702	1497.803	0.0	-248.2334	0.1603234	-1.1026859e-09	1965.7641038894653
437	15.928365	117.93583	227.46568	-77.450264	330.91666	1.251356	30.970213	66.22816	-120.1681	1752000	-0.019815486	1364.1599	0.0	-158.87646	0.16497414	-2.1457671e-09	1969.8963911533356
438	56.37052	115.4283	224.13841	-64.99844	442.33334	0.46268627	28.97107	66.781876	-119.59337	1756000	-0.006130443	970.18146	0.0	-111.1167	0.2298435	8.0168245e-09	1974.7883548736572
439	118.07306	89.7993	211.5111	-23.80436	617.8333	8.967688	25.530619	65.94915	-93.46242	1760000	-0.047455087	1109.9597	0.0	-485.8565	0.24818283	-3.7550927e-09	1979.7090599536896
440	130.42267	115.42333	217.94438	-69.04073	458.75	17.313866	21.824097	63.573505	-73.573906	1764000	-0.017247848	995.5329	0.0	-229.7149	0.16738051	4.4256447e-09	1984.7889759540558
441	58.428852	103.44371	211.4597	-52.55686	468.375	21.192484	16.916197	71.03023	-113.88617	1768000	-0.017168937	1238.7731	0.0	-398.01776	0.19003941	-6.556511e-10	1989.3070108890533
442	104.29351	120.5264	222.94281	-48.090034	402.77777	7.1302333	19.367908	61.183937	-117.47221	1772000	-0.0326365	1371.0135	0.0	-570.65936	0.1778717	2.0861626e-10	1993.934905052185
443	82.76774	117.085396	220.23482	-84.879	551.4286	29.558645	22.558437	73.02172	-70.19482	1776000	-0.019456102	1466.3021	0.0	-648.4193	0.25251865	-1.847744e-09	1998.779639005661
444	40.454308	104.75742	222.57658	-56.2607	545.0	11.4466095	16.275076	63.422253	-69.89262	1780000	-0.018406406	796.1745	0.0	-202.18921	0.20536532	3.6507846e-09	2003.9672679901123
445	104.99966	105.180374	213.46779	-35.88351	643.8333	2.0394902	19.763382	60.219944	-89.57341	1784000	-0.012312958	788.19965	0.0	-310.10834	0.26571092	-6.556511e-10	2010.1643271446228
446	67.195045	115.5516	193.74535	-75.80981	637.8333	10.108347	18.883022	68.18214	-76.026665	1788000	-0.017677635	653.6001	0.0	-174.84427	0.20014502	-2.4586917e-09	2015.6209781169891
447	-51.58297	70.437256	85.064064	-114.378456	631.4	0.7086545	17.884806	57.88654	-87.958176	1792000	-0.0053420085	612.5186	0.0	-233.35562	0.24976057	-4.4852495e-09	2021.8750460147858
448	-19.958044	41.620422	39.05822	-66.60483	841.5	-13.880422	13.465952	36.13507	-84.55171	1796000	0.021696754	281.60004	0.0	-99.61221	0.28821558	-3.7550927e-09	2028.487014055252
449	-37.861958	58.69111	84.07062	-99.834496	632.5	-0.67671156	16.193562	53.117577	-97.744576	1800000	-0.019429393	458.37823	0.0	-110.61969	0.2099002	-3.0398368e-09	2034.5481119155884
450	-13.682057	97.08782	175.46893	-88.605125	636.8	-9.26773	14.400308	42.119553	-96.337204	1804000	-0.028362384	582.0769	0.0	-217.11713	0.22435166	-2.1010638e-09	2041.2148609161377
451	-72.31454	99.606026	81.65532	-231.99068	783.2	-8.537108	12.299776	49.517586	-105.58029	1808000	-0.014630738	544.81116	0.0	-145.67319	0.2075637	-4.768372e-10	2048.0881719589233
452	-32.363483	70.81633	107.13668	-79.29192	611.4	-0.97340214	16.86097	67.56954	-55.439835	1812000	-0.04861012	388.94186	0.0	-181.02069	0.20260297	-7.390976e-09	2054.7463459968567
453	-90.00967	21.4543	-49.965195	-123.26867	517.5	-6.554037	9.015285	35.06538	-22.28839	1816000	-0.015015072	396.07678	0.0	-94.085205	0.21525243	-1.5348196e-09	2060.292159795761
454	-109.39869	17.346914	-83.137436	-140.73157	265.0	-11.896429	11.371041	33.401768	-30.236555	1820000	-0.0040996894	1225.6324	0.0	-1055.859	0.21149571	6.6161157e-09	2064.2488169670105
455	-124.968925	14.722904	-103.653625	-150.67258	229.64706	-36.595726	22.00657	35.423965	-65.23734	1824000	-0.007969348	242.16458	0.0	-110.6458	0.22109552	-2.5629998e-09	2067.9168989658356
456	-136.6077	17.911547	-100.993576	-167.45486	210.21053	-45.348698	20.883196	27.281134	-69.68832	1828000	-0.0016165085	177.50476	0.0	-81.66152	0.24347305	-2.399087e-09	2071.5552501678467
457	-151.5893	24.513035	-117.40062	-198.1648	202.89473	-51.272007	21.991241	34.21904	-75.32539	1832000	0.00046973312	148.92082	0.0	-69.056206	0.25546893	4.8726796e-09	2075.092143058777
458	-158.41908	18.525703	-121.84904	-192.52075	199.35	-57.205563	19.5441	18.306473	-86.944824	1836000	0.0054961396	88.23223	0.0	-28.536362	0.286652	-9.983778e-09	2078.669718027115
459	-154.61438	23.693205	-111.37858	-193.73506	208.55556	-59.842564	21.035326	9.931217	-88.803635	1840000	0.0017070898	83.51111	0.0	-5.6335144	0.27983755	1.3336539e-08	2082.2966780662537
460	-158.56271	23.18664	-114.83003	-201.80937	243.4375	-58.156715	22.652575	14.744678	-88.91279	1844000	0.001998759	83.6519	0.0	-9.558861	0.27112386	3.9339065e-09	2086.1543719768524
461	-153.64081	21.697136	-122.28595	-198.81558	235.23529	-56.436897	25.099525	29.353212	-89.167725	1848000	-0.00025220698	66.33502	0.0	-8.153664	0.25922036	2.026558e-09	2089.9593498706818
462	-145.70721	18.064295	-110.40413	-176.36955	256.86667	-56.76446	24.3899	10.965542	-89.344795	1852000	-0.00048921705	104.58791	0.0	-28.335426	0.2459919	-4.708767e-09	2093.929615020752
463	-135.3826	24.669735	-97.01263	-178.13599	252.93333	-56.374287	22.026737	29.1945	-89.03058	1856000	-0.0100668715	151.45325	0.0	-71.99717	0.22561385	2.9802323e-09	2097.825054883957
464	-128.79721	14.3450365	-106.766075	-151.7785	343.27274	-46.9804	29.438902	36.866398	-88.64973	1860000	0.015537953	190.3927	0.0	-105.15497	0.19723769	-6.8545343e-09	2102.245702981949
465	-117.54316	26.513094	-82.30378	-155.45105	397.22223	-45.501064	25.926176	38.138905	-87.72477	1864000	0.003157169	344.84903	0.0	-210.41351	0.20579368	2.9802323e-09	2107.00280213356
466	-83.64873	18.282537	-63.108143	-108.38801	1000.0	-48.06474	22.322538	41.69648	-79.62675	1868000	-0.01802974	1191.0537	0.0	-1090.1459	0.21399179	-4.1723253e-10	2113.8009247779846
467	-75.37248	14.439506	-53.16814	-93.49074	1000.0	-12.047171	11.980935	37.217384	-23.675793	1872000	-0.017121835	32.53241	0.0	-7.4502144	0.20397997	2.592802e-09	2121.1905179023743
468	-53.863632	20.034224	-30.528456	-83.466934	1000.0	-8.890514	11.296159	46.270653	-17.793692	1876000	-0.019508813	61.541275	0.0	-12.710201	0.19066887	5.9604643e-10	2128.946942806244
469	-74.503426	22.230515	-37.27909	-94.525635	1000.0	-9.168656	9.940964	16.771843	-17.865202	1880000	0.003393504	49.828365	0.0	-14.119183	0.17670181	-1.6391277e-09	2136.706372022629
470	-67.378815	28.346395	-29.183805	-96.596954	1000.0	-10.383712	10.017375	26.680649	-17.348248	1884000	-0.0027078914	32.701733	0.0	-4.091131	0.17530629	4.1127204e-09	2145.7262377738953
471	-39.64145	10.265614	-29.14109	-56.656197	1000.0	-10.034521	13.743091	46.77204	-17.802715	1888000	0.003841704	31.966345	0.0	-6.108261	0.17400217	-8.374452e-09	2154.1185159683228
472	-44.937134	19.810192	-19.10561	-69.06051	1000.0	-9.848471	12.726986	48.038696	-17.643091	1892000	0.00943187	30.31593	0.0	-3.548479	0.16597122	1.192093e-10	2161.465809106827
473	-48.769127	10.471747	-36.123947	-63.725277	1000.0	-9.714773	12.296893	44.76044	-18.41311	1896000	-0.0032975583	26.061935	0.0	-3.490385	0.16022034	-1.4901161e-09	2169.986669063568
474	-45.65976	12.216452	-24.923407	-56.494762	1000.0	-9.552561	14.295286	44.38753	-17.93237	1900000	-0.00031111122	26.571823	0.0	-4.067507	0.16130914	1.5795231e-09	2177.8746979236603
475	-53.521538	28.087831	-31.372732	-101.43745	1000.0	-9.219647	15.135017	50.83822	-23.45058	1904000	0.0010117195	26.755941	0.0	-7.962528	0.1605779	6.437302e-09	2185.134011030197
476	-47.8988	18.9468	-30.183714	-76.375374	1000.0	-10.163511	11.818471	42.3197	-17.87048	1908000	0.0036532842	34.817387	0.0	-10.811472	0.16193551	0.0	2192.4676699638367
477	-41.30558	15.593105	-27.610647	-67.65101	1000.0	-8.251859	15.237052	52.62397	-18.400936	1912000	-0.007268223	37.848053	0.0	-10.131224	0.15566386	-4.5001505e-09	2200.1820719242096
478	-40.346058	32.673004	-0.15393627	-91.177376	1000.0	-9.583	14.533776	48.297832	-22.29668	1916000	-0.01470755	60.682617	0.0	-31.540668	0.15152945	-3.5762787e-10	2207.9696979522705
479	-16.683212	9.786355	-6.1107154	-32.482628	1000.0	-9.392148	11.981567	32.394833	-18.895287	1920000	-0.016356414	54.33327	0.0	-25.09965	0.15008286	8.3446505e-10	2215.182397842407
480	-30.912292	13.444858	-13.419024	-44.52828	1000.0	-7.522392	16.767054	50.69648	-18.649014	1924000	-0.018294945	26.621508	0.0	-13.223644	0.1574956	-3.1888485e-09	2223.0260598659515
481	-53.555992	16.694536	-25.861105	-70.48042	1000.0	-8.542752	13.198748	41.725742	-18.625982	1928000	-0.010654018	18.862047	0.0	-2.142334	0.15004955	1.3113022e-09	2230.330832004547
482	-46.240547	21.655073	-11.335242	-68.81565	802.0	-7.6517043	14.739254	48.834442	-32.886333	1932000	-0.0003719976	205.10576	0.0	-77.26584	0.14744547	-3.4570693e-09	2236.5683619976044
483	-33.43144	14.588982	-13.759842	-54.935696	1000.0	-11.72542	13.558135	39.688416	-23.928986	1936000	-0.013361934	49.876022	0.0	-29.391079	0.1460516	-1.758337e-09	2245.6591448783875
484	-23.543312	14.242494	-13.227486	-47.90791	1000.0	-8.480055	13.8962145	40.853416	-19.698055	1940000	-0.012208695	25.387815	0.0	-6.6089344	0.14661047	1.0728836e-09	2255.35773396492
485	-47.199753	23.592382	-8.55318	-69.56077	1000.0	-7.798082	13.5112915	41.159874	-19.473206	1944000	-0.00118187	28.709637	0.0	-7.981941	0.13678013	5.960465e-11	2262.4419100284576
486	-42.034077	21.318378	-8.036543	-66.934395	840.5	-7.716433	14.460974	44.6458	-77.18536	1948000	-0.003320698	168.07951	0.0	-106.703636	0.13318782	-1.8179417e-09	2269.026652097702
487	-33.11367	8.565618	-24.832865	-47.828827	699.0	-11.271671	19.711432	46.248665	-99.492096	1952000	-0.0017041364	159.5101	0.0	-81.57256	0.13737163	-1.7881393e-09	2275.2124230861664
488	-20.59763	15.870903	4.7041645	-39.14267	1000.0	-10.06238	13.462123	41.530712	-40.686512	1956000	-0.0067083	69.538155	0.0	-48.506187	0.13560183	-2.8908254e-09	2282.136822938919
489	-38.622555	19.659342	-7.057465	-56.778774	1000.0	-7.46521	14.530859	44.84995	-19.094746	1960000	-0.015316284	23.629662	0.0	-7.840555	0.1299139	8.3446505e-10	2288.718207836151
490	25.552439	70.45294	146.10133	-30.7773	889.5	-7.0804768	15.4615135	45.90746	-61.293358	1964000	-0.018835336	225.53606	0.0	-156.5001	0.12693675	2.9802324e-11	2295.42405295372
491	-43.81908	23.452862	-14.275443	-69.28479	1000.0	-6.6421623	15.359821	55.200333	-20.132647	1968000	-0.018915383	26.120707	0.0	-10.374861	0.1281504	4.053116e-09	2302.5661549568176
492	-5.4708495	53.886395	87.51884	-41.22225	1000.0	-1.4000176	17.527447	54.145226	-21.098894	1972000	-0.084163725	97.68607	0.0	-73.92673	0.19287956	2.503395e-09	2310.364665031433
493	-34.612778	34.326847	5.2419176	-89.47623	969.0	-9.117457	15.692575	46.389805	-37.453316	1976000	-0.0024518424	154.47682	0.0	-45.46087	0.12058212	-1.0430813e-09	2317.3800899982452
494	-36.796112	18.354376	-10.073923	-55.8991	1000.0	-9.633922	16.382229	45.32125	-21.095695	1980000	-0.0036795535	37.931774	0.0	-23.212637	0.12093276	-6.2584876e-10	2325.6333837509155
495	22.135603	76.647316	152.3873	-42.911495	919.25	-4.261359	19.27971	58.04989	-60.371067	1984000	-0.007763275	83.52085	0.0	-19.388817	0.11789224	-8.940697e-11	2333.767746925354
496	4.5527306	92.526024	177.16666	-98.02807	800.0	-3.4592307	18.585608	47.6004	-107.68931	1988000	-0.011357772	302.6674	0.0	-89.802246	0.11481833	2.2649764e-09	2341.8559238910675
497	-51.048367	20.304445	-18.962877	-75.318855	1000.0	-10.936585	14.317083	42.90373	-20.922165	1992000	-0.023066182	26.233091	0.0	-16.860184	0.1186498	1.1622906e-09	2350.2794790267944
498	-19.231987	12.792718	-0.41357514	-31.738749	1000.0	-8.93125	15.483731	54.222324	-20.979546	1996000	-0.011781769	30.287611	0.0	-16.655828	0.120063186	4.768372e-10	2357.481392145157
499	-22.323114	26.269716	10.730539	-59.924458	1000.0	-9.86667	16.400007	57.233437	-20.805252	2000000	-0.009274321	20.502527	0.0	-10.988433	0.11493687	6.556511e-10	2365.06320977211
