Epoch	AverageEpRet	StdEpRet	MaxEpRet	MinEpRet	EpLen	AverageVVals	StdVVals	MaxVVals	MinVVals	TotalEnvInteracts	LossPi	LossV	DeltaLossPi	DeltaLossV	Entropy	KL	Time
0	-234.54109	130.89783	-50.755405	-611.90594	83.106384	-0.08822182	0.034473494	0.07437575	-0.22662869	4000	0.02261164	22908.738	0.0	-1083.2646	1.3496149	6.556511e-10	1.0178570747375488
1	-224.3737	126.93739	-32.365685	-478.2223	82.458336	-4.29332	0.29825133	-1.6959114	-4.727582	8000	0.010139767	19377.824	0.0	-937.05566	1.3512481	-2.3841862e-10	2.0059990882873535
2	-207.49489	111.02364	-77.23046	-498.33377	83.41304	-8.273814	0.09898396	-7.5466423	-8.410123	12000	0.021568123	14985.866	0.0	-603.61816	1.3527648	-1.1622906e-09	2.9833199977874756
3	-229.36035	131.38028	-8.005695	-507.8742	86.22222	-11.182057	0.20957917	-7.3724904	-11.265369	16000	0.006863557	18294.408	0.0	-657.8374	1.3535647	1.490116e-10	3.955422878265381
4	-228.9797	125.96046	-72.31006	-521.8773	91.47619	-14.137209	0.03348489	-13.924547	-14.177631	20000	0.010989524	17003.305	0.0	-617.2163	1.3551099	9.834766e-10	4.953487157821655
5	-194.71243	111.15116	14.136325	-506.12668	83.106384	-16.94854	0.36488366	-2.109582	-16.986622	24000	0.010789886	12318.73	0.0	-422.41602	1.3553535	5.6624405e-10	5.938848972320557
6	-240.55717	120.08993	-46.88154	-492.5245	87.86364	-19.323149	0.069186375	-17.084385	-19.342844	28000	0.012878135	16427.506	0.0	-587.1323	1.3563268	1.5199185e-09	6.933133125305176
7	-199.5603	130.63907	-4.713194	-566.01996	83.680855	-21.925713	2.0023687	15.511775	-22.077585	32000	0.010014316	13546.725	0.0	-472.12988	1.3573042	-1.8775463e-09	7.910533905029297
8	-186.90276	115.24853	7.4831305	-439.20694	84.19149	-24.429173	0.048502233	-23.08679	-24.44306	36000	0.013330542	11451.625	0.0	-355.1836	1.3580456	5.96046e-11	8.898000955581665
9	-211.90923	131.84023	-27.04471	-578.98083	88.08889	-26.621239	0.025204219	-26.082474	-26.631289	40000	0.014113039	13128.81	0.0	-420.47998	1.358741	1.5199184e-09	9.897508144378662
10	-203.00423	112.450035	1.6953146	-415.0508	81.916664	-29.00636	0.021825226	-28.684553	-29.014805	44000	0.006854452	11628.541	0.0	-407.1587	1.3598788	1.1622906e-09	10.9014310836792
11	-205.47517	110.11222	16.587349	-439.13248	85.44444	-31.384874	0.007984424	-31.224688	-31.39128	48000	0.014164092	10371.178	0.0	-355.68262	1.3605981	0.0	11.91049599647522
12	-202.863	93.68099	-46.665985	-415.97745	84.85107	-33.63229	0.014699795	-32.795017	-33.637615	52000	0.011115916	9447.878	0.0	-361.41016	1.3610331	-2.1457671e-09	12.902220964431763
13	-231.9275	109.71459	-43.94289	-434.99515	90.5814	-35.901703	0.1073655	-33.392273	-35.911495	56000	-0.0010353178	11484.995	0.0	-441.19678	1.3618028	0.0	13.946943998336792
14	-227.48868	114.48035	-66.098045	-483.3477	88.61364	-38.418625	0.004782705	-38.29759	-38.422466	60000	0.0094856545	11387.387	0.0	-409.9922	1.3630158	-1.7881394e-09	14.958565950393677
15	-214.81245	108.70018	-35.52047	-482.20303	87.422226	-40.868595	0.0053817695	-40.745773	-40.87219	64000	0.0077257454	9865.369	0.0	-346.63892	1.3632228	-1.5795232e-09	15.944995164871216
16	-221.95761	114.711624	-81.83085	-510.9085	89.931816	-43.13907	0.03669675	-41.646843	-43.144314	68000	0.0024668295	9564.572	0.0	-329.83252	1.3642694	-1.9371509e-09	16.94519805908203
17	-194.53781	100.43142	15.67165	-452.77478	84.652176	-45.366703	0.0023139254	-45.325138	-45.369267	72000	0.0069233477	7009.992	0.0	-241.58789	1.3646672	2.4735929e-09	17.936072826385498
18	-196.68593	100.7691	14.600915	-392.01474	91.81396	-47.3055	0.040553816	-46.17622	-47.311245	76000	0.0103455745	7068.751	0.0	-205.06665	1.365974	-1.7881391e-10	18.9251708984375
19	-198.5226	112.23182	-40.83502	-478.49136	91.0	-49.11197	0.0062580938	-48.876522	-49.114437	80000	0.0062564164	7041.542	0.0	-222.5376	1.3655882	5.6624416e-10	19.91198992729187
20	-196.8987	123.35191	-32.013054	-479.6799	84.73913	-51.00313	0.0037894393	-50.91744	-51.005436	84000	-0.00077273324	7688.3755	0.0	-222.30249	1.3667412	-1.1622906e-09	20.89872407913208
21	-209.27057	108.49938	-64.27535	-484.16837	87.977776	-52.921272	0.0035484906	-52.7978	-52.923557	88000	0.002152294	7839.641	0.0	-279.80762	1.3665634	-1.9669533e-09	21.88189387321472
22	-194.39204	126.54222	49.97322	-531.20087	88.65909	-55.078476	0.013867955	-54.871014	-55.08194	92000	0.006428398	7259.2456	0.0	-176.29297	1.3674326	-7.4505807e-10	22.882874965667725
23	-183.80324	110.013824	5.1664877	-518.5002	88.681816	-56.84918	0.0109277535	-56.660267	-56.852077	96000	0.008606626	5591.777	0.0	-133.82495	1.3681792	6.2584876e-10	23.896672010421753
24	-204.22838	118.29718	-77.2988	-513.92566	89.76744	-58.403496	0.0035373555	-58.254417	-58.405334	100000	0.005011983	6458.8174	0.0	-206.77222	1.367762	5.960465e-11	24.891947031021118
25	-158.05553	80.37123	-58.130302	-478.41635	89.34091	-60.307495	0.31940728	-50.616932	-60.32411	104000	0.0013067648	2313.0073	0.0	-57.263245	1.3684585	-7.45058e-10	25.89811086654663
26	-203.94727	93.15666	-64.11216	-413.35895	88.38636	-61.394875	0.0049441312	-61.21196	-61.396748	108000	0.006815266	5258.6064	0.0	-175.5415	1.3698263	8.9406954e-11	26.90070605278015
27	-160.45648	97.714134	-3.2668962	-390.4473	90.790695	-63.189663	0.009358792	-62.9478	-63.191765	112000	0.0033270027	3819.462	0.0	-47.66626	1.369871	-2.3841856e-10	27.890347003936768
28	-171.48717	104.33574	-2.5196412	-450.86993	89.27273	-64.22162	0.010324638	-63.870968	-64.2239	116000	0.0066059865	4161.9165	0.0	-77.53247	1.3699448	8.642673e-10	28.946009159088135
29	-176.28577	113.74504	7.401927	-482.56378	88.181816	-65.471436	0.00792477	-65.28277	-65.47332	120000	0.007601831	4440.1895	0.0	-75.23389	1.3708997	1.1622905e-09	29.939656019210815
30	-164.91324	94.409355	-38.314354	-409.65677	88.04444	-66.73967	0.10327146	-63.9768	-66.74639	124000	-0.0018996596	3369.6145	0.0	-44.604004	1.3718001	-2.0861624e-10	30.951717853546143
31	-158.77222	89.72305	-28.270952	-434.79565	91.023254	-67.74891	0.014114858	-67.05681	-67.75059	128000	0.0059356093	2699.6284	0.0	-31.36554	1.3713572	1.6093253e-09	31.956307888031006
32	-156.44041	93.80196	14.914251	-403.56476	86.8	-68.60793	0.004207342	-68.4535	-68.60944	132000	0.0014071912	3424.0242	0.0	-43.559082	1.3730259	4.172325e-10	32.95020389556885
33	-177.17421	105.341446	25.373169	-509.90842	91.4186	-69.62081	0.012729889	-69.361916	-69.622955	136000	0.0009406172	4460.957	0.0	-74.94629	1.3724344	-1.1920929e-09	33.94940900802612
34	-165.45596	97.652336	-17.51343	-436.42484	87.454544	-70.968	0.0038297607	-70.86723	-70.96929	140000	0.003787756	3050.103	0.0	-39.40381	1.3729304	3.2782554e-10	34.96634006500244
35	-132.8597	72.418045	37.40509	-343.72537	91.92857	-71.99735	0.0028502683	-71.91877	-71.99848	144000	0.0023901425	2247.6736	0.0	-0.23699951	1.3737313	3.9935113e-09	35.95728302001953
36	-175.7384	109.83021	4.0480247	-436.63608	89.5814	-72.14365	0.0095031	-71.95464	-72.14527	148000	0.0028801665	4397.148	0.0	-47.944702	1.3732604	-1.6093253e-09	36.97938299179077
37	-181.62885	98.18983	-50.550423	-576.04297	84.74468	-73.23627	0.0009717765	-73.21846	-73.23722	152000	-0.0011253431	3742.7139	0.0	-80.8562	1.3748617	-9.23872e-10	38.05087995529175
38	-145.45325	82.7791	-3.0769708	-407.39737	85.67391	-74.735794	0.10419281	-71.053246	-74.74298	156000	-0.00020203367	2303.1843	0.0	-15.285034	1.3748373	-1.192093e-10	39.07553195953369
39	-166.19142	89.178055	-41.04532	-447.47287	82.53191	-75.44467	0.0016199088	-75.38885	-75.445335	160000	0.0025595576	2750.108	0.0	-38.31006	1.3749697	-6.556511e-10	40.082550048828125
40	-139.12477	93.264854	81.91097	-453.31476	113.17647	-76.490685	0.05328307	-76.08473	-76.50392	164000	-0.005672537	3747.8958	0.0	-66.03357	1.376308	-6.258488e-10	41.800097942352295
41	-163.48555	86.823235	-56.077454	-429.694	90.5814	-76.001755	0.020009542	-75.48047	-76.009346	168000	-0.002366513	2189.2017	0.0	-14.289185	1.3748341	0.0	42.820451974868774
42	-156.03069	84.174225	11.515127	-399.2368	94.04878	-76.59807	0.1498028	-73.06682	-76.62559	172000	-0.0030059628	2077.4062	0.0	-8.865295	1.3746064	-1.490116e-09	43.83502388000488
43	-177.18602	95.96175	-42.928436	-436.21155	85.36957	-77.14859	0.2021665	-65.08037	-77.175446	176000	-0.004646091	3242.868	0.0	-55.941772	1.3765457	3.5762784e-10	44.835927963256836
44	-163.05624	92.96904	7.96288	-430.8292	94.78049	-77.87288	8.924812	55.65826	-78.529724	180000	-0.0022179596	3263.494	0.0	-263.5182	1.3754985	1.4007091e-09	45.84162402153015
45	-150.71814	101.87282	-3.795445	-511.22144	93.57143	-79.35258	0.05761341	-78.028145	-79.358955	184000	-0.005103398	2947.6267	0.0	-0.048950195	1.3751192	-7.1525574e-10	46.88666296005249
46	-157.98586	100.625435	34.94368	-406.89862	89.46512	-79.39148	0.43132254	-66.68839	-79.420654	188000	-0.0051580593	2938.3862	0.0	-10.1710205	1.3766775	1.1920929e-09	47.87423801422119
47	-132.10213	60.36664	-55.41323	-296.30222	92.28571	-79.86506	0.00832087	-79.354774	-79.86621	192000	-0.00400957	1153.7576	0.0	-4.4510193	1.376662	-4.1723253e-10	48.89812088012695
48	-152.19067	92.22441	-41.6084	-384.61722	90.83721	-79.433945	0.8129219	-55.374016	-79.48547	196000	-0.0035171062	2461.099	0.0	-3.0257568	1.3768532	-1.2516976e-09	49.89665985107422
49	-141.20067	79.654854	43.50907	-410.56735	90.790695	-79.53866	0.010515707	-79.224976	-79.54057	200000	-0.0056156293	2268.1611	0.0	-2.9040527	1.3756192	4.1723253e-10	50.87807297706604
50	-146.4671	83.57049	-12.894971	-368.45975	87.022224	-79.200485	0.04608843	-77.93167	-79.20519	204000	-0.001883544	2207.8567	0.0	-0.82751465	1.3764313	-2.026558e-09	51.869935035705566
51	-136.78876	76.6877	38.468422	-374.4603	94.28571	-79.35128	0.02728163	-78.33558	-79.353325	208000	-0.004504446	1955.6758	0.0	-4.4069824	1.3764591	-7.4505807e-10	52.871652126312256
52	-146.67218	70.91759	-71.90588	-407.26477	91.53488	-78.92443	0.0046298257	-78.78484	-78.92585	212000	-0.003410995	1540.0734	0.0	-0.8034363	1.3764195	3.8743014e-10	53.88077902793884
53	-148.06012	71.16499	-62.87802	-321.13745	88.38636	-79.09041	0.00458802	-78.980255	-79.09196	216000	-0.0023057759	1367.2152	0.0	-3.0062256	1.3766216	8.3446505e-10	54.87110090255737
54	-132.37407	64.27424	-50.845783	-340.0154	84.0	-79.48156	0.0026314564	-79.36872	-79.482506	220000	-0.006206479	1317.85	0.0	-1.1339722	1.3767774	1.8775463e-09	55.905383825302124
55	-140.59174	72.59756	18.545156	-320.64035	93.333336	-79.26408	0.025945127	-78.354744	-79.26644	224000	-0.009389215	1788.6509	0.0	-0.04638672	1.3770001	-1.192093e-09	56.90104079246521
56	-173.47746	93.93897	-56.29976	-523.1964	92.82051	-79.2333	0.299032	-68.21982	-79.25569	228000	-0.00023850799	3583.541	0.0	-29.317627	1.3757638	2.0861624e-10	57.93625092506409
57	-117.39222	60.16749	13.078607	-289.1513	94.29269	-80.335686	0.04443054	-79.06114	-80.339035	232000	-0.001760155	1851.1235	0.0	-63.22992	1.3768301	2.9802324e-11	58.95529294013977
58	-138.94421	81.45418	24.409178	-333.4002	93.243904	-78.54971	0.015775802	-78.2176	-78.55108	236000	-0.0009352714	1976.6355	0.0	-0.51013184	1.3762627	1.8179417e-09	59.93889403343201
59	-149.97205	92.05735	20.642605	-432.28738	91.16279	-78.23945	0.0016265345	-78.19422	-78.23984	240000	-0.0024676546	2882.9924	0.0	-3.0517578	1.3752851	1.0281801e-09	60.98935389518738
60	-159.57803	85.92704	-0.60526145	-410.9708	97.15	-78.654236	0.04252144	-77.47569	-78.657196	244000	-0.0072392523	2092.8672	0.0	-6.227539	1.3751233	-1.3113022e-09	62.00596785545349
61	-136.91286	63.413654	-25.638636	-315.84134	92.16279	-79.285576	0.16359752	-75.93219	-79.295395	248000	-0.0043018013	1381.2417	0.0	-3.3023682	1.376509	1.9073485e-09	63.01300311088562
62	-148.4275	87.206535	19.622877	-359.96603	90.318184	-78.87408	0.036374882	-77.23735	-78.87583	252000	-0.003545083	2378.2874	0.0	-1.3869019	1.3757371	-2.9355287e-09	64.13193082809448
63	-151.78381	74.06335	-46.81332	-386.47714	96.439026	-79.13748	0.13532495	-75.91913	-79.146355	256000	-0.005417943	1439.7332	0.0	-2.258545	1.375427	9.834766e-10	65.13163113594055
64	-110.240234	55.0013	3.439499	-297.9255	90.60465	-79.44437	0.022181887	-78.77195	-79.44588	260000	-0.0047608945	1502.5807	0.0	-70.48724	1.376456	-5.6624416e-10	66.16029787063599
65	-129.6312	80.88539	-0.34476635	-391.95712	91.139534	-77.24704	0.00413953	-77.093094	-77.247505	264000	-0.00032444298	2399.131	0.0	-3.529663	1.3759997	-3.5762787e-10	67.19633507728577
66	-127.790855	69.48341	22.727957	-316.45883	94.02381	-76.59631	0.20413701	-68.2667	-76.6064	268000	-0.005047001	1815.0903	0.0	-13.0581665	1.3760543	-4.768371e-10	68.329509973526
67	-134.84981	86.02325	-2.5968387	-536.84576	97.125	-75.682434	0.0023243611	-75.6386	-75.68276	272000	-0.00034283847	2305.79	0.0	-0.028381348	1.3747284	-1.013279e-09	69.4091899394989
68	-153.54185	93.89898	-34.16461	-432.07965	91.92857	-75.5662	0.0008849467	-75.53686	-75.56633	276000	-0.0066797435	2305.7751	0.0	-47.993164	1.3744385	1.1920931e-10	70.42851686477661
69	-120.830574	72.50399	-28.692348	-377.30548	89.60465	-77.509285	0.0003027725	-77.50194	-77.509384	280000	-0.006592177	1913.7166	0.0	-23.97229	1.375412	-1.5497208e-09	71.45290899276733
70	-138.64383	79.23005	-67.4517	-389.80524	93.42857	-76.22503	0.00037532535	-76.21143	-76.225136	284000	-0.0047186315	1719.2395	0.0	-0.15362549	1.3748558	6.407499e-10	72.51309394836426
71	-138.3857	53.51484	-7.3495207	-253.28928	96.31707	-75.99864	0.00072511076	-75.97384	-75.998764	288000	-0.008807339	1003.5703	0.0	-0.4595642	1.3752409	-6.705522e-10	73.54598188400269
72	-126.69346	69.60195	0.40527743	-359.0377	89.4186	-75.79589	0.016372172	-75.3992	-75.79723	292000	-0.0044037495	1471.9039	0.0	-6.982849	1.3752589	9.536743e-10	74.55345892906189
73	-137.10385	93.06695	24.885948	-426.2622	88.31111	-74.995544	0.0024441413	-74.93625	-74.995834	296000	0.00089969113	2843.959	0.0	-3.7961426	1.3741763	-3.5762787e-10	75.57604598999023
74	-128.97127	75.428375	-6.6983333	-400.6484	92.61905	-75.54962	0.00039614676	-75.53895	-75.549706	300000	-0.007933959	1726.938	0.0	-2.055359	1.3750541	-2.5331973e-10	76.66776609420776
75	-119.83718	86.44979	107.16354	-411.16248	126.32258	-75.13417	0.01180054	-75.04786	-75.13741	304000	-0.0010657683	3490.0327	0.0	-165.54639	1.3754973	-1.1920929e-09	78.30962586402893
76	-150.00793	102.80398	-3.9759476	-410.17725	96.29269	-71.16711	0.017861845	-70.85495	-71.16926	308000	-0.0018181652	3416.9683	0.0	-34.04773	1.3723001	7.3015693e-10	79.454833984375
77	-134.70964	57.611065	-70.50327	-328.16663	97.8	-72.74136	0.0009079216	-72.685715	-72.7415	312000	-0.008188844	1017.66797	0.0	-0.004272461	1.3732893	-4.768372e-10	80.68031692504883
78	-150.07248	106.64729	39.572895	-484.39993	99.51515	-72.963936	0.0030092243	-72.90898	-72.96465	316000	-0.007393904	4128.489	0.0	-4.9090576	1.3732524	7.7486034e-10	82.6195981502533
79	-133.32663	78.305244	-32.909233	-407.1155	89.95349	-72.26901	0.00038866207	-72.25805	-72.26914	320000	-0.0058620647	1826.6412	0.0	-2.9174805	1.3721755	2.384185e-10	84.18528008460999
80	-146.25676	80.71745	-31.872663	-368.10675	99.61539	-72.77925	0.0015787656	-72.738434	-72.779526	324000	-0.0011619776	2054.108	0.0	-21.71643	1.3725835	-1.847744e-09	85.84477281570435
81	-134.8781	75.39308	-36.743988	-365.66812	93.28571	-74.324196	0.003893979	-74.19557	-74.324554	328000	-0.0067315996	1492.9622	0.0	-0.22058105	1.3730648	2.9802324e-10	87.24588894844055
82	-126.8193	91.65403	37.33581	-321.07626	103.18421	-74.57064	0.027784241	-73.85205	-74.57299	332000	-0.006893024	2587.7627	0.0	-30.971191	1.3718896	-2.4288893e-09	88.25463795661926
83	-129.43411	55.181515	-33.995296	-270.93155	96.35	-72.75961	0.000669859	-72.7419	-72.75983	336000	-0.0054347925	925.15497	0.0	-2.4065247	1.372997	-2.2202729e-09	89.2654390335083
84	-139.36842	66.20633	-35.822437	-336.37357	91.53488	-72.12877	0.0005180215	-72.10083	-72.129	340000	-0.0084080845	1140.6549	0.0	-11.91156	1.3716444	5.6624416e-10	90.67899799346924
85	-162.89804	126.242744	-37.02988	-604.32935	96.3	-73.299576	0.004702523	-73.2066	-73.30013	344000	-0.0062679946	4642.4336	0.0	-99.57532	1.3698559	1.3262034e-09	91.7250108718872
86	-117.019485	59.817753	-31.266165	-328.75327	90.06977	-76.78678	0.0004315749	-76.770325	-76.78698	348000	-0.013049337	1159.5936	0.0	-13.442749	1.3720715	1.1920931e-10	92.76213884353638
87	-141.51213	75.51682	-29.44151	-317.02545	95.560974	-75.68545	0.0047653317	-75.56978	-75.68594	352000	-0.0017744303	1723.138	0.0	0.018981934	1.3704889	7.0035455e-10	93.81624794006348
88	-163.94568	87.16216	-34.641037	-419.93588	101.26316	-75.55011	0.004452066	-75.41918	-75.55051	356000	-0.01186537	2070.214	0.0	-69.887024	1.3702283	-1.1622906e-09	94.91937208175659
89	-123.991165	74.77365	28.199656	-371.7253	97.625	-78.470634	0.03879991	-77.57191	-78.47397	360000	-0.008250786	2183.797	0.0	-28.085876	1.3708334	1.9371507e-10	95.97117805480957
90	-137.75226	87.419266	30.544214	-404.98743	96.825	-76.78638	0.0015607155	-76.703926	-76.78651	364000	-0.0039841663	2223.9526	0.0	-1.428833	1.3680503	-4.0233133e-10	97.12092208862305
91	-137.60051	85.195335	2.3322566	-387.4753	102.42105	-76.24607	0.0036071318	-76.16472	-76.24643	368000	-0.009828888	2345.981	0.0	-0.1829834	1.3691065	5.9604655e-11	98.27106881141663
92	-133.09981	69.9963	29.647158	-323.60306	95.525	-76.08112	0.0039421846	-75.91618	-76.08138	372000	-0.0061142817	1865.485	0.0	-3.2478027	1.3687519	-2.2202729e-09	99.38863682746887
93	-115.49607	73.75967	19.586508	-333.49722	97.925	-75.412346	0.0017365799	-75.358925	-75.4125	376000	-0.011232957	1914.8281	0.0	-77.049866	1.3692629	-4.3213366e-10	100.48734211921692
94	-142.335	72.57424	-59.3339	-422.60565	97.8	-72.15472	0.00083921733	-72.13149	-72.1548	380000	-0.0037359223	1596.3147	0.0	-15.484924	1.3689414	1.7434358e-09	101.56311392784119
95	-133.6876	72.34608	-16.367	-332.5145	101.5	-73.4532	0.005741493	-73.29544	-73.45361	384000	-0.006896293	1351.9182	0.0	-0.9248657	1.3686236	3.278255e-10	102.68740200996399
96	-117.62534	70.33759	6.831704	-367.4886	96.3	-73.16792	0.0005683089	-73.14705	-73.168	388000	-0.0032343864	1764.5662	0.0	-21.379822	1.3688915	2.041459e-09	103.72473502159119
97	-119.497925	62.55416	-45.149117	-353.16415	98.97436	-71.39297	0.016757045	-70.77661	-71.39412	392000	-0.011954783	1572.5896	0.0	-26.166046	1.3675408	1.3560058e-09	104.8165991306305
98	-139.55376	54.935226	-54.885914	-259.4786	101.46667	-69.35842	0.008648098	-69.24155	-69.36043	396000	-0.0036573783	2052.4167	0.0	-52.145355	1.3701246	-2.682209e-10	106.8823390007019
99	-122.046425	58.035286	-35.879112	-361.36902	102.92105	-66.55244	0.00022821284	-66.54924	-66.55264	400000	-0.020520382	1026.4268	0.0	-1.727478	1.3677938	-4.023314e-10	108.23260998725891
100	-145.01944	105.38359	-20.847172	-465.2038	98.65	-65.89858	0.04432343	-64.95091	-65.90316	404000	-0.0108914	3773.29	0.0	-74.326904	1.3654622	1.5050173e-09	109.67791318893433
101	-150.06558	85.45365	-40.397694	-337.97314	103.10526	-69.19467	0.0022036214	-69.10408	-69.19513	408000	-0.014113005	2144.626	0.0	-63.79303	1.3640771	-1.0430813e-09	110.83342480659485
102	-143.4693	85.114174	10.44275	-459.83374	114.05882	-72.37071	0.084663555	-71.10442	-72.38546	412000	-0.0036166497	2741.5215	0.0	-24.60846	1.364763	-2.682209e-10	112.01839303970337
103	-118.23014	60.099075	-6.307851	-329.27982	98.410255	-72.23737	1.8935893	-30.459555	-72.360466	416000	-0.0075280834	1533.2089	0.0	-40.341125	1.3656943	8.1956386e-10	113.16548705101013
104	-135.17284	69.726875	-34.28499	-323.4406	99.525	-70.28361	3.4102988	30.894346	-70.50482	420000	-0.0032057613	1636.1105	0.0	-67.315	1.3642852	2.0116566e-09	114.36770796775818
105	-130.0806	72.66157	-5.6230426	-299.7114	99.025	-71.246346	0.014699795	-70.72324	-71.24821	424000	-0.0062249154	1296.5901	0.0	-0.7296753	1.3629036	3.874302e-10	115.5578088760376
106	-156.15587	96.06779	5.3994265	-493.25574	99.051285	-71.60144	0.4208591	-57.425236	-71.63534	428000	-0.0013318509	2896.7422	0.0	-121.860535	1.3611751	1.0728836e-09	116.83048701286316
107	-144.75053	77.945274	18.51371	-330.96255	104.447365	-75.82417	0.013244486	-75.01755	-75.824875	432000	-0.0015695924	1983.0203	0.0	-1.8271484	1.3613313	-1.2665986e-09	117.94141387939453
108	-132.79964	80.81911	-2.6718678	-380.1633	109.583336	-75.45484	0.0025463111	-75.40201	-75.45528	436000	-0.009293826	2005.3766	0.0	-7.8912354	1.3632793	7.301569e-10	119.07364106178284
109	-141.61235	75.647964	-34.670036	-354.01837	102.42105	-74.29843	0.00085237424	-74.282646	-74.29863	440000	-0.011190137	1716.6294	0.0	-1.1640015	1.3634114	1.1324882e-09	120.10520386695862
110	-114.87042	51.28774	-27.45998	-247.9541	104.48649	-74.68417	0.09397502	-70.51415	-74.687004	444000	-0.011462912	982.30536	0.0	-62.394226	1.3610914	-1.2516975e-09	121.2032299041748
111	-140.38101	76.607994	-38.416092	-295.30634	100.07692	-71.52879	0.0009479909	-71.51186	-71.52899	448000	-0.016338289	1705.5903	0.0	-13.518738	1.3589487	4.321337e-10	122.28164291381836
112	-134.44292	88.82857	60.93259	-455.5	104.13158	-72.86847	0.0011410217	-72.839584	-72.8687	452000	-0.021161858	2336.7554	0.0	0.03149414	1.3584063	-9.685756e-10	123.4391610622406
113	-121.94278	75.0522	-6.1590185	-412.64032	108.638885	-72.90923	0.0010567902	-72.87253	-72.90943	456000	-0.015446089	1996.617	0.0	-56.171143	1.3601829	-6.258488e-10	124.61188101768494
114	-152.1198	86.69807	-15.640384	-384.515	106.54054	-69.834984	0.0069623147	-69.47092	-69.83538	460000	-0.0043966584	1990.3903	0.0	-41.45453	1.3559973	1.2218951e-09	125.64682483673096
115	-131.43016	74.7567	-20.390852	-353.62326	102.64865	-72.30431	0.024104306	-71.37072	-72.305855	464000	-0.008042708	2149.426	0.0	-1.9952393	1.3563195	-9.536743e-10	126.71012306213379
116	-139.62053	85.87638	-48.154186	-376.15036	106.638885	-71.85544	0.0043410487	-71.68405	-71.85568	468000	-0.011821285	2084.7634	0.0	-0.07672119	1.3555713	-3.8743023e-10	127.784658908844
117	-142.57526	81.26036	-1.8715099	-336.98654	108.72222	-71.939674	0.014279622	-71.240295	-71.94034	472000	-0.007806938	1932.0388	0.0	-12.150574	1.3561149	-2.0861626e-10	128.93734097480774
118	-120.486855	74.49986	21.557295	-348.02383	103.054054	-73.41619	0.00023494729	-73.40942	-73.41624	476000	-0.0066414783	1546.8824	0.0	-19.71228	1.3577076	5.96046e-11	130.03214383125305
119	-110.4609	53.544823	-33.08884	-295.36298	105.111115	-71.58755	0.00025777612	-71.582016	-71.58759	480000	-0.01962912	1490.1387	0.0	-75.58765	1.3550112	1.9073485e-09	131.22488975524902
120	-127.757866	75.15489	-4.8790097	-306.18304	101.74359	-67.83786	0.0029484674	-67.68255	-67.83797	484000	-0.010362044	1544.388	0.0	-1.2890625	1.3496226	-2.1755695e-09	132.61204195022583
121	-125.53947	72.09991	8.95988	-290.4814	109.55556	-68.18446	0.001131483	-68.15315	-68.18456	488000	-0.016259186	1506.124	0.0	-2.6621094	1.3535756	7.1525574e-10	133.97863388061523
122	-125.84749	76.67018	-23.198795	-394.35825	101.02631	-67.51617	0.015977742	-67.17876	-67.51709	492000	0.00032654032	1490.4011	0.0	-5.3590393	1.3486145	2.2351743e-10	135.30351781845093
123	-109.67354	69.34174	-16.98242	-343.20978	100.07692	-68.48165	0.0005057264	-68.471855	-68.48172	496000	-0.0068601975	1643.5193	0.0	-20.568573	1.3511324	2.6673077e-09	136.5864279270172
124	-129.32756	101.68349	35.31259	-474.35837	103.0	-66.52831	0.000693461	-66.50229	-66.528366	500000	-0.004684925	3286.0537	0.0	-18.089478	1.3503613	5.5134297e-10	137.68587112426758
125	-136.79431	94.80903	-46.484585	-537.3155	104.324326	-68.32461	0.0001389302	-68.32166	-68.32462	504000	-0.0061070174	2586.287	0.0	-18.808655	1.3511736	-2.0861626e-09	139.11168313026428
126	-133.23743	86.48038	61.566822	-331.12842	108.166664	-70.35384	0.00081592565	-70.320404	-70.35393	508000	-0.013141744	2501.182	0.0	-7.231079	1.3481936	-4.61936e-10	140.20789194107056
127	-118.65292	76.38794	34.737026	-407.36243	104.39474	-71.65336	0.00024050221	-71.64771	-71.653404	512000	-0.008649819	1695.4727	0.0	-21.633362	1.3493395	-1.1920931e-10	141.47496390342712
128	-122.36225	84.83266	-39.338577	-407.53445	103.24324	-69.579254	0.0009873459	-69.55463	-69.57933	516000	-0.00048836693	2252.517	0.0	-0.0014038086	1.3475795	1.2069941e-09	142.6330590248108
129	-124.52705	66.70543	-58.125755	-367.47635	107.19444	-69.5796	0.0005841336	-69.56438	-69.57965	520000	-0.012128528	1309.773	0.0	-5.246338	1.3468804	-1.490116e-09	143.75913095474243
130	-104.25152	72.77473	62.536377	-271.93665	131.96552	-68.50984	0.010776559	-68.34304	-68.512146	524000	-0.011551261	2448.8933	0.0	-268.70618	1.3538616	1.3411046e-10	145.79084014892578
131	-104.61765	56.49036	-26.84519	-259.53696	100.333336	-61.54411	0.0024400302	-61.47426	-61.544426	528000	-0.013490258	1018.8961	0.0	-3.87146	1.3425119	8.791685e-10	147.10559391975403
132	-117.32821	85.997025	6.3177943	-429.21396	108.52778	-60.376915	0.5953013	-41.605648	-60.4061	532000	-0.0049230754	2539.8574	0.0	-15.167175	1.3425852	2.026558e-09	148.36871695518494
133	-114.36223	67.40395	18.040209	-292.51965	101.51282	-61.734985	0.008824783	-61.42869	-61.735806	536000	-0.023540407	1395.3401	0.0	-0.32128906	1.3425555	-2.3990872e-09	149.77443981170654
134	-115.849106	60.280464	-14.370583	-254.53531	110.28571	-62.025814	0.07784928	-57.80505	-62.02767	540000	-0.0077831224	1280.7501	0.0	-1.4000244	1.3422862	1.952052e-09	151.05687284469604
135	-120.41645	74.06735	7.4378743	-316.768	102.86487	-61.538986	0.0013444046	-61.502945	-61.53919	544000	-0.005482739	1933.5049	0.0	-18.615784	1.3416977	-1.937151e-10	152.10052394866943
136	-151.44853	101.144966	0.370556	-457.05637	116.84849	-63.391	0.0028124626	-63.325253	-63.39131	548000	-0.0061345138	2674.5132	0.0	-71.037476	1.3375399	9.983778e-10	153.32088804244995
137	-127.3195	64.54628	-23.839916	-272.02847	112.74286	-67.093094	0.0005174657	-67.076515	-67.09321	552000	-0.017271668	1232.4395	0.0	-0.05871582	1.3438674	1.04308145e-10	154.37454390525818
138	-140.4798	93.613785	-11.684395	-465.30005	115.29412	-67.05718	0.006371374	-66.7966	-67.057556	556000	-0.0073417053	2600.4592	0.0	-27.78003	1.3363154	-2.2798776e-09	155.42468404769897
139	-123.37428	64.060844	-40.46678	-328.27765	114.73529	-69.32163	0.110106006	-64.99564	-69.325645	560000	-0.014706124	1355.3447	0.0	-3.420868	1.3377798	1.7881396e-10	156.48033094406128
140	-109.51403	74.78108	18.86271	-355.28125	112.85714	-68.623856	0.038529795	-67.62273	-68.62726	564000	-0.0071809683	2189.6597	0.0	-57.86133	1.3385556	8.1956386e-10	157.56559801101685
141	-140.00543	69.31318	-37.878437	-344.02948	110.411766	-65.27014	0.0013361835	-65.233734	-65.27024	568000	-0.017359553	1544.8213	0.0	-12.393982	1.337151	1.3411044e-10	158.67618680000305
142	-117.86328	67.78841	27.64396	-257.2947	110.25	-66.6695	0.0041928273	-66.504395	-66.66968	572000	-0.017903455	1670.7145	0.0	-8.282715	1.3366249	-1.6391277e-10	159.97298312187195
143	-94.94487	78.399284	-10.754648	-337.1395	118.6875	-65.474075	0.036085933	-63.936512	-65.475426	576000	-0.010555897	2348.994	0.0	-151.76636	1.3372408	-1.0728836e-09	161.1809859275818
144	-104.62103	68.34957	16.337732	-288.49918	139.59259	-60.089848	0.7634768	-42.228428	-60.217148	580000	-0.0057915896	2311.6814	0.0	-555.05554	1.3408635	3.1888485e-09	162.95705795288086
145	-108.08766	62.574093	-9.504393	-272.17056	119.0	-56.875256	7.7433987	51.740955	-57.590595	584000	-0.005973749	1550.6504	0.0	-158.83286	1.3348138	7.301569e-10	164.27785396575928
146	-117.06219	82.55173	-12.68918	-379.519	115.57576	-57.541073	0.012346102	-57.189354	-57.54384	588000	-0.013124935	1968.313	0.0	-7.2665405	1.3294625	1.0877848e-09	165.5417399406433
147	-128.50258	74.668175	-6.7473593	-312.19937	117.393936	-58.68182	0.086159565	-56.413116	-58.690224	592000	-0.006273024	1736.9138	0.0	-35.71112	1.3299851	1.6540289e-09	166.94679188728333
148	-127.25074	71.81747	17.690847	-309.91403	111.51428	-61.241257	0.002342506	-61.186977	-61.242252	596000	-0.014128327	1675.363	0.0	-22.156921	1.3326181	5.215407e-10	168.02484774589539
149	-131.66183	86.547035	13.14175	-354.3349	120.375	-63.20154	1.2985384	-38.993748	-63.36824	600000	-0.016734444	2802.1902	0.0	-37.835815	1.3309908	-4.768372e-10	169.21924090385437
150	-109.30554	72.55425	-28.56854	-333.15573	113.757576	-65.11702	0.19323467	-59.95528	-65.128815	604000	-0.011469886	1973.1879	0.0	-45.255737	1.3269036	-2.682209e-10	170.34213614463806
151	-135.20831	73.801254	-21.43177	-304.7288	112.588234	-62.299454	0.104069896	-58.431084	-62.30582	608000	-0.011353146	1561.4458	0.0	-30.321167	1.3268641	-1.0877848e-09	171.44708704948425
152	-121.389465	78.301285	33.214104	-280.9116	165.29167	-64.52134	0.027148772	-63.736694	-64.52764	612000	-0.014489014	2271.2417	0.0	-129.57056	1.3385053	-6.705523e-10	173.33570003509521
153	-93.93785	41.691547	-9.511705	-238.01913	108.542854	-59.992344	0.004346321	-59.863487	-59.993855	616000	-0.017502835	1002.6571	0.0	-33.633057	1.3215939	1.7881394e-10	174.43146896362305
154	-123.07235	78.19952	-0.64360446	-286.5533	113.20588	-57.436516	0.011522142	-57.020115	-57.438995	620000	-0.019860262	1508.5842	0.0	-13.747498	1.3226509	-1.4007091e-09	175.51680994033813
155	-131.45459	103.2959	-11.556174	-429.8472	123.59375	-58.840126	0.067334644	-57.399513	-58.847393	624000	-0.014243819	2644.03	0.0	-19.806885	1.3203297	-1.2218953e-09	176.59842777252197
156	-112.38925	79.48449	-2.9382784	-352.83136	126.76667	-60.737446	0.035708267	-59.777054	-60.740795	628000	-0.004143283	2173.9792	0.0	-28.83313	1.3236443	5.960463e-11	177.6731641292572
157	-123.69902	79.65574	4.448286	-329.8985	114.29412	-58.6014	0.18701865	-54.681435	-58.61726	632000	-0.0042157583	1811.5292	0.0	-17.46463	1.3146381	9.983778e-10	178.75468492507935
158	-124.1229	74.70263	-32.71349	-338.46964	115.63636	-60.10145	0.17582843	-52.32526	-60.11122	636000	-0.005756229	1839.2245	0.0	-12.39917	1.31277	-7.8976153e-10	179.80962896347046
159	-120.27339	62.032875	-9.43878	-240.70695	120.65625	-61.514477	0.0039273966	-61.442837	-61.515285	640000	-0.009891406	1137.9222	0.0	-0.0040283203	1.3149209	-6.109476e-10	180.9224989414215
160	-118.33421	61.31363	-25.51407	-258.0556	115.088234	-61.512077	0.0009195324	-61.49222	-61.512417	644000	0.00037790276	1249.4456	0.0	-0.6893921	1.3147584	6.556511e-10	182.04311990737915
161	-125.72189	64.72994	-40.025684	-300.66846	127.8	-61.144203	0.0029177333	-61.006153	-61.144592	648000	-0.007110143	1468.5476	0.0	-1.0049438	1.3157563	-1.0281801e-09	183.12530088424683
162	-118.86452	103.7337	-17.335417	-455.23163	109.69444	-61.56751	0.08854048	-58.655025	-61.57403	652000	-0.003464073	3000.9807	0.0	-11.4036255	1.3100047	1.8328428e-09	184.20904088020325
163	-145.49818	82.400955	15.805307	-287.5199	132.14815	-63.068703	0.32214957	-54.54713	-63.1056	656000	-0.015808167	2098.386	0.0	-5.012207	1.3105049	-1.5348196e-09	185.453284740448
164	-116.46504	69.71718	-33.64845	-322.9124	122.96875	-63.72568	0.013299083	-63.328033	-63.727234	660000	-0.013947211	1619.9795	0.0	-7.411621	1.3097112	8.642674e-10	186.55815291404724
165	-140.39427	79.53857	-25.55248	-310.465	120.69231	-62.464535	0.075933866	-61.2764	-62.479122	664000	-0.009395748	2383.5947	0.0	-147.32837	1.3175969	-1.0877848e-09	188.31085991859436
166	-135.34789	98.51583	1.4553027	-371.76337	118.21212	-58.812355	1.0552132	-41.76781	-59.679962	668000	-0.013793262	3223.564	0.0	-123.060425	1.309634	-4.4703463e-11	189.41975712776184
167	-92.68219	66.40097	2.676547	-259.03604	115.55882	-63.688972	3.358061	21.091372	-63.88121	672000	-0.01726193	1995.5721	0.0	-141.1159	1.3058028	5.811453e-10	190.51335096359253
168	-126.07742	72.30025	-27.624077	-281.94415	120.625	-59.24552	0.005840061	-59.01139	-59.247772	676000	-0.017969957	1479.3268	0.0	0.2783203	1.3059812	2.3245812e-09	191.61421704292297
169	-111.38478	63.183197	-18.968824	-310.4932	120.65625	-58.957115	0.40526065	-46.655865	-58.984306	680000	-0.01880877	1323.1515	0.0	-7.082672	1.3077409	1.2218951e-09	192.71078395843506
170	-130.4448	91.929184	-11.347026	-397.49948	115.79412	-58.310295	0.016824665	-57.98457	-58.313217	684000	-0.0024292208	2695.5154	0.0	-76.63306	1.2988435	-2.3692845e-09	193.7784287929535
171	-139.3555	94.00855	-13.542598	-381.9689	120.15625	-61.973484	0.21718094	-55.019085	-61.987465	688000	-0.014478939	2311.2407	0.0	-76.34857	1.3007766	3.5762787e-10	194.8625898361206
172	-126.92902	83.99673	-4.784237	-343.06885	124.80645	-65.708176	0.0021981634	-65.666916	-65.70914	692000	-0.0046756566	2163.1885	0.0	-0.5385742	1.3058689	2.2351737e-10	195.94894790649414
173	-127.24024	97.08271	-30.870838	-323.12573	123.48387	-65.5173	0.0076889684	-65.32603	-65.51872	696000	0.0009553209	2448.9126	0.0	-0.6604004	1.3038783	8.493662e-10	197.06071090698242
174	-132.20659	94.62619	-18.725372	-416.90295	130.9	-65.14793	0.0035349946	-65.040565	-65.14888	700000	0.008834742	2374.8008	0.0	-0.05657959	1.2952528	8.3446505e-10	198.14451694488525
175	-116.83374	82.23534	23.346512	-294.45602	122.15625	-65.0274	0.06150217	-63.507904	-65.033806	704000	-0.018450076	2205.4553	0.0	-25.626099	1.2961321	-3.5762787e-10	199.2211241722107
176	-84.331406	58.988125	-1.9523641	-267.82986	117.72727	-62.827984	0.095136724	-60.172565	-62.83396	708000	-0.011438154	1889.7319	0.0	-185.69043	1.2997568	-2.9802322e-10	200.29087495803833
177	-122.18421	84.68183	-23.307112	-359.65814	124.9	-57.130264	0.017961292	-56.348625	-57.131775	712000	0.0002692202	2059.039	0.0	0.20202637	1.3019428	-5.3644184e-10	201.3583538532257
178	-143.8987	87.941246	8.943082	-335.82245	129.9	-56.78124	0.06483943	-54.279594	-56.785248	716000	-0.0007198247	2129.4902	0.0	-73.7984	1.2974868	1.2814998e-09	202.4451551437378
179	-132.62569	84.98893	-5.7516265	-342.43	121.666664	-60.22427	0.10731973	-57.01332	-60.2384	720000	-0.0017956719	2950.7466	0.0	-342.8125	1.3020058	1.4156103e-09	203.92103815078735
180	-126.63079	77.80219	5.6866474	-311.69937	127.166664	-57.719223	5.003055	24.419796	-58.67074	724000	0.00029358454	1912.3033	0.0	-105.21814	1.2910894	6.556511e-10	205.02303314208984
181	-119.32189	81.13051	3.5362856	-329.49127	122.645164	-59.72371	3.147204	28.709587	-59.92991	728000	-0.011059212	2038.155	0.0	-36.163208	1.2980909	1.1920929e-09	206.08851099014282
182	-132.11406	63.29208	-39.664963	-255.4541	127.63333	-59.90954	1.4113344	-34.005234	-60.035007	732000	-0.019109013	1175.7961	0.0	-34.06421	1.2936914	0.0	207.21744990348816
183	-136.33926	76.94055	-10.495689	-283.87546	121.46875	-61.12796	0.03263181	-59.966885	-61.133217	736000	0.003298685	1902.1731	0.0	-57.460938	1.2902339	8.9406965e-10	208.6378481388092
184	-115.29256	70.53181	-14.944671	-347.90903	123.32258	-64.33664	0.035707995	-63.34402	-64.34236	740000	-0.013753042	1296.2686	0.0	-10.73114	1.2934954	-1.1473893e-09	210.10951495170593
185	-104.42088	61.611305	-12.733397	-260.2305	122.21875	-63.109226	0.026456632	-61.663357	-63.111897	744000	-0.021844115	1531.8475	0.0	-54.077972	1.2962987	-1.1920929e-09	211.3945348262787
186	-94.43456	58.5163	33.63137	-246.04909	156.44	-59.48975	3.9926403	24.787752	-59.97575	748000	-0.0065546185	1669.2734	0.0	-650.3865	1.3135374	-4.470348e-10	213.1992108821869
187	-135.56816	90.25504	-4.160555	-318.35	129.44827	-48.775272	3.8062475	-32.01142	-57.441166	752000	-0.021315482	2407.4177	0.0	-260.75623	1.2998655	-1.04308145e-10	214.45843195915222
188	-128.90054	73.26113	-19.285837	-281.46237	128.48276	-59.856438	2.1663992	-14.902544	-60.099155	756000	-0.016571397	1612.6978	0.0	-23.828613	1.2892158	1.8775463e-09	215.75866293907166
189	-111.596115	58.611794	-21.775005	-238.37723	129.76666	-60.329735	0.34835035	-49.50794	-60.37522	760000	-0.012601538	1191.5339	0.0	-11.664612	1.2884455	-2.2351743e-10	216.99724102020264
190	-99.21602	81.73954	-5.2017493	-322.50906	127.0	-58.995617	0.32951927	-49.330963	-59.03199	764000	-0.017737493	2188.025	0.0	-27.407166	1.2891965	1.296401e-09	218.2477879524231
191	-131.44711	86.574	12.085767	-376.50488	132.28572	-56.740044	0.18659894	-52.5118	-56.779068	768000	0.0053426623	2394.076	0.0	-31.706238	1.2895763	-1.2367963e-09	219.54637098312378
192	-108.79486	79.46125	14.227375	-305.5327	118.586205	-58.735306	0.8632212	-43.915768	-58.937004	772000	-0.028946877	2390.8013	0.0	-89.40076	1.2895486	-1.4901158e-10	220.87347602844238
193	-121.69248	79.141914	-15.232434	-293.00046	126.304344	-48.018764	18.745626	4.135616	-57.630238	776000	-0.00533247	1895.2245	0.0	-155.24036	1.3018385	-6.407499e-10	222.61602091789246
194	-103.7661	87.796364	-4.596712	-372.3581	130.56667	-47.953735	7.1030636	-13.667531	-58.57985	780000	-0.005508526	2235.3496	0.0	-200.28253	1.2875447	-1.6689301e-09	223.90141105651855
195	-103.80329	50.77164	-8.55733	-207.29657	121.3871	-47.714336	9.387644	-26.519571	-60.32043	784000	-0.03632331	1131.9529	0.0	-64.62854	1.2764611	-1.3709068e-09	224.978520154953
196	-105.00617	60.036167	-21.586971	-212.19316	154.76	-48.470028	8.519028	-10.589363	-62.046646	788000	-0.017570518	1725.6285	0.0	-200.79971	1.292562	5.9604655e-11	226.6178638935089
197	-119.40924	86.587456	-25.672909	-399.70602	140.0	-42.740665	12.048003	-24.764532	-63.014297	792000	-0.027737636	1964.8079	0.0	-142.23792	1.2848722	-2.3841862e-10	227.87518095970154
198	-126.022545	66.95037	2.3243096	-280.5358	132.3793	-50.33181	8.997202	-40.83291	-65.5268	796000	-0.017449403	1425.8002	0.0	-109.15732	1.2806203	3.2782554e-10	229.09948205947876
199	-97.26641	76.36586	29.737677	-290.6571	128.0	-55.540768	8.457091	-44.45586	-68.103004	800000	-0.0027006527	1862.4492	0.0	-93.12573	1.270427	1.7881394e-09	230.5336298942566
200	-101.229904	56.212826	9.163849	-212.70695	139.92857	-48.845646	9.064787	-38.751617	-69.06903	804000	-0.029996725	913.65576	0.0	-74.09772	1.2873125	7.4505807e-10	231.7898187637329
201	-109.50948	77.599205	13.231816	-387.50256	131.89285	-47.164814	13.657594	-32.809525	-69.79633	808000	-0.028104438	1443.0706	0.0	-73.73932	1.2755532	-1.758337e-09	232.94340896606445
202	-124.62395	77.64675	-4.4516253	-278.08502	134.65517	-51.825836	13.067656	-38.04815	-71.77415	812000	-0.02578014	1322.6422	0.0	-233.14746	1.2729955	-1.9073485e-09	234.2670600414276
203	-112.49038	77.50375	7.7434196	-322.62143	140.89285	-57.3674	10.660947	-36.25644	-73.44598	816000	-0.018546443	1426.5321	0.0	-87.499146	1.2752588	1.2069941e-09	235.62378001213074
204	-112.58043	81.7785	11.257692	-300.6435	134.78261	-46.446915	20.94734	47.623196	-74.19822	820000	-0.011586636	2013.6189	0.0	-276.4312	1.2872407	-2.3692848e-09	237.77638816833496
205	-115.208336	102.99378	23.22996	-389.68842	144.62962	-51.065914	15.213709	-19.43804	-75.79192	824000	-0.015820134	2577.2495	0.0	-284.26935	1.2710428	-5.215406e-10	239.03757905960083
206	-92.44513	61.221874	21.778053	-235.1161	137.39285	-50.35324	17.738726	-23.218779	-78.650085	828000	-0.040942356	1342.3242	0.0	-344.13712	1.2654073	1.5199184e-09	240.16883611679077
207	-92.85801	47.51104	-17.340233	-197.33743	141.07408	-39.326576	14.558046	-27.11214	-78.86846	832000	-0.021259408	664.14557	0.0	-59.81082	1.2644204	-7.4505846e-11	241.66520190238953
208	-104.90298	79.32753	23.125807	-307.6215	171.73914	-42.30931	17.486855	-19.748089	-79.168	836000	0.0027963966	1907.7708	0.0	-623.298	1.2777565	3.1888487e-09	243.94110703468323
209	-124.713005	81.30519	30.37037	-328.5362	148.11111	-47.55978	21.549383	7.116806	-80.42395	840000	-0.0036361814	2269.5457	0.0	-578.407	1.2550118	-1.2814998e-09	245.44275784492493
210	-120.910576	89.52334	13.020553	-394.99945	144.34616	-53.39605	22.484398	-14.9552765	-83.2407	844000	-0.006197499	2067.56	0.0	-308.5772	1.2535759	-1.9669533e-09	246.651221036911
211	-102.28769	59.317623	-9.873405	-255.65808	153.48	-53.37187	20.041727	-6.390939	-84.38651	848000	-0.024671838	1061.6035	0.0	-226.96909	1.2610956	-2.3841856e-10	247.77684092521667
212	-104.69726	78.72145	25.19532	-276.827	148.2	-51.675217	21.664463	-18.698547	-85.9079	852000	-0.046321727	1299.2775	0.0	-209.18564	1.259788	-1.475215e-09	248.94667100906372
213	-93.869965	85.70671	25.539476	-300.3391	136.3793	-43.91877	18.939728	-12.325583	-87.00961	856000	0.0032795072	1764.9995	0.0	-284.0199	1.2503572	3.412366e-09	250.05003595352173
214	-119.75418	90.33858	19.467134	-376.79416	142.85185	-46.887836	21.919712	-11.996964	-88.358505	860000	-0.010268475	1632.5613	0.0	-411.6982	1.2624425	7.748604e-10	251.30086708068848
215	-72.25158	50.160507	3.3929558	-186.28165	176.27272	-53.17318	19.376759	-16.655346	-89.47303	864000	0.0006336495	1474.968	0.0	-716.80396	1.2702324	6.556511e-10	253.27669882774353
216	-104.568054	75.86609	7.247847	-277.5937	140.81482	-42.84287	21.142397	8.779799	-88.94917	868000	-0.012799427	1557.1881	0.0	-339.7143	1.2574712	-7.450579e-11	254.43162608146667
217	-107.52018	70.54249	20.464157	-264.9962	138.91667	-45.7404	20.089582	12.115121	-90.01767	872000	-0.026498776	1362.9327	0.0	-221.96567	1.2620261	-3.1292438e-10	256.05131697654724
218	-103.07674	77.745895	32.100456	-277.7922	136.75	-44.237762	18.586716	-13.310372	-90.34196	876000	-0.0047180504	1150.4465	0.0	-326.63675	1.2490361	7.0035455e-10	257.49499893188477
219	-105.91747	99.32737	24.749056	-403.58188	170.63637	-57.852444	25.30416	27.23359	-92.475494	880000	-0.024173953	3025.252	0.0	-1289.9836	1.254672	1.5795232e-09	259.9010980129242
220	-110.769936	64.380745	9.782228	-253.77278	135.57143	-51.15859	22.467007	-16.665775	-93.18318	884000	-0.009151932	1096.8622	0.0	-320.58463	1.233487	2.1308662e-09	261.13793301582336
221	-121.191956	69.96568	-7.6285586	-233.667	150.0	-51.223293	22.020512	-10.593773	-93.55176	888000	-0.008389317	1059.047	0.0	-153.82648	1.2590417	-2.6226044e-09	262.29148292541504
222	-96.698074	89.25047	22.001638	-346.3668	147.88461	-49.79319	21.700485	-20.075256	-95.0541	892000	-0.023430303	1088.6831	0.0	-138.03906	1.245488	-1.4901136e-11	263.6408021450043
223	-90.69709	79.03722	26.164791	-245.40639	141.7037	-42.944855	23.262842	-14.296566	-96.37334	896000	-0.028600886	1084.9169	0.0	-147.39148	1.2460401	6.2584876e-10	265.0413839817047
224	-94.20285	70.80116	23.15646	-238.67415	159.56522	-45.181892	22.940506	42.77106	-96.88598	900000	-0.03966981	1525.8184	0.0	-397.79785	1.2540989	-1.3262034e-09	266.6287930011749
225	-112.28003	65.37832	-23.764025	-255.2515	150.72	-43.481083	22.767824	-10.655132	-96.889244	904000	-0.005691573	921.9546	0.0	-207.85806	1.2618904	3.3974648e-09	267.8698329925537
226	-93.68803	82.958145	9.102823	-276.26337	142.2963	-49.21547	23.007757	-6.512622	-98.017006	908000	-0.04646966	1152.5608	0.0	-163.24097	1.2503461	-1.0579824e-09	269.30925273895264
227	-87.32795	59.07742	23.008352	-259.20468	134.82759	-45.572147	23.12614	-2.9110668	-99.35524	912000	-0.032020293	954.4123	0.0	-218.18233	1.2422984	-1.3560058e-09	270.73391485214233
228	-84.66279	65.45407	0.34034127	-247.17282	199.10527	-41.209015	22.97257	-2.1195211	-99.58878	916000	-0.017210752	1211.1599	0.0	-447.61166	1.2658792	7.8976153e-10	273.0200650691986
229	-121.596954	67.400955	-17.014362	-322.21265	144.81482	-38.544334	26.247875	-1.3130114	-99.41851	920000	-0.03211826	1127.7744	0.0	-325.63095	1.250576	-2.235174e-10	274.6008780002594
230	-82.54429	58.976917	23.699558	-253.75221	130.0	-50.526955	22.947004	-10.420796	-99.85118	924000	-0.04082905	866.4933	0.0	-264.3312	1.2343034	-4.4703483e-10	276.08255791664124
231	-72.88573	87.338554	9.448495	-446.91412	146.1923	-45.677937	21.878809	-10.9014225	-100.4349	928000	-0.03849865	1612.6454	0.0	-357.8132	1.2417405	3.2782554e-10	277.5409038066864
232	-86.83235	51.13225	-20.420301	-224.20282	147.61539	-34.09115	25.920933	-1.4218631	-100.675934	932000	-0.03340923	870.0746	0.0	-249.77498	1.239614	1.9371516e-10	278.6771960258484
233	-88.977615	66.946106	62.737087	-287.9443	198.6	-42.210342	20.084763	-7.882529	-100.389854	936000	-0.0054919347	1411.176	0.0	-339.25696	1.2657254	-8.642673e-10	281.1970498561859
234	-83.4721	74.13747	4.9393134	-267.00967	164.31818	-27.6175	17.24767	-0.6797304	-100.07501	940000	-0.014452986	1310.8368	0.0	-319.73386	1.2431586	7.599592e-10	282.46428394317627
235	-89.90569	64.57302	-16.591064	-306.5183	156.70833	-31.935974	21.843035	-5.3009195	-101.04827	944000	-0.05700612	803.042	0.0	-160.60263	1.2427583	1.8328428e-09	283.6857268810272
236	-93.29711	80.76916	40.465263	-324.01807	189.7	-38.291084	21.548328	-4.56964	-101.98986	948000	-0.020283125	1137.3552	0.0	-336.3157	1.2560728	5.2154064e-10	285.8832550048828
237	-99.549736	73.75533	51.962154	-234.87865	141.51852	-33.168755	24.063694	-1.1291904	-101.479866	952000	-0.00625585	1328.1094	0.0	-453.07913	1.2249982	-1.4603139e-09	286.99584197998047
238	-52.89539	54.20823	-1.190621	-194.02956	139.34782	-44.357227	25.880112	3.7306232	-102.7736	956000	-0.035777375	1694.2771	0.0	-878.0379	1.2445905	-1.8924475e-09	288.60059809684753
239	-82.37314	62.845272	6.7843237	-249.76598	142.85185	-28.06222	22.447441	-1.3646646	-102.48277	960000	-0.03416043	822.8142	0.0	-160.44977	1.2335067	1.9222497e-09	289.71102380752563
240	-93.9425	104.51241	26.479063	-327.16882	158.0	-34.23492	21.260035	-0.9755919	-102.83105	964000	-0.01606335	1968.2538	0.0	-354.94427	1.2222399	-1.4901162e-10	290.8777868747711
241	-100.64877	75.00379	-9.727822	-270.53757	216.22223	-32.633385	24.326078	18.524086	-104.60997	968000	-0.030719332	1166.27	0.0	-148.12979	1.2585096	-1.5944243e-09	292.86270093917847
242	-80.49768	68.11978	21.79571	-282.61996	154.79167	-41.950665	22.462051	-4.8849077	-104.37861	972000	-0.03507636	786.44507	0.0	-149.0929	1.230616	1.0281801e-09	294.0343728065491
243	-94.5808	68.962524	1.3490702	-271.19592	153.28	-41.68432	23.014034	-4.4768677	-104.79555	976000	-0.062671006	899.4951	0.0	-139.15662	1.2324537	-1.0877848e-09	295.1797299385071
244	-77.45938	59.065483	18.671143	-221.37053	155.08	-36.563488	23.285053	4.238213	-104.33575	980000	-0.022769047	706.1609	0.0	-85.92784	1.2178862	6.109476e-10	296.3065001964569
245	-65.753624	51.449894	2.8866835	-186.96053	146.33333	-33.02378	23.429224	4.3582907	-104.744354	984000	-0.00996086	820.577	0.0	-214.61331	1.2517195	-6.854534e-10	298.0776319503784
246	-68.8063	65.03844	18.224174	-219.92226	155.32	-28.034603	23.193407	23.320381	-104.4952	988000	-0.04609895	1379.7278	0.0	-721.66394	1.2248838	2.235174e-09	299.25975799560547
247	-71.4226	68.005806	38.727776	-258.43658	161.20833	-32.909626	29.452433	6.9874296	-105.83839	992000	-0.029724363	1450.5958	0.0	-374.39227	1.2326283	-2.7120113e-09	300.40564608573914
248	-59.115734	49.40107	41.1897	-165.22884	149.6	-28.068628	22.44193	6.718853	-101.69358	996000	-0.018370356	1445.7743	0.0	-271.77167	1.2280043	-2.6077034e-09	301.70526790618896
249	-66.95549	61.12016	6.949094	-260.05252	193.45	-34.376774	22.429764	2.2308931	-95.99645	1000000	-0.022501238	1558.1023	0.0	-610.3003	1.2332306	5.811453e-10	303.724732875824
250	-52.248997	58.35423	56.724583	-191.05307	211.21428	-32.01787	17.14993	6.421749	-91.90726	1004000	-0.0086120665	1581.5137	0.0	-504.44244	1.2715042	1.92225e-09	305.89774203300476
251	-115.19376	97.9638	-8.958044	-339.58817	219.76471	-17.001312	13.371576	12.728147	-91.92591	1008000	0.00014296919	2299.1392	0.0	-636.5605	1.2503922	5.9604655e-11	307.76962304115295
252	-82.334724	58.25552	7.0914893	-218.46085	144.65384	-33.736492	14.896681	-3.6889553	-87.15262	1012000	-0.029289883	735.5622	0.0	-199.95918	1.2108687	-1.0430813e-09	308.88657784461975
253	-80.943184	76.94169	28.031332	-255.37314	208.66667	-31.483063	19.995403	5.6212854	-103.338715	1016000	-0.031110808	939.0409	0.0	-107.51883	1.2453333	6.705523e-10	310.94060707092285
254	-68.00873	74.91285	20.574997	-265.72894	158.04167	-32.842308	22.313902	5.7761416	-100.39277	1020000	-0.0394509	1037.3541	0.0	-121.961945	1.2259889	2.0861624e-10	312.08781695365906
255	-90.497795	64.08542	-16.143265	-274.68625	165.86957	-29.818014	23.30561	6.5200534	-106.6103	1024000	-0.027110215	972.8688	0.0	-198.12445	1.2260672	8.791685e-10	313.2619090080261
256	-67.53264	46.389484	31.854706	-184.69292	147.53847	-36.499977	21.387117	2.6945286	-103.74171	1028000	-0.051821314	471.9437	0.0	-81.63898	1.2210286	-4.0233133e-10	314.4181911945343
257	-65.93388	58.59471	25.836203	-208.20589	152.2	-33.085457	22.499174	0.28117466	-106.85504	1032000	-0.045636207	719.73505	0.0	-80.18594	1.2199123	7.3015693e-10	315.5522689819336
258	-86.61088	82.59202	24.225965	-283.01312	151.71428	-36.407654	24.869772	3.920774	-107.21343	1036000	-0.035634547	1993.1849	0.0	-645.63385	1.2218487	-1.6689301e-09	316.8973581790924
259	-62.620514	55.449837	40.202965	-187.95018	144.25926	-21.996496	24.150404	11.405181	-103.38522	1040000	-0.03117995	694.7491	0.0	-260.11996	1.2097379	-1.1920929e-09	318.13442611694336
260	-91.759865	58.701523	-12.47761	-197.96043	141.375	-39.752415	25.354149	6.468818	-108.67089	1044000	-0.0044307113	1205.7236	0.0	-480.09717	1.20962	-4.0233133e-10	319.5562801361084
261	-75.05933	57.746586	7.990507	-197.9529	152.04	-39.31053	27.140375	8.415425	-109.64174	1048000	-0.05658476	669.91113	0.0	-210.911	1.2156818	-1.4156103e-09	320.73205614089966
262	-94.22418	80.58109	27.943	-268.8496	150.12	-35.137398	22.282167	4.8221416	-108.12832	1052000	-0.023341017	1063.4149	0.0	-257.91452	1.2039137	-1.6391277e-10	321.86406087875366
263	-81.23747	58.040108	-3.4196932	-250.44571	160.04546	-38.03608	26.393448	4.943568	-111.501785	1056000	-0.036609933	928.56793	0.0	-201.50766	1.2260265	9.536744e-10	323.2380678653717
264	-61.771713	68.55555	18.632486	-196.12895	206.27777	-27.544024	25.553467	10.5453415	-111.08664	1060000	-0.03251245	1157.8037	0.0	-189.10464	1.2366344	6.258488e-10	325.1775758266449
265	-41.894794	49.887535	40.11227	-171.818	188.90475	-22.859625	21.36623	13.413388	-110.725426	1064000	-0.04624457	1826.6528	0.0	-678.3794	1.2308278	-6.8545347e-10	327.1253659725189
266	-43.851074	59.976162	62.04618	-205.7162	155.32	-18.281195	19.58946	21.300596	-98.33944	1068000	-0.031999532	1173.6581	0.0	-280.4313	1.2098336	3.72529e-10	328.3343360424042
267	-51.945343	47.463505	5.8265686	-178.18854	152.08	-23.538155	26.076475	23.65099	-111.34705	1072000	-0.048935827	1161.7102	0.0	-339.02872	1.2009197	-1.3411044e-10	329.47992491722107
268	-61.46272	79.41322	50.564034	-268.7741	203.78947	-23.513863	26.781586	17.601528	-109.36848	1076000	-0.03519597	1625.6559	0.0	-562.1262	1.2343558	1.4901136e-11	331.8851001262665
269	-57.475372	82.366585	45.995213	-254.39009	147.42857	-25.933645	19.690317	11.783932	-112.12467	1080000	-0.033156723	1574.3252	0.0	-356.64822	1.2219901	9.983778e-10	333.842915058136
270	-65.905876	64.94336	30.55825	-213.40262	172.77272	-26.012882	28.58952	10.660278	-114.30538	1084000	-0.032008898	840.99335	0.0	-229.33772	1.2103426	-8.9406926e-11	335.10508584976196
271	-83.721344	83.854065	5.4041276	-308.0257	175.38095	-25.827171	24.43176	28.47905	-112.7191	1088000	-0.03776981	1574.2385	0.0	-636.47595	1.2045696	1.04308145e-10	336.3215219974518
272	-78.57258	83.41011	43.37345	-372.0951	173.0	-37.70826	28.364794	1.6729207	-116.25204	1092000	-0.008879833	970.0028	0.0	-246.65547	1.2019148	1.385808e-09	337.5309829711914
273	-56.02183	50.607918	9.433613	-186.86845	154.95833	-30.514503	30.270634	8.242495	-117.415955	1096000	-0.059381213	722.6752	0.0	-137.77661	1.1956154	3.72529e-10	338.7125129699707
274	-114.29574	85.523926	-11.235278	-304.37006	225.6875	-42.026237	31.690735	6.7962403	-117.07897	1100000	0.0106967315	2068.4187	0.0	-1141.5695	1.2177751	1.4454126e-09	340.59692192077637
275	-57.11173	46.126495	6.11222	-137.79187	210.35715	-30.913517	21.509445	20.635763	-115.88486	1104000	-0.03234058	1093.4169	0.0	-489.30597	1.2329087	2.7269125e-09	343.0268270969391
276	-62.348064	71.390274	45.677174	-291.40228	165.39131	-16.015385	18.919233	18.98275	-99.60542	1108000	-0.008853189	1296.9268	0.0	-406.40823	1.1987258	-3.5762787e-10	344.1917259693146
277	-57.477478	65.10698	63.022903	-229.5967	183.65	-25.248316	22.702194	11.993162	-117.23663	1112000	-0.060827795	1139.7974	0.0	-158.31772	1.2011273	-1.192093e-10	345.6749701499939
278	-59.41787	62.376274	24.34882	-251.89647	196.1	-24.505968	26.597113	4.4098067	-119.12914	1116000	-0.03298437	748.7751	0.0	-160.92984	1.2097204	-1.4454127e-09	348.0786099433899
279	-58.843945	65.43106	1.7211865	-233.63701	179.1	-18.90095	22.219055	23.731846	-118.255974	1120000	-0.033590816	804.1785	0.0	-180.8446	1.2027194	1.0579825e-09	349.33352494239807
280	-46.793648	45.859257	8.951122	-151.76532	288.53845	-32.236446	22.51412	12.822498	-118.075134	1124000	-0.033009768	1283.1296	0.0	-742.83734	1.2388253	2.682209e-10	351.17614793777466
281	-81.195244	96.499306	76.91687	-283.57245	195.0	-20.726774	27.106512	17.32432	-106.980865	1128000	-0.0236461	2202.5427	0.0	-795.89685	1.1974983	-6.854534e-10	352.6884768009186
282	-94.289825	92.1437	20.254267	-341.19952	164.0	-30.254902	29.145502	14.334654	-115.27321	1132000	-0.053688247	1140.1134	0.0	-287.97678	1.1839492	1.1026859e-09	353.9076318740845
283	-106.11972	57.20749	-15.405073	-223.30971	185.11111	-39.80251	30.226118	11.592728	-120.72686	1136000	-0.01171568	1737.7773	0.0	-514.45447	1.2108796	-2.1755695e-09	355.7356390953064
284	-81.63272	78.23276	43.29941	-259.60507	219.5	-39.308804	24.375235	0.8720262	-120.43709	1140000	-0.056245297	1529.3173	0.0	-519.68823	1.2117465	2.0861625e-10	357.8307180404663
285	-86.38147	64.03989	-6.0660625	-231.09639	340.0	-30.78547	26.415972	10.68507	-120.41628	1144000	-0.0064050313	1057.3987	0.0	-329.20117	1.2208033	2.399087e-09	360.2258269786835
286	-109.066475	86.32935	-1.5354235	-295.98703	237.6875	-34.08043	26.24594	12.331907	-120.4782	1148000	-0.0063205454	1495.2595	0.0	-426.6403	1.1921957	-2.682209e-10	362.0109739303589
287	-40.58099	35.717297	49.50896	-107.85334	212.33333	-29.37121	19.970064	6.3476086	-103.51876	1152000	-0.038109608	738.8708	0.0	-370.8509	1.2109065	1.192093e-09	364.25108790397644
288	-59.004826	60.538246	29.694138	-183.46336	392.0	-18.805609	14.528652	22.957981	-99.76118	1156000	-0.003931321	918.5571	0.0	-299.36282	1.2501557	5.5134297e-10	367.92310404777527
289	-71.124214	75.39738	19.904293	-209.83228	236.4375	-10.332324	19.051031	25.79895	-116.73838	1160000	0.009558149	1340.9021	0.0	-736.6137	1.2076035	-6.8545336e-10	370.0804600715637
290	-56.332336	86.29399	45.557724	-376.46884	168.95454	-26.567406	30.659784	56.044106	-123.91388	1164000	-0.013647661	1531.7697	0.0	-610.12787	1.1662309	4.321337e-10	371.32035088539124
291	-73.284485	71.84449	16.168634	-201.2293	190.1	-23.58755	26.631779	17.596561	-125.69924	1168000	-0.005429928	928.4745	0.0	-278.8054	1.1830834	2.8014182e-09	372.7591609954834
292	-62.026196	52.95467	5.4668283	-197.58301	216.23529	-38.825977	33.03347	56.298843	-126.29799	1172000	-0.0358242	1502.1777	0.0	-876.97296	1.1951044	6.1094757e-10	374.92006611824036
293	-69.07303	72.15382	27.256557	-200.90283	240.5	-21.650827	23.690851	17.558939	-108.79496	1176000	-0.017247263	1133.9548	0.0	-222.97968	1.1891873	-1.758337e-09	377.9509959220886
294	-70.00862	65.895004	20.970062	-227.33098	299.0	-29.473072	20.587305	11.795487	-122.51206	1180000	-0.0073379455	1410.752	0.0	-581.6389	1.2265514	-5.9604643e-10	380.2401189804077
295	-46.38549	64.12318	33.230606	-163.88103	226.1875	-19.222565	23.891525	28.181814	-126.06836	1184000	-0.046540704	1519.3877	0.0	-482.04724	1.1930423	-8.9406926e-11	381.97638511657715
296	-64.14678	63.95431	18.029783	-178.8057	216.92308	-10.850715	19.731306	52.06244	-126.26579	1188000	-0.018037485	1077.4481	0.0	-243.27037	1.2009975	-3.1292438e-10	383.8232350349426
297	-22.891184	52.365788	40.69154	-163.49245	221.5625	-22.308416	28.361763	30.086231	-105.944725	1192000	-0.015060179	872.3076	0.0	-356.4615	1.195206	-7.4505807e-10	386.6483430862427
298	-41.78998	47.338116	14.652153	-150.78642	298.91666	-20.43829	22.225046	21.016037	-125.6249	1196000	-0.013073861	970.1677	0.0	-286.39874	1.2201402	-4.0233136e-10	389.284343957901
299	-65.9233	70.14799	8.628965	-230.7364	179.05882	-6.097301	19.404533	20.464727	-125.80233	1200000	-0.013476124	1550.4812	0.0	-761.2587	1.1996586	5.2154064e-10	391.06063413619995
300	-117.93872	81.54944	6.7017975	-293.89487	287.92307	-39.43515	32.9469	16.089804	-127.78486	1204000	-0.04100311	1630.4069	0.0	-509.05423	1.2069883	-1.937151e-10	392.95086693763733
301	-54.874367	53.806892	34.504173	-155.86102	243.125	-33.887627	25.258905	13.2968235	-121.14975	1208000	-0.03739377	1099.6943	0.0	-569.0629	1.1887009	1.4603139e-09	395.35364985466003
302	-46.419914	47.751842	35.414185	-190.12529	179.72223	-16.533766	18.42826	36.479084	-114.53172	1212000	-0.013895365	842.50525	0.0	-215.3706	1.1774192	-2.9802322e-10	396.8213460445404
303	-64.29244	67.47703	53.47074	-226.60182	200.78947	-17.354113	23.326202	17.379673	-121.994865	1216000	-0.041334003	927.8706	0.0	-299.71497	1.1688325	-2.9802322e-10	398.1698479652405
304	-47.391167	70.40769	34.467205	-246.28377	195.21428	-29.534985	26.09381	8.881584	-125.97338	1220000	-0.049495608	1091.6431	0.0	-250.34082	1.1902521	-2.2351741e-10	400.5757918357849
305	-40.54306	62.745625	25.239344	-260.55142	180.19048	-15.157182	24.931274	19.123053	-125.94918	1224000	-0.05588368	684.1137	0.0	-119.17268	1.174125	1.2964011e-09	401.9003279209137
306	-36.953312	71.475655	33.737328	-244.67966	265.5	-26.097504	24.104572	19.174961	-122.58526	1228000	-0.0106042735	1239.0361	0.0	-477.9636	1.2035921	-9.983778e-10	404.44575476646423
307	-86.97726	65.00992	42.700657	-196.20844	191.57895	-14.448703	36.88439	24.657766	-127.514626	1232000	-0.03512481	1411.9434	0.0	-575.95166	1.1545067	1.5050173e-09	405.97710394859314
308	-51.441475	79.23352	23.76958	-250.6776	237.66667	-28.509886	25.175953	13.120752	-126.148254	1236000	-0.009478256	1660.7153	0.0	-260.05212	1.1802962	-3.2931569e-09	408.25538396835327
309	-55.331722	65.45629	13.420535	-200.24617	236.5625	-15.336346	22.767855	20.271793	-127.121284	1240000	0.017265163	913.3175	0.0	-235.61679	1.1965278	6.109476e-10	410.2594790458679
310	-37.916954	69.06082	58.099125	-201.52377	369.8889	-18.907263	16.790613	34.727516	-114.51609	1244000	-0.013938148	899.8878	0.0	-375.79413	1.2289698	1.9669533e-09	412.7589659690857
311	-71.991165	74.0229	34.7052	-266.21606	305.53845	-10.965479	26.205166	39.434982	-103.037155	1248000	-0.031771153	1300.4318	0.0	-635.36206	1.2023435	1.7732382e-09	414.9644958972931
312	-50.420696	70.36551	16.605436	-251.98752	224.47058	-14.052715	18.573524	21.830141	-114.86506	1252000	-0.04180301	1257.246	0.0	-262.6728	1.1890094	6.556511e-10	417.27121210098267
313	-56.52812	79.25195	22.154888	-228.78687	265.07144	-24.934439	22.488476	18.99141	-121.40816	1256000	-0.013476439	1245.6294	0.0	-345.73016	1.1944582	1.8775463e-09	419.85210394859314
314	-9.284985	28.858719	39.4395	-50.041992	507.6	-23.826906	20.631247	49.796494	-108.221924	1260000	-0.016985629	1050.2104	0.0	-641.2539	1.2525674	-4.3809414e-09	422.78899097442627
315	-84.07129	78.987465	28.845467	-257.78802	257.7143	2.5083237	29.209375	45.52474	-104.53543	1264000	0.019542143	2577.7383	0.0	-1468.7406	1.1893859	-2.2947788e-09	424.8154501914978
316	-10.535001	56.929466	56.6865	-112.38742	310.83334	-30.701698	29.716574	17.01262	-119.87139	1268000	-0.03285488	1462.2094	0.0	-835.20215	1.2057368	-7.003546e-10	427.0960650444031
317	-62.337727	72.4687	29.202658	-196.77727	284.75	-12.716713	22.366634	25.228086	-114.29884	1272000	-0.0074498765	1026.4899	0.0	-203.89276	1.1947598	2.3394822e-09	428.9430458545685
318	-37.599293	60.53132	37.337967	-204.43102	171.34782	-11.800834	19.825321	21.564663	-112.64618	1276000	-0.036271777	893.5461	0.0	-504.60687	1.15682	-4.6193604e-10	430.2237219810486
319	-62.343056	73.54512	18.752724	-205.00525	217.5	-26.949314	35.45963	26.79743	-128.08864	1280000	-0.06771195	855.7295	0.0	-180.61205	1.17665	-1.9967556e-09	431.752473115921
320	-20.928852	39.006386	66.20474	-95.55415	301.3846	-27.296963	28.360296	23.161259	-115.87617	1284000	-0.032371372	1231.7192	0.0	-620.42773	1.2063177	-3.4719707e-09	433.9693808555603
321	-34.83189	80.16431	64.637314	-265.60553	303.84616	-14.919032	22.996986	26.461962	-111.80243	1288000	-0.008040518	1048.132	0.0	-395.19714	1.1922821	-1.7136335e-09	437.3606231212616
322	-56.164616	75.48044	70.243935	-210.49658	265.7857	-11.018467	24.616512	27.770231	-120.74939	1292000	-0.00837066	810.6166	0.0	-125.512024	1.1817293	-4.4703483e-10	440.0131230354309
323	-62.356133	46.832237	30.370987	-156.29172	198.875	-16.327824	26.94581	25.723106	-112.93992	1296000	-0.037894502	709.27625	0.0	-189.6579	1.180608	-2.1606683e-09	441.85784792900085
324	-20.226053	42.124687	45.59415	-103.88324	208.33333	-21.786846	26.254175	21.105215	-108.30136	1300000	-0.06768057	647.8673	0.0	-269.0622	1.1656592	-2.8014182e-09	444.4080059528351
325	-85.79443	68.72407	39.182743	-238.25847	224.35715	-18.500721	24.86974	26.467556	-113.69766	1304000	-0.03076408	1071.0428	0.0	-257.91357	1.1929042	7.4505807e-10	446.3146240711212
326	-40.881737	67.62081	23.510944	-181.83894	269.2857	-16.890339	21.323915	27.227701	-114.63764	1308000	-0.010283522	826.8875	0.0	-271.6286	1.1816939	1.385808e-09	448.73707485198975
327	-52.02616	97.83086	52.805565	-323.35345	299.0	-19.670786	24.13625	20.137537	-129.27281	1312000	-0.022858929	1390.154	0.0	-479.65063	1.2054123	-1.3262034e-09	451.32064485549927
328	-57.02298	76.39812	52.117203	-236.46523	348.5	-16.628132	23.391748	25.552132	-124.62845	1316000	-0.017001001	842.53955	0.0	-209.05286	1.2044312	2.533197e-10	453.4832320213318
329	-57.3954	82.432915	36.45622	-227.90875	335.0	-18.036219	26.986097	32.791653	-107.97183	1320000	-0.039343342	1432.0352	0.0	-564.80316	1.1939901	-3.72529e-10	456.07783603668213
330	-57.528095	79.91524	21.784756	-225.79245	305.6154	-15.870662	18.365597	23.78356	-122.51193	1324000	0.0068552457	1089.8091	0.0	-368.60388	1.1855867	2.3841856e-10	458.38559317588806
331	-39.955223	71.98025	38.64626	-253.58243	263.53333	-15.84911	24.758024	27.344519	-113.799736	1328000	0.00022804923	1253.4623	0.0	-537.3277	1.1894977	3.5762787e-10	460.85408997535706
332	-44.988598	44.89402	10.784286	-155.05154	223.35294	-17.394493	27.978971	23.960854	-116.77258	1332000	-0.050043553	545.5647	0.0	-169.29626	1.1591783	4.4703352e-11	463.32586908340454
333	-87.208176	71.73381	-12.741894	-218.88333	218.35715	-21.597832	19.801067	15.77739	-123.422714	1336000	-0.0023914562	1101.4984	0.0	-451.66483	1.1822177	-6.854534e-10	465.15466499328613
334	-71.43597	72.962975	36.96769	-206.21794	271.07693	-22.519356	31.854012	19.228052	-127.86738	1340000	-0.029978849	948.84656	0.0	-384.80548	1.195543	-1.1175871e-09	467.3179440498352
335	-39.54591	58.111294	32.38185	-150.20198	236.73334	-26.246805	27.261042	14.120571	-122.98531	1344000	-0.07624625	1075.2784	0.0	-527.55414	1.1878219	5.811453e-10	469.12740778923035
336	-40.089962	80.222305	46.049072	-241.34128	345.81818	-9.9424515	21.57697	28.633123	-109.31716	1348000	-0.020933859	902.0183	0.0	-238.06287	1.1884586	4.321337e-10	471.93443989753723
337	-38.21922	52.375698	29.048079	-148.53688	263.91666	-12.235362	27.809988	38.58228	-125.93568	1352000	-0.022464233	779.02704	0.0	-247.0943	1.1782455	-2.3841857e-09	474.2854959964752
338	-69.63283	92.86424	39.20708	-246.50429	247.07143	-16.60849	26.98703	29.192467	-106.588264	1356000	-0.019607738	1475.5112	0.0	-530.5324	1.1713524	4.023314e-10	476.1804280281067
339	-42.57055	33.204926	35.704857	-80.781525	266.46155	-18.71736	30.491425	43.04906	-122.90478	1360000	-0.0025872379	757.99524	0.0	-383.24655	1.1893063	2.1308662e-09	478.75665402412415
340	-49.025024	71.745316	23.906923	-207.99812	351.9091	-14.464471	24.41393	54.04706	-116.723	1364000	-0.037202664	889.32477	0.0	-306.23584	1.1960546	-7.748604e-10	481.12027287483215
341	-78.86603	80.33683	20.606352	-220.00536	290.9	-17.921156	29.428827	30.36862	-129.60263	1368000	-0.011493269	1482.8942	0.0	-625.83307	1.196284	-9.834766e-10	483.425194978714
342	-48.87983	69.21216	25.151695	-221.8833	254.92857	-8.994293	22.360016	51.6798	-96.32338	1372000	-0.005213786	1017.81287	0.0	-447.50696	1.1723421	1.490116e-10	485.95324993133545
343	-46.947197	65.81046	50.702938	-170.17206	251.71428	-19.78922	32.68347	28.429604	-130.24976	1376000	-0.025138509	859.8387	0.0	-285.25806	1.1821336	5.811453e-10	488.03037214279175
344	-28.73459	59.10574	38.463917	-149.76668	346.27274	-15.65622	19.851625	20.23671	-114.94202	1380000	-0.025609989	616.8814	0.0	-236.1823	1.2003863	4.61936e-10	490.1961410045624
345	-45.887848	67.767105	14.196133	-259.62885	304.16666	-15.80685	29.396862	32.211536	-107.61032	1384000	-0.0070727346	966.1505	0.0	-244.91522	1.2035592	-6.556511e-10	492.1315698623657
346	-30.947685	71.134674	63.837025	-183.22546	254.86667	-7.1753693	20.591774	22.537292	-117.150536	1388000	-0.03789586	894.3639	0.0	-245.52188	1.1808429	-5.9604643e-10	494.22727489471436
347	-38.626995	78.36269	42.967747	-219.19327	300.0	-22.035831	28.917814	28.1348	-125.24809	1392000	-0.024812408	814.3744	0.0	-130.76501	1.1851331	1.3709068e-09	496.2787971496582
348	-40.262207	56.788246	42.2426	-172.4335	183.85715	-14.148631	24.22379	24.190765	-127.00855	1396000	-0.057290927	781.2891	0.0	-162.02597	1.1829529	2.8461218e-09	498.2869210243225
349	-16.510136	47.58566	64.22434	-92.33066	315.91666	-15.30593	19.847046	28.71811	-101.26198	1400000	-0.046913333	664.9927	0.0	-176.42107	1.1906147	1.0281802e-09	500.59418177604675
350	-17.179667	52.9845	47.447987	-137.958	222.29411	-8.414523	22.438663	32.07231	-129.1993	1404000	-0.02350688	681.37384	0.0	-228.01347	1.1679631	1.8924475e-09	502.3313658237457
351	-30.828953	71.82255	41.091007	-232.6451	295.46155	-16.705921	28.92415	30.193558	-135.24318	1408000	-0.02976494	737.83215	0.0	-267.70135	1.176147	-1.4901161e-09	504.830442905426
352	-29.084637	71.70606	70.776985	-182.80673	424.0	-17.42802	21.525106	29.565142	-110.70375	1412000	-0.028557573	1565.5098	0.0	-602.7951	1.2244142	2.3841857e-09	507.17132806777954
353	-28.59518	47.51945	30.22203	-140.4911	371.5	-11.565661	24.1282	30.594917	-114.59342	1416000	-0.0125993835	1188.177	0.0	-385.62253	1.223491	-1.7136336e-09	509.5049729347229
354	-32.04246	39.642162	20.261213	-124.45468	245.6	1.7442864	21.079924	37.763596	-100.42006	1420000	-0.03119886	877.0017	0.0	-436.86166	1.171054	-1.1324882e-09	511.5383720397949
355	-36.491905	52.266212	26.48149	-174.86726	199.82353	-13.5711155	27.334013	39.57724	-103.37517	1424000	-0.02755792	823.18823	0.0	-298.87244	1.159416	-2.861023e-09	512.997487783432
356	-34.756676	50.80288	24.373438	-158.84361	234.84616	-18.34151	27.147875	20.592394	-113.17949	1428000	-0.025893055	686.5758	0.0	-216.11404	1.1810315	-8.9406965e-10	515.589555978775
357	-41.60523	48.92356	24.932022	-159.70824	229.6	-12.900332	21.349108	26.981031	-113.530785	1432000	-0.04267362	921.3681	0.0	-361.62875	1.1612308	-5.513429e-10	517.7098338603973
358	-4.8373313	17.607832	11.801854	-35.595207	440.83334	-20.960297	22.963673	35.36174	-101.10703	1436000	-0.020205699	809.1695	0.0	-488.42053	1.2379673	-2.9057263e-09	520.7952518463135
359	-20.462252	41.17355	42.5178	-99.53707	358.45456	-2.9053175	18.346077	32.076538	-103.67628	1440000	-0.0048462003	552.6437	0.0	-108.03404	1.209878	1.3113022e-09	524.13822889328
360	-32.707783	63.410057	29.810356	-196.85005	294.0	-2.9874794	17.941456	27.610668	-114.98978	1444000	0.0070189163	955.487	0.0	-397.19568	1.1923362	4.9173826e-10	526.465010881424
361	-51.809906	78.40091	31.117437	-263.9223	214.35715	-18.549183	25.369286	22.59787	-127.42992	1448000	-0.036697764	953.88464	0.0	-329.9233	1.1720343	5.96046e-11	529.1185038089752
362	-37.911728	66.455986	42.16977	-206.18542	229.0625	-15.97375	29.926601	23.214767	-131.95125	1452000	-0.016193224	889.34515	0.0	-320.4133	1.1526262	4.4703483e-10	530.7973208427429
363	-37.8718	55.03273	28.079082	-155.72026	284.58334	-24.245508	35.547863	23.368765	-127.62166	1456000	-0.021228297	1238.6216	0.0	-558.5231	1.1866066	1.8924475e-09	532.9619739055634
364	-120.19717	98.334175	5.069121	-254.59889	383.1	-14.842686	24.96414	31.935421	-114.30482	1460000	0.0044266023	1807.5637	0.0	-811.0586	1.1986861	-9.23872e-10	535.4672660827637
365	-56.52219	61.78054	27.652885	-185.04922	289.27274	-27.819073	30.511385	25.486712	-135.86314	1464000	-0.028000541	1197.0118	0.0	-632.9144	1.1985435	5.811453e-10	537.7617211341858
366	-35.07853	34.827324	31.372688	-109.36742	231.66667	-12.025885	20.106901	26.167797	-121.872955	1468000	-0.040021118	710.59985	0.0	-129.48495	1.1912982	1.1026859e-09	540.0054090023041
367	-23.814161	56.803825	36.617493	-211.21454	164.52632	-14.860121	27.308151	26.60338	-128.51634	1472000	-0.059217155	758.3593	0.0	-153.42279	1.1486901	-3.5762782e-10	541.5540370941162
368	6.880397	27.671024	54.92952	-38.656933	331.9	-16.846836	16.583988	19.638924	-115.6979	1476000	-0.051385313	745.0635	0.0	-439.51788	1.2049266	-4.7683724e-10	544.1769299507141
369	-20.223036	29.59495	49.363476	-51.346363	264.55554	-3.1640599	22.516338	50.22983	-89.9919	1480000	-0.02962494	373.0345	0.0	-97.03098	1.2033129	8.1956386e-10	546.591677904129
370	-40.346943	45.659763	28.433397	-135.58699	197.76923	-10.2133045	27.481852	34.75616	-116.62907	1484000	-0.04350533	763.93286	0.0	-206.64767	1.1926614	1.8030406e-09	548.4591689109802
371	-29.001081	56.66019	42.040478	-145.84554	241.0	-1.1579753	21.500738	47.03174	-100.78315	1488000	-0.041948788	705.0052	0.0	-228.3476	1.1607052	-1.7285346e-09	550.8512670993805
372	-15.870837	49.51471	37.735	-142.29842	287.54544	-17.838188	20.586777	29.833887	-95.3358	1492000	-0.032226615	758.0122	0.0	-247.9433	1.1956499	1.3262034e-09	553.0357618331909
373	-16.059809	50.855087	45.643818	-108.11896	316.91666	-7.1210704	22.759003	36.444595	-102.00104	1496000	-0.033028536	705.4884	0.0	-133.95164	1.2131796	1.0430813e-09	555.4943358898163
374	-5.7977486	59.384525	59.07626	-123.486786	395.375	-25.035374	28.048471	45.7573	-109.7356	1500000	-0.030872751	1086.7378	0.0	-699.4537	1.2281214	7.7486045e-10	557.9033830165863
375	-24.013285	52.096813	68.75082	-154.38983	288.07693	3.4806752	18.966522	44.97262	-86.18931	1504000	0.0038242713	754.1576	0.0	-239.71663	1.1869979	1.1920929e-09	560.3495328426361
376	-24.796541	59.890675	54.88978	-172.42213	274.16666	-6.939781	18.652487	29.35019	-112.8651	1508000	0.011234589	558.15985	0.0	-187.89774	1.1891603	-5.066395e-10	562.4931461811066
377	-5.2785134	23.369488	33.695328	-45.33924	298.53845	-17.046038	25.381527	43.304295	-118.60473	1512000	-0.029285733	629.46533	0.0	-360.1358	1.1950865	-2.1904707e-09	564.6823239326477
378	-43.39194	82.00122	39.404377	-219.2264	282.30768	-2.5077612	18.945162	33.566227	-128.79268	1516000	-0.03331559	1222.6036	0.0	-443.11194	1.1683872	2.324581e-09	566.9338538646698
379	-24.572056	46.377106	52.747826	-105.60183	509.7143	-16.860195	20.406713	29.294683	-119.81635	1520000	-0.051450286	712.25183	0.0	-245.02496	1.2192996	-8.1956386e-10	569.8642671108246
380	-49.07951	59.685143	5.685344	-202.70961	197.58824	-1.3239634	27.313686	39.81032	-127.033585	1524000	0.010343565	1252.1206	0.0	-729.218	1.1443155	1.7881391e-10	571.2809228897095
381	-46.004986	59.859074	12.308503	-176.47754	260.69232	-22.36677	29.474579	23.349977	-127.293594	1528000	-0.04286226	1004.0951	0.0	-366.86707	1.1596327	2.235174e-10	573.1892988681793
382	-18.105833	38.190586	41.416386	-85.68914	271.9091	-16.55726	24.350622	31.829748	-120.70659	1532000	-0.014274441	915.0963	0.0	-324.19897	1.1912491	-5.9604643e-10	575.1000010967255
383	-48.321342	30.124039	5.878356	-106.57064	381.6	-13.1322	19.097761	36.140705	-94.805695	1536000	-0.030539464	489.60065	0.0	-165.29555	1.1940658	1.0430813e-09	577.2401468753815
384	-18.077583	41.462704	77.088356	-83.40304	352.3	-10.93139	20.815145	41.72638	-102.764084	1540000	-0.010601936	578.6397	0.0	-217.99867	1.1888392	3.72529e-10	579.5160048007965
385	-1.3436356	30.574188	37.365746	-52.29635	406.625	-7.9750447	16.020185	39.79501	-108.36069	1544000	-0.029493365	646.5231	0.0	-236.71573	1.2051284	2.8014182e-09	582.124508857727
386	-10.30875	36.853737	42.283215	-95.35912	309.25	-5.297529	24.461985	42.146374	-111.59869	1548000	-0.02468443	570.60864	0.0	-210.99382	1.1808298	1.1771917e-09	584.0533580780029
387	-66.2173	77.90053	35.198658	-236.08572	235.61539	-7.0936995	27.706951	39.867958	-89.45892	1552000	-0.038869113	1413.196	0.0	-697.4072	1.1490533	5.5134297e-10	585.6829681396484
388	-21.11803	56.197056	36.854507	-187.5184	246.92857	-9.858899	17.477924	29.080687	-97.8604	1556000	-0.00064091757	827.6665	0.0	-294.83215	1.1703982	-2.041459e-09	588.0038139820099
389	-15.333978	18.521936	11.967122	-46.411194	479.0	-12.078065	17.163435	25.683786	-106.601166	1560000	-0.040393725	586.7093	0.0	-234.04681	1.2293036	-7.450579e-11	590.4988527297974
390	-44.961224	116.43306	61.58826	-296.1831	516.0	-13.385824	26.633549	48.04817	-126.06498	1564000	-0.034253668	985.97485	0.0	-441.37024	1.2014588	1.1771918e-09	592.8944640159607
391	-59.7808	73.70375	8.546819	-237.45787	301.27274	1.1854551	21.670717	54.519764	-99.64112	1568000	0.009843975	1510.8198	0.0	-741.9248	1.1686683	2.235174e-10	594.9283671379089
392	-11.127144	36.09191	30.696705	-84.41903	290.08334	-11.35368	26.770859	31.341148	-124.75628	1572000	-0.018017143	572.54944	0.0	-244.61586	1.1783559	-2.1904707e-09	597.3598530292511
393	-34.96154	57.304752	73.098755	-144.14807	324.3	-15.759219	30.385471	64.61012	-120.808624	1576000	-0.055209734	994.32556	0.0	-353.70068	1.1665508	8.046627e-10	599.4434900283813
394	-39.844376	63.72344	45.566376	-180.35364	286.23077	-3.2028432	29.609047	45.158195	-114.68516	1580000	0.016487934	1359.4	0.0	-834.6331	1.1557858	5.2154064e-10	601.3892529010773
395	-11.006298	77.13063	73.908195	-213.2442	355.66666	-20.663527	23.768986	27.40161	-123.707825	1584000	-0.045439426	848.9603	0.0	-375.89767	1.1793447	-1.3411046e-09	603.963723897934
396	-36.745056	58.601974	59.238747	-122.19534	432.42856	-6.7825255	17.251684	42.224644	-99.29145	1588000	-0.030988388	511.53455	0.0	-176.48346	1.1904151	5.9604643e-10	606.5797228813171
397	-68.95843	57.57459	20.97913	-179.31291	289.0	-5.1887927	31.295664	44.93693	-108.95406	1592000	0.015364863	969.3434	0.0	-591.12573	1.1524173	-2.7418137e-09	608.9612998962402
398	-24.655968	82.320244	86.76645	-236.79088	349.36365	-26.05885	29.225058	34.907223	-128.58388	1596000	-0.027007569	942.9327	0.0	-413.22415	1.1744158	1.9073485e-09	611.4271061420441
399	-25.225801	43.74461	36.29728	-110.04967	443.42856	-6.6668005	16.157759	28.846718	-86.64842	1600000	-0.026345411	465.64655	0.0	-77.40184	1.2219605	8.940696e-11	614.0542719364166
400	-20.0751	54.74555	39.433712	-151.08101	380.0	-16.362362	26.335876	30.642162	-116.487526	1604000	-0.005585259	1026.748	0.0	-587.16455	1.1693996	-1.3411046e-10	616.6720261573792
401	-24.342505	31.704557	21.473633	-92.48073	271.33334	-1.6534578	21.071203	42.399067	-114.649956	1608000	0.008055486	514.88074	0.0	-219.0139	1.1622877	1.952052e-09	618.7867929935455
402	-10.178381	11.805783	6.855554	-28.801989	664.8	-11.825559	14.749552	26.362648	-107.35691	1612000	-0.040541288	350.27368	0.0	-184.49246	1.2090777	-8.9406965e-10	622.0486149787903
403	-19.857748	49.10597	23.9275	-150.64293	376.8889	-0.4768015	24.681133	43.526623	-113.56367	1616000	-0.021125585	757.1124	0.0	-156.67451	1.1907903	1.8775463e-09	624.4111979007721
404	-34.36919	63.899395	13.995949	-204.39622	385.8889	-11.452697	26.597633	44.448036	-119.93032	1620000	-0.023006383	828.06213	0.0	-258.69736	1.1914508	-7.748604e-10	627.0408308506012
405	-18.543938	65.08417	34.23981	-175.56064	419.125	-17.591177	34.213028	46.671047	-110.864395	1624000	0.008132895	1267.4167	0.0	-853.9791	1.1976147	-1.8626451e-09	629.0152740478516
406	-42.599117	42.25061	33.371387	-126.02043	260.30768	-7.6836348	15.790225	44.79592	-90.19737	1628000	-0.022087172	742.51013	0.0	-312.12695	1.1666291	1.1473894e-09	631.2069439888
407	-14.936984	38.574425	40.442997	-80.870964	414.0	-14.607126	22.214466	49.078564	-105.29321	1632000	-0.016286131	568.2145	0.0	-208.7154	1.2005653	-6.407499e-10	633.4124422073364
408	-25.65383	65.573555	42.37138	-151.46465	276.08334	-3.929243	24.59106	48.515793	-119.17322	1636000	-0.0014032274	1106.2886	0.0	-474.6383	1.1515281	1.296401e-09	635.3931279182434
409	-20.716074	56.519684	48.084625	-167.47021	257.91666	-11.938941	25.214258	39.893417	-114.04749	1640000	-0.031270184	920.7329	0.0	-414.46606	1.1720457	-5.8114524e-10	637.3071510791779
410	-38.766926	71.012276	41.24511	-197.55852	448.0	-15.068514	27.78989	37.397823	-116.452225	1644000	-0.038148105	866.2512	0.0	-397.10248	1.1903481	-2.1755695e-09	639.6970539093018
411	-26.14821	70.01814	34.11476	-256.07968	241.28572	-9.852008	30.882341	47.704113	-122.10123	1648000	0.002235571	1368.0425	0.0	-496.78998	1.1412864	-5.5134297e-10	641.6996669769287
412	-22.141874	49.201443	20.0423	-157.90662	276.0909	-11.54525	24.987934	46.35201	-117.57959	1652000	-0.030886456	779.02966	0.0	-177.95932	1.1745403	1.1622906e-09	643.9798121452332
413	-29.335186	42.738968	34.662327	-131.3925	337.5	-10.983911	21.957283	55.31038	-120.225006	1656000	0.0065737665	971.0569	0.0	-406.5464	1.1847878	3.7252904e-10	646.4753358364105
414	-23.28578	48.658073	55.680187	-141.61673	248.61539	-4.9284163	25.207197	40.208176	-131.15248	1660000	-0.026082963	682.07153	0.0	-281.68112	1.1490388	7.599592e-10	648.6727738380432
415	-42.57521	92.34879	62.576286	-182.46358	304.54544	-14.058166	31.430214	40.90719	-137.41867	1664000	-0.032900855	1097.0496	0.0	-361.3356	1.1654394	1.4901161e-09	650.4616158008575
416	-33.943607	51.16715	39.484394	-141.44635	400.55554	-12.828723	25.850817	36.336468	-120.48929	1668000	-0.05410958	1121.009	0.0	-641.1803	1.1787434	-1.2218951e-09	652.9437918663025
417	-57.839622	89.96018	19.579424	-283.47916	331.75	-17.955126	30.182123	49.545624	-124.413795	1672000	-0.041373722	1023.6988	0.0	-385.552	1.185675	7.8976153e-10	655.578225851059
418	-54.136192	105.44798	68.46283	-251.80884	496.25	-17.976	38.708088	52.773815	-122.10886	1676000	-0.003311202	668.0417	0.0	-310.4407	1.198508	-1.2367964e-09	658.8476049900055
419	-17.516941	53.664227	47.157013	-146.04158	377.25	-12.24372	30.076881	45.444878	-114.97266	1680000	0.025963541	1054.2238	0.0	-560.62366	1.1937824	4.1723253e-10	661.3347189426422
420	-63.71064	86.25894	38.285793	-195.09483	589.25	-13.218052	23.488575	39.899555	-101.52654	1684000	-0.03036905	563.0012	0.0	-267.47385	1.2341608	1.5050173e-09	663.9835760593414
421	12.589123	16.269178	31.4712	-11.946344	585.5	-5.7818193	25.253668	54.090527	-89.11829	1688000	-0.0016759466	480.31354	0.0	-227.51553	1.2245965	-2.115965e-09	667.0778739452362
422	-7.2259097	37.13767	51.593082	-64.60974	355.1111	4.4204464	26.646692	56.129093	-108.15601	1692000	0.018257074	693.30133	0.0	-365.32214	1.1933649	-2.9802324e-10	670.1335821151733
423	-10.894386	23.785568	32.46136	-39.699455	677.4	-8.985417	14.953672	27.480867	-68.77667	1696000	-0.014612133	317.16327	0.0	-139.2681	1.2239423	3.2931566e-09	673.8811349868774
424	-55.646633	124.57751	35.501003	-320.84616	440.7143	-2.4883869	24.869698	44.178753	-102.601944	1700000	-0.02656535	1093.7722	0.0	-611.6167	1.1991479	-5.066395e-10	676.8499419689178
425	-12.0310335	72.94739	73.09475	-145.47653	791.8	-14.562912	24.564304	42.81431	-107.03846	1704000	-0.04488314	522.42725	0.0	-219.32779	1.2440753	-1.6093255e-09	680.1391191482544
426	-1.1065689	49.663506	53.660122	-107.80922	388.7	4.82793	36.535656	71.43051	-102.09916	1708000	0.0052821217	710.53674	0.0	-438.43982	1.1954224	1.564622e-09	682.6831970214844
427	6.9089017	52.839016	55.93332	-116.91618	380.5	-8.412438	24.766222	45.693947	-103.46511	1712000	-0.02988904	664.3103	0.0	-410.73926	1.1987226	5.6624416e-10	685.9272730350494
428	-32.219284	76.42721	36.249744	-185.53111	376.77777	-32.851562	45.35706	52.46683	-110.55682	1716000	0.0036280258	2343.9712	0.0	-1619.6904	1.2058529	7.1525574e-10	688.0915288925171
429	-8.047813	28.649086	19.811062	-58.730095	660.6	-15.084018	22.55089	33.30252	-96.57284	1720000	-0.026966274	688.25244	0.0	-331.1413	1.236079	7.4505807e-10	691.2093570232391
430	-11.270656	41.928757	37.097538	-77.1202	592.5	-6.2440557	24.166628	55.55283	-103.1047	1724000	-0.033064432	631.68506	0.0	-216.46782	1.2240176	-8.940696e-11	694.2227990627289
431	-39.617607	78.55705	27.500835	-192.35393	373.8889	-0.42440295	24.127338	53.316227	-94.96536	1728000	0.019947048	1452.8479	0.0	-817.71704	1.1892331	-3.72529e-10	696.4362850189209
432	-54.077587	89.11897	53.682007	-206.9087	291.0909	-10.818555	36.447147	43.87654	-137.46904	1732000	-0.013125166	1220.6847	0.0	-399.30786	1.165382	2.3394824e-09	698.7729620933533
433	-27.457825	75.44655	47.081047	-216.79764	457.625	-12.915971	25.277752	42.116234	-134.5208	1736000	-0.04496435	862.4529	0.0	-303.06982	1.2072341	-1.3411044e-10	700.6846239566803
434	18.821142	23.632902	58.317894	-25.043983	326.33334	-0.70237815	26.989925	48.15803	-114.47395	1740000	-0.015569264	507.53394	0.0	-195.08289	1.1799604	-6.854534e-10	702.9073309898376
435	-10.115348	36.13033	35.14381	-61.1677	801.75	-11.57546	17.980717	36.27806	-86.624115	1744000	-0.03708282	438.76904	0.0	-218.85562	1.2584746	-6.7055217e-10	705.8459799289703
436	-10.489522	36.92875	49.74294	-86.451256	386.44446	4.6931186	27.869495	56.164856	-121.99897	1748000	0.0077834725	731.9985	0.0	-286.2619	1.2003757	9.536743e-10	708.2411677837372
437	-8.785551	30.162287	28.104753	-66.01895	390.75	-6.976239	22.557293	49.532215	-118.37142	1752000	0.0049817488	281.3006	0.0	-85.26316	1.2223032	-7.301569e-10	711.3605208396912
438	26.711588	21.59264	61.339462	4.7216	793.25	-10.774381	16.609995	42.45025	-76.87814	1756000	-0.030977054	328.47388	0.0	-209.36162	1.2628645	-1.3709068e-09	714.5910310745239
439	12.309163	25.898973	56.35782	-29.315586	498.16666	6.526027	24.420298	56.26415	-90.454475	1760000	0.010930739	461.37732	0.0	-171.06703	1.2370286	-2.6524065e-09	717.0322380065918
440	-3.1047277	56.229	69.707596	-120.44428	364.33334	-0.27371308	22.782562	56.23335	-130.70752	1764000	-0.008022699	611.43726	0.0	-174.75467	1.1985264	-6.705523e-10	719.4753930568695
441	-2.5082068	20.579918	36.192097	-32.33509	390.375	-1.6173491	21.64786	48.33291	-95.67142	1768000	-0.0075279623	302.62234	0.0	-72.48745	1.2263453	5.5134297e-10	722.5750389099121
442	10.952979	33.931324	52.58987	-27.147257	676.2	-6.1273866	21.486727	55.57932	-105.929665	1772000	-0.027022095	613.4925	0.0	-270.47476	1.2378743	1.4901191e-11	725.718159198761
443	-22.614248	90.385284	36.75963	-235.93443	416.42856	3.2685995	26.094751	59.8702	-112.19887	1776000	0.027890211	971.7092	0.0	-390.23657	1.222	3.4272668e-10	728.2641129493713
444	-1.998624	27.848965	29.794127	-55.63967	413.42856	-5.7034216	21.292433	41.851555	-99.331696	1780000	-0.048898634	492.2893	0.0	-161.55112	1.2327461	-1.4901178e-11	730.6872880458832
445	-0.71344376	37.86794	92.61979	-46.93018	262.83334	2.4666305	23.331104	49.051945	-95.01042	1784000	-0.024274088	557.2117	0.0	-207.77417	1.1874299	2.0861629e-10	732.6757650375366
446	11.468889	17.278011	44.757008	-11.46839	481.125	-5.6231093	20.917946	47.621273	-91.09287	1788000	-0.052876983	374.6112	0.0	-128.05435	1.23457	-3.8743017e-10	736.1622550487518
447	-4.636352	54.75592	69.47046	-139.45164	317.83334	0.020455077	21.732012	46.82639	-88.30108	1792000	-0.01361809	922.4549	0.0	-250.43907	1.1899791	-2.1606685e-09	738.2526049613953
448	6.339964	45.94572	65.39111	-96.08886	259.4	-5.250281	24.023165	37.747158	-105.143394	1796000	-0.04145787	497.29547	0.0	-181.97884	1.1909788	-1.4007091e-09	740.7887990474701
449	-7.7970085	65.2878	83.15627	-134.08644	396.5	-9.316365	27.191765	37.452908	-113.95316	1800000	-0.014144704	867.0012	0.0	-401.2733	1.2223899	-2.2351743e-10	743.619127035141
450	-21.338398	54.4564	61.29123	-135.27829	254.66667	0.6204768	25.49686	59.634697	-117.64044	1804000	-0.0262881	961.83356	0.0	-499.40936	1.1593616	-6.2584876e-10	745.9065690040588
451	-14.544133	42.544495	58.486816	-101.42872	327.16666	-13.298441	21.635075	37.137638	-109.8103	1808000	-0.046625968	723.40625	0.0	-302.55383	1.1919236	-1.2218953e-09	747.8607947826385
452	-5.742017	43.787838	53.138775	-73.892525	264.54544	-7.761686	25.158417	47.239918	-114.43623	1812000	-0.07513895	726.72156	0.0	-247.54222	1.1881382	1.5795232e-09	750.1031589508057
453	2.6215804	29.818684	48.92877	-50.46073	242.3077	1.7508147	25.545341	56.37495	-114.03976	1816000	-0.011901036	629.2662	0.0	-262.64865	1.166261	-1.1920929e-09	752.1452858448029
454	6.769724	17.839827	25.371433	-26.954313	461.16666	-8.009331	21.62749	51.0697	-121.85637	1820000	-0.054458853	677.03186	0.0	-322.5219	1.2135047	-1.937151e-10	754.8121719360352
455	3.118596	32.622204	68.480576	-54.474876	223.125	4.7022843	22.364897	52.44347	-91.06199	1824000	-0.008114132	649.4792	0.0	-282.16394	1.1452157	1.296401e-09	757.0253188610077
456	9.257247	19.933474	39.54429	-11.286199	499.4	-6.051257	18.008467	33.80993	-108.86303	1828000	-0.060916863	351.34064	0.0	-201.28789	1.2561959	-1.4901164e-11	760.0177929401398
457	-50.022583	58.90676	-6.5694904	-166.90953	515.0	-19.803692	31.787378	46.85336	-103.78959	1832000	-0.039054774	998.53064	0.0	-662.6904	1.2258396	3.1143428e-09	762.6570069789886
458	-3.0291262	40.204086	80.4749	-54.140995	268.58334	4.3935924	22.823715	66.69907	-78.68595	1836000	-0.021027096	834.56744	0.0	-313.333	1.1765103	2.2351741e-10	764.6049311161041
459	-5.7449865	47.78541	62.112057	-127.81848	275.2	-8.26166	23.913197	46.231373	-104.774124	1840000	-0.023941241	614.307	0.0	-309.30902	1.1932421	1.7881394e-10	766.6916658878326
460	-15.407079	32.26204	28.911411	-54.688828	447.7143	-6.219191	19.830383	55.458603	-82.77183	1844000	-0.056540128	657.5856	0.0	-265.26562	1.2153006	-3.2782554e-10	769.1869640350342
461	16.699646	33.772285	60.964306	-63.116974	482.125	-1.9151597	22.942448	61.646538	-114.75562	1848000	-0.03094418	576.8208	0.0	-227.64557	1.2051412	-1.4901136e-11	771.9996359348297
462	-17.824474	46.66489	31.995657	-89.3041	412.85715	-2.3659384	19.290985	52.26042	-92.82346	1852000	-0.021507746	520.09467	0.0	-164.4938	1.2254293	2.384185e-10	774.4392471313477
463	-1.457723	48.79199	67.80937	-66.66356	615.0	-0.2984646	19.346943	59.622375	-82.33909	1856000	-0.034811348	514.22296	0.0	-192.63966	1.2261586	3.129244e-09	777.349326133728
464	-35.435497	51.30515	36.139885	-148.6302	381.125	-3.2758007	22.882532	58.03034	-94.42535	1860000	0.008771963	799.43835	0.0	-315.81085	1.225755	7.599592e-10	779.789871931076
465	-19.442179	76.69477	86.92868	-132.0322	532.1667	-15.0227785	25.37195	39.555874	-125.60476	1864000	-0.045575686	1218.4418	0.0	-694.6626	1.2393179	1.2516976e-09	782.4226160049438
466	-0.26074433	41.67353	59.847458	-89.792755	491.0	1.4580481	21.24419	46.665188	-105.12134	1868000	0.0035453811	445.6915	0.0	-157.38756	1.2315277	-2.9802313e-11	785.4329779148102
467	11.491792	44.476974	97.85731	-43.354206	328.58334	-8.045151	27.492788	45.226383	-92.47861	1872000	-0.024152806	416.71283	0.0	-206.47215	1.1722646	-7.1525574e-10	787.7651309967041
468	-6.5245123	46.844505	42.559723	-102.789276	354.8	-7.187382	21.594927	48.812782	-108.3844	1876000	-0.051434718	685.01227	0.0	-176.45885	1.1973205	2.2351743e-10	790.2688891887665
469	1.0365541	32.8322	38.45451	-72.19227	433.85715	-5.582671	20.732456	60.734947	-94.93708	1880000	-0.02376698	423.27274	0.0	-203.33984	1.2177292	1.0430812e-10	792.9810810089111
470	-11.629161	51.759068	63.737488	-85.880905	439.0	-1.6143575	22.357643	62.14971	-97.27392	1884000	-0.0374595	715.5587	0.0	-219.00949	1.2274415	-9.23872e-10	796.3165669441223
471	-26.155167	73.24583	58.728058	-168.02905	528.5	-2.4037645	20.484236	54.843628	-83.45838	1888000	-0.024953306	604.9735	0.0	-336.1424	1.2235293	-1.0430812e-10	799.0497448444366
472	-6.9417295	38.52466	58.373287	-71.985886	385.9	3.395219	24.210575	60.290398	-87.04887	1892000	-0.011302894	703.8756	0.0	-254.65956	1.196436	-1.6391277e-10	801.5722579956055
473	14.331339	27.13393	43.8866	-38.568806	559.0	-10.297051	20.563969	50.296043	-78.61222	1896000	-0.017792843	455.26117	0.0	-227.93785	1.2332321	-9.983778e-10	805.3946299552917
474	22.719069	30.09428	52.9183	-31.240637	690.2	-9.890078	30.898367	61.186966	-113.851395	1900000	0.008379534	601.5741	0.0	-333.77185	1.2305872	1.5348196e-09	808.7968499660492
475	40.59688	29.505909	90.16671	12.383818	814.75	-4.677545	18.71583	53.91531	-72.6639	1904000	-0.02022486	346.8666	0.0	-210.004	1.26947	-3.2782554e-10	812.7136278152466
476	-7.5977883	49.468845	59.39257	-155.3419	252.64285	18.636293	23.82376	65.39071	-95.01315	1908000	-0.0036726296	1517.5814	0.0	-965.02515	1.1455996	-7.4505804e-11	816.1826438903809
477	51.62524	25.732147	91.47348	25.038681	791.0	-12.588398	16.735506	47.768063	-93.31437	1912000	-0.085073926	572.01825	0.0	-454.92184	1.265433	-1.0430812e-10	820.7048819065094
478	-9.458146	83.49247	51.566654	-186.44054	495.83334	6.5750937	28.754835	70.59692	-83.35544	1916000	0.010191303	725.3793	0.0	-302.00125	1.2291218	4.4703463e-11	824.1933159828186
479	6.1496444	26.50269	46.878326	-43.30817	386.875	5.512671	23.639404	60.887695	-98.12861	1920000	0.004329033	551.96136	0.0	-216.36664	1.1977426	5.811453e-10	827.198667049408
480	10.749795	32.00715	74.445305	-37.793526	436.42856	-5.328034	22.298214	55.25033	-98.66382	1924000	-0.022324275	487.9409	0.0	-210.27826	1.2262768	-8.9406926e-11	829.38329911232
481	26.897943	26.07119	50.657	-16.937265	1000.0	-7.337586	16.297594	43.70408	-87.32187	1928000	-0.022756219	263.96423	0.0	-115.747734	1.2678427	-2.9802322e-10	833.5995540618896
482	51.699173	16.140919	78.1113	37.66669	1000.0	-1.0750113	20.551178	67.1583	-43.43076	1932000	-0.0028455108	106.447426	0.0	-46.301155	1.2693639	5.215406e-10	836.9520440101624
483	11.072483	32.24208	67.748024	-37.294098	329.63635	18.00044	26.313461	68.1902	-79.25643	1936000	0.029984951	1261.7733	0.0	-866.3229	1.1755596	1.1622906e-09	839.4453277587891
484	-12.997726	52.481644	43.257347	-140.20592	382.5	-1.1105037	21.837893	53.67823	-87.5088	1940000	-0.030253332	836.81793	0.0	-299.19293	1.1736706	1.5348196e-09	841.4816198348999
485	-20.033358	62.821384	39.107693	-172.74873	410.125	-10.838648	22.991158	44.50423	-106.582596	1944000	-0.00012391806	828.2428	0.0	-331.62152	1.2187397	9.536743e-10	844.6213660240173
486	2.3220267	44.05701	105.90022	-47.425106	394.75	-1.5849885	19.466984	44.43802	-109.830154	1948000	-0.045786873	461.51825	0.0	-164.51282	1.2180421	7.3015693e-10	846.9112141132355
487	13.300862	48.80194	106.27692	-39.56074	449.2857	-0.0032611084	16.813688	41.061665	-99.91274	1952000	-0.06084776	685.1663	0.0	-277.2874	1.2140386	7.0035455e-10	850.8999149799347
488	17.715984	30.833221	91.04872	-10.91233	394.75	6.8108945	20.796837	62.10456	-97.2452	1956000	-0.017858911	474.62787	0.0	-218.43738	1.2097461	-8.1956386e-10	853.1597099304199
489	-6.237947	13.725738	14.163014	-28.846373	447.5	-5.7055535	21.633589	53.638107	-95.24503	1960000	-0.028258407	483.2958	0.0	-296.60922	1.2229378	-1.9669533e-09	855.701094865799
490	-10.886161	29.441328	63.24234	-50.003227	299.9091	4.4306054	19.02401	42.350735	-98.872505	1964000	-0.0318764	645.1952	0.0	-323.39987	1.1796032	-9.536744e-10	857.930902004242
491	-11.37482	41.635326	93.91207	-85.30684	245.35715	-5.8448424	28.251705	53.700844	-107.43024	1968000	-0.027874298	529.83655	0.0	-152.61	1.1379911	-1.5050172e-09	859.7715818881989
492	-24.747005	66.35425	34.034046	-176.4971	440.57144	-5.434134	19.546522	46.657864	-100.86902	1972000	0.0007914081	897.22675	0.0	-486.07574	1.204789	-9.387732e-10	862.2051839828491
493	20.737139	34.452564	82.19123	-18.255728	519.4286	-9.580826	18.588207	37.8152	-98.55491	1976000	-0.038145177	400.4766	0.0	-136.4666	1.2278243	5.662441e-10	865.7608308792114
494	2.3082256	53.500206	82.43792	-83.90595	486.875	-2.733897	21.336355	52.587585	-128.43535	1980000	-0.014903754	450.83594	0.0	-144.8712	1.2288421	-1.0579824e-09	869.6876318454742
495	-28.544783	89.88523	51.66131	-242.18874	472.57144	-0.78075653	18.341848	46.459873	-102.0057	1984000	0.0017836392	894.55646	0.0	-438.63504	1.2073002	-4.917383e-10	872.4593889713287
496	-16.202192	44.95499	69.75026	-93.37174	275.45456	-2.1505709	23.775888	52.647568	-113.43037	1988000	-0.008545056	718.05505	0.0	-263.9558	1.1743817	-9.387732e-10	874.6476171016693
497	-5.6564484	92.26988	50.21551	-165.43077	887.25	-4.8977275	21.366673	46.724907	-118.32808	1992000	-0.054374255	935.6428	0.0	-705.629	1.2692027	-1.5348196e-09	877.7049851417542
498	-27.392279	63.946167	72.011894	-86.856735	542.4	1.6676401	21.396002	63.57672	-98.85381	1996000	0.016066782	693.69275	0.0	-300.6689	1.2501812	-1.9967556e-09	880.6677150726318
499	-29.492252	70.4909	50.351776	-128.8375	431.5	1.1000226	21.974289	52.697502	-99.0101	2000000	-0.0022317618	940.23364	0.0	-419.8448	1.1776205	9.536744e-10	883.353903055191
