Epoch	AverageEpRet	StdEpRet	MaxEpRet	MinEpRet	EpLen	AverageVVals	StdVVals	MaxVVals	MinVVals	TotalEnvInteracts	LossPi	LossV	DeltaLossPi	DeltaLossV	Entropy	KL	Time
0	-240.38475	119.82953	-41.81996	-492.68677	85.933334	-0.08853355	0.028721105	0.038277715	-0.1540598	4000	0.023622073	21310.271	0.0	-1066.8018	1.3500878	-2.9802322e-10	1.000756025314331
1	-201.13333	104.37898	-0.5726957	-441.8221	87.82222	-4.183111	0.5195569	1.9961909	-4.6794868	8000	0.0075577796	15119.137	0.0	-773.99805	1.3634362	-3.874302e-10	2.0517189502716064
2	-200.40346	118.05654	-17.316402	-480.99884	90.34091	-8.063165	0.12624703	-6.107677	-8.200291	12000	-0.0017144084	14154.004	0.0	-601.4385	1.3700961	-5.960465e-10	3.0948688983917236
3	-145.84537	95.3927	70.93464	-411.65118	86.5	-11.097269	0.35666236	-2.703216	-11.186727	16000	0.0021570986	8037.256	0.0	-305.15674	1.3726208	-1.1920928e-10	4.104921817779541
4	-156.24931	80.05623	20.986538	-386.96182	85.195656	-13.322636	0.16667913	-9.13543	-13.366763	20000	5.577877e-05	7339.2363	0.0	-329.78857	1.3753328	-6.854534e-10	5.093259811401367
5	-141.35916	63.66468	-35.73463	-296.44458	84.41304	-15.604081	0.24182388	-11.426279	-15.651638	24000	-0.0040027015	5545.113	0.0	-269.57153	1.375479	3.5762784e-10	6.081654787063599
6	-154.4398	108.430275	25.866577	-412.9124	96.775	-17.746008	0.04198987	-16.60147	-17.769268	28000	-0.0038369782	7468.6543	0.0	-287.2212	1.3740593	-8.940698e-11	7.075284957885742
7	-154.25777	93.512054	-17.720156	-421.3967	96.46342	-19.967743	0.08047047	-18.500587	-19.99031	32000	-0.005334366	6854.6416	0.0	-272.24976	1.3725011	1.192093e-10	8.057535886764526
8	-138.51039	91.27877	-30.005894	-473.90225	90.15909	-22.175625	0.044234823	-21.108912	-22.190744	36000	-0.0004066676	5650.734	0.0	-233.34204	1.3705182	1.3113022e-09	9.0569908618927
9	-159.59735	98.25462	18.117228	-378.61557	99.589745	-24.244598	0.10472187	-22.759066	-24.266504	40000	-0.0045942143	6580.955	0.0	-250.84082	1.3691461	1.7881396e-10	10.060267686843872
10	-144.419	85.53182	-33.067772	-504.4647	96.2	-26.419428	0.0167671	-25.418999	-26.427948	44000	-0.010202321	4582.2334	0.0	-178.4231	1.3669261	-4.768371e-10	11.11042594909668
11	-138.64629	76.6335	-27.79775	-360.9747	90.558136	-28.283169	0.34802613	-15.583353	-28.31082	48000	-0.0057005137	4075.6602	0.0	-184.12854	1.3647096	1.4454127e-09	12.105347871780396
12	-151.86777	95.32275	-57.930832	-492.26468	98.425	-30.18179	0.14867279	-25.076862	-30.195248	52000	-0.0020634048	5414.3413	0.0	-211.44666	1.3630118	-1.1324882e-09	13.132150888442993
13	-130.5612	85.25843	-19.5583	-535.10596	97.82051	-32.26306	0.05571015	-31.423641	-32.273792	56000	0.0048622936	3801.8853	0.0	-101.83307	1.3611608	-2.682209e-10	14.134346961975098
14	-121.20895	55.9103	4.0398936	-259.41876	97.1	-33.77553	0.002980565	-33.739277	-33.78011	60000	-0.0054075196	2016.951	0.0	-78.220764	1.3596224	-2.1755695e-09	15.15091586112976
15	-145.26363	80.869965	-52.882835	-397.18396	100.71795	-35.10122	0.05451204	-32.78735	-35.111294	64000	0.0014539994	4400.27	0.0	-179.44092	1.354176	7.301569e-10	16.150230884552002
16	-136.9799	85.97462	-30.396473	-373.64752	100.451614	-37.06397	0.15732193	-35.95457	-37.105217	68000	-0.0032874793	3538.624	0.0	-57.804565	1.3558501	4.768371e-10	17.66531205177307
17	-138.86421	77.75499	-52.704773	-333.1669	98.275	-38.26232	0.0999441	-36.028366	-38.275246	72000	-0.0065594045	3706.459	0.0	-148.50244	1.3511467	-9.685754e-10	18.684812784194946
18	-119.64068	61.64092	16.277807	-288.83426	101.47369	-40.127853	0.032616407	-39.438484	-40.134808	76000	-0.005255319	1879.2026	0.0	-59.656433	1.3458804	-9.089708e-10	19.702826976776123
19	-128.07805	96.85183	-23.248093	-570.60693	104.97298	-41.405663	0.017984515	-40.84724	-41.41077	80000	0.0014380608	3661.458	0.0	-87.59851	1.3412833	7.4505807e-10	20.720704078674316
20	-111.777214	71.60644	-18.578363	-320.04193	108.94444	-42.904713	0.09686492	-40.725826	-42.91568	84000	-0.008457873	2197.2856	0.0	-35.35791	1.3406384	-2.3841856e-10	21.755685806274414
21	-126.018456	69.101585	-10.597951	-322.582	99.25	-43.932304	0.0073043453	-43.73788	-43.935837	88000	-0.0012976285	2138.0264	0.0	-83.92456	1.3303175	1.2218953e-09	22.801260709762573
22	-98.44735	72.792305	-5.526622	-375.1214	111.25714	-45.44777	0.02603733	-44.771126	-45.45335	92000	-0.016052283	2230.3953	0.0	-7.88916	1.3254207	-2.5331973e-10	23.856152772903442
23	-139.58708	80.59646	-26.640882	-308.70013	114.79412	-45.99828	0.03358362	-45.231323	-46.004547	96000	-0.0019845106	2812.6096	0.0	-93.1192	1.3197058	-6.705523e-10	24.902683973312378
24	-143.20357	90.62513	-34.34233	-393.40738	120.65625	-47.624374	0.0129505	-47.42592	-47.62829	100000	0.0091036	3118.4932	0.0	-93.14734	1.3069997	3.8743014e-10	25.953935861587524
25	-114.16323	80.27774	-17.934465	-335.85464	111.77419	-49.33857	0.043785993	-48.88269	-49.350315	104000	-0.0022564977	2688.8633	0.0	-5.9608154	1.295583	8.940698e-11	27.199625968933105
26	-112.20792	74.60189	-10.743282	-295.6455	119.65625	-49.863377	0.0073429476	-49.72654	-49.8666	108000	-0.016737768	1562.3213	0.0	-8.873962	1.2904055	-4.172325e-10	28.292815923690796
27	-121.7282	75.51505	2.3550222	-375.81647	132.2	-50.405132	0.015454958	-50.051544	-50.40882	112000	0.0068121855	1690.1731	0.0	-11.054321	1.2734475	4.3213372e-10	29.375874757766724
28	-107.31906	71.87117	-15.183248	-258.94113	127.9	-51.0257	0.015111508	-50.65748	-51.029575	116000	-0.01902622	1490.3645	0.0	-2.6178284	1.2585521	-1.3411046e-09	30.478649854660034
29	-117.824745	89.019684	-4.874321	-340.63916	141.78572	-51.35289	0.018345602	-50.93672	-51.357162	120000	-0.021599934	2086.7458	0.0	-2.1627197	1.2389166	6.556511e-10	31.601556062698364
30	-112.07959	71.46752	27.098276	-256.81155	150.08	-51.636192	0.005248036	-51.493813	-51.638752	124000	-0.030708656	1244.2349	0.0	-0.48416138	1.2334177	-3.874302e-10	32.72880291938782
31	-125.34327	91.668365	40.0281	-384.39697	156.83333	-51.51631	0.009725595	-51.321716	-51.5198	128000	-0.012779973	1857.4315	0.0	-0.12554932	1.2089808	-5.2154064e-10	33.909600019454956
32	-153.29941	109.04463	-15.872528	-406.0663	246.2	-51.5314	0.13579232	-50.457603	-51.57534	132000	0.02495648	2656.5913	0.0	-120.39014	1.2181681	1.1920931e-10	35.763176918029785
33	-114.371315	106.848045	57.293247	-275.37436	175.63637	-51.078564	0.924938	-27.581762	-51.24938	136000	0.00062824786	2482.127	0.0	-12.188965	1.1825153	1.9520523e-09	36.94346880912781
34	-111.19502	92.46459	41.09583	-297.3584	174.81818	-50.73723	0.5191302	-40.65907	-50.829002	140000	-0.009278122	2095.6482	0.0	-6.2753296	1.1751198	-1.4156104e-09	38.18448185920715
35	-148.24425	97.393974	14.499375	-278.60153	237.8125	-50.446575	0.7178351	-26.998455	-50.561703	144000	0.007307912	2227.2983	0.0	-4.977356	1.1920156	8.493662e-10	39.50801491737366
36	-118.48567	99.31721	15.653336	-342.24463	230.11765	-49.848545	1.2950047	-38.671726	-50.30575	148000	-0.000115826726	2102.023	0.0	-205.71088	1.1791933	-1.3262034e-09	42.317670822143555
37	-90.339	84.44396	15.634869	-250.86777	319.41666	-29.91	23.211494	34.715446	-49.702877	152000	-0.0280515	1786.8562	0.0	-413.28824	1.2097156	-9.685754e-10	44.944618940353394
38	-102.55261	110.83287	46.32533	-323.5822	266.66666	-20.582602	11.24165	13.805543	-48.455086	156000	-0.018491141	1817.5701	0.0	-100.13251	1.2095329	-3.2782552e-10	46.940491676330566
39	-147.9862	98.59901	-12.924126	-342.5869	193.05	-24.489288	9.554805	12.979697	-49.453964	160000	0.019558508	3419.4521	0.0	-1064.4343	1.1517015	-9.23872e-10	48.215983867645264
40	-96.13967	79.1537	9.849109	-250.5862	218.76471	-48.565353	1.5196819	-34.795197	-51.197624	164000	-0.033523783	1858.7148	0.0	-129.401	1.1492214	-2.30968e-09	49.51431202888489
41	-57.130672	46.02038	17.860914	-156.15445	242.3125	-44.697376	2.0793712	-32.66733	-50.25986	168000	-0.028206158	1786.7528	0.0	-244.40198	1.1690693	-7.0035455e-10	51.98094391822815
42	-72.31829	90.61419	13.499332	-243.10031	661.4	-35.165375	6.874536	-18.328701	-44.252308	172000	-0.03936011	2103.551	0.0	-576.539	1.2349536	-4.917383e-10	55.393070936203
43	-80.75445	96.76877	29.664072	-289.21408	251.21428	-20.366787	5.22751	3.0028887	-38.546665	176000	0.0031814352	2142.5947	0.0	-134.65802	1.1715596	-4.9173826e-10	57.766711711883545
44	-26.150553	64.35678	50.700806	-156.49667	352.1111	-24.83734	7.1557703	-14.730634	-43.53049	180000	-0.048172034	1379.714	0.0	-336.75143	1.2108033	8.046627e-10	60.17348003387451
45	-77.48815	59.07692	6.1474385	-192.7678	171.27272	-0.17331909	8.708418	9.794125	-42.3466	184000	-0.0076856874	2468.3843	0.0	-1046.9536	1.1117696	-1.7881394e-09	61.3339638710022
46	-73.83901	60.90897	42.863785	-196.43488	257.26666	-23.320307	8.135147	-4.960127	-46.98748	188000	-0.02391661	911.0634	0.0	-70.04315	1.1516623	2.8014184e-09	63.61791491508484
47	-61.836563	99.59871	37.202312	-310.96115	243.76923	-29.383026	9.987309	-15.533063	-47.42527	192000	0.025699578	2124.6777	0.0	-314.10193	1.1665251	4.1723253e-10	65.71697473526001
48	-98.94349	93.121765	19.53995	-272.35056	404.44446	-17.980064	11.220037	-4.1164265	-47.28066	196000	-0.010035995	1649.1173	0.0	-148.82751	1.1783683	1.9371509e-10	68.11954379081726
49	-78.65965	122.00137	52.276295	-333.70255	274.69232	-19.843815	11.046053	-6.1027427	-47.712097	200000	0.0005488992	2111.4346	0.0	-199.7533	1.1523035	-1.0877849e-09	70.35207772254944
50	-13.309794	42.184734	38.16508	-97.130554	314.41666	-15.562116	12.798132	11.482426	-48.58706	204000	-0.049786832	820.47205	0.0	-213.02634	1.1884631	1.2218953e-09	72.74775290489197
51	-33.065086	67.95505	52.556347	-181.9027	270.57144	-9.180822	11.573231	6.299572	-46.452824	208000	-0.016418144	962.90796	0.0	-197.60065	1.1605061	6.2584876e-10	75.08694100379944
52	-56.8713	68.16281	27.937742	-212.66708	321.44446	-14.71775	20.124662	10.629313	-49.204742	212000	-0.031844012	963.1345	0.0	-98.22847	1.1932762	2.1755695e-09	77.18662285804749
53	-9.197237	48.451824	48.93099	-107.10044	516.0	-18.054886	13.929645	6.192684	-48.710464	216000	-0.035214607	704.5076	0.0	-188.65228	1.2111819	1.4901161e-09	80.14475870132446
54	-33.917343	61.923054	27.020182	-181.49155	223.08333	-2.0013485	15.495312	14.52585	-46.925053	220000	-0.017774716	1134.8657	0.0	-238.9679	1.1549771	7.4505804e-11	82.10487580299377
55	0.308909	32.60429	25.988352	-75.870476	418.7143	-13.375243	14.415356	9.494686	-48.952824	224000	-0.050747138	709.0231	0.0	-126.51581	1.1981242	1.9371509e-09	84.55890583992004
56	-18.162796	50.423866	70.375015	-128.61227	356.72726	-4.8199773	14.278165	12.217945	-48.065617	228000	-0.014147472	875.0845	0.0	-132.936	1.1510336	-1.5646219e-09	86.68656373023987
57	-17.965149	57.57206	47.204697	-169.2938	386.8889	-8.117095	14.028917	11.969344	-48.984898	232000	-0.052879777	713.5793	0.0	-71.7695	1.1623471	4.4703485e-10	88.93038177490234
58	-27.452007	41.79243	30.302998	-89.50017	313.5	-0.33121794	12.706973	12.80245	-49.4435	236000	-0.033378903	697.4509	0.0	-103.22528	1.1542151	2.9802327e-11	90.63462781906128
59	-17.9735	51.225098	32.56601	-143.86914	368.4	-10.438235	16.091599	11.975339	-50.16239	240000	-0.015073126	907.1375	0.0	-119.52985	1.14342	2.0861626e-10	92.89549899101257
60	-45.41097	53.72933	27.586008	-116.569	271.875	-9.673717	15.086407	12.787557	-49.535633	244000	-0.019194797	889.95264	0.0	-57.299927	1.139081	-1.3411046e-09	94.90739488601685
61	-15.103546	41.500534	36.178192	-75.66887	695.0	-11.699778	13.588794	12.95503	-49.562035	248000	-0.037644006	758.83014	0.0	-117.50821	1.1738483	-2.5331973e-10	98.19470691680908
62	-66.09154	76.34339	54.75179	-176.59714	311.4	-0.103957154	15.861434	13.670766	-45.966213	252000	0.022064192	1822.9058	0.0	-538.8869	1.1099962	-1.0132789e-09	100.03835701942444
63	-72.12925	77.12418	19.886787	-185.54832	464.85715	-15.0405855	19.190897	12.751491	-51.418488	256000	-0.033827074	783.7178	0.0	-79.5921	1.1278641	-2.1159647e-09	102.26823401451111
64	-10.451864	49.53187	43.746902	-114.59692	449.125	-15.590461	19.128445	12.3097725	-51.85826	260000	0.009954254	583.46094	0.0	-77.918304	1.1413758	1.7881394e-10	104.52115106582642
65	-28.023258	62.16234	50.812466	-134.10934	686.6	-21.954556	17.737505	13.061701	-50.728306	264000	0.01847791	1143.5775	0.0	-424.69904	1.1100825	-7.0035455e-10	107.39277482032776
66	-37.336502	57.32432	40.40877	-166.81131	396.875	-2.7168024	15.754431	13.386909	-48.323544	268000	-0.0272973	702.1549	0.0	-141.05173	1.0669789	-2.533197e-10	109.97249388694763
67	21.204464	36.841827	62.85677	-47.568214	747.8	-11.870772	11.417613	8.546576	-48.66384	272000	-0.059795246	488.92535	0.0	-193.44228	1.1449642	-4.61936e-10	112.70135998725891
68	-25.19898	73.45728	52.97536	-179.66626	534.0	0.2511631	14.528921	14.867299	-39.472363	276000	-0.050174564	731.3496	0.0	-191.13779	1.1166308	-4.4703463e-11	115.50564289093018
69	-40.870564	95.60697	63.814583	-249.1245	495.2857	-1.7087482	11.652922	12.310402	-45.266468	280000	-0.046871252	987.7091	0.0	-215.93762	1.0858986	3.427267e-10	118.18687081336975
70	0.19975948	32.6516	53.40428	-35.612797	1000.0	-9.728634	17.746733	9.53	-51.182648	284000	-0.047981404	317.32532	0.0	-88.40173	1.1625651	-7.3015693e-10	120.91208672523499
71	-56.31607	74.241425	27.983265	-150.27896	525.8	-2.0875254	13.3933325	12.044419	-50.81807	288000	-0.034685615	753.5267	0.0	-122.48656	1.1014805	-1.1920929e-09	123.287526845932
72	-103.33085	102.91037	-1.7148908	-259.2657	936.0	-12.660236	18.661802	12.41093	-51.590683	292000	-0.025949381	1136.2374	0.0	-162.59436	1.1006099	-3.606081e-09	125.86990070343018
73	-26.976007	54.38135	61.224705	-109.98597	468.0	-1.9691463	17.353533	25.305193	-50.197853	296000	-0.046373017	884.58936	0.0	-359.90347	1.1176667	2.6077032e-09	127.98268294334412
74	-30.09242	62.954212	36.791985	-127.8977	520.7143	-5.7868166	11.216991	11.060666	-36.88457	300000	0.011598274	743.99133	0.0	-82.74567	1.0918014	-3.8295984e-09	131.5812258720398
75	-49.195786	73.07668	64.03323	-131.64917	484.4	-7.691945	12.582173	11.819515	-28.647343	304000	0.01794605	795.9195	0.0	-120.43385	1.0902594	-1.1175871e-09	134.215096950531
76	-9.652674	62.72578	69.339516	-76.19954	663.4	-8.532464	13.384223	13.305139	-37.326153	308000	-0.020248106	529.9349	0.0	-85.20758	1.0974984	3.72529e-10	136.8382408618927
77	-25.463486	44.276924	24.384195	-94.82118	748.0	-4.0317435	13.132257	17.815474	-31.88546	312000	-0.046299025	545.20264	0.0	-101.07411	1.1361012	3.2186507e-09	139.8188087940216
78	-61.723564	37.084415	-20.199274	-126.68748	799.8	-3.5715513	10.44743	16.68239	-39.731014	316000	-0.07138191	365.56183	0.0	-125.94224	1.0311174	-2.7865172e-09	143.36560487747192
79	-5.86431	64.91691	77.77297	-96.04106	594.6667	-9.222953	15.610111	16.353733	-49.34077	320000	-0.007632005	601.0	0.0	-127.69118	1.1078644	-9.983778e-10	146.0052707195282
80	61.39119	46.49624	104.3636	-11.173061	1000.0	-8.394926	11.1311245	16.894073	-35.392677	324000	-0.021774748	310.64966	0.0	-179.35938	1.0190543	-1.1622906e-09	148.66161489486694
81	47.450825	16.565792	68.543495	26.088316	1000.0	0.88616735	15.181451	19.07881	-39.550014	328000	-0.057749685	212.64456	0.0	-29.692337	1.109244	-7.45058e-10	151.9783329963684
82	42.825623	52.8988	91.72335	-45.575977	837.0	4.6275887	13.000416	18.165781	-40.990677	332000	-0.039713837	280.32495	0.0	-26.296394	1.1249737	4.6193604e-10	154.48252296447754
83	22.510534	72.19286	161.20372	-38.273792	537.8333	7.0404296	11.169387	23.51153	-31.007591	336000	-0.060646575	718.59564	0.0	-250.06163	1.0546811	-1.2516975e-09	156.7724838256836
84	29.323074	70.46925	132.60864	-73.06643	663.8333	-2.5014982	11.137531	16.477077	-33.04515	340000	-0.033385087	468.87546	0.0	-53.16838	1.0531546	-2.4884939e-09	159.15486788749695
85	74.92747	64.77331	144.19788	-18.611904	724.6	-0.7389489	10.736276	16.746805	-32.4471	344000	0.004042182	491.10568	0.0	-96.16226	1.0151961	3.6656855e-09	161.7446527481079
86	28.865076	93.638336	120.7256	-86.186035	764.0	2.1776016	10.9367695	18.427462	-26.541916	348000	-0.025791451	698.10254	0.0	-74.181366	1.064266	3.0249356e-09	164.10462284088135
87	36.56312	26.621761	62.171085	-7.6095405	813.0	-3.9646559	14.2842245	19.692442	-32.935833	352000	-0.023743885	287.80643	0.0	-108.74449	1.0629791	5.9604643e-10	166.4157497882843
88	9.275378	89.53526	133.2881	-106.88588	637.4	4.6221967	10.841024	19.87804	-25.953505	356000	-0.017455764	638.806	0.0	-112.18123	1.0165765	-1.206994e-09	168.80797481536865
89	24.906294	99.20208	218.48543	-78.335556	377.5	5.08582	12.202734	21.29762	-28.799597	360000	-0.046800133	988.1675	0.0	-215.43222	1.0007524	-1.7434358e-09	170.87764310836792
90	80.69044	50.142467	134.82945	-0.19237371	810.75	0.050310243	11.48568	22.501463	-29.454649	364000	-0.01572212	345.44684	0.0	-127.431305	0.93234	3.4421683e-09	173.41187191009521
91	92.96971	15.308686	111.41667	68.90835	826.0	5.2393117	11.728187	23.966599	-28.286522	368000	-0.027271999	368.9666	0.0	-43.335526	0.97231174	1.6242265e-09	175.49159789085388
92	10.000782	43.19468	101.34696	-52.643654	401.22223	12.157063	13.942557	25.646957	-35.61907	372000	0.007893471	1171.323	0.0	-639.7329	1.0376352	5.9604643e-10	177.41011881828308
93	58.26894	66.55186	154.56395	-28.274675	520.0	-8.700382	19.23971	24.345737	-46.82336	376000	-0.031986974	677.1489	0.0	-269.9894	0.977337	-1.2069941e-09	179.34829378128052
94	91.17233	70.93545	164.33226	4.255792	637.25	0.90903527	15.008587	25.410433	-41.194046	380000	-0.01917303	412.32715	0.0	-108.65912	0.97941697	2.8312208e-10	181.35230898857117
95	34.558357	11.933079	55.10217	26.303568	647.5	0.8187002	15.814362	26.668045	-51.150097	384000	-0.042318113	354.66626	0.0	-47.485733	0.9190897	-2.3543834e-09	183.6388509273529
96	40.98333	59.412045	138.86804	-21.576086	588.4	2.5433145	15.058179	27.651285	-47.06564	388000	-0.063869484	514.38214	0.0	-30.742416	0.9805132	-1.5944243e-09	185.65304398536682
97	81.04461	72.949745	148.8433	-32.577023	858.5	2.241645	13.569168	28.206142	-30.175728	392000	-0.037448518	374.34677	0.0	-42.310677	0.9943378	1.1175871e-09	187.74868202209473
98	57.846054	85.39723	142.71217	-41.134945	693.0	6.185069	12.3768015	28.736286	-37.507587	396000	-0.004314682	447.48203	0.0	-48.36508	1.0219331	-7.599592e-10	190.17348194122314
99	65.71648	69.85621	170.05388	-9.453185	623.0	6.5645337	12.951525	29.321604	-32.485096	400000	-0.026761755	556.2134	0.0	-76.19264	0.93931234	-4.4107438e-09	192.1334207057953
100	117.6595	5.1369376	124.87887	111.987175	1000.0	4.6164913	10.613453	28.871063	-15.913115	404000	0.0032110605	137.577	0.0	-75.43294	0.95417035	-2.503395e-09	194.56365180015564
101	67.4409	57.498	135.20908	-13.036232	730.4	11.063722	14.034682	33.350945	-43.148376	408000	-0.06707676	544.22974	0.0	-146.14336	0.9501099	5.662441e-10	197.5105118751526
102	26.08355	63.122192	149.0368	-44.498142	475.625	9.467134	11.372864	29.222647	-39.863007	412000	-0.009671196	1089.583	0.0	-414.2912	0.9853718	-1.3411047e-10	199.69612073898315
103	46.962105	67.064064	141.69347	-45.464245	572.0	-1.3988006	15.778245	29.032738	-49.754982	416000	-0.024868615	404.47583	0.0	-62.344864	0.9854398	-1.4305115e-09	202.1663157939911
104	89.11629	68.786804	135.63339	-29.168863	859.0	-1.3725	13.040795	29.482622	-50.047764	420000	-0.033970263	288.6866	0.0	-92.32886	0.9945861	-4.7683715e-09	204.227276802063
105	83.76123	36.915997	123.467636	23.285234	840.75	5.6309032	10.05936	30.130526	-38.15734	424000	-0.065642476	254.44348	0.0	-19.042606	0.96054435	-5.513429e-10	206.8886468410492
106	38.000927	109.73686	140.7827	-95.9898	776.6	8.576572	10.142294	30.447575	-34.34353	428000	-0.01705996	643.1831	0.0	-132.06845	0.99027765	8.791685e-10	209.40052580833435
107	-1.3352737	54.306908	98.788734	-76.45441	624.0	2.874895	12.586052	30.207462	-36.680653	432000	-0.00071337447	448.21658	0.0	-91.3678	0.99955535	3.1143426e-09	211.87787795066833
108	58.201164	36.08304	83.21369	-3.6944501	854.0	-3.3220234	13.188539	29.806456	-43.423134	436000	0.010096014	377.78503	0.0	-162.17267	0.98532283	7.8976153e-10	214.8669788837433
109	0.50310516	68.53878	100.26793	-64.51818	729.0	4.814379	10.19418	30.968414	-24.128614	440000	-0.025678733	362.30072	0.0	-58.792297	1.0124968	-4.470352e-11	217.14896893501282
110	9.698207	68.84886	107.42708	-79.562805	603.8333	2.2182133	11.845454	30.086843	-53.407387	444000	0.007530935	543.0812	0.0	-71.4509	0.97055924	-7.301568e-10	219.57635879516602
111	38.02486	68.4702	132.4552	-45.091812	757.0	-1.8806645	14.443805	29.58569	-47.416874	448000	0.015097924	356.67914	0.0	-27.739822	0.97105426	-9.685756e-10	221.94278573989868
112	118.56939	12.913568	134.19081	98.424934	1000.0	1.4437114	11.340219	29.62658	-44.692493	452000	0.00834257	266.7951	0.0	-185.18477	0.95044327	1.5646219e-09	224.60421776771545
113	41.75616	97.62207	125.88076	-123.22585	846.5	7.7251453	9.889121	31.274641	-24.413603	456000	-0.014091503	458.42783	0.0	-102.27736	0.9249433	-1.4305116e-09	226.928555727005
114	25.523636	52.650112	121.144936	-37.699802	576.4	5.337158	12.399483	31.135672	-45.022606	460000	0.0001963973	409.6283	0.0	-50.962204	0.9451721	8.940696e-10	229.1222689151764
115	76.46791	59.10826	138.60104	-2.7866333	705.4	3.3445318	12.391934	31.265718	-57.00463	464000	-0.031311855	264.0052	0.0	-16.498085	0.90735406	5.0365925e-09	231.593425989151
116	126.7301	20.025526	150.21288	103.09569	1000.0	3.7075346	11.505342	34.13325	-26.38946	468000	0.0019734018	168.09268	0.0	-86.73206	0.8912424	-2.2053719e-09	234.50441670417786
117	85.634094	52.21604	133.9481	-0.12096974	937.75	9.094465	12.6034565	35.881004	-35.725986	472000	-0.04962023	245.04297	0.0	-80.141655	0.88097143	-7.450596e-11	236.93027782440186
118	119.8436	77.99395	231.31795	19.509586	737.75	10.553013	15.483028	35.618504	-35.453686	476000	-0.08009022	317.07385	0.0	-42.09291	0.8963351	6.705523e-10	239.42549681663513
119	96.087555	77.50212	168.47133	-33.714653	833.0	8.4505625	11.456178	33.04922	-36.83025	480000	-0.044788517	284.0401	0.0	-139.18185	0.84372723	-1.4007092e-09	242.00390887260437
120	66.66433	71.69338	128.7167	-54.3689	854.5	2.8277965	12.096463	33.10328	-40.041805	484000	-0.05980639	304.43994	0.0	-116.79666	0.87967074	2.3841856e-10	244.6152799129486
121	99.453255	76.65991	185.15926	-21.671598	818.25	9.877806	12.412799	34.73809	-34.251713	488000	-0.018900003	360.0788	0.0	-49.701523	0.8176768	1.1920931e-10	246.79118704795837
122	92.443275	53.658775	158.5414	8.823391	841.0	7.0031443	13.261361	34.89342	-43.977734	492000	-0.010488321	237.63618	0.0	-61.18895	0.87960076	-4.3213366e-10	249.10302090644836
123	188.82211	103.93931	259.37128	-17.822979	695.8	10.265986	12.3607235	35.17991	-51.315075	496000	-0.1252035	855.5038	0.0	-268.8614	0.86610186	-1.296401e-09	251.05781984329224
124	178.80234	46.027283	240.28484	117.65746	896.0	12.780791	9.723885	32.807655	-23.377056	500000	-0.054923482	313.20422	0.0	-27.755344	0.8282581	3.248453e-09	254.21758890151978
125	154.84042	41.992035	201.55531	109.49264	814.25	16.738554	8.496153	33.31107	7.956854	504000	-0.08994863	321.88443	0.0	-67.74733	0.8710121	1.8179417e-09	256.94153094291687
126	139.77661	105.142075	248.62032	-29.753202	620.2	16.957258	6.6657896	41.385147	-4.1308746	508000	-0.12214543	714.1436	0.0	-123.69891	0.9038918	-1.3411039e-10	259.2828187942505
127	132.53456	111.3628	205.40193	-60.072598	669.0	17.509426	6.401305	37.05144	-31.629612	512000	-0.06618291	647.73804	0.0	-129.43845	0.8768296	-2.6822092e-10	261.92546105384827
128	183.38553	24.13612	211.65514	155.08054	702.0	12.078941	9.099243	34.564537	-18.921885	516000	-0.11959541	344.1352	0.0	-90.20247	0.9258873	1.2367964e-09	264.4729359149933
129	236.88802	18.291758	266.22336	211.34946	524.5714	16.530533	12.4976	42.60105	-22.977627	520000	-0.15920329	719.08136	0.0	-485.0425	0.9052015	2.4884939e-09	266.3867609500885
130	145.06242	104.49053	234.62653	-74.00401	626.3333	35.30512	20.005077	70.91157	-2.8849292	524000	0.004908324	1467.902	0.0	-686.54333	0.89041823	-9.685756e-10	268.602835893631
131	114.776344	114.906075	207.37228	-62.5381	620.3333	13.944607	12.917702	49.477024	-8.149347	528000	-0.097580805	843.90295	0.0	-221.51399	0.96433574	5.960463e-11	270.8021218776703
132	147.89403	123.19854	270.8347	-60.330204	503.14285	15.804225	17.163424	57.177776	-10.853984	532000	-0.009986419	866.2616	0.0	-125.502426	0.91553044	1.4156103e-09	272.7301278114319
133	178.56299	89.039764	248.30762	-15.423026	543.1667	21.708841	18.244852	57.157623	-11.1940365	536000	-0.032930452	395.3996	0.0	-63.47895	0.93269575	-1.4007092e-09	274.7467358112335
134	189.22063	86.94659	244.32399	-3.3836005	539.6667	24.589064	16.920607	59.96546	-8.047937	540000	-0.05401768	561.2612	0.0	-227.60727	0.9326652	-4.6193604e-10	276.62330389022827
135	142.6454	117.65128	254.1024	-66.3018	508.7143	22.890083	18.211006	61.1762	-22.199747	544000	-0.08344197	929.91455	0.0	-184.61386	0.97212297	1.5646219e-09	278.70476388931274
136	159.48763	128.78401	274.3132	-69.38011	470.375	24.305553	16.684032	62.30363	-19.16782	548000	-0.05322165	760.0358	0.0	-86.23451	0.90019095	-2.503395e-09	280.7842209339142
137	160.87775	110.05411	265.65808	4.613483	412.77777	27.940668	18.785406	64.14586	-28.766296	552000	0.0075283702	1055.696	0.0	-307.90482	0.8618716	-2.0861626e-09	282.4933497905731
138	198.25809	91.42436	256.24606	-40.26964	431.25	29.577066	15.64863	65.417076	-12.122702	556000	-0.0759269	690.0413	0.0	-202.21613	0.92456496	1.9669533e-09	284.26387190818787
139	69.9254	119.12652	224.08157	-68.37684	368.0	28.388348	16.657084	67.783875	-10.870023	560000	-0.039638665	1987.9199	0.0	-912.42566	0.9530097	6.556511e-10	285.9046049118042
140	132.68181	112.08686	232.7055	-47.638412	412.8889	21.310307	24.448029	67.049065	-26.662483	564000	-0.009121928	864.47327	0.0	-160.5483	0.91097504	-2.8312208e-10	287.54783177375793
141	132.81102	139.89235	264.01883	-69.792816	342.81818	24.226242	20.733015	68.83539	-27.129705	568000	-0.03479261	1654.7673	0.0	-417.7188	0.901689	-5.9604655e-10	289.10667395591736
142	172.5496	108.15679	268.00488	-5.0396194	369.8	34.458454	21.679026	69.857445	-29.43339	572000	-0.00893582	842.46484	0.0	-103.82526	0.8622982	1.0132789e-09	290.6732909679413
143	118.317535	138.29013	258.7224	-68.463875	344.36365	22.629623	27.488054	69.01671	-30.576265	576000	0.0051009287	1107.9688	0.0	-193.25378	0.8900225	-8.3446505e-10	292.1904299259186
144	144.03091	123.26169	267.16138	-33.831707	310.27274	34.939632	22.736666	69.64244	-32.742443	580000	-0.029082553	1564.9377	0.0	-474.401	0.8495629	7.599592e-10	293.77576088905334
145	128.73264	118.17563	262.41446	-16.449245	333.0909	38.42403	15.514737	72.59994	-8.840662	584000	-0.022673763	1244.2947	0.0	-476.8959	0.8856051	2.8908254e-09	295.2717399597168
146	159.31429	117.7861	274.09894	-20.808565	350.1111	22.727062	24.069807	72.373085	-32.998695	588000	0.049909636	1496.7338	0.0	-680.4991	0.78529763	1.6540289e-09	296.9963767528534
147	47.394947	116.41837	233.21838	-137.35149	330.0	25.05617	23.778147	73.01646	-29.532396	592000	0.05870177	2044.6458	0.0	-726.6667	0.8892458	2.8312208e-10	298.55083990097046
148	156.68471	113.13681	254.44867	-8.896223	305.25	22.02778	20.358583	64.89059	-20.0969	596000	-0.12739283	1494.9957	0.0	-741.2816	0.83031607	-1.2069941e-09	300.1413519382477
149	193.75276	100.82058	265.26907	-7.44265	356.0	41.35082	17.75969	76.68961	-13.591941	600000	-0.080509156	1087.1412	0.0	-236.3111	0.8231101	2.2053719e-09	301.6527371406555
150	219.86967	68.39605	263.21384	17.150778	354.0	41.88008	19.166325	75.93942	-15.644446	604000	-0.03312599	506.35007	0.0	-124.50551	0.87263834	-2.488494e-09	303.1892240047455
151	203.9885	87.39252	256.7751	-56.05488	379.4	30.97929	25.556479	75.59849	-19.75421	608000	-0.032915853	987.0537	0.0	-339.7075	0.7657143	-2.9802272e-11	304.73888897895813
152	156.69513	116.27693	263.81607	-7.9076424	325.45456	48.08261	17.29384	76.67516	-10.208421	612000	-0.018990636	1024.8135	0.0	-461.16583	0.9019512	7.599592e-10	306.20291471481323
153	190.58176	100.06295	285.3157	-21.396103	387.4	31.197931	22.29621	76.51153	-16.895676	616000	-0.011084855	1076.5325	0.0	-294.2966	0.86798966	-3.3676624e-09	307.94870471954346
154	138.54178	128.2958	270.74796	-59.8079	317.41666	37.78824	20.79247	76.6536	-20.418701	620000	0.0020295158	1092.5272	0.0	-212.75848	0.8571843	1.1920928e-10	309.4824068546295
155	209.1542	73.703285	259.83246	-1.0917859	368.6	36.320023	21.97069	76.79216	-20.025867	624000	-0.02925108	774.4051	0.0	-220.89928	0.8660083	-1.192093e-09	311.1981210708618
156	151.7241	118.60021	269.59827	-73.69128	338.0909	35.926044	21.076515	77.48529	-13.981345	628000	-0.00093473494	961.03577	0.0	-141.59012	0.8398881	9.387732e-10	312.69374799728394
157	165.16508	122.05598	274.92874	-54.42142	348.1	37.945656	24.13865	78.398834	-24.738976	632000	-0.067677885	1895.9679	0.0	-687.62683	0.8675107	3.278256e-10	314.2371258735657
158	126.6815	114.939995	241.96529	-84.916595	399.0	20.379557	23.400555	77.609276	-25.853971	636000	-0.027383698	1338.8323	0.0	-333.15094	0.8028039	-8.3446505e-10	315.7772948741913
159	175.52287	107.884254	268.035	-34.801266	379.44446	29.683353	22.196526	77.27688	-16.982462	640000	-0.009083293	706.12006	0.0	-130.39667	0.84918773	4.6193593e-10	317.47579979896545
160	118.862335	149.85258	276.39542	-60.25954	366.0	34.10472	22.784605	78.34687	-32.849483	644000	0.0044555366	1041.6528	0.0	-267.1262	0.8894485	2.8312208e-10	319.1437180042267
161	186.52994	87.42502	269.25787	-26.754171	409.5	26.57825	24.64076	78.62015	-39.10827	648000	-0.05390282	599.5963	0.0	-275.52124	0.86570156	-2.4735929e-09	321.00578474998474
162	189.0303	90.37069	260.62564	-51.724476	407.77777	38.188553	20.09405	77.8882	-27.967607	652000	-0.077867515	503.84613	0.0	-68.29904	0.872167	1.3411044e-09	322.86701583862305
163	128.71889	119.129196	220.74062	-92.70505	497.14285	33.57361	23.182722	79.561	-15.073706	656000	0.07909909	1992.3601	0.0	-914.8769	0.8727335	-4.0978194e-09	324.62315487861633
164	211.21458	36.125	254.13281	141.37077	527.4286	21.244946	17.173326	69.51373	-10.080245	660000	-0.061257266	621.2123	0.0	-245.95734	0.8200509	9.685754e-10	326.5172917842865
165	205.27557	88.01801	273.01352	-18.142433	450.25	27.118362	23.333483	78.375984	-15.82911	664000	-0.07118088	668.33606	0.0	-189.76747	0.88146603	-1.0281801e-09	328.24991178512573
166	180.4961	80.27423	263.9584	-1.4220389	493.85715	37.476345	18.824215	79.510666	-0.2533554	668000	-0.034026057	548.08325	0.0	-150.18146	0.92872053	-1.2069941e-09	330.13086581230164
167	188.31056	84.155365	262.64764	-4.3293204	475.14285	27.54086	21.261904	79.170944	-8.810049	672000	-0.004395988	880.33887	0.0	-290.13184	0.8834467	-5.9604655e-11	332.09654688835144
168	224.43568	25.032646	257.51846	186.0298	467.57144	24.44657	24.042727	77.28162	-28.657362	676000	-0.010623837	635.4151	0.0	-275.2391	0.8419649	-9.0897084e-10	333.98221707344055
169	187.47035	80.482796	245.16539	-4.255434	469.57144	36.236202	22.458614	79.87577	-11.149899	680000	-0.0151902195	309.65338	0.0	-135.45709	0.8760116	4.3213366e-10	335.76501083374023
170	150.7809	136.2141	281.5391	-53.49428	414.75	33.64871	22.1697	79.56941	-33.16337	684000	-0.026182711	1053.6484	0.0	-248.32587	0.901032	2.682209e-09	337.4887990951538
171	111.34056	122.47321	259.32874	-32.128223	468.875	19.480879	30.235409	78.45034	-36.38248	688000	0.038403224	709.3541	0.0	-296.93433	0.82057595	-6.556512e-10	339.28444385528564
172	187.2503	60.163258	237.76271	34.992844	452.25	12.956264	27.588253	60.197063	-38.91542	692000	-0.12840748	1748.457	0.0	-1336.4421	0.8716377	0.0	341.2849507331848
173	224.6976	34.813572	282.22	173.05342	465.0	34.118816	17.54978	78.43083	-2.0235817	696000	-0.087226786	330.7928	0.0	-163.68173	0.8883699	-3.3825636e-09	343.2986869812012
174	234.8844	31.557611	277.61362	179.52538	450.25	39.84474	20.01879	80.580505	-0.3474626	700000	0.012437563	344.8553	0.0	-60.975197	0.8802943	-4.4703483e-10	345.14942479133606
175	176.94098	95.4853	258.0236	-0.4795681	376.33334	36.57853	19.619919	79.384	-30.535107	704000	-0.0011025928	1084.4772	0.0	-194.95715	0.8265096	1.04308145e-10	346.9676308631897
176	206.42242	91.196526	275.68286	-38.230534	386.1111	36.545845	17.324043	76.837654	-7.628022	708000	-0.014546305	702.79846	0.0	-221.03	0.7922889	-2.1606683e-09	348.5653257369995
177	154.27031	141.4825	302.54028	-65.83015	321.45456	42.575455	19.585365	79.1347	-27.189833	712000	-0.051074635	1230.4375	0.0	-320.0826	0.87647057	-2.2500752e-09	350.09237694740295
178	253.73068	28.862461	283.77606	188.1386	406.8889	38.798058	27.160543	81.35097	-23.19816	716000	0.111077294	759.6665	0.0	-400.2552	0.73892665	1.66893e-09	351.7352178096771
179	158.39949	114.9246	273.86142	-39.667534	302.33334	46.305843	20.277924	80.06369	-54.82324	720000	-0.03965559	1354.5869	0.0	-503.66608	0.83851624	3.7699937e-09	353.1771647930145
180	204.76093	104.89089	308.79056	-16.058296	322.54544	39.679047	21.802267	77.47888	-21.826006	724000	-0.016136248	908.95264	0.0	-136.70776	0.7899432	8.4936636e-10	354.69910979270935
181	182.4301	105.90225	288.67123	-37.17589	327.54544	38.61295	26.357656	80.935524	-24.728947	728000	0.024134874	1368.087	0.0	-397.17264	0.75104654	-1.6838312e-09	356.2966659069061
182	172.46869	113.90367	277.4872	-9.218417	282.0	43.13956	26.971272	86.28723	-51.09131	732000	-0.028298615	1935.4799	0.0	-687.3322	0.7546824	-2.3841856e-10	357.79421973228455
183	159.04834	111.490585	275.5922	-6.8769794	336.18182	38.17518	23.788267	81.669395	-47.11287	736000	-0.0021706522	1848.6687	0.0	-638.2954	0.7449478	-2.6077032e-09	359.28429794311523
184	176.2617	123.770004	281.77615	-30.121653	280.15384	41.483727	23.632235	79.55144	-51.816296	740000	-0.043075826	978.9701	0.0	-191.82697	0.81078404	-1.2367964e-09	360.6844837665558
185	152.55933	119.50114	270.01196	-5.926835	277.85715	38.756508	29.632963	83.21153	-51.099895	744000	-0.05236373	1613.3892	0.0	-613.6885	0.8252682	-1.6093253e-09	362.0728259086609
186	190.46683	105.32189	261.19226	-23.951178	281.46155	43.723164	24.805544	83.97225	-54.24743	748000	-0.020746283	803.8126	0.0	-172.77838	0.8121718	2.2351743e-10	363.50888681411743
187	177.44087	109.78156	271.2851	15.046822	297.58334	46.500774	25.778399	85.23591	-51.917156	752000	-0.0050792396	1266.0845	0.0	-149.363	0.8148625	2.8312203e-10	365.056214094162
188	190.50574	110.45124	276.3202	-22.047304	279.83334	42.657906	25.388996	85.32465	-45.494843	756000	0.001926437	1438.5955	0.0	-342.52295	0.75340587	-9.0897084e-10	366.4188959598541
189	206.68173	98.5125	275.44922	-28.20992	324.0909	48.447407	19.515074	84.39714	-23.464691	760000	-0.02335655	675.82043	0.0	-159.6323	0.806008	-7.897615e-10	367.94277787208557
190	204.88045	102.4068	278.1539	-41.56201	320.16666	45.824867	24.890266	83.88969	-38.712196	764000	-0.027539164	873.18555	0.0	-113.4489	0.78440183	3.7401913e-09	369.4106478691101
191	166.78647	101.52727	264.66827	-4.0642047	344.4	40.841946	24.197073	85.269264	-15.517321	768000	0.010752812	1032.419	0.0	-246.78403	0.8635282	-1.847744e-09	371.028431892395
192	227.24638	65.11587	286.60037	45.578827	328.0	41.48913	24.665966	85.39384	-16.427273	772000	-0.040535793	686.4331	0.0	-395.53577	0.78704023	-1.3560056e-09	372.5188179016113
193	207.0647	103.02712	283.44427	-31.637583	344.9	44.081547	23.257713	85.329216	-53.49141	776000	0.027124653	728.6979	0.0	-151.21959	0.81956506	-1.4603138e-09	373.9937059879303
194	231.58095	63.126095	278.87146	40.383938	350.18182	51.110573	20.852896	83.90627	-17.096373	780000	-0.019055575	445.49323	0.0	-49.375595	0.78790367	-8.791685e-10	375.49234676361084
195	243.01013	20.24462	270.59158	211.78088	344.3	52.211514	19.368032	83.375015	-17.677376	784000	-0.06822314	199.71684	0.0	-103.08091	0.8309437	-1.6391277e-09	377.15375995635986
196	193.11989	101.37803	283.35513	-19.090153	332.8	52.015827	18.772627	87.33623	-29.330996	788000	-0.018481707	693.38947	0.0	-265.70953	0.85055494	-2.1308662e-09	378.6960959434509
197	144.57623	105.49792	244.96461	-7.02523	335.0909	42.79783	23.19509	81.11418	-30.889948	792000	0.04040329	1446.8628	0.0	-368.0628	0.84960324	1.92225e-09	380.37116289138794
198	232.20918	68.85503	279.64877	22.499676	328.54544	40.38568	20.288568	75.671165	-36.884895	796000	-0.032430932	705.8997	0.0	-390.84375	0.8037915	-1.6093255e-09	382.01559567451477
199	210.77051	96.90591	292.14734	-14.977773	321.75	47.80924	23.500576	87.71629	-29.578762	800000	-0.02698116	952.812	0.0	-272.9049	0.822953	6.109476e-10	383.4753270149231
200	193.77611	105.75235	266.2097	-3.0812619	297.41666	48.61158	18.317034	86.09927	-40.41796	804000	-0.008616367	1150.561	0.0	-181.02573	0.80506605	-2.980234e-11	384.905122756958
201	215.31367	85.03806	274.16513	1.6739695	309.83334	49.82706	19.628996	86.71127	-27.095783	808000	0.029387822	847.7634	0.0	-125.826385	0.8256593	-1.1324882e-09	386.3039288520813
202	244.90862	24.575512	287.90765	207.53749	305.91666	55.345524	18.964376	88.72901	-25.403847	812000	0.0278066	281.90158	0.0	-150.59312	0.77137613	1.9967556e-09	387.7447118759155
203	161.46132	102.875725	264.44135	0.56914556	275.85715	56.886517	18.605522	89.65385	-24.883139	816000	-0.00914721	1471.9346	0.0	-676.4745	0.8136567	-2.9802316e-10	389.08968687057495
204	167.33327	111.7884	259.1596	5.7197247	287.83334	46.615726	26.956188	84.14702	-36.576767	820000	0.026978623	1274.1493	0.0	-453.71738	0.8058858	-2.0712614e-09	390.4677908420563
205	161.86603	117.47553	291.05905	-23.344446	283.6154	41.170536	28.391727	78.37044	-50.54344	824000	-0.008530896	1015.9695	0.0	-284.9897	0.7714126	-1.6391272e-10	391.8780748844147
206	152.81113	120.11472	279.38162	-25.808191	265.2857	42.23352	32.169426	79.705505	-63.81324	828000	-0.04068844	1271.303	0.0	-454.6918	0.8065829	2.0712614e-09	393.15768098831177
207	183.13434	92.773575	267.05243	-7.414445	297.91666	39.60015	30.033764	84.2653	-65.84334	832000	0.00043454394	1711.7588	0.0	-972.71375	0.76432943	3.531575e-09	394.57942295074463
208	207.3997	95.467705	281.51678	9.914285	304.9091	34.646034	35.35604	86.12167	-65.16392	836000	-0.025167521	1350.8596	0.0	-372.25842	0.74611056	-3.2782554e-10	396.12655901908875
209	164.05159	119.43954	283.9351	-24.708471	277.42856	36.04208	34.195305	81.864876	-61.714657	840000	-0.007161688	1885.338	0.0	-546.2047	0.7161366	3.7103893e-09	397.47606682777405
210	226.36848	94.77551	303.55966	4.2820845	289.69232	47.03029	21.9474	83.403465	-58.75429	844000	-0.06961525	834.6818	0.0	-207.99095	0.7441301	-7.748604e-10	398.8506507873535
211	230.09673	73.22701	283.59494	12.125612	331.81818	50.300247	22.231058	89.78282	-11.015872	848000	0.059140842	566.104	0.0	-155.51236	0.6491699	9.089708e-10	400.30735898017883
212	261.82043	22.080946	294.3696	224.03711	298.75	56.734707	18.404432	84.96634	-2.0784338	852000	-0.088082336	388.60522	0.0	-262.85376	0.74630404	1.1473894e-09	401.74876284599304
213	172.29066	113.29426	282.527	15.648493	268.85715	59.528217	17.023365	92.24259	-47.5859	856000	-0.04189787	1627.2151	0.0	-377.89963	0.7860987	-3.8743025e-10	403.09170269966125
214	184.80695	101.37605	276.2226	8.244089	270.46155	48.764828	23.383215	85.512665	-59.320766	860000	-0.018302806	894.2136	0.0	-134.44878	0.76029754	1.1473894e-09	404.4095869064331
215	200.19485	95.38693	283.63965	19.65081	291.46155	46.391293	27.933594	85.064995	-60.247414	864000	-0.036909204	1217.501	0.0	-239.07214	0.7772963	-1.0579826e-09	405.91345596313477
216	202.37825	81.55779	274.8984	50.15168	382.33334	40.592335	26.605366	85.583824	-38.304165	868000	0.02350642	1262.2975	0.0	-639.5951	0.66174126	1.7434358e-09	407.39528608322144
217	180.13882	119.61868	275.83554	-20.227135	291.0	46.06988	23.538761	87.29013	-62.929207	872000	-0.08290459	1073.4865	0.0	-368.59805	0.8117094	-2.0861626e-10	408.734974861145
218	250.60382	22.359552	288.1933	219.0962	316.36365	52.90934	22.945312	93.47434	-30.938028	876000	0.015005901	521.8396	0.0	-253.78516	0.7617022	7.0035455e-10	410.2769229412079
219	191.00787	98.63352	269.58658	-4.2543	398.1111	45.260445	27.263453	93.79582	-60.772682	880000	-0.014855214	1575.0239	0.0	-905.2169	0.6790779	-1.296401e-09	411.9840078353882
220	211.27654	91.109566	278.95755	-23.489206	355.33334	44.045517	21.500576	82.51871	-32.49503	884000	-0.00601706	795.7449	0.0	-285.8325	0.70571995	-1.1026859e-09	413.5257396697998
221	258.209	18.798267	294.33496	223.47264	321.25	49.771397	17.793919	89.60336	-8.749195	888000	-0.123307854	472.99988	0.0	-349.24652	0.8179141	-3.5762787e-10	415.0124258995056
222	235.18367	77.27175	291.00684	-12.777316	330.25	59.298477	16.330715	96.14266	-3.401712	892000	-0.027688384	458.3698	0.0	-119.183685	0.8124516	-2.4884939e-09	416.52797174453735
223	223.6376	84.6589	286.45398	-18.393946	365.6	49.02915	22.477896	95.47824	-13.542617	896000	0.014632959	688.1449	0.0	-98.69885	0.8145354	-3.4272674e-10	418.05781984329224
224	229.64961	69.31682	281.51465	29.393023	345.9	49.420597	21.689636	96.065254	-20.084877	900000	0.011683535	507.37042	0.0	-275.28757	0.8067615	-7.1525574e-10	419.59939098358154
225	253.27797	17.65045	287.3954	225.4289	330.18182	52.331627	19.58205	87.20325	-50.12685	904000	-0.012122553	355.11273	0.0	-220.09843	0.747417	9.834766e-10	421.07923197746277
226	234.42966	47.427773	281.83942	150.41885	401.66666	50.886795	21.264162	88.0757	-9.024954	908000	0.053933986	570.763	0.0	-267.11438	0.76600236	1.7136336e-09	422.7316429615021
227	238.2381	66.83903	283.11362	22.00909	308.66666	48.6668	19.783178	87.37508	-42.46353	912000	-0.061030682	826.8759	0.0	-440.76978	0.77355564	6.2584876e-10	424.2033438682556
228	231.98521	70.402435	286.2762	7.972815	300.58334	61.21076	15.096411	90.67587	0.6877665	916000	-0.0027480498	358.91617	0.0	-190.25484	0.82815385	-1.937151e-10	425.64959692955017
229	231.36397	64.72307	290.75262	24.05202	312.25	60.150505	22.967424	97.778984	-40.768593	920000	0.05231914	178.57771	0.0	-41.905968	0.78463453	-7.897616e-10	427.0746989250183
230	239.47858	22.551779	271.5222	185.77785	320.66666	48.569	30.027767	91.446335	-45.38446	924000	0.087013975	1159.5969	0.0	-947.8756	0.707193	3.2782554e-10	428.64767694473267
231	197.74045	103.02753	273.22226	-34.241116	265.7143	61.096283	15.198838	95.48094	-14.854318	928000	-0.01582178	1207.0085	0.0	-550.68097	0.7873509	1.9073487e-09	429.97545886039734
232	200.42247	102.58817	285.3805	17.496878	255.8	59.96884	20.073292	93.993065	-19.178274	932000	-0.0007483326	1150.4476	0.0	-380.32672	0.75258154	1.4007091e-09	431.2260708808899
233	207.3865	105.684555	292.81253	0.8723366	270.07693	39.7483	38.93055	87.78455	-62.546658	936000	0.061067663	1791.807	0.0	-727.9136	0.68338835	-1.5944241e-09	432.46637177467346
234	197.8914	104.931015	281.07135	22.32932	255.33333	54.57445	30.241703	89.08285	-64.576225	940000	0.009825679	1530.7036	0.0	-330.4456	0.72503936	2.4884939e-09	433.7604649066925
235	134.1555	126.50099	273.8806	-27.594948	217.5	47.445515	31.483997	87.29394	-63.555294	944000	-0.0021680444	1552.4199	0.0	-712.1996	0.7240531	-5.1409006e-09	435.0806248188019
236	199.38657	106.41971	300.84274	24.798893	235.0	54.663567	34.54113	93.35931	-66.19504	948000	-0.012705669	1132.9723	0.0	-194.11093	0.69517237	6.8545336e-10	436.3490219116211
237	193.74608	114.091324	283.3455	5.8078117	230.375	54.77504	30.724663	85.85135	-67.32053	952000	-0.0059608417	1528.4014	0.0	-148.44635	0.70096684	3.7252903e-09	437.55447578430176
238	169.29227	115.51958	285.63065	1.1065292	245.6875	53.938984	30.190912	87.37941	-66.7588	956000	-0.008219451	1488.6594	0.0	-224.34464	0.66610265	1.490116e-09	438.8249468803406
239	181.11234	120.67383	303.08716	-18.28073	223.0	53.945892	22.429657	83.080986	-66.173996	960000	0.0061846236	1647.2891	0.0	-226.3407	0.71816397	4.3213366e-10	440.0026249885559
240	143.70537	118.474205	282.40652	-19.707577	252.2	52.79026	25.827913	87.34541	-42.34643	964000	0.05826364	1584.6234	0.0	-604.5178	0.7120982	-8.940697e-10	441.23335099220276
241	184.21309	107.729065	279.90207	-11.721377	220.88235	39.86624	32.359764	87.65089	-66.68589	968000	-0.10396994	2164.8262	0.0	-1518.0862	0.7104639	-3.8445e-09	442.4396059513092
242	197.5468	103.9946	292.07	30.086487	239.0	46.29246	38.5239	94.16019	-68.00853	972000	-0.011135474	1865.9789	0.0	-1329.2192	0.6815217	-1.2964011e-09	443.6423828601837
243	195.21335	113.853226	308.17538	21.607939	238.8125	54.81746	29.301075	85.565926	-67.675385	976000	-0.05279788	1062.9254	0.0	-192.77267	0.70837677	2.503395e-09	444.8944489955902
244	185.29425	116.709984	290.9775	-21.024694	226.1875	57.401165	31.284779	102.0541	-68.369934	980000	-0.022196682	1350.7793	0.0	-270.53793	0.7050911	3.5762786e-09	446.1372308731079
245	204.4812	95.77983	271.86957	-11.365511	266.64285	57.04196	27.180256	92.050064	-66.42475	984000	-0.02298744	1062.7606	0.0	-220.59735	0.6818731	2.9802383e-11	447.46062994003296
246	228.49915	65.57556	277.74936	32.525864	302.16666	61.452477	20.09445	99.59649	-60.986496	988000	0.0025765859	794.36975	0.0	-186.43182	0.727011	1.1324882e-09	448.93955278396606
247	238.41301	73.62963	301.77203	-7.1767087	279.46155	60.835915	20.442364	87.42964	-62.769302	992000	-0.029717144	427.86954	0.0	-170.50957	0.74193203	-1.0430813e-09	450.2759268283844
248	219.87129	86.51974	281.7122	27.10613	297.83334	56.07377	26.974525	96.583206	-26.110481	996000	0.023231868	732.1822	0.0	-288.544	0.7484293	-4.3213366e-10	451.6413278579712
249	201.58772	102.66584	293.63348	3.3925872	290.41666	52.25535	26.481258	95.64767	-52.141743	1000000	-0.09570151	872.96375	0.0	-223.52853	0.81793475	9.23872e-10	453.0499458312988
250	215.28548	85.0978	267.41153	7.833522	291.58334	56.202133	20.776613	89.27742	-26.300812	1004000	-0.021856457	338.9424	0.0	-73.009	0.81907654	1.4156103e-09	454.50816011428833
251	250.34126	15.786339	271.76746	214.37608	335.81818	50.280754	26.337957	97.645676	-40.602737	1008000	-0.018640686	429.0363	0.0	-296.90985	0.7846518	1.8775463e-09	455.92000579833984
252	244.95068	19.866024	279.53342	222.65675	358.1	57.91996	18.585474	99.41739	-10.636068	1012000	-0.020186776	263.6904	0.0	-130.63843	0.79525614	-1.6391277e-09	457.52389574050903
253	250.7716	17.290854	279.56567	229.36942	346.2	50.30022	19.512943	87.94751	-17.904276	1016000	-0.11244391	210.44623	0.0	-122.54079	0.8249359	1.6540289e-09	458.97485971450806
254	237.09787	31.015423	281.23834	164.3274	375.9	55.721375	16.25188	97.40929	12.372406	1020000	0.0081026815	609.9674	0.0	-307.90253	0.80903196	-3.6805867e-09	460.5091857910156
255	237.91316	17.251312	271.83215	201.21938	326.75	51.94136	16.639633	82.13711	-17.54111	1024000	-0.11674419	396.17572	0.0	-174.20198	0.7940997	2.592802e-09	462.1007580757141
256	257.19278	18.745552	278.94724	212.18242	337.7	59.64276	18.306448	94.29293	23.647007	1028000	0.06049133	144.95395	0.0	-27.8289	0.81412804	-2.3692848e-09	463.60653591156006
257	261.05215	20.250265	301.11725	220.419	314.08334	60.68741	16.85093	96.124886	26.019514	1032000	0.022272851	89.06644	0.0	-19.713066	0.7903209	5.2154064e-10	465.0946328639984
258	239.28857	68.79552	290.0495	13.616528	298.3846	62.964417	16.060743	101.21992	10.212442	1036000	-0.029605808	330.12042	0.0	-178.06769	0.7543901	1.4007092e-09	466.50333189964294
259	190.21898	119.06583	289.8945	-83.250565	340.18182	58.93694	19.785511	95.30282	-15.622399	1040000	0.13102448	1748.0688	0.0	-1000.1384	0.6875793	-6.109476e-10	468.200562953949
260	254.5196	16.593061	283.2499	229.55011	289.07693	52.93906	24.616302	84.323364	-36.55302	1044000	-0.019702336	1151.4529	0.0	-990.4673	0.6964756	-2.1606683e-09	469.5850567817688
261	262.50052	28.582817	304.74796	222.81079	275.64285	68.74466	16.04633	100.37092	-29.399054	1048000	-0.0309528	186.6904	0.0	-84.69687	0.70642453	-8.791685e-10	470.9077777862549
262	230.56055	58.30197	285.6394	63.484673	316.83334	56.65604	29.201519	99.46494	-17.778847	1052000	0.008482706	1338.8123	0.0	-312.41125	0.61956096	-1.2069941e-09	472.26091980934143
263	237.77013	78.74111	296.4584	-29.166721	281.3846	61.25025	20.184214	101.91164	-36.21121	1056000	-0.053476524	661.8486	0.0	-217.99821	0.6803316	-1.2814998e-09	473.56996488571167
264	214.94472	95.717224	291.49387	5.6267567	263.0	64.57748	22.157104	105.55728	-50.417606	1060000	0.0010313168	1125.0891	0.0	-208.95114	0.61537766	8.493662e-10	474.9022810459137
265	213.98494	83.77116	287.67642	43.77791	275.42856	54.084763	23.825489	86.180855	-11.264327	1064000	-0.0068107788	1128.218	0.0	-367.61768	0.62359494	-5.9604643e-10	476.12557077407837
266	188.04648	111.74119	323.30972	20.679405	247.5	55.153004	25.608957	85.26357	-51.54405	1068000	-0.033000518	1685.3156	0.0	-288.92078	0.6548455	4.1723253e-10	477.46350598335266
267	211.89757	102.561516	297.83932	9.767752	274.92856	53.23345	29.228018	100.374626	-87.30087	1072000	-0.017163623	1005.248	0.0	-350.84048	0.6277622	-7.450581e-10	478.7637269496918
268	199.67444	107.50563	291.81192	19.66948	221.64706	65.46217	22.339096	97.364624	-41.582867	1076000	-0.04313583	1872.7771	0.0	-770.1459	0.69749403	1.1622905e-09	479.99866700172424
269	207.21344	96.18184	301.2195	37.84404	248.4	58.19829	28.35222	101.24847	-61.818687	1080000	-0.014126975	1407.5503	0.0	-377.8217	0.6616987	-2.533197e-10	481.2570676803589
270	218.87828	92.91993	288.9774	34.568996	257.0	59.00936	26.502645	100.16359	-14.364097	1084000	-0.029761732	1248.4065	0.0	-179.64401	0.642413	5.9604655e-11	482.5445969104767
271	243.38298	86.28972	308.49774	15.278419	247.14285	62.853462	24.733965	110.17292	-50.82136	1088000	-0.017849676	885.57	0.0	-361.14636	0.6336738	1.9073485e-09	483.863893032074
272	268.61502	19.322018	305.57764	235.43149	273.57144	56.094788	30.148132	102.06287	-34.751568	1092000	-0.02831732	967.12195	0.0	-819.9891	0.6576023	5.5134297e-10	485.1394498348236
273	210.01607	107.34253	315.85617	-3.7437432	233.625	78.7934	15.24238	103.190605	-22.928152	1096000	-0.01312835	1493.7959	0.0	-386.5608	0.66906935	-8.940698e-11	486.37218379974365
274	196.04224	104.44279	278.9179	-22.46752	256.53333	54.499836	25.750868	87.19497	-35.19497	1100000	0.040022578	1616.7683	0.0	-473.15924	0.70152116	1.5050172e-09	487.64618396759033
275	267.21652	15.854027	289.03287	234.42772	279.7857	57.930622	20.172606	98.84022	-3.4839602	1104000	-0.07109471	614.14496	0.0	-456.63226	0.65291977	-1.9669533e-09	488.96797275543213
276	270.0849	19.771826	298.7551	239.69188	258.0	70.19984	16.292187	105.03823	-48.678642	1108000	-0.01998458	453.63098	0.0	-279.9243	0.69113445	-5.066395e-10	490.2387390136719
277	247.17198	60.26498	288.43326	35.640858	265.57144	73.67902	15.712497	105.38245	-5.522322	1112000	-0.05335861	820.55096	0.0	-216.18584	0.7023898	1.6242265e-09	491.6940109729767
278	216.84904	103.72587	307.0657	-27.689928	262.35715	70.0099	15.044477	94.95497	-30.839771	1116000	-0.0096366145	1250.0863	0.0	-461.16464	0.70739686	8.791685e-10	492.9848599433899
279	194.99504	114.325806	296.73907	-11.409514	250.35715	62.386993	21.677467	99.15828	-65.1339	1120000	-0.03610532	1066.4922	0.0	-140.16153	0.7171464	-3.2782554e-10	494.3072028160095
280	267.32175	17.336054	295.43936	231.24416	267.57144	61.88912	17.212626	91.277306	-18.819212	1124000	0.039858058	302.16187	0.0	-186.97406	0.72371596	3.874302e-10	495.68781900405884
281	250.46019	59.09167	298.6764	48.450848	255.64285	72.44965	15.0867815	103.61909	19.62798	1128000	0.01976888	366.61243	0.0	-71.88779	0.74251795	4.634261e-09	496.98780393600464
282	193.87433	116.33137	293.1983	-15.019844	314.83334	53.536304	35.87198	102.62888	-44.39478	1132000	0.02604644	1213.3267	0.0	-332.3246	0.73041654	9.536744e-10	498.3937668800354
283	262.11407	21.582504	289.52478	217.15176	290.0	51.709236	27.874807	90.469666	-72.413155	1136000	-0.027986145	963.42523	0.0	-687.6415	0.6925949	-2.4586915e-09	499.72754883766174
284	263.90045	13.951475	280.88934	233.63194	277.7857	68.28613	15.2977705	100.80707	-20.943922	1140000	-0.105962634	168.32182	0.0	-96.70494	0.71367383	-8.940697e-10	501.049507856369
285	237.48059	76.67452	287.53143	-1.3029974	298.25	68.45509	19.053425	104.529076	-14.958901	1144000	0.047567476	702.77734	0.0	-417.5455	0.71825147	-1.0579826e-09	502.3890628814697
286	262.34396	23.709682	291.9381	215.45976	284.92307	68.16192	13.838088	97.601524	16.964119	1148000	-0.092376694	133.54735	0.0	-66.91303	0.74810386	-1.9669533e-09	503.7097489833832
287	253.32793	31.17102	299.43652	177.04411	296.16666	66.59431	19.510256	104.770134	-13.778383	1152000	0.0067727007	443.4106	0.0	-113.901695	0.7233392	-2.503395e-09	505.0526969432831
288	257.45416	23.756607	291.83878	221.77943	285.69232	67.56336	15.047217	94.03624	-4.821992	1156000	-0.08087237	170.86237	0.0	-106.903656	0.7230154	2.3543834e-09	506.4068429470062
289	264.46198	18.378315	291.9624	226.66547	270.2857	70.97915	13.077249	96.78562	35.993122	1160000	0.012529718	80.278984	0.0	-15.236177	0.75133824	-8.7916846e-10	507.69732999801636
290	261.7725	26.483198	300.1694	208.52875	300.83334	70.45421	17.633884	100.02035	3.2018647	1164000	0.06219346	286.88776	0.0	-126.532394	0.71966887	1.3411046e-09	509.06136202812195
291	258.28387	13.897622	277.33923	229.11275	279.14285	67.65585	14.488647	92.654945	-4.2578726	1168000	-0.05708305	167.84146	0.0	-109.59096	0.71927714	-2.026558e-09	510.34154987335205
292	272.14737	22.178314	300.64786	222.78865	271.07144	72.103485	13.057575	93.95632	33.902977	1172000	0.06081153	108.814606	0.0	-40.690285	0.68002605	-1.937151e-10	511.63168382644653
293	244.7203	57.310112	281.28757	46.798443	266.57144	75.59951	11.597488	105.08903	44.312172	1176000	0.013837475	384.03632	0.0	-143.07715	0.72031236	-9.23872e-10	512.8816089630127
294	267.7196	14.894214	289.27423	242.73119	270.5	63.55425	27.633448	102.665535	-12.714818	1180000	0.027853213	227.04669	0.0	-63.92039	0.6580347	9.536744e-10	514.2052087783813
295	234.33644	68.910774	297.65283	10.472141	274.35715	65.75412	22.781132	98.62032	-48.080257	1184000	-0.061020285	773.8659	0.0	-126.713196	0.65732014	-1.3262034e-09	515.5081689357758
296	231.73079	87.34674	301.56104	11.165108	261.46667	69.7203	18.661825	98.28116	-8.326001	1188000	-0.04953549	1230.1321	0.0	-292.58585	0.6330186	9.983778e-10	516.8357129096985
297	217.40475	93.058395	297.69662	26.191408	245.33333	64.498665	17.336449	92.4634	5.509589	1192000	0.0096956715	1039.2875	0.0	-173.59848	0.6973313	-3.516674e-09	518.0863707065582
298	188.14137	118.40295	295.0417	-25.935621	225.1875	62.10116	20.42667	93.71374	-25.394814	1196000	-0.0051011965	1435.6034	0.0	-454.44403	0.703454	-2.8312208e-10	519.2924067974091
299	196.3878	117.80651	317.50653	-0.0052126367	232.6875	62.179127	28.916275	104.90977	-62.000008	1200000	-0.0035293363	1124.288	0.0	-107.461334	0.66585726	1.1473895e-09	520.5098879337311
300	203.20728	102.30829	279.71347	9.617062	233.8125	60.447624	27.398417	94.34246	-60.65435	1204000	0.034620762	1002.30316	0.0	-426.86987	0.69606686	-1.9371509e-10	521.7386019229889
301	262.47382	21.790365	307.6882	231.66891	255.57143	64.76317	24.235193	91.387245	-37.73854	1208000	0.032940462	782.5112	0.0	-678.45337	0.6360438	-2.399087e-09	522.9615519046783
302	218.26413	89.52583	287.0454	7.4866734	278.6154	66.5521	25.98886	100.13092	-64.492455	1212000	-0.0023348182	1245.9651	0.0	-479.87167	0.6504545	3.1292438e-10	524.2231979370117
303	221.40784	95.65662	290.49597	6.075875	231.875	64.62715	25.437029	94.79535	-55.569344	1216000	-0.016762769	500.19537	0.0	-111.094894	0.6835365	2.8312208e-10	525.4985718727112
304	183.561	125.01008	305.13995	-62.879936	282.23077	65.872116	21.577168	97.09332	-36.72944	1220000	0.03240983	2267.7324	0.0	-1029.245	0.6430931	-2.3692848e-09	526.7918539047241
305	165.1584	125.33718	312.3025	-13.334486	249.86667	42.630955	37.664974	93.98553	-68.669365	1224000	0.0032339813	2013.1007	0.0	-1043.1656	0.6353793	1.5199184e-09	528.0690689086914
306	209.0307	104.85199	296.49783	-0.28828168	274.46155	36.149265	37.81932	82.37002	-65.63329	1228000	0.015895063	1744.1658	0.0	-985.2455	0.61073273	-2.026558e-09	529.2989478111267
307	252.64264	53.662407	292.43958	61.113796	260.26666	69.03272	16.549389	94.83042	-14.856556	1232000	0.0789501	472.90744	0.0	-89.690384	0.7033104	-1.0281801e-09	530.5868229866028
308	245.65126	70.48136	299.78387	22.729574	277.69232	64.20271	25.247425	98.17234	-60.525906	1236000	-0.009021148	761.7052	0.0	-336.7837	0.6753098	9.834766e-10	532.0618560314178
309	260.30225	16.89441	292.44464	237.1377	265.85715	67.91367	18.552843	96.69304	-10.908578	1240000	-0.08347081	280.22003	0.0	-207.03607	0.71210945	-2.8312206e-09	533.3169479370117
310	273.59357	15.9128685	310.93622	254.07614	274.07144	72.780685	17.246212	101.145226	-16.021233	1244000	0.02735083	130.96352	0.0	-66.69366	0.66968197	2.2649767e-09	534.6341986656189
311	262.4148	16.11998	290.93967	230.61884	278.2857	75.042786	11.364954	97.915344	36.59826	1248000	-0.07277189	74.5214	0.0	-13.893166	0.7185472	0.0	535.9505078792572
312	242.98845	64.132256	282.0625	25.331205	284.23077	70.698395	14.330162	97.96383	-38.575428	1252000	-0.06051698	465.32132	0.0	-107.508415	0.7460948	-7.1525574e-10	537.2995316982269
313	267.30624	15.821188	298.3329	244.31621	295.9091	66.53839	18.41475	95.39445	-34.76917	1256000	-0.02173756	198.93509	0.0	-70.629654	0.7049642	-2.9802323e-09	538.7141320705414
314	215.50621	92.66497	292.73898	-12.796999	339.27274	58.022526	20.075422	94.00612	-12.833229	1260000	0.054566238	905.3558	0.0	-495.55444	0.7029196	1.7732381e-09	540.0836727619171
315	264.4528	27.30752	298.1694	206.71017	312.25	61.340374	18.275785	93.5313	-4.426355	1264000	0.0070067924	550.1655	0.0	-316.59396	0.6608548	-4.0233133e-10	541.6193649768829
316	187.7296	115.52561	300.99194	-17.600239	277.2143	60.919804	22.871569	96.83813	-30.21441	1268000	-0.04467282	1732.4481	0.0	-977.7932	0.6995717	-4.246831e-09	542.976096868515
317	226.43584	66.791084	286.36508	24.97246	317.66666	49.890022	27.203217	88.916	-47.634205	1272000	-0.06935041	458.0702	0.0	-192.56583	0.70183206	-8.791685e-10	544.4771199226379
318	231.70448	74.59959	291.0995	10.088363	292.0	54.033634	28.27426	93.17179	-42.499886	1276000	-0.036397863	842.871	0.0	-486.1479	0.63220644	-4.4703474e-10	545.8392338752747
319	235.36237	50.831894	289.54254	90.76871	343.0909	51.63343	29.135977	95.624664	-33.956955	1280000	-0.05957908	558.005	0.0	-348.771	0.7060219	1.3411046e-10	547.4539830684662
320	236.83179	78.90505	290.4958	37.622414	279.2857	64.911125	19.751118	99.35756	-21.992874	1284000	-0.037928946	584.52057	0.0	-121.47818	0.7089435	-6.4074995e-10	548.7238059043884
321	264.4692	14.015022	293.26657	244.25177	287.41666	55.308037	27.594296	92.158264	-41.667336	1288000	-0.0422004	568.0488	0.0	-382.28702	0.7068056	-1.6093253e-09	550.0489869117737
322	268.42758	14.10912	297.53497	240.77296	267.0	71.48045	12.495896	97.275314	36.483727	1292000	-0.0494169	68.39282	0.0	-21.45853	0.7120527	-9.089709e-10	551.3181209564209
323	242.23633	81.79012	301.08444	-31.873722	284.92307	69.57464	18.914907	98.55052	-12.417358	1296000	-3.951043e-05	676.8084	0.0	-266.31564	0.6717694	2.9951335e-09	552.608247756958
324	263.8699	25.466686	303.10788	211.3648	326.36365	56.030865	27.289703	100.69703	-17.94939	1300000	-0.010107178	437.76044	0.0	-181.31197	0.6525805	-2.8312206e-09	553.9432158470154
325	261.8878	23.906897	304.7626	202.34814	310.33334	66.615715	16.076174	95.72822	7.417568	1304000	0.04616377	364.64056	0.0	-178.20483	0.69335556	2.7120115e-09	555.3720519542694
326	258.65073	22.869385	297.31732	224.49583	270.2143	67.31093	17.030853	95.791435	-10.455285	1308000	-0.08748151	233.3618	0.0	-161.12207	0.7152827	-3.9488075e-09	556.6844918727875
327	254.48763	26.641388	282.46875	172.01404	293.15384	69.81447	18.34454	104.75401	-0.45640618	1312000	0.04958263	404.99713	0.0	-171.3717	0.6818446	8.642674e-10	558.0501098632812
328	266.28152	25.44375	296.79727	221.23274	268.92856	69.24003	15.333428	96.41212	-8.783176	1316000	-0.07346511	187.29865	0.0	-117.86673	0.70367837	8.9406926e-11	559.3057308197021
329	231.70012	84.80566	300.63687	29.741219	271.53845	72.27417	17.937046	100.06577	-11.6227865	1320000	0.016196951	1057.6079	0.0	-618.99304	0.68588173	2.0712614e-09	560.6599588394165
330	248.00035	66.02679	300.0829	19.073044	276.2143	57.251415	32.28744	105.25983	-43.19581	1324000	-0.009132883	824.0183	0.0	-489.27322	0.6973605	-9.834766e-10	561.9680378437042
331	229.77455	86.70715	306.55914	14.528317	265.5	70.255325	16.508015	98.76606	-32.540634	1328000	-0.005556074	673.39417	0.0	-142.5104	0.71137077	1.8179417e-09	563.2747848033905
332	269.0354	25.10068	304.34943	221.00711	263.2143	70.06725	16.974003	96.07476	-19.89334	1332000	0.0032180548	228.09149	0.0	-159.26909	0.69251335	9.685754e-10	564.5980079174042
333	249.47125	67.41945	308.49387	11.853509	254.66667	75.60131	15.1486	103.17776	-41.875298	1336000	-0.0006630458	356.10956	0.0	-135.37085	0.7210921	4.61936e-10	565.8559648990631
334	261.76025	56.31063	312.66003	62.51587	252.06667	75.83544	13.425312	101.50805	16.093733	1340000	0.037894238	446.7892	0.0	-40.943085	0.68228364	-2.2351743e-10	567.1547138690948
335	232.11836	82.22874	302.70728	19.153864	260.4	70.19689	22.23393	98.631546	-43.013508	1344000	0.028819099	927.37787	0.0	-249.14258	0.67115074	-2.5480986e-09	568.459963798523
336	271.66028	20.220093	307.0152	235.01888	247.13333	69.81503	19.542269	97.645706	-21.887032	1348000	0.039722465	435.8155	0.0	-367.15848	0.6611786	-1.4901164e-11	569.6648619174957
337	257.5237	56.32525	301.2316	60.464718	252.86667	81.29489	11.932324	110.01434	-24.200214	1352000	-0.003982689	489.32483	0.0	-153.58661	0.6605275	6.407499e-10	570.8843989372253
338	252.6671	63.61073	304.02045	35.012547	268.57144	75.360634	13.793702	98.26002	-6.8066735	1356000	0.0055302456	500.9607	0.0	-155.7518	0.5881889	2.4288893e-09	572.1767199039459
339	252.29709	65.962944	296.73813	24.998339	256.92856	69.68045	16.087065	98.565674	-11.072895	1360000	-0.015420601	302.6994	0.0	-109.248764	0.6534624	-6.705522e-10	573.4067940711975
340	228.64589	96.33571	293.11502	-23.049799	245.73334	72.2415	20.241772	99.97876	-29.01002	1364000	0.038071517	971.6219	0.0	-550.3001	0.6622039	3.963709e-09	574.6479709148407
341	240.92473	69.20605	304.47864	10.950107	269.42856	59.037727	32.04741	101.32312	-42.370586	1368000	0.007807094	812.4178	0.0	-282.522	0.6226772	-1.4752151e-09	575.8985757827759
342	213.56915	111.04537	309.95163	9.829249	244.5625	66.34077	27.855173	101.07548	-31.658854	1372000	-0.07522384	994.4783	0.0	-333.67682	0.629179	-4.7683724e-10	577.0993790626526
343	254.41489	65.92895	306.24683	9.104163	246.75	65.2757	27.776342	100.961555	-41.108116	1376000	0.010345795	978.8739	0.0	-658.6986	0.6735735	7.45058e-10	578.3460738658905
344	203.55325	115.91977	298.33978	-19.953588	247.06667	77.84479	13.870951	101.66381	-15.593319	1380000	-0.005152732	1686.7701	0.0	-1057.707	0.6988847	3.5762787e-10	579.5535719394684
345	225.55507	69.88317	287.02615	5.066273	286.15384	55.311546	30.471241	100.404945	-37.492092	1384000	0.036525056	854.0178	0.0	-325.272	0.61919546	-1.9967556e-09	580.9032118320465
346	268.93747	22.675737	311.19748	231.72571	254.93333	63.806858	22.064775	100.39203	-38.380047	1388000	-0.04866688	496.99207	0.0	-418.11215	0.6744721	-1.2665987e-09	582.1707739830017
347	269.23148	16.885342	308.78024	240.37788	258.64285	77.644936	13.970726	102.69257	-5.102945	1392000	-0.0047676675	156.64279	0.0	-83.82654	0.6618978	-3.129244e-09	583.4358358383179
348	221.10912	90.46689	288.65564	30.834732	240.33333	79.94636	11.60915	102.55861	25.021322	1396000	-0.025605336	1317.1316	0.0	-558.3275	0.7287066	-1.2069941e-09	584.7180759906769
349	266.51904	19.981043	297.40698	234.69897	261.57144	66.25534	19.912306	99.96418	-21.843897	1400000	-0.02954105	416.12964	0.0	-299.1937	0.6366998	-1.66893e-09	585.9850077629089
350	273.4703	16.167019	296.19778	246.65448	266.7143	78.153076	12.7979355	101.40413	20.27618	1404000	-0.02182541	78.728	0.0	-19.490824	0.68564576	-8.3446494e-10	587.213937997818
351	267.44342	24.66357	301.91263	211.5118	271.64285	76.36472	14.241835	101.28733	22.326275	1408000	0.045603193	311.09644	0.0	-96.66286	0.65079296	3.3378602e-09	588.522796869278
352	251.47684	63.767883	289.6063	19.857323	246.8	77.56681	11.797553	101.82376	26.950998	1412000	-0.03131489	372.80096	0.0	-151.4078	0.6685895	-9.834767e-10	589.8482687473297
353	277.28497	17.109495	303.20224	233.93825	259.0	77.40889	12.623115	104.78157	38.014587	1416000	-0.009066245	76.37092	0.0	-17.409811	0.6950625	3.144145e-09	591.1373200416565
354	240.6543	81.29126	311.90546	27.699947	244.0	75.8712	17.707277	102.24485	-44.28024	1420000	-0.016394706	587.92926	0.0	-287.88348	0.6415529	2.2351743e-09	592.3524880409241
355	269.67624	19.029947	306.9569	231.82831	254.07143	72.77304	19.444727	105.55979	-18.303663	1424000	0.039419487	249.13403	0.0	-185.5696	0.6614633	-1.341105e-10	593.5975768566132
356	243.31552	84.427795	315.7544	33.822712	245.66667	78.78611	14.136569	107.3861	-11.570962	1428000	-0.0372523	860.06433	0.0	-230.41911	0.6668376	-2.533197e-10	594.811861038208
357	225.91455	90.4515	289.93875	13.116421	302.58334	55.05406	37.211594	101.58394	-30.585314	1432000	0.032102227	669.3335	0.0	-266.6878	0.6702813	4.2021275e-09	596.7800369262695
358	247.36891	72.896904	303.3651	-10.714394	242.0	74.29902	16.996292	102.20505	-20.950903	1436000	0.036026478	338.78424	0.0	-119.87311	0.61104894	-8.1956386e-10	597.9912557601929
359	246.42807	58.920555	292.44318	33.65219	248.93333	69.850395	25.969067	106.964355	-46.14108	1440000	-0.02178108	592.2946	0.0	-178.15059	0.6365826	-1.0728836e-09	599.2142808437347
360	236.36423	85.11776	298.9442	12.581174	241.6875	73.0633	22.60072	102.87969	-52.299828	1444000	-0.00060242973	363.7834	0.0	-87.807945	0.66017747	-1.2516976e-09	600.4385788440704
361	220.70395	93.52808	296.55466	11.257595	237.125	73.9621	21.030317	103.36111	-46.63591	1448000	-0.005225731	1104.576	0.0	-380.38107	0.6773014	1.4752151e-09	601.6801648139954
362	257.93182	56.56699	307.93735	56.631676	251.06667	69.19508	26.83369	109.56684	-44.937996	1452000	0.013633463	437.54803	0.0	-310.12054	0.6452722	-2.0116568e-09	602.8852548599243
363	268.21033	19.999153	300.17554	232.18536	241.1875	80.88644	18.621899	110.35616	-30.44935	1456000	-0.0041051153	208.80785	0.0	-141.6096	0.6196953	-2.1755695e-09	604.1617538928986
364	213.85974	93.06043	290.319	12.999488	212.29411	81.527824	12.513374	107.50754	-20.687033	1460000	-0.010384489	1293.4724	0.0	-571.10645	0.67461205	-9.983778e-10	605.3428947925568
365	264.5059	18.015394	300.71777	237.10414	234.125	75.34524	15.906442	103.40703	-46.96497	1464000	0.013208894	262.97852	0.0	-199.13406	0.66327184	-1.2665986e-09	606.5156598091125
366	261.362	73.279144	315.9592	1.1105307	250.0	74.9012	22.38635	106.04288	-6.531759	1468000	0.009263625	486.3839	0.0	-137.29431	0.59414667	-1.6093255e-09	607.7228569984436
367	254.97192	62.181717	310.58563	25.28227	229.625	80.51131	17.100584	106.91325	-29.07313	1472000	0.01272852	398.48325	0.0	-118.68179	0.62109566	9.23872e-10	608.9298927783966
368	253.38199	77.373985	312.1898	47.260677	229.8125	82.024315	15.612565	107.84945	-11.865371	1476000	0.024772968	563.0848	0.0	-171.89926	0.592051	-3.5762782e-10	610.1218037605286
369	227.83554	98.539505	304.22775	7.7979083	220.88235	78.89293	23.157118	109.2947	-47.72623	1480000	-0.01059475	1023.0823	0.0	-316.9674	0.5962248	-1.385808e-09	611.293065071106
370	203.42162	109.117134	303.15952	13.305504	210.0	76.08355	25.945335	109.42165	-53.363266	1484000	-0.025420832	1913.0674	0.0	-387.84744	0.6411221	9.983777e-10	612.4431900978088
371	272.52084	24.725126	301.738	210.34438	264.07144	70.58181	19.482092	106.582436	-9.9966345	1488000	0.15792339	506.16296	0.0	-311.633	0.5348344	8.7916846e-10	613.655042886734
372	224.93375	94.93466	321.5835	2.486116	226.47058	71.83906	30.010996	108.78208	-46.84906	1492000	-0.07848032	1234.8477	0.0	-438.6468	0.5250703	1.2516975e-09	614.8238129615784
373	197.71306	109.14673	315.0666	9.006015	314.41666	48.47593	44.265324	108.83345	-39.044056	1496000	0.067261584	923.91144	0.0	-478.84485	0.57131344	1.117587e-09	616.1360650062561
374	195.2486	111.546036	294.5231	2.2117891	193.4	69.087524	29.82134	108.64307	-53.48548	1500000	-0.026814714	1675.5782	0.0	-877.19763	0.59026736	3.859401e-09	617.2573440074921
375	196.57126	112.48615	306.34396	-1.1622812	259.6	66.98601	34.02624	109.91484	-37.51975	1504000	0.035658717	1365.7664	0.0	-535.9532	0.47881174	-1.7285348e-09	618.5814547538757
376	215.49962	94.50599	288.6233	-35.927105	218.77777	68.673515	27.178185	108.82021	-32.202076	1508000	0.015645463	1381.8352	0.0	-310.6472	0.53416395	4.5448543e-09	619.8145821094513
377	231.86546	78.999626	297.21097	-8.464265	292.69232	53.62464	41.24559	109.00275	-33.509026	1512000	0.020077176	905.22174	0.0	-390.16187	0.58793056	-7.450579e-11	621.299596786499
378	160.55882	120.7165	305.9441	12.657066	196.26315	73.89661	27.507097	109.050964	-48.113472	1516000	0.011146813	2606.252	0.0	-1392.6826	0.6346595	-1.5050172e-09	622.4679338932037
379	257.65082	61.048683	307.25354	62.809338	245.875	50.808353	37.829483	109.214066	-42.54989	1520000	0.033964053	2058.9844	0.0	-1407.0359	0.56432587	-1.2516976e-09	623.7878878116608
380	226.80733	98.18549	302.86487	-5.0208397	214.23529	65.58438	26.810337	111.12907	-31.134989	1524000	-0.053218633	1538.2856	0.0	-359.2516	0.5976748	2.4288893e-09	624.9874439239502
381	186.42004	116.45605	310.71274	2.1317496	223.4375	77.23087	18.87401	111.95159	-19.181656	1528000	0.010349355	1991.1904	0.0	-1016.19385	0.5572469	-2.2351743e-10	626.1669728755951
382	172.4823	126.76321	301.8717	-26.878298	248.5	57.77176	31.64496	110.57146	-36.800007	1532000	0.035380777	1450.4525	0.0	-340.00134	0.5660435	-2.771616e-09	627.4522387981415
383	172.4846	123.35876	313.2073	-25.955978	234.0625	54.947617	37.316414	111.103676	-33.04018	1536000	-0.027293626	1182.7057	0.0	-364.7353	0.6141193	-3.8295984e-09	628.7587957382202
384	268.4663	17.316916	306.61108	243.55302	236.26666	64.468285	33.445026	110.87386	-45.822563	1540000	0.025628388	870.63574	0.0	-588.27985	0.6534357	8.046628e-10	629.9839906692505
385	235.45625	89.08137	312.2642	-8.740444	230.6875	80.687485	16.263805	112.06809	-41.041172	1544000	0.046028852	371.91403	0.0	-105.48675	0.6441146	9.387732e-10	631.2123558521271
386	229.7689	92.324974	314.65753	-5.9998145	261.06668	62.608303	28.808733	111.94599	-39.970097	1548000	0.019155446	500.7757	0.0	-137.94087	0.6280327	1.8626451e-09	632.4848158359528
387	259.66098	33.530785	310.29465	159.38777	263.85715	75.02806	21.860939	112.83559	-8.684101	1552000	0.041250236	472.91934	0.0	-146.46411	0.6129961	-2.3841856e-10	633.8208298683167
388	205.00342	98.55065	292.4252	-18.822865	294.66666	61.44608	30.64305	112.94171	-33.649654	1556000	0.012224443	1239.6298	0.0	-703.1134	0.5462272	-8.0466267e-10	635.2757267951965
389	260.4275	24.84952	302.06583	208.25774	278.14285	54.788925	33.380497	112.20141	-46.43914	1560000	0.0056016864	1007.7349	0.0	-861.5432	0.6494075	2.2500752e-09	636.5599598884583
390	208.09578	68.56867	266.91708	66.51141	344.375	69.21535	20.205803	113.78453	-26.844242	1564000	0.039792247	2308.2148	0.0	-1524.0477	0.68494076	-2.0563602e-09	637.9963898658752
391	263.31772	20.803377	298.04578	237.2883	268.7143	61.366608	17.588177	110.947495	-30.390026	1568000	-0.2062299	392.19238	0.0	-301.67438	0.6923206	1.3709069e-09	639.3036596775055
392	256.98196	27.65977	307.91525	205.65541	310.25	61.711285	29.418367	112.09015	-24.351057	1572000	-0.012792751	511.2979	0.0	-229.00208	0.6363088	5.0216915e-09	640.6825947761536
393	237.15576	74.2875	302.593	36.8064	360.7	60.57477	25.978413	111.61181	-19.155155	1576000	-0.06151443	608.9591	0.0	-175.14728	0.696748	-4.172325e-10	642.3096618652344
394	273.5969	19.386963	306.6851	245.9973	273.35715	66.89353	16.308773	110.41211	21.590315	1580000	-0.039166417	197.42177	0.0	-101.45292	0.66948897	-2.7418137e-09	643.6084959506989
395	267.6086	20.662106	294.8522	222.69302	272.0909	68.85528	15.992086	110.27177	20.061462	1584000	-0.0059024915	501.93622	0.0	-388.8425	0.686388	-9.834766e-10	644.9982578754425
396	264.0551	12.860611	292.9589	246.83469	261.2857	73.281204	14.342471	110.147125	10.925819	1588000	-0.10582308	114.4488	0.0	-32.343086	0.7201129	2.9951335e-09	646.2980806827545
397	245.59525	56.76466	287.70947	42.5226	261.4	74.29507	14.899475	110.150856	-24.159018	1592000	-0.020100366	436.7516	0.0	-259.47784	0.69987214	-3.72529e-10	647.5748727321625
398	236.62976	86.3851	310.10507	-13.616335	312.0	50.682423	42.36915	108.09149	-35.347893	1596000	0.06667125	401.82947	0.0	-195.09013	0.6809077	7.7486034e-10	649.0172827243805
399	222.76064	100.76385	311.6272	40.944664	239.75	51.807102	38.55663	107.71073	-40.07965	1600000	-0.03307303	559.20844	0.0	-176.30467	0.64538175	-5.5134297e-10	650.4399838447571
400	262.98566	15.709493	303.0175	241.38872	251.13333	68.774864	25.206598	109.65056	-49.414955	1604000	-0.09129609	675.7386	0.0	-592.66797	0.6236663	-2.5331974e-09	651.7083740234375
401	219.47346	85.9164	278.45474	30.018019	231.0625	78.04422	13.616183	109.32654	-46.21767	1608000	-0.009526782	1103.3632	0.0	-542.11816	0.71785617	8.046628e-10	652.9128928184509
402	259.0674	37.446724	311.2426	162.73946	314.41666	51.018913	34.3591	108.58668	-41.701492	1612000	0.05090082	572.10535	0.0	-380.49838	0.5793813	6.2584876e-10	654.3089778423309
403	252.46925	38.832916	301.06833	138.82137	313.5	62.652126	30.818079	108.11715	-9.034762	1616000	0.031388294	158.96085	0.0	-59.228714	0.5859855	-7.599592e-10	655.7349328994751
404	278.02985	13.815847	298.91913	241.133	248.33333	77.72753	13.144635	109.54303	47.153008	1620000	0.08133003	91.62099	0.0	-30.951328	0.6101662	1.3411039e-10	656.9599540233612
405	242.53621	77.32685	288.349	43.67464	309.16666	57.13285	37.025837	111.20814	-32.343388	1624000	-0.091502726	767.22687	0.0	-254.4382	0.5963151	3.2037497e-09	658.6459538936615
406	223.35968	102.32185	309.2084	-1.2088109	281.53845	58.69727	33.8605	109.82365	-51.199844	1628000	-0.015849706	827.0647	0.0	-554.5513	0.6629108	4.053116e-09	660.3202607631683
407	237.805	99.73093	310.8387	1.8076963	227.875	71.91256	26.188461	110.18635	-49.944557	1632000	0.021911405	1470.1841	0.0	-527.57117	0.5885973	-9.23872e-10	661.5165269374847
408	234.64546	87.643326	311.99954	45.73986	226.625	75.83875	17.04494	109.47869	-56.661423	1636000	-0.0026812698	922.4907	0.0	-344.53973	0.62339044	-8.642674e-10	662.7501788139343
409	260.9431	71.44763	318.4758	-6.15732	231.0625	73.12384	18.694044	109.024185	-41.54879	1640000	0.0054779053	629.34143	0.0	-335.7495	0.61664736	1.8179416e-09	663.9445428848267
410	269.94183	20.670628	314.67578	231.35707	228.66667	77.84761	19.724285	110.87953	-16.255682	1644000	-0.04086426	287.6432	0.0	-108.98986	0.60634565	-1.4305115e-09	665.1973178386688
411	247.49138	94.72293	315.15347	-8.712068	230.23529	67.47777	31.491919	111.33305	-44.71752	1648000	-7.98367e-05	1290.1525	0.0	-555.2957	0.5499501	-6.556511e-10	666.3609480857849
412	259.9224	37.84474	301.08405	142.22064	295.53845	65.51954	39.79307	111.446365	-15.003778	1652000	0.004239179	279.7017	0.0	-91.26863	0.6224344	4.7683715e-09	667.8245968818665
413	224.06468	100.241135	292.60223	28.944895	281.6154	72.80564	23.388988	111.081154	-48.276104	1656000	-0.011513358	1588.3793	0.0	-1155.9794	0.5958852	-1.475215e-09	669.497829914093
414	266.7419	19.885008	301.1313	229.52571	249.93333	71.795166	26.423964	110.924866	-45.879665	1660000	-0.117781654	456.06708	0.0	-321.50806	0.6059444	2.2649764e-09	670.6533899307251
415	267.77118	26.770988	299.78537	202.82443	269.42856	69.434875	32.349808	111.02467	-27.12251	1664000	0.03307244	781.5247	0.0	-390.08026	0.5796435	2.5480986e-09	671.9227290153503
416	268.47754	36.528606	309.1343	155.12057	260.0	71.53432	27.322449	112.28434	-28.287022	1668000	-0.08992307	621.9344	0.0	-263.0863	0.58961344	1.1324882e-09	673.2614958286285
417	260.8661	28.98268	306.92407	168.51294	256.86667	73.73546	25.618408	112.941895	-22.083012	1672000	-0.019828781	301.45062	0.0	-99.11758	0.6003592	-2.980232e-09	674.5452148914337
418	270.4482	23.724087	306.7499	206.12654	276.35715	71.15882	26.591322	113.50182	-14.945353	1676000	0.033406094	251.40184	0.0	-41.603672	0.62718546	1.4305115e-09	675.8594079017639
419	248.78725	81.343414	309.00296	-31.329672	250.13333	76.89933	23.815989	114.275566	-17.220444	1680000	-0.016750582	637.70496	0.0	-216.75705	0.59288037	-6.8992376e-09	677.1239309310913
420	281.74506	22.024982	314.08344	247.29805	247.8	78.48327	17.848198	114.6278	-6.308431	1684000	0.023785278	224.38611	0.0	-161.42386	0.61826706	2.1159647e-09	678.3159739971161
421	250.74652	64.011856	301.21628	66.75319	301.76923	68.37156	34.14773	115.57468	2.1010916	1688000	0.0017688312	557.6731	0.0	-214.39102	0.6428385	3.769994e-09	679.8460140228271
422	264.971	16.82415	293.77597	220.70084	260.46667	75.34989	18.332735	114.623146	-25.34781	1692000	0.047151666	306.1817	0.0	-98.9236	0.6342868	2.5480986e-09	681.0464038848877
423	279.49966	20.843218	305.2987	236.23749	251.73334	79.73873	13.640935	114.85822	-17.169632	1696000	-0.0050365706	92.00835	0.0	-33.714157	0.6413036	-1.9669533e-09	682.3341038227081
424	278.27603	17.979496	307.15692	241.28204	253.21428	82.21813	13.390188	115.726974	-5.4814105	1700000	-0.0020614685	84.514015	0.0	-19.28614	0.62037134	1.8030406e-09	683.6546368598938
425	268.79974	22.336956	298.8331	228.98509	242.6	81.5316	13.991471	115.99156	-33.539513	1704000	-0.042857606	82.02401	0.0	-31.806042	0.6348298	-1.192093e-09	684.9614539146423
426	268.60236	60.659218	314.5633	47.134888	239.5625	84.167854	13.010157	116.43996	25.692553	1708000	-0.00010352209	449.03622	0.0	-97.5759	0.61691165	-3.2037497e-09	686.2027590274811
427	272.1802	23.038599	310.2776	232.46208	278.7143	74.296745	24.89799	114.14507	-11.258853	1712000	0.04393163	299.20947	0.0	-155.73308	0.5778276	-4.2021275e-09	687.5631098747253
428	223.41658	102.13658	311.05594	22.934036	233.76923	64.864845	35.445606	116.77998	-44.648502	1716000	-0.0005236268	1367.0406	0.0	-459.47415	0.6032553	3.2782554e-10	688.9531908035278
429	245.66432	65.44008	312.64142	62.867195	290.46155	57.961983	35.106056	108.54197	-40.958694	1720000	0.0056855734	438.13782	0.0	-81.67417	0.58317745	-3.427267e-10	690.1468980312347
430	229.96152	99.36413	312.17294	22.983383	233.0	75.87622	21.976965	115.05033	-57.984356	1724000	-0.030152988	1140.2019	0.0	-188.42572	0.59983057	-2.384186e-10	691.4273250102997
431	272.1786	14.927165	295.67816	243.48352	248.0	74.02229	18.148142	113.21525	-26.80924	1728000	0.011886522	180.48317	0.0	-115.76242	0.5909762	-8.791685e-10	692.6731328964233
432	238.19588	68.8911	297.4419	60.858807	298.83334	64.62795	35.7622	112.15863	-32.618416	1732000	-0.01259697	500.43982	0.0	-229.81839	0.6355968	1.5944243e-09	694.3556759357452
433	222.64035	98.735054	304.61722	11.640548	232.125	74.75161	19.979671	112.43155	-53.993298	1736000	-0.032240577	1122.7478	0.0	-467.1338	0.6669667	1.5050172e-09	695.5833327770233
434	251.44939	53.030823	294.3966	65.73533	247.46666	69.21942	15.584494	107.45192	-52.199905	1740000	0.072317414	355.37354	0.0	-139.64626	0.57973087	-6.556511e-10	696.8683741092682
435	247.94008	77.66247	308.25366	42.77261	225.0	78.49915	18.581505	113.8008	-60.521267	1744000	-0.032769326	852.6918	0.0	-204.15195	0.5951334	4.0233137e-09	698.1481308937073
436	262.67587	19.763704	300.10147	229.85832	252.06667	78.37834	17.835564	111.52235	14.826458	1748000	-0.012276908	124.52823	0.0	-68.51136	0.6671907	-5.6624416e-10	699.4012579917908
437	249.69934	49.55225	281.98953	103.43204	322.1	51.964596	42.890682	113.30999	-15.078907	1752000	0.088632114	455.4233	0.0	-395.0638	0.59136873	3.1292438e-09	700.9134259223938
438	256.62842	38.781353	295.93045	133.39525	289.23077	59.799553	36.294426	111.1132	-12.727448	1756000	-0.0072863065	158.66382	0.0	-53.096825	0.64764607	3.3676626e-09	702.2909450531006
439	271.99268	24.068068	314.9106	232.66309	244.125	81.53618	13.955334	113.22428	41.423733	1760000	0.053276353	89.57658	0.0	-30.678394	0.6123096	-7.4505846e-11	703.4819049835205
440	258.2227	58.852173	305.9497	40.83284	235.5	83.22617	14.690096	114.72931	32.727722	1764000	-0.013519428	491.64417	0.0	-94.45886	0.62894213	-3.814697e-09	704.6818788051605
441	258.39465	61.203003	314.67422	40.077705	226.5	81.20935	15.047336	114.98288	-5.666191	1768000	0.00365798	355.10645	0.0	-51.055542	0.6101933	5.364418e-10	705.8458099365234
442	267.52667	17.31327	304.73013	240.95677	229.125	78.19351	19.629738	115.587265	-14.448754	1772000	-0.044489305	260.88437	0.0	-208.6123	0.6524708	1.1771918e-09	706.9964408874512
443	255.43806	52.887035	302.87048	82.680954	292.30768	71.51575	29.817936	116.18298	-37.50851	1776000	0.05123999	398.02066	0.0	-214.45619	0.6301326	-1.7285346e-09	708.5544006824493
444	241.86719	82.422005	305.44736	-3.4858458	220.41176	82.62508	18.540257	116.011345	0.76866186	1780000	-0.01714968	783.4879	0.0	-284.13467	0.6277292	-4.1723247e-10	709.704461812973
445	268.80228	50.421673	315.2967	114.53727	300.66666	66.83811	35.237053	117.041435	-18.207052	1784000	0.13444854	557.3155	0.0	-282.94556	0.5425936	1.92225e-09	710.9852061271667
446	239.45464	75.33374	311.7148	79.3271	376.6	49.29928	41.79751	117.73975	-2.0167305	1788000	-0.05174721	232.24464	0.0	-71.6306	0.65471107	2.9802272e-11	712.5646619796753
447	218.20644	87.62744	294.39285	18.541857	279.07693	57.578407	37.33027	117.909386	-27.557995	1792000	-0.0028306283	829.2146	0.0	-141.02446	0.62623274	-2.1308662e-09	713.9578478336334
448	254.79692	67.77065	305.29095	16.54983	219.26666	70.008095	33.078663	118.205925	-37.284653	1796000	-0.006587006	414.9698	0.0	-102.84299	0.5841313	7.897616e-10	715.1430180072784
449	239.08665	68.09168	300.5068	21.127073	262.8	66.90886	39.971478	119.20758	-11.96085	1800000	0.026022809	250.36339	0.0	-105.48108	0.63690144	2.8014182e-09	716.4461388587952
450	242.36092	76.240944	295.59952	23.761738	287.76923	56.442062	39.933506	119.11454	-27.95141	1804000	0.033412702	587.39197	0.0	-164.3447	0.6015203	-2.8908254e-09	718.0318439006805
451	251.25246	67.12904	307.6463	63.00999	279.92856	65.80897	40.23471	125.08572	-9.9998045	1808000	-0.009393174	566.8534	0.0	-253.39601	0.59049594	1.0430813e-09	719.4698798656464
452	233.5551	89.80263	313.07767	18.14913	226.35715	68.64491	35.85541	119.392334	-27.890087	1812000	0.006296033	897.9585	0.0	-245.43806	0.59694743	-3.1739473e-09	720.8165698051453
453	265.3997	29.832956	296.01184	169.82591	297.53845	69.07777	21.858051	117.79876	8.709296	1816000	0.10784516	801.6012	0.0	-695.327	0.51365817	2.6822091e-09	721.9854159355164
454	256.9388	58.00939	290.0982	30.547237	228.17647	84.02233	17.117996	119.49164	0.9649544	1820000	-0.013913423	398.055	0.0	-87.96519	0.5971637	-6.705523e-10	723.1556949615479
455	245.38306	63.476868	312.814	73.38003	290.46155	67.959564	32.769466	118.69418	0.7550448	1824000	0.01293028	459.77176	0.0	-102.6608	0.62423116	1.0430813e-09	724.5349457263947
456	252.62956	58.09589	295.22705	59.08878	229.84616	63.96921	33.084053	116.8241	-39.906918	1828000	0.0064528473	451.0753	0.0	-220.74796	0.6260371	1.4901158e-10	725.8369028568268
457	252.94473	81.31709	323.65784	33.88747	226.76471	78.393196	22.704962	117.47548	-51.47042	1832000	-0.020484554	633.13324	0.0	-148.96843	0.5728752	-6.556511e-10	727.0030119419098
458	258.91763	60.848213	312.92484	35.756893	243.625	76.18183	23.68815	117.83799	-52.567608	1836000	-0.041736342	343.96735	0.0	-226.0568	0.58975005	3.7401913e-09	728.2743349075317
459	242.6996	72.46779	308.30466	52.359695	293.23077	59.25161	39.318756	119.043045	-48.679623	1840000	-0.001172781	379.15344	0.0	-121.14423	0.6277315	-3.9339065e-09	729.8190038204193
460	257.6369	38.78307	292.48254	135.21321	301.23077	57.739445	39.712074	118.35596	-33.781384	1844000	0.010348175	448.06586	0.0	-251.11327	0.6340662	-4.798174e-09	731.3302910327911
461	261.42914	62.139393	310.68634	35.510525	241.6875	79.53044	15.482209	118.942245	-34.857903	1848000	-0.00051409565	390.74878	0.0	-175.8934	0.6367504	-7.1525574e-10	732.4988689422607
462	253.58737	64.52216	302.41574	16.471794	236.1875	75.871315	24.411457	118.356926	-54.76101	1852000	-0.010126255	240.01247	0.0	-97.890175	0.64781135	3.2782554e-10	733.7770788669586
463	263.41324	13.789117	288.36652	236.39294	253.21428	79.56733	16.145601	118.52219	-20.997894	1856000	0.017458312	153.29193	0.0	-58.01437	0.61677694	1.4305115e-09	735.0560789108276
464	265.15775	42.09952	324.63187	134.47833	298.6154	68.97062	27.445833	118.55352	9.044171	1860000	-0.047015995	279.14343	0.0	-213.99438	0.6337497	-4.5448543e-09	736.547385931015
465	276.17444	19.94654	298.966	230.97568	229.9375	78.76565	18.383434	119.19624	17.7494	1864000	-7.68397e-05	181.26485	0.0	-128.92007	0.5950797	1.1175871e-09	737.7204051017761
466	219.98627	79.6593	286.27493	41.108097	279.46155	69.84108	36.392563	121.02896	-47.685272	1868000	0.007295663	735.2307	0.0	-433.05768	0.64375156	-6.556511e-10	739.0249490737915
467	277.9372	10.512709	295.25012	256.71378	233.1875	75.86947	19.433683	118.21712	-15.699271	1872000	-0.006321067	363.89294	0.0	-308.2741	0.6275276	-3.9786103e-09	740.1894416809082
468	262.7444	61.41507	316.95886	49.33268	226.0	77.0461	26.788363	121.880905	-34.595963	1876000	-0.036193375	490.67084	0.0	-244.28058	0.6277365	2.6524067e-09	741.4625568389893
469	257.95444	72.79716	307.43295	-23.99988	226.47058	84.26863	16.702461	121.676216	-0.43143666	1880000	-0.008967392	543.2303	0.0	-290.98886	0.5986641	-1.3411044e-10	742.6955018043518
470	264.92993	36.458817	294.75232	154.7021	296.69232	65.10705	32.888023	123.258736	-37.899895	1884000	-0.014140695	832.07385	0.0	-670.6322	0.61194533	2.30968e-09	744.0358316898346
471	273.1547	20.976784	304.22726	237.51218	229.07692	72.46004	32.234776	123.60165	7.124956	1888000	-0.023476232	324.24854	0.0	-185.11374	0.63571346	-2.3394824e-09	745.3589477539062
472	258.15524	51.040833	315.30344	103.15073	275.30768	64.97133	40.776848	124.13104	-15.907834	1892000	0.0485444	450.2716	0.0	-96.64385	0.55655587	-4.5001505e-09	746.7126626968384
473	263.61554	42.277836	296.1484	126.26251	278.42856	64.73226	37.30957	125.06074	-11.670606	1896000	-0.093735784	257.25873	0.0	-139.96484	0.6043217	-3.5017729e-09	748.1468238830566
474	269.43848	40.6338	315.36282	170.25235	313.875	41.555336	46.65141	124.934044	-12.126279	1900000	0.009540046	315.6012	0.0	-76.12907	0.52012455	-2.8163194e-09	749.633533000946
475	231.11075	83.11697	305.13382	35.230927	261.7857	66.173836	37.743263	124.85173	-8.817524	1904000	0.02335989	671.2197	0.0	-299.08807	0.6153835	3.6209822e-09	751.0214858055115
476	251.98918	33.86257	292.1775	151.6245	286.69232	57.5109	45.218086	125.7984	-31.117805	1908000	-0.009975674	658.1941	0.0	-434.80765	0.5582077	-3.516674e-09	752.2433428764343
477	263.5158	60.611042	313.2755	29.32625	215.82353	87.407585	27.154171	124.70809	-69.760826	1912000	-0.011669993	707.0861	0.0	-427.9845	0.57345796	2.4139881e-09	753.4350879192352
478	200.64536	109.49938	292.76678	11.138794	252.06667	68.113235	40.19491	123.803894	-20.930872	1916000	-0.017263534	1351.0391	0.0	-481.06564	0.61318815	-1.9967556e-09	754.7688388824463
479	226.95389	88.054115	294.8015	-7.480714	269.7857	53.26636	45.26701	120.89117	-65.0677	1920000	0.05604483	703.73596	0.0	-277.29718	0.5934017	2.9057263e-09	756.1408257484436
480	261.73773	62.95582	308.2287	9.444462	209.66667	76.20232	30.88574	122.76896	-61.05373	1924000	-0.052186158	756.81055	0.0	-516.39703	0.57283026	-1.2367964e-09	757.2746279239655
481	243.63083	80.51541	312.33322	30.530262	216.1875	82.757545	28.097696	122.81712	-65.346146	1928000	0.009034418	644.42053	0.0	-402.77997	0.5270061	2.8759242e-09	758.4941058158875
482	268.87692	14.231934	290.39764	235.16125	210.92308	67.02507	38.379745	122.48955	-40.956078	1932000	0.0053734295	343.23566	0.0	-151.99066	0.6080905	1.3113022e-09	759.8896729946136
483	260.74887	30.324005	284.2585	167.21606	267.2857	73.0982	35.793144	122.3824	-1.7277546	1936000	0.07537058	157.38235	0.0	-95.40091	0.6021754	-5.2601097e-09	761.1703808307648
484	264.25555	35.910435	306.58273	149.04298	278.0	64.0642	41.95194	123.13978	-42.764515	1940000	-0.0737696	692.12054	0.0	-530.7464	0.6204203	1.1920931e-10	762.730740070343
485	259.27567	58.43317	303.36066	44.403847	215.375	80.083534	27.916937	124.18567	-18.251831	1944000	-0.016033813	555.501	0.0	-148.37077	0.58157724	8.642673e-10	764.0204827785492
486	223.18114	119.587105	316.80646	-41.64149	211.83333	83.151794	21.494772	123.46777	-69.8753	1948000	0.017626334	1533.3716	0.0	-629.6185	0.58194965	-1.475215e-09	765.1845698356628
487	270.337	17.001759	301.86285	247.9201	218.17647	81.05953	19.746943	121.094284	-30.583412	1952000	0.0031016374	409.2544	0.0	-331.23993	0.57180786	2.9802383e-11	766.3873088359833
488	229.27884	81.50807	296.287	41.551746	268.57144	67.4601	41.21147	122.82145	-11.772407	1956000	0.0032284558	704.1932	0.0	-305.30524	0.5464448	-1.9371509e-10	767.6559970378876
489	258.1804	64.29787	309.4191	24.160786	237.93333	72.645905	27.455175	122.41188	-75.27803	1960000	-0.025344247	912.2146	0.0	-561.22363	0.61256266	-1.952052e-09	768.8283967971802
490	261.97583	66.349014	299.06656	1.6397634	226.52942	83.00237	18.28447	122.73262	2.6845903	1964000	0.0055825408	428.5338	0.0	-178.13142	0.55443627	6.1094757e-10	770.0354037284851
491	264.3995	56.75932	306.40366	57.39851	226.4375	80.051506	26.56928	123.95435	-18.341528	1968000	0.013478844	629.1865	0.0	-172.63931	0.56163704	-5.185604e-09	771.2775619029999
492	242.16162	75.82642	321.7301	55.530605	227.53847	69.56041	34.6516	123.06094	-2.2157865	1972000	0.024310112	754.1594	0.0	-337.36206	0.56167364	3.5613774e-09	772.6924469470978
493	259.7832	52.311573	300.86194	66.61516	226.4375	73.82342	23.471285	122.325645	-43.65322	1976000	-0.014447048	655.9724	0.0	-345.33136	0.59328425	7.4505846e-11	773.9079487323761
494	258.10587	54.897453	315.38516	58.479088	228.4375	83.46115	17.529642	123.757515	-38.764786	1980000	0.015471892	435.53717	0.0	-136.5272	0.6206831	4.917382e-10	775.0720789432526
495	247.06404	66.89114	301.67334	54.099487	219.16667	82.93093	17.482792	123.32928	-40.130024	1984000	0.009894124	487.07846	0.0	-250.81773	0.5853673	3.3825636e-09	776.2480337619781
496	282.40585	20.53364	318.7969	248.80159	230.58824	86.98901	17.57495	123.59596	-5.135037	1988000	-0.079586074	228.16644	0.0	-124.27409	0.54702485	4.3213366e-10	777.412232875824
497	259.58975	62.178207	311.69354	45.375023	221.92857	72.65703	33.117565	122.927574	-58.77485	1992000	-0.006096255	842.98694	0.0	-347.734	0.6047533	-8.0466267e-10	778.8674077987671
498	260.40143	61.734226	304.71768	23.663095	223.17647	86.46997	16.53755	122.61286	5.6094456	1996000	0.024132702	321.0829	0.0	-86.55319	0.5734507	-1.7881393e-09	780.0440828800201
499	240.37915	70.05859	295.88568	51.050514	275.85715	67.80591	36.297882	121.7948	-56.897953	2000000	0.010208121	345.35214	0.0	-88.294075	0.5969503	2.9951335e-09	781.996827840805
