Epoch	AverageEpRet	StdEpRet	MaxEpRet	MinEpRet	EpLen	AverageVVals	StdVVals	MaxVVals	MinVVals	TotalEnvInteracts	LossPi	LossV	DeltaLossPi	DeltaLossV	Entropy	KL	Time
0	-230.3877	139.60332	-2.7461777	-558.06976	84.434784	-0.08672965	0.030214299	0.093215525	-0.20614092	4000	0.016972534	21887.768	0.0	-1042.6416	1.3496566	-1.1026859e-09	0.9478929042816162
1	-256.3809	128.94302	-35.041473	-591.1947	90.454544	-4.2010164	0.43896306	1.5226666	-4.7275276	8000	0.01760099	23404.754	0.0	-1112.3271	1.3517151	-2.115965e-09	1.8928020000457764
2	-244.66197	143.63255	14.620399	-600.75464	90.25	-8.490734	0.07259414	-6.3732452	-8.5857115	12000	0.012984607	21799.137	0.0	-773.53125	1.3525593	1.1920928e-10	2.8267009258270264
3	-231.16464	137.85204	22.585333	-529.16754	89.068184	-11.612905	0.12649523	-5.57357	-11.668076	16000	0.016444514	18265.928	0.0	-579.791	1.3539472	-2.3841862e-10	3.7626118659973145
4	-209.60402	115.65471	-12.170736	-457.5636	91.23256	-14.283715	0.07105434	-12.550129	-14.322029	20000	0.012593637	13929.07	0.0	-464.18896	1.3554494	2.0861624e-10	4.738119840621948
5	-199.82605	118.705376	2.3081214	-463.3637	85.28261	-16.688435	0.04256964	-16.092913	-16.717665	24000	0.0149442665	13481.639	0.0	-437.00928	1.356935	3.8743014e-10	5.70688796043396
6	-262.08807	120.86257	-54.337887	-483.24823	91.72093	-18.809635	2.5006218	13.642684	-19.061892	28000	0.011063823	19651.754	0.0	-786.2715	1.3578643	1.4901161e-09	6.673913955688477
7	-205.1976	122.660835	-0.45357835	-461.3919	83.195656	-21.978065	0.0480999	-20.584236	-21.99224	32000	0.007681027	13203.877	0.0	-430.9126	1.3591067	8.9406954e-11	7.647390842437744
8	-179.08179	102.19547	-0.29911163	-485.52942	81.354164	-24.333424	0.07829492	-22.44329	-24.349371	36000	0.009984512	9369.563	0.0	-281.1919	1.3602471	8.940697e-10	8.594017028808594
9	-205.15263	128.31715	9.936041	-555.511	85.86957	-26.267616	0.02329818	-25.938702	-26.27679	40000	0.011343181	12370.508	0.0	-372.23193	1.3614666	1.4901162e-10	9.547056913375854
10	-237.7906	123.36389	25.719467	-514.53345	90.88372	-28.475199	0.021859808	-28.147615	-28.483997	44000	0.0033724755	14785.496	0.0	-503.7544	1.3621168	-2.4735927e-09	10.528046131134033
11	-216.1788	101.48833	-39.38399	-440.95923	86.0	-31.059282	0.0032515496	-31.009886	-31.063969	48000	0.018823437	11315.301	0.0	-423.74658	1.3629357	-1.1920931e-10	11.507048845291138
12	-207.33467	112.593216	56.36157	-478.04587	83.91304	-33.466194	0.015581089	-33.206234	-33.4719	52000	0.0049362853	11169.967	0.0	-373.6787	1.3633931	1.8775463e-09	12.478986978530884
13	-208.30685	137.1861	22.128922	-511.89514	91.38095	-35.738415	0.02619105	-35.424404	-35.7452	56000	0.006093895	11492.35	0.0	-329.70996	1.3648009	1.5795232e-09	13.458858013153076
14	-208.17152	116.42656	-18.445108	-512.60394	86.08889	-37.894844	0.073915206	-35.32902	-37.90148	60000	0.013012007	10136.596	0.0	-336.68457	1.3653615	6.2584876e-10	14.41170597076416
15	-191.08896	119.99748	7.427666	-570.17145	92.11628	-40.087616	0.009989851	-39.95821	-40.092167	64000	0.004190337	8156.841	0.0	-216.97534	1.3659403	2.1755695e-09	15.380100965499878
16	-202.38182	118.687004	31.063414	-435.35266	117.57576	-41.781715	0.5111302	-38.106075	-41.900257	68000	0.00658457	7595.3657	0.0	-324.313	1.3683825	-2.9802327e-11	16.928996801376343
17	-223.52176	123.794876	-87.59617	-465.68152	92.11628	-43.344055	0.29988644	-31.698467	-43.373955	72000	0.009801328	10683.589	0.0	-376.35742	1.3677477	5.9604655e-11	17.88386607170105
18	-225.56137	119.84407	-58.655167	-479.7026	90.18604	-45.70616	0.011925338	-45.466587	-45.716145	76000	0.007508345	9787.838	0.0	-345.667	1.3681568	-1.0430813e-09	18.858519077301025
19	-234.34322	148.69046	15.100806	-544.46466	93.666664	-47.693058	4.903599	40.528656	-48.049095	80000	0.0077804155	13184.11	0.0	-497.76562	1.3686777	4.768371e-10	19.81390380859375
20	-200.82925	101.189316	-74.53608	-422.47424	87.08889	-50.498264	0.032747954	-49.550747	-50.50261	84000	0.0054218173	6794.157	0.0	-237.53784	1.3696268	-9.23872e-10	20.782402992248535
21	-173.4699	108.77781	8.776679	-413.46136	87.68889	-52.482594	0.016371507	-51.889076	-52.485954	88000	0.004972033	5737.836	0.0	-137.35498	1.3700695	-1.3113022e-09	21.754942893981934
22	-157.25497	72.30363	-51.603294	-372.7916	86.82222	-54.01371	0.038789887	-51.876137	-54.017776	92000	0.003254123	2945.4814	0.0	-75.96771	1.3699533	2.6822095e-10	22.708103895187378
23	-193.33281	113.338844	14.828388	-541.69574	89.906975	-55.168514	0.11614356	-51.831738	-55.17999	96000	0.0038364604	6851.9014	0.0	-166.07373	1.3709834	-1.0430813e-09	23.656391859054565
24	-199.11066	134.56863	3.409196	-513.72906	89.068184	-56.852867	0.013414583	-56.438522	-56.855186	100000	0.0013436712	7941.2363	0.0	-206.68384	1.3714027	-1.1920931e-10	24.607160091400146
25	-211.37645	115.4919	-54.628006	-484.72778	92.18604	-58.77856	0.015059423	-58.284184	-58.781048	104000	0.0045817657	7233.5537	0.0	-249.88086	1.372473	8.940696e-11	25.55525803565979
26	-229.84343	125.78316	-17.7063	-632.7821	95.8	-60.902397	0.32668087	-50.78297	-60.918015	108000	0.00500926	8553.651	0.0	-255.64526	1.3725129	-9.834766e-10	26.544445991516113
27	-159.15929	109.46499	22.895538	-464.8893	90.37209	-63.047764	1.0046037	-33.2751	-63.10273	112000	0.0038679559	4486.0776	0.0	-54.743164	1.3733163	9.23872e-10	27.530736923217773
28	-164.7215	75.77813	-35.796272	-396.30353	90.72093	-64.15529	0.011872008	-63.84142	-64.156906	116000	-0.0015429929	2654.8442	0.0	-54.16162	1.3727313	1.1920928e-10	28.528193950653076
29	-178.09181	113.258514	14.646684	-446.2301	87.91111	-65.18937	0.022368187	-64.27819	-65.19147	120000	-0.00087963045	5115.7227	0.0	-90.01123	1.3735938	2.682209e-10	29.548881769180298
30	-193.24019	111.13618	-42.541298	-544.47125	90.441864	-66.53823	0.005066582	-66.34069	-66.53916	124000	-0.003612116	4889.241	0.0	-125.168945	1.3742094	8.940698e-11	30.522130966186523
31	-191.73418	113.46873	-40.290943	-540.37317	91.4186	-68.15657	0.04325182	-67.48683	-68.16091	128000	-0.0033269748	5148.004	0.0	-110.47168	1.3736868	-5.9604643e-10	31.51132893562317
32	-181.29688	106.38198	35.083546	-485.0422	87.08889	-69.72109	0.0073649324	-69.51818	-69.722084	132000	0.0008880496	4004.066	0.0	-79.43933	1.3751998	-5.066395e-10	32.4683039188385
33	-175.31134	96.2306	39.78604	-423.2021	91.46512	-71.04161	0.4272097	-56.839794	-71.07642	136000	0.002609916	4022.3901	0.0	-52.49475	1.3755733	-1.4901161e-10	33.42469501495361
34	-178.99437	89.00813	-67.25497	-427.37305	91.62791	-72.13819	0.00056047214	-72.12123	-72.13844	140000	0.0041415542	2773.0557	0.0	-52.015503	1.3751757	-1.1026859e-09	34.39197278022766
35	-149.94728	92.68111	17.139181	-345.78296	90.48837	-73.257515	0.0043350607	-73.14114	-73.25808	144000	0.004540816	3196.6855	0.0	-11.973511	1.3759824	1.7881392e-10	35.38485503196716
36	-162.37234	93.95195	-35.07431	-387.81873	93.71429	-73.84277	0.00029899817	-73.836586	-73.843	148000	7.586181e-05	2631.6794	0.0	-20.684998	1.376414	-5.9604655e-11	36.38295388221741
37	-140.40868	71.60062	-3.7711408	-375.82074	88.90909	-74.5662	0.03358343	-73.24123	-74.56817	152000	-0.0012822002	1783.9272	0.0	-1.4346313	1.3761373	-5.9604643e-10	37.354750871658325
38	-169.26906	93.1156	-3.588205	-402.35086	92.790695	-74.78329	0.010457742	-74.476616	-74.7844	156000	-0.002765581	3001.877	0.0	-36.903503	1.3766496	2.0861635e-10	38.323503732681274
39	-181.50768	97.73135	-55.821423	-494.42188	94.14286	-75.75997	0.00032050212	-75.74887	-75.76019	160000	-0.0050600003	3167.424	0.0	-67.3938	1.3762293	-7.45058e-10	39.34931182861328
40	-154.06094	93.442444	72.29546	-411.2894	122.70968	-77.14331	0.038801014	-76.048065	-77.14891	164000	-0.0020987922	3531.2056	0.0	-10.305359	1.3768239	-5.3644184e-10	40.75234794616699
41	-180.9698	99.23953	-51.71595	-484.49487	94.7381	-76.67741	0.3661826	-63.95436	-76.69484	168000	-0.0020558387	3445.935	0.0	-47.16162	1.3767927	2.384186e-10	41.750492811203
42	-182.19823	100.185165	-44.71302	-431.91473	91.23256	-77.77528	0.013020585	-77.25656	-77.776276	172000	-0.003067404	3374.8535	0.0	-65.30591	1.3770134	-9.23872e-10	42.70070195198059
43	-163.53905	82.444626	-34.158077	-378.02316	93.90476	-79.22058	0.023127157	-78.67282	-79.22209	176000	-0.0005943682	1858.6648	0.0	-11.760193	1.3773108	4.172325e-10	43.65116286277771
44	-154.41672	86.47257	-57.760983	-355.13657	90.4186	-79.897484	0.0036130203	-79.745255	-79.89783	180000	-0.005644139	2528.5132	0.0	-1.8005371	1.3770252	-7.45058e-10	44.60526371002197
45	-146.81757	97.897804	24.026396	-434.22308	88.02273	-80.167725	0.0027489725	-80.103424	-80.16809	184000	-0.008451715	2766.5881	0.0	-1.0455322	1.3773026	1.1920928e-10	45.56599497795105
46	-190.11287	104.166504	-19.99375	-448.30923	92.45238	-80.36466	0.012104184	-79.755165	-80.36532	188000	-0.0047074407	3283.7734	0.0	-50.88745	1.3766268	-1.1622906e-09	46.5110878944397
47	-137.98277	80.85681	7.417475	-397.35205	87.333336	-81.68354	0.002423063	-81.62613	-81.6839	192000	-0.0020869821	2093.796	0.0	-0.90966797	1.3780564	6.5565114e-10	47.46261501312256
48	-153.76149	85.26721	-43.9122	-452.82993	93.0	-81.565926	0.008676937	-81.17265	-81.56653	196000	0.00059712306	2100.7925	0.0	-1.6881104	1.377859	1.192093e-10	48.41925811767578
49	-140.13	78.22575	-1.5854684	-396.6217	91.139534	-81.78265	0.14345856	-78.68115	-81.79379	200000	-0.007604113	1896.5046	0.0	-3.4978638	1.3765514	8.9406965e-10	49.425490856170654
50	-155.8667	92.55264	39.43351	-455.4143	93.0	-81.46661	0.036761884	-80.818245	-81.46955	204000	-0.0028677508	2615.4	0.0	-1.0231934	1.376989	1.2218953e-09	50.43588876724243
51	-134.42789	75.94033	-3.4130945	-360.0631	89.69768	-81.61162	0.004015657	-81.450966	-81.611984	208000	-0.0032085478	1779.5311	0.0	-5.5967407	1.3768768	-2.3841857e-09	51.41764783859253
52	-143.43071	79.57621	-3.5576136	-414.03745	89.65909	-81.14389	0.0054843486	-81.0213	-81.14444	212000	-0.0074912533	1824.0977	0.0	-0.06890869	1.3768394	-8.9406965e-10	52.382490158081055
53	-126.38334	81.7814	17.149437	-446.10468	98.23077	-81.05445	0.01234589	-80.782585	-81.055565	216000	-0.0009014234	2398.751	0.0	-30.367432	1.3774804	-1.0430813e-09	53.34762692451477
54	-162.5711	88.14493	-30.806091	-392.80115	94.333336	-79.89422	0.025050906	-79.38128	-79.89619	220000	-0.0033801347	2574.9253	0.0	-4.947876	1.377064	-8.642673e-10	54.32980394363403
55	-141.01071	86.19403	-45.446175	-367.7866	91.78571	-80.30527	0.0082132295	-80.12513	-80.30602	224000	-0.0074955	2281.644	0.0	-1.5626221	1.3766828	1.1622906e-09	55.313390016555786
56	-123.86572	64.87675	-3.7078369	-313.28232	92.42857	-80.062515	0.12987205	-74.6222	-80.06909	228000	-0.0036845282	1634.3678	0.0	-23.05957	1.3776245	-9.2387203e-10	56.28071904182434
57	-151.37105	76.85627	10.826347	-321.04382	110.828575	-79.0156	0.07182836	-76.04563	-79.01942	232000	-0.0032057688	1998.0757	0.0	-1.2506104	1.3771582	-1.2516975e-09	57.238276958465576
58	-140.50641	69.248	-19.321337	-329.8139	97.19512	-78.778015	0.15208462	-75.20942	-78.78693	236000	0.001737739	1326.2004	0.0	-2.366516	1.3768678	-2.9802322e-10	58.20198917388916
59	-142.839	96.33119	-1.9934615	-445.07562	89.568184	-78.48203	0.0011179369	-78.455124	-78.48217	240000	-0.0024835467	2703.02	0.0	-0.20397949	1.3770254	-1.1324883e-09	59.171562910079956
60	-126.02486	80.52741	3.316031	-408.2585	93.02381	-78.57259	0.004966078	-78.49391	-78.57308	244000	-0.005538035	2148.2515	0.0	-20.00409	1.3776454	-5.066395e-10	60.14215397834778
61	-112.91661	57.89497	6.289177	-253.03012	94.34146	-77.50608	0.013025944	-77.21966	-77.507126	248000	-0.004760422	1532.2847	0.0	-58.797546	1.3772619	-6.8545336e-10	61.122148752212524
62	-155.56871	83.6355	-38.59328	-376.134	98.871796	-75.58323	0.0005982461	-75.561035	-75.58331	252000	-0.008401607	1945.7805	0.0	-9.3723755	1.3761966	1.1324882e-09	62.08364009857178
63	-133.05829	68.440315	55.442215	-268.72186	124.566666	-76.228	0.050949883	-75.76986	-76.24189	256000	-0.0059868544	3157.4854	0.0	-885.1819	1.3787217	-1.4007091e-09	63.53976392745972
64	-145.73842	82.07091	-29.586985	-410.72635	93.7619	-74.04603	0.10300295	-69.96375	-74.0708	260000	-0.0048750304	2016.4111	0.0	-7.5545044	1.3762345	2.2351743e-09	64.50394582748413
65	-149.83678	74.9804	-23.257101	-316.5099	96.0	-74.64093	1.0511475	-17.342905	-74.69325	264000	-0.005543329	1384.1592	0.0	-8.458435	1.376003	5.9604643e-10	65.4597499370575
66	-162.77066	77.238266	-3.3718011	-435.73706	96.5	-75.28327	0.72897494	-60.93886	-75.37014	268000	-0.009841656	1742.0222	0.0	-30.921143	1.3755945	-9.23872e-10	66.43182373046875
67	-129.42007	65.15087	-1.9519745	-306.1772	97.625	-76.50753	4.1334186	-2.2369113	-76.81501	272000	-0.00986246	1477.8313	0.0	-99.24658	1.3758824	8.3446505e-10	67.41792678833008
68	-145.15092	90.95848	29.431137	-377.99094	127.03226	-68.18406	15.463719	12.520633	-76.128525	276000	-0.0065036938	2261.1677	0.0	-189.26324	1.3770571	-8.642674e-10	69.1420669555664
69	-144.02039	93.74235	21.614817	-434.7211	96.82927	-75.932686	0.64174724	-59.915844	-76.00474	280000	-0.0018815845	2420.6062	0.0	-9.634827	1.3745859	-2.4884939e-09	70.11105513572693
70	-125.28751	97.193146	-16.034445	-609.4368	94.902435	-76.24067	4.716024	-5.2659893	-76.80251	284000	-0.0042406432	3219.4072	0.0	-134.7016	1.3753233	-5.6624416e-10	71.10123491287231
71	-117.225266	57.150505	-35.92188	-304.06894	91.39535	-75.57362	0.20639247	-69.116646	-75.600006	288000	-0.003981212	1139.6206	0.0	-18.13507	1.3753158	-6.2584876e-10	72.06626987457275
72	-129.73532	69.41181	-32.621277	-347.16272	95.12195	-74.32169	0.28128296	-62.642498	-74.3447	292000	-0.011055477	1435.9429	0.0	-3.9853516	1.3752583	9.536743e-10	73.03026509284973
73	-144.4348	75.28382	7.3352013	-338.00995	101.52631	-73.67814	0.19842586	-70.22089	-73.71096	296000	-0.005906418	1990.4133	0.0	-3.3069458	1.3742985	2.980232e-10	74.01313996315002
74	-144.69505	98.48725	18.030622	-487.94122	92.52381	-73.74094	4.124999	28.172878	-74.081795	300000	-0.003468573	3554.2676	0.0	-57.98706	1.3739176	1.5795231e-09	74.98060274124146
75	-155.28714	69.43391	-53.49898	-338.95465	99.1	-75.40986	1.5264251	-37.449512	-75.510376	304000	-0.002071783	1376.4127	0.0	-45.829773	1.3736868	-6.705523e-10	75.9669759273529
76	-125.1516	56.037357	-4.5030684	-307.83255	93.902435	-77.04164	0.04366387	-75.58007	-77.04448	308000	-0.007930927	1132.1569	0.0	-16.979156	1.3740828	-2.2798776e-09	76.94131302833557
77	-129.151	68.151215	-28.253796	-315.08966	98.89744	-75.82994	0.45208195	-64.40625	-75.85437	312000	-0.005483033	1575.562	0.0	-7.7837524	1.3743999	1.4007091e-09	77.94047093391418
78	-161.36464	108.32388	56.586205	-444.72888	102.36842	-75.14355	1.4068376	-35.97004	-75.23696	316000	-0.004587233	2911.6396	0.0	-42.013916	1.3711689	1.3411044e-09	78.91063094139099
79	-151.41312	85.427376	-52.678154	-392.88092	94.775	-76.24553	2.306738	-31.522402	-76.44957	320000	-0.004580412	2591.4155	0.0	-59.7489	1.3713887	7.4505807e-10	79.87950801849365
80	-139.85675	84.34972	29.575315	-403.9963	101.052635	-77.297905	0.3971756	-66.163826	-77.337616	324000	-0.0028759222	2449.8037	0.0	-8.643433	1.3719795	-2.8312205e-10	80.85245275497437
81	-139.0721	71.009224	-41.562946	-326.42932	94.7619	-76.93032	0.0015840214	-76.87385	-76.93047	328000	-0.0074087307	1340.462	0.0	-0.6669922	1.3730831	1.3411046e-10	81.83520674705505
82	-129.07484	68.91089	-11.930258	-305.06015	100.28205	-77.10462	1.0005062	-55.475037	-77.17905	332000	-0.0043487176	1537.7561	0.0	-22.551697	1.3719131	1.937151e-10	82.84492588043213
83	-128.02501	66.50574	23.00341	-271.96735	102.76316	-75.38924	5.406709	60.925896	-75.62571	336000	-0.0029547568	1493.8625	0.0	-74.51526	1.3733938	1.4603139e-09	83.83030080795288
84	-113.904366	44.644836	-10.552967	-235.93181	90.13636	-74.12656	0.0010803912	-74.10271	-74.126656	340000	-0.014454551	853.0439	0.0	-33.711792	1.3719177	-1.0877848e-09	84.82110476493835
85	-130.07932	73.91862	-21.298824	-352.6098	96.439026	-72.039474	0.001472688	-71.99122	-72.039635	344000	-0.0027099848	1786.0674	0.0	-0.24230957	1.3695168	5.960464e-11	85.82161688804626
86	-134.28064	68.814476	-6.682012	-302.95166	93.7619	-71.73786	0.023714567	-71.20501	-71.73931	348000	-0.011264771	1396.2502	0.0	-3.2992554	1.3702871	1.0579825e-09	86.81165099143982
87	-144.46385	78.77961	16.02105	-353.28363	102.31579	-72.387184	0.003024198	-72.30593	-72.38745	352000	-0.0003694296	1924.0833	0.0	-9.466064	1.3692229	-2.6822092e-10	87.80589580535889
88	-144.85234	72.28449	11.505437	-325.00943	97.3	-73.546616	0.010815682	-73.27081	-73.54771	356000	-0.015491355	1519.8286	0.0	-11.455322	1.3695517	-5.960464e-10	88.88472700119019
89	-133.4781	83.16832	14.436563	-412.57123	96.5	-74.82747	0.6458117	-52.300266	-74.86108	360000	-0.0115862265	2259.0085	0.0	-7.239746	1.368614	5.811453e-10	89.95168089866638
90	-120.87984	61.02356	29.337027	-256.67905	95.68293	-75.120346	0.0053664623	-74.988144	-75.12078	364000	-0.011032306	1404.3214	0.0	-26.183289	1.368149	-2.115965e-09	90.98941802978516
91	-118.1473	60.771976	-18.73535	-323.17194	98.589745	-73.166115	0.00033571792	-73.1559	-73.16615	368000	-0.007845022	1414.9741	0.0	-43.00757	1.3697557	1.8924473e-09	92.02093005180359
92	-140.2647	72.0172	-41.103943	-310.60413	93.666664	-70.55047	6.714962e-05	-70.54757	-70.55049	372000	-0.014342611	1441.6904	0.0	-20.412537	1.3664384	-1.3560058e-09	93.02708697319031
93	-120.30778	79.144775	41.43305	-357.59482	99.02564	-72.08312	1.638978	-25.871668	-72.181206	376000	-0.0120199695	2130.5068	0.0	-38.603455	1.3665224	-5.066395e-10	94.00205588340759
94	-110.79403	81.040016	36.182476	-352.4852	97.35	-70.85739	0.0034533385	-70.768875	-70.8577	380000	-0.008185444	2615.0908	0.0	-57.6167	1.3677725	1.5199184e-09	94.97687077522278
95	-127.38176	65.56166	-27.827768	-330.88828	95.875	-67.8293	0.0033157852	-67.69395	-67.82947	384000	1.8835068e-05	1639.0446	0.0	-17.1315	1.3649831	-1.1920928e-10	95.97640705108643
96	-133.71251	75.098404	-7.6732535	-342.1266	97.17073	-69.30555	0.08768033	-67.01939	-69.31244	388000	-0.0042874813	1724.7966	0.0	-20.551086	1.3647318	1.6391277e-10	97.0082848072052
97	-111.89906	61.54802	17.524937	-319.87277	98.589745	-71.15331	0.0042006066	-70.907196	-71.15341	392000	-0.010649301	1276.3658	0.0	-42.181305	1.3660196	-1.1771917e-09	98.02014088630676
98	-111.90281	65.38397	29.788841	-285.2773	96.55	-68.67219	0.0014164855	-68.63724	-68.67232	396000	-0.019994527	1353.0142	0.0	-18.39331	1.366483	3.7252906e-10	99.01055192947388
99	-115.22581	63.492714	-0.71292305	-323.03445	97.35	-66.841675	0.006023978	-66.6831	-66.84203	400000	-0.0071093105	1398.5068	0.0	-5.562256	1.3646097	-7.599592e-10	99.97432279586792
100	-142.22261	82.29682	-32.022472	-341.39667	99.2	-65.81728	0.026253955	-65.02256	-65.81872	404000	-0.011471295	2217.3816	0.0	-80.03125	1.3627422	-5.8114535e-10	100.97134208679199
101	-159.24501	106.637	34.682915	-368.34488	134.89655	-69.331985	0.008432898	-69.03137	-69.33334	408000	-0.0031947717	4038.4165	0.0	0.017089844	1.3641872	2.6375055e-09	102.42994093894958
102	-119.60194	70.33593	-14.805752	-302.7294	92.78571	-69.63117	0.009130879	-69.336716	-69.6317	412000	0.009823557	1593.4374	0.0	-0.93499756	1.3595252	1.3709068e-09	103.4159197807312
103	-139.86702	73.02135	-48.82975	-374.03723	98.9	-70.014404	7.325073e-05	-70.01199	-70.01443	416000	-0.008737268	1293.8596	0.0	-16.397217	1.3595474	-9.0897084e-10	104.40587115287781
104	-113.95929	65.98368	17.978302	-264.9011	102.447365	-71.70458	0.0014087107	-71.63625	-71.70466	420000	-0.01573896	1539.1555	0.0	-36.39099	1.3597374	2.8312206e-09	105.39576697349548
105	-122.697464	59.260025	-36.984642	-343.51108	101.23077	-69.2868	3.5610152e-05	-69.28465	-69.2868	424000	-0.01667681	1037.9979	0.0	-5.795929	1.3619487	-7.897616e-10	106.37329888343811
106	-126.05358	66.196655	9.548753	-292.199	103.447365	-68.15364	0.004471445	-68.031044	-68.15398	428000	-0.010561064	1549.1974	0.0	-0.40234375	1.3586175	-8.940697e-10	107.38506388664246
107	-148.76884	82.0056	-27.611305	-354.87827	101.86842	-67.8424	0.0007758746	-67.824974	-67.84246	432000	-0.018005915	2265.7583	0.0	-49.241394	1.3562367	-7.8976153e-10	108.41956782341003
108	-136.09953	67.256134	23.201532	-280.88312	104.810814	-70.8077	0.17973395	-63.8927	-70.81661	436000	-0.007489576	1396.492	0.0	-1.894104	1.3563769	-7.599592e-10	109.44024181365967
109	-152.63574	100.47106	-1.6330985	-452.328	103.23684	-71.21451	0.0008047295	-71.19354	-71.214584	440000	-0.0012646839	3211.4197	0.0	-96.65271	1.3567822	1.296401e-09	110.46037983894348
110	-135.51093	83.33032	-9.619986	-444.08063	100.53846	-75.350624	0.0006007065	-75.338776	-75.35067	444000	-0.011547498	2220.2917	0.0	-0.6341553	1.3552701	-8.9406965e-10	111.46201586723328
111	-157.0905	82.63352	-9.290403	-394.71298	107.22222	-75.15123	0.0005315754	-75.12948	-75.15127	448000	-0.008124341	1809.1113	0.0	-28.529114	1.3547835	-8.642673e-10	112.47389578819275
112	-137.9966	92.13912	-12.610833	-361.57095	104.0	-77.37696	0.0011974752	-77.326706	-77.37703	452000	-0.0011536255	2109.9194	0.0	-1.6361084	1.3550301	1.5497208e-09	113.48194408416748
113	-120.943474	91.309715	12.637667	-384.13086	108.85714	-76.924904	0.0007817864	-76.90107	-76.92501	456000	-0.000754172	2686.0745	0.0	-70.09766	1.35129	-8.940697e-10	114.49901700019836
114	-89.2759	40.59785	-4.445777	-198.25218	102.91892	-73.34447	0.0004987685	-73.32965	-73.34451	460000	-0.016631238	1461.586	0.0	-291.7486	1.3542154	9.387733e-10	115.50236487388611
115	-103.41351	59.63357	60.516106	-239.34392	100.73684	-66.62469	0.001456327	-66.5797	-66.62482	464000	-0.006900428	1552.1636	0.0	-60.003967	1.3516133	-2.1904707e-09	116.51289391517639
116	-126.462	65.571655	-16.961224	-288.02103	109.542854	-63.488796	0.0017661643	-63.439125	-63.48895	468000	-0.014469761	1327.644	0.0	-7.3045654	1.3523006	2.0861625e-10	117.53098177909851
117	-131.42087	77.86923	-12.879654	-374.48047	104.51351	-64.37282	1.572331e-05	-64.37243	-64.37283	472000	-0.010728911	1807.9617	0.0	-17.580017	1.3496866	1.0281801e-09	118.52198600769043
118	-120.16801	73.02985	-32.372997	-382.18918	107.44444	-66.003296	0.000125609	-65.99819	-66.00331	476000	-0.0056905746	1367.5336	0.0	-2.104065	1.35017	-2.1904707e-09	119.5243968963623
119	-106.007286	58.099712	56.38998	-256.23358	95.36585	-65.519745	0.0005009123	-65.505325	-65.51978	480000	-0.021319658	1068.2941	0.0	-9.422852	1.3450212	6.2584876e-10	120.54185700416565
120	-130.82571	82.55931	-10.106265	-365.4209	98.289474	-64.298164	0.0004161211	-64.28498	-64.298195	484000	-0.018891603	1886.8284	0.0	-54.474304	1.3448154	-6.1094757e-10	121.57478499412537
121	-143.99554	79.66392	-5.1868534	-361.69708	115.088234	-67.09871	0.00059286563	-67.08469	-67.09876	488000	-0.0029280558	1795.5144	0.0	-26.546204	1.3493853	2.2351743e-09	122.59802794456482
122	-155.53098	90.12917	-37.79581	-491.63385	109.25714	-69.239845	0.001216743	-69.22019	-69.23998	492000	-0.0022522956	2488.4531	0.0	-65.96411	1.3428996	-2.8312208e-10	123.60886597633362
123	-127.796875	66.52603	-39.602985	-338.85556	105.666664	-72.45894	0.00075846777	-72.43544	-72.459	496000	0.004303083	1538.5222	0.0	-0.01940918	1.344042	-5.5134297e-10	124.61936688423157
124	-107.37987	68.88466	-13.209354	-283.07935	106.083336	-72.44545	0.00064951385	-72.42717	-72.44551	500000	-0.016311137	1628.3083	0.0	-114.90723	1.3409106	1.2367964e-09	125.64614915847778
125	-148.63672	90.27069	-12.058107	-472.17157	111.02857	-68.33943	0.0005879001	-68.3212	-68.339485	504000	0.0055696554	2258.837	0.0	-24.101562	1.3405395	-9.387732e-10	126.64687585830688
126	-126.67091	78.20456	13.232392	-318.65143	109.34286	-70.007225	0.0043916516	-69.89699	-70.00754	508000	-0.00403193	1618.8501	0.0	-0.056030273	1.3423326	-1.1473894e-09	127.6490888595581
127	-123.09651	57.55017	-26.192165	-259.2584	117.875	-70.247665	0.00013855824	-70.24432	-70.247665	512000	-0.016354974	1093.855	0.0	-44.73462	1.3444843	-1.3858079e-09	128.6672477722168
128	-117.29228	70.6904	19.436586	-297.8708	103.810814	-67.677216	0.00034049325	-67.661606	-67.677246	516000	-0.013463758	1463.6039	0.0	-8.799896	1.3411479	-1.6391277e-10	129.69248509407043
129	-120.716995	61.693233	-40.61578	-322.41095	101.31035	-66.39548	0.00070072565	-66.38703	-66.39571	520000	-0.0029926896	2041.2407	0.0	-79.89691	1.346461	1.8775463e-09	131.5618019104004
130	-128.79495	76.56536	-19.455465	-291.91672	110.37143	-62.906235	0.00036774875	-62.895702	-62.90627	524000	-0.012086514	1462.79	0.0	-7.4460754	1.3406208	9.834766e-10	132.55711483955383
131	-142.97293	73.540474	-13.790068	-290.96185	112.76471	-63.809525	0.0022231676	-63.760643	-63.809727	528000	-0.0042914078	1401.0745	0.0	-43.341248	1.3371348	-6.109476e-10	133.62155294418335
132	-139.15788	90.90167	12.315162	-382.73145	139.60715	-66.420906	0.0019355546	-66.39734	-66.42154	532000	0.0066891164	2705.17	0.0	-28.167175	1.3416119	-5.5134297e-10	134.9755048751831
133	-138.57214	92.01212	20.144575	-408.89542	108.19444	-64.48077	0.0022417363	-64.419426	-64.480965	536000	-0.010202065	2526.5146	0.0	-38.196472	1.3318442	4.0233136e-10	135.98404788970947
134	-140.2986	78.86319	-13.371044	-353.96298	123.741936	-66.768936	5.6968645e-05	-66.76722	-66.76895	540000	-0.014766611	1808.1488	0.0	-1.0161743	1.3400896	4.61936e-10	136.98977780342102
135	-119.628395	64.13492	-26.088936	-274.7735	102.13158	-66.47735	0.00010762437	-66.4748	-66.47737	544000	-0.015249159	1301.1664	0.0	-0.06790161	1.3353988	-7.599592e-10	137.97592902183533
136	-138.67082	82.121506	-19.517776	-346.5569	115.411766	-66.55477	0.04807484	-64.39747	-66.55704	548000	-0.016544418	1623.7728	0.0	-1.1627808	1.3328524	-1.6391277e-09	139.00612497329712
137	-135.38562	70.82333	15.616807	-304.44824	112.20588	-66.984505	0.001027761	-66.95493	-66.9846	552000	-0.013406232	1862.0975	0.0	-14.75824	1.3330948	-8.940697e-11	139.99995803833008
138	-139.77078	85.378654	-4.763489	-346.4819	109.171425	-68.5909	0.0060998714	-68.43138	-68.591385	556000	-0.00926094	2086.2073	0.0	-44.572205	1.330064	1.013279e-09	140.98558688163757
139	-120.66403	66.62323	-15.774007	-367.63202	112.71429	-71.42495	0.0047440827	-71.304054	-71.4252	560000	-0.006619729	1791.9097	0.0	-20.967072	1.329347	-2.220273e-09	141.99733805656433
140	-131.58945	80.45156	-35.128853	-418.08426	121.3125	-69.648575	0.00068252935	-69.61847	-69.648605	564000	0.0074687973	1778.5452	0.0	-3.8564453	1.3304033	2.2351743e-10	143.012592792511
141	-130.68648	91.128685	10.45768	-351.3211	112.70588	-68.722046	0.00010853642	-68.71892	-68.72206	568000	-0.0016819537	2172.3596	0.0	-0.5576172	1.3284986	-1.3411044e-10	144.02244591712952
142	-110.0841	75.140236	-22.389963	-322.8935	105.94444	-69.01089	0.0077526234	-68.71563	-69.01118	572000	-0.010711089	1637.1982	0.0	-43.73938	1.3296547	7.8976153e-10	145.03366994857788
143	-135.34334	78.82438	-19.155153	-396.69482	118.90909	-66.19455	0.009721741	-65.93855	-66.19519	576000	-0.006874837	1718.8096	0.0	-0.46813965	1.3298628	-1.2814998e-09	146.04963397979736
144	-128.65518	68.51743	-24.783405	-351.49622	111.42857	-66.37225	1.5496782e-05	-66.37163	-66.37225	580000	-0.013591365	1377.0436	0.0	-1.7888489	1.3292792	-5.5134297e-10	147.05416083335876
145	-81.35722	74.75437	82.76835	-262.7028	153.84	-66.98451	0.002702426	-66.9119	-66.9848	584000	-0.0101295635	2878.2207	0.0	-399.05627	1.3402122	1.3411044e-09	148.6236138343811
146	-121.83212	76.51152	26.779604	-349.34045	125.19355	-59.34551	0.000721956	-59.326557	-59.345654	588000	-0.00575386	2242.9548	0.0	-0.7294922	1.3280408	2.5480986e-09	149.8112518787384
147	-124.96476	87.34989	48.822384	-334.28687	144.84616	-58.55729	0.0004317362	-58.5528	-58.557434	592000	0.0010140389	2497.5684	0.0	-12.60968	1.3362076	1.2964011e-09	151.4323709011078
148	-116.84055	71.33323	32.81248	-267.5869	115.117645	-57.248337	0.00027069324	-57.242622	-57.248375	596000	-0.0070368275	1386.676	0.0	-6.032898	1.3255513	-3.5762787e-10	152.4331350326538
149	-103.07437	68.588776	16.239756	-328.2344	123.15385	-58.096134	0.035598863	-57.63377	-58.10446	600000	-0.018540837	1686.3385	0.0	-268.7955	1.3311677	-2.9802322e-10	154.0010528564453
150	-124.58094	94.17855	-10.421169	-439.14084	111.6	-55.523735	0.019728497	-55.211185	-55.52934	604000	-0.009016097	2659.2852	0.0	-83.22119	1.3204727	4.6193596e-10	155.06892275810242
151	-125.59191	77.21348	-15.716112	-386.16312	111.37143	-58.506447	3.3502927	8.570465	-58.810764	608000	-0.014483685	1673.6873	0.0	-110.4126	1.3151361	3.4272668e-10	156.10464692115784
152	-101.4181	45.32567	-13.238956	-200.69824	115.67647	-61.49701	0.007909124	-61.383396	-61.49818	612000	-0.021812346	1051.7478	0.0	-25.243225	1.3236468	-3.4272668e-10	157.1467089653015
153	-141.96861	80.23384	7.1055818	-357.86276	117.57576	-59.76142	0.05210366	-58.393154	-59.765507	616000	-0.017893117	2115.3123	0.0	-45.046387	1.3211112	6.705522e-10	158.16833877563477
154	-119.35115	80.17099	26.739658	-322.46533	110.35294	-62.116848	0.007828936	-61.90235	-62.117416	620000	-0.023697838	1943.1477	0.0	-0.774292	1.321647	1.8626451e-09	159.16934895515442
155	-145.21031	91.25699	-13.397014	-363.0441	119.030304	-61.892525	0.012712279	-61.554848	-61.893314	624000	-0.0047431514	2172.3503	0.0	-79.11481	1.3205289	1.4603139e-09	160.18030905723572
156	-118.9469	68.856766	9.328247	-282.1558	122.84375	-65.14947	0.00016477902	-65.14678	-65.14955	628000	-0.009963575	1302.97	0.0	-9.171814	1.3177001	6.4074995e-10	161.2082920074463
157	-130.77776	93.19733	52.379307	-327.83313	125.92	-64.1756	0.029046876	-63.417862	-64.179886	632000	-0.0032490236	2888.7993	0.0	-44.259888	1.3302386	1.1920931e-10	162.5127558708191
158	-129.8785	83.93893	-17.227873	-313.36368	120.09375	-61.647537	0.0025268423	-61.56095	-61.64786	636000	-0.013908751	1794.958	0.0	-11.7908325	1.3151314	-5.215407e-10	163.54416394233704
159	-122.1765	98.77059	43.55523	-474.3429	117.030304	-62.819603	0.021203935	-62.33067	-62.821903	640000	-0.009268004	2655.7136	0.0	-1.3199768	1.3082267	5.0663945e-10	164.63373684883118
160	-135.61867	93.57899	-29.764702	-385.81454	124.451614	-63.280342	0.07678941	-60.718548	-63.28544	644000	0.0074177627	2370.7483	0.0	-6.397339	1.30458	1.6838313e-09	165.71015906333923
161	-105.876144	75.21147	5.5630593	-335.31317	117.21212	-64.19435	0.03652237	-63.16241	-64.19646	648000	-0.018046722	1611.4489	0.0	-17.533386	1.3131907	1.6242265e-09	166.75139784812927
162	-96.34792	72.9334	40.308292	-259.0531	161.875	-62.58443	0.12299643	-57.894627	-62.5931	652000	-0.013513774	2229.6646	0.0	-208.71997	1.3271168	-5.2154064e-10	168.37601900100708
163	-117.4057	78.53256	-13.445316	-324.981	126.22581	-57.11533	0.028850954	-56.04104	-57.1166	656000	-0.018389283	1771.9043	0.0	0.44158936	1.3149703	2.69711e-09	169.43289017677307
164	-116.3715	90.54771	6.221613	-388.67194	113.32353	-56.93635	0.014229086	-56.37046	-56.93716	660000	-0.01063918	1949.9841	0.0	-8.5598755	1.3106518	1.564622e-09	170.47483110427856
165	-92.08611	73.551216	10.674467	-267.27142	120.90625	-58.040646	0.013059223	-57.725925	-58.04168	664000	-0.016260695	1705.4705	0.0	-27.104431	1.3124269	9.983778e-10	171.54674887657166
166	-153.76144	96.50845	-9.6023	-339.22394	120.25	-56.011047	0.8529312	-38.31642	-56.131355	668000	0.0038322345	3177.2998	0.0	-296.33728	1.3009282	-1.2069941e-09	172.7567081451416
167	-117.0933	82.79087	-7.2685356	-365.01385	121.65625	-59.412437	2.9621496	-6.3549666	-59.71435	672000	-0.02463781	1988.1559	0.0	-20.60669	1.300922	2.682209e-10	173.79555892944336
168	-119.629715	90.607605	59.409832	-320.89044	156.56	-59.185013	6.639714	55.507614	-60.10613	676000	0.0016716123	2972.2407	0.0	-604.4634	1.3128114	2.4586915e-09	175.4371440410614
169	-135.69658	106.0116	16.258198	-383.90466	126.5	-56.13947	8.560112	11.784089	-59.672863	680000	0.010166004	2917.4585	0.0	-133.03113	1.2933651	5.811453e-10	176.47039890289307
170	-120.95056	90.88277	7.734369	-399.34897	118.84849	-59.702744	9.399902	44.05539	-62.852966	684000	-0.0048328377	2460.249	0.0	-212.4408	1.2939456	2.5182962e-09	177.50476789474487
171	-111.05496	95.34946	12.845078	-332.77728	131.06667	-52.408096	8.230537	39.413006	-64.53445	688000	0.0030634105	2621.446	0.0	-140.30243	1.2984446	-5.960464e-10	178.5412847995758
172	-125.02125	70.40711	28.18098	-230.38486	156.36	-44.505665	12.653674	-7.394493	-65.69628	692000	-0.020745948	1360.4764	0.0	-202.15918	1.3169038	-2.2351743e-10	180.1725628376007
173	-147.45279	76.053856	-21.71278	-302.3301	127.0	-59.38053	6.5616455	-16.474258	-66.77367	696000	-0.0062782057	1952.878	0.0	-159.23633	1.308635	1.385808e-09	181.1831169128418
174	-110.59591	66.91699	-20.231314	-303.4675	114.20588	-67.687004	1.2239531	-59.900757	-68.50914	700000	-0.013006344	1316.0879	0.0	-180.87311	1.2909166	-7.599592e-10	182.20715498924255
175	-136.48055	115.89899	-4.781338	-436.38525	131.6207	-59.63602	5.9846034	-27.858227	-68.34765	704000	0.008234784	3040.2598	0.0	-294.4933	1.2930619	-1.7881391e-10	183.2392680644989
176	-120.838585	72.16658	20.187592	-283.4016	123.703705	-57.45978	9.992379	-9.540897	-71.46768	708000	-0.01028654	2141.227	0.0	-270.00494	1.3043654	2.3245812e-09	184.66032195091248
177	-99.41098	71.175964	-0.52928495	-224.91399	123.066666	-56.96343	6.502311	-46.54816	-71.22429	712000	-0.030833837	1583.5752	0.0	-111.763916	1.2937181	8.493662e-10	185.68375182151794
178	-117.15567	63.811806	-11.107936	-262.83447	123.83871	-53.211933	8.078611	-46.535595	-70.26836	716000	-0.035128593	1109.1201	0.0	-46.04193	1.2887223	2.2947788e-09	186.74972105026245
179	-135.54549	107.32439	19.729195	-388.77823	121.645164	-54.572605	8.606601	-19.092094	-71.2742	720000	-0.008590259	2863.2837	0.0	-283.19434	1.2902958	4.917383e-10	187.78009009361267
180	-125.411896	80.483406	-16.444174	-294.92957	128.6	-61.633163	9.383317	-21.721008	-74.430664	724000	-0.015974	2046.5531	0.0	-164.63007	1.2898308	5.6624416e-10	188.8399920463562
181	-127.683304	84.18245	-25.096737	-353.74228	129.83333	-62.146767	9.795403	-50.768562	-75.30057	728000	-0.012621317	1535.1721	0.0	-106.707886	1.2839264	4.4703485e-10	189.87270975112915
182	-121.268486	87.021454	-15.145448	-311.02505	128.5	-60.70793	10.024754	-51.0133	-76.069435	732000	-0.025408316	1907.2666	0.0	-63.020996	1.2913517	1.2665986e-09	190.96486401557922
183	-132.06978	75.42379	-16.955265	-303.28848	143.92308	-59.76713	9.413455	-51.40674	-77.21768	736000	-0.015484251	1247.0939	0.0	-75.70215	1.2841444	1.6242265e-09	192.04263281822205
184	-111.9188	66.400215	31.19298	-265.641	124.258064	-59.226322	10.0779	-50.005993	-76.673	740000	-0.019955441	1237.3837	0.0	-91.37427	1.2875779	-3.054738e-09	193.09315085411072
185	-113.18492	76.56015	-1.0454222	-340.40494	135.39285	-53.658657	7.494908	-50.00718	-76.84289	744000	-0.006829083	1569.6656	0.0	-164.18335	1.2795272	-1.4603139e-09	194.1201090812683
186	-110.54753	77.58142	12.282278	-365.47867	131.06897	-56.965054	10.376418	-49.063107	-76.85413	748000	-0.026303686	1429.9686	0.0	-43.02643	1.2832234	-3.2782554e-10	195.16840505599976
187	-124.8893	67.742485	-31.278229	-291.15314	134.10345	-56.62239	11.334916	-46.879025	-75.60653	752000	-0.011939574	1336.0975	0.0	-130.38202	1.2800766	-3.129244e-10	196.223397731781
188	-134.74985	91.7904	-22.992147	-316.86093	128.96666	-62.35698	12.3159485	-47.43453	-76.88254	756000	-0.016934738	1987.3059	0.0	-120.422485	1.2839992	1.7881394e-10	197.24944686889648
189	-115.62812	79.37432	-2.8357859	-261.8194	129.82759	-59.680298	10.752413	-49.238556	-79.14188	760000	-0.019381292	1140.075	0.0	-159.90482	1.2784209	1.2665986e-09	198.30349373817444
190	-107.22908	81.613464	-1.8538432	-299.91837	128.52	-60.574436	12.207073	-48.46394	-79.07505	764000	0.0025475621	2314.5732	0.0	-328.094	1.2953329	1.4007091e-09	199.80075192451477
191	-116.89794	113.04847	6.9530087	-461.63403	133.41379	-54.472477	11.649701	-24.066187	-76.182236	768000	0.008785158	2484.913	0.0	-208.71552	1.2710917	-1.0579825e-09	200.8683729171753
192	-131.89961	83.43976	-10.449707	-314.81342	132.41667	-59.168583	11.844485	-45.520893	-77.356636	772000	-0.00051908195	2239.6853	0.0	-347.23486	1.2883068	1.1920928e-10	202.3253879547119
193	-101.602394	76.54924	66.9334	-278.42267	168.21739	-60.067642	12.355479	-38.665573	-77.41853	776000	0.008330449	2125.1904	0.0	-776.53625	1.2884667	1.5944243e-09	204.25134372711182
194	-118.26371	104.29649	26.562174	-374.70645	132.92308	-50.79894	10.813906	-4.1155024	-76.191826	780000	0.004775837	2577.6416	0.0	-497.67975	1.2735021	1.7881394e-10	205.4440507888794
195	-94.9285	58.59533	26.997957	-194.91551	186.14285	-38.938766	26.71086	30.786993	-77.78921	784000	-0.015230566	1113.2128	0.0	-160.12576	1.294692	-6.556511e-10	207.06805801391602
196	-102.88449	70.509125	5.133385	-300.20523	126.4	-40.185204	18.72555	15.062269	-75.73622	788000	-0.015125435	1601.561	0.0	-243.2167	1.2871835	-1.013279e-09	208.55761408805847
197	-116.17897	101.565315	27.918102	-343.1103	125.82143	-42.610832	15.687243	14.423315	-73.771225	792000	-0.024380535	3230.618	0.0	-929.55	1.2659016	-1.564622e-09	209.6654829978943
198	-101.177246	63.5635	-16.7447	-268.72577	137.31035	-53.92132	15.185105	5.823599	-80.06069	796000	-0.008237265	1363.3904	0.0	-467.6035	1.2807965	4.470349e-10	210.6987898349762
199	-114.88845	101.423416	6.4461193	-436.4987	138.25	-45.83924	17.66385	-27.699154	-80.58377	800000	-0.0001097545	2419.2595	0.0	-139.41415	1.2736073	1.4454127e-09	211.74602389335632
200	-97.272804	73.66093	45.45545	-288.25845	123.741936	-48.83588	17.933842	-30.75481	-83.10795	804000	-0.027837802	1332.6414	0.0	-156.60992	1.270364	-7.599592e-10	212.81599688529968
201	-122.08214	98.556206	-13.644524	-355.36752	148.11539	-54.12917	18.043371	-29.740677	-83.81352	808000	-0.021161668	1878.3131	0.0	-158.51819	1.272849	1.5497207e-09	213.91057991981506
202	-131.14235	67.42398	-37.60538	-311.41385	151.6923	-50.843163	19.988497	-9.777622	-86.41216	812000	-0.029209755	1132.4209	0.0	-156.92615	1.2693992	1.5944243e-09	214.98993396759033
203	-126.89147	106.58275	-2.3476164	-367.082	127.03333	-56.223938	12.721711	-44.74792	-87.818695	816000	-0.007851576	2056.1685	0.0	-353.81866	1.2732229	1.0430812e-10	216.03065586090088
204	-133.97948	66.65058	-32.976616	-262.27496	139.72728	-69.02487	18.533873	-33.4218	-90.45445	820000	-0.010918021	2268.4258	0.0	-901.6815	1.2826312	-1.1920931e-10	217.66343903541565
205	-157.4571	101.931595	-11.326553	-332.08377	138.92592	-54.68982	15.392464	5.2901254	-90.099205	824000	-0.004534036	2934.0542	0.0	-617.3545	1.2628627	1.9967556e-09	218.73253202438354
206	-125.598	78.478485	-15.61726	-303.29858	138.07408	-61.111298	18.812788	-29.649841	-91.70369	828000	-0.0129725635	1164.1252	0.0	-207.3978	1.2771907	1.7136335e-09	219.7765030860901
207	-97.98494	64.08582	-15.491862	-251.28973	151.23077	-58.234688	19.55695	-28.50303	-93.37729	832000	-0.0276241	1117.8926	0.0	-303.4828	1.2712028	3.874302e-10	220.9128439426422
208	-110.55834	88.678055	8.027816	-330.45126	125.935486	-42.06311	16.51519	-20.567873	-91.905266	836000	-0.028947711	1725.8931	0.0	-390.86005	1.2639797	2.8163196e-09	221.93572878837585
209	-86.85988	80.18204	10.478125	-308.30768	133.0	-56.478718	20.3772	-32.322975	-93.48012	840000	-0.02225618	1717.3984	0.0	-389.50153	1.2699311	-7.599592e-10	223.0065758228302
210	-121.728745	90.0301	-13.753488	-352.36963	131.1	-44.327053	18.969742	-29.95259	-93.09377	844000	0.006872615	1966.4407	0.0	-657.59	1.2561736	-2.0861626e-10	224.08497500419617
211	-106.98133	59.53879	-26.223303	-293.8269	132.68965	-58.952175	18.774641	-35.777973	-94.81374	848000	-0.038772836	1036.1416	0.0	-363.6896	1.2674035	-4.4703463e-11	225.13111281394958
212	-97.44001	65.398605	-11.29909	-276.58713	139.35715	-52.212307	19.403263	-31.38546	-94.778145	852000	-0.026808701	1192.3877	0.0	-202.8548	1.2628077	-2.7269125e-09	226.18567180633545
213	-98.54793	80.59749	27.771284	-274.2296	139.0	-45.141018	21.261002	59.778526	-94.53303	856000	-0.0056779664	1962.5259	0.0	-496.47205	1.2706276	-2.3841857e-09	227.3873908519745
214	-102.02189	77.23459	-11.3003845	-359.36505	135.65517	-45.370804	18.194824	-3.7062328	-93.951836	860000	-0.022666112	1536.729	0.0	-223.18915	1.2641999	-2.428889e-09	228.461434841156
215	-81.438736	57.853935	7.5084677	-252.12521	138.67857	-46.47153	17.341349	-16.549961	-91.976456	864000	-0.0153446235	1046.1409	0.0	-152.88605	1.260819	2.2500752e-09	229.5206220149994
216	-97.92376	62.249306	-10.840668	-276.38174	130.23334	-40.85159	18.3382	-16.959541	-94.43088	868000	-0.022572141	975.24243	0.0	-247.5411	1.2591658	1.296401e-09	230.5762529373169
217	-124.430534	85.159424	-17.126965	-339.73907	142.25926	-44.18955	20.31538	-18.260014	-96.37811	872000	-0.004635595	1976.4929	0.0	-530.52094	1.2567352	1.3560058e-09	231.67767977714539
218	-96.23952	74.44373	44.879517	-288.8348	185.57143	-56.474163	21.351625	21.859203	-98.26091	876000	-0.016123965	1682.6896	0.0	-633.35516	1.2806377	5.662441e-10	233.95665574073792
219	-107.8587	78.80477	27.66216	-294.6281	194.89473	-37.714504	29.387909	30.129498	-97.67369	880000	-0.023941234	1856.5061	0.0	-761.19836	1.2872393	-5.364418e-10	236.17745089530945
220	-110.90176	75.41055	-18.429022	-292.96878	139.2963	-40.497753	20.509466	-14.397288	-97.48473	884000	-0.003866442	1173.5035	0.0	-410.34036	1.2621212	4.4703484e-11	237.2138397693634
221	-79.96278	79.63662	53.18445	-261.0489	141.1	-39.351685	21.063595	30.26056	-99.132904	888000	-0.014461536	1996.5745	0.0	-356.82605	1.2755568	-1.4752151e-09	239.16329908370972
222	-75.04077	67.705925	3.6393225	-285.83145	138.28572	-34.110462	22.434204	-6.0123014	-97.98003	892000	-0.033156086	904.4612	0.0	-138.25378	1.2663543	2.2947788e-09	240.21623587608337
223	-85.134766	72.65306	13.391729	-322.30338	139.96428	-36.56668	21.003942	7.881192	-98.5472	896000	-0.039011214	1302.8435	0.0	-166.92496	1.2553022	-1.296401e-09	241.26899981498718
224	-132.20665	94.96403	-18.95078	-370.13843	137.77272	-37.93046	25.656141	-5.1258593	-100.42196	900000	0.026620403	2279.3345	0.0	-471.6076	1.2670588	-8.1956386e-10	242.79922890663147
225	-99.255684	72.546486	-11.830143	-341.0656	133.82143	-51.130917	22.034575	-11.881611	-102.3841	904000	-0.021784112	970.9476	0.0	-145.59729	1.2570605	-9.685754e-10	243.83702087402344
226	-130.80748	89.664345	22.653357	-353.97375	139.62962	-54.406425	26.785559	-8.205328	-104.221596	908000	-0.006718863	1387.5701	0.0	-242.33638	1.2489115	-6.109476e-10	244.89747977256775
227	-88.83237	72.90257	17.642582	-277.12253	150.07692	-53.507225	20.374567	-23.582573	-105.168495	912000	-0.015008658	1093.6138	0.0	-312.62646	1.2549765	-1.5348196e-09	245.97738003730774
228	-79.07352	63.256607	29.563162	-209.84575	125.96667	-44.454906	24.93694	-14.207739	-105.99101	916000	-0.0309408	1008.30176	0.0	-149.56732	1.2542939	1.6689301e-09	247.02153277397156
229	-106.03807	90.11133	-14.06057	-433.3263	136.14285	-45.230377	21.931665	-14.09323	-105.650955	920000	-0.021440484	1293.9585	0.0	-180.97336	1.254705	9.685754e-10	248.0933120250702
230	-91.1375	64.300575	-18.96589	-335.6347	143.59091	-42.086475	23.155182	6.2820315	-107.16096	924000	-0.029198013	1281.6157	0.0	-457.80124	1.2570149	4.470349e-11	249.42702388763428
231	-81.06902	64.508484	19.545546	-269.19974	136.10715	-39.50196	19.542295	-12.829144	-106.638725	928000	-0.0312007	709.0769	0.0	-181.83478	1.2535636	-1.7285346e-09	250.51195192337036
232	-92.32245	75.6771	16.378258	-315.4133	139.22223	-46.548126	24.483963	-8.133488	-107.94692	932000	-0.03142567	932.1904	0.0	-136.432	1.2544768	1.1473893e-09	251.57690691947937
233	-93.63068	75.9971	-2.3936014	-375.2163	132.17241	-45.646088	23.588707	-7.571274	-108.56235	936000	-0.0009071678	1668.9341	0.0	-411.80386	1.2521551	-1.2814998e-09	252.62970399856567
234	-62.80241	56.79453	24.279007	-238.48141	138.35715	-45.02715	24.933363	-2.4959633	-109.62693	940000	-0.044793535	1345.9009	0.0	-434.46634	1.2558007	1.1175871e-09	253.73527193069458
235	-100.108086	91.48056	12.897413	-347.69858	144.6923	-47.786327	24.462862	5.5551805	-108.67534	944000	-0.013027649	1746.0669	0.0	-511.01328	1.2593899	1.3560056e-09	254.87891292572021
236	-75.75739	74.4366	20.007353	-247.0117	141.44444	-40.08502	25.268383	-4.768902	-110.78018	948000	-0.003283836	1536.1559	0.0	-285.6422	1.2470297	-6.705523e-10	255.958735704422
237	-99.62229	70.75037	-34.73877	-302.07556	147.13637	-40.02656	24.428339	-4.9165335	-110.63855	952000	-0.020437788	1403.0015	0.0	-484.24567	1.2511781	1.0281801e-09	257.2877779006958
238	-83.97058	50.843933	26.655733	-180.24287	148.46153	-43.049583	20.829586	-10.686687	-110.08031	956000	-0.014537245	822.059	0.0	-300.3703	1.2502751	1.0281801e-09	258.35049295425415
239	-82.861435	77.13576	43.300743	-242.22037	141.25926	-36.936726	21.576836	-11.664203	-111.10778	960000	-0.040933974	958.2235	0.0	-200.74185	1.2372625	7.3015693e-10	259.40959882736206
240	-97.95975	77.70659	-3.0105994	-340.13928	144.0	-48.96031	25.498035	-8.0878315	-112.161766	964000	-0.03934987	1293.0844	0.0	-527.7251	1.2429714	2.2351745e-10	260.5123989582062
241	-87.02999	61.402832	-8.190074	-246.15898	162.91667	-40.17019	28.937523	-4.7694964	-114.50858	968000	-0.015140161	932.0094	0.0	-153.15369	1.2514409	-3.5762787e-10	261.6744508743286
242	-98.897385	75.72827	-9.506449	-253.8834	149.15384	-41.92859	23.089117	-5.8071957	-114.24588	972000	-0.018698633	1108.7892	0.0	-145.80447	1.2386978	-1.0430813e-10	262.7586898803711
243	-70.23031	53.569313	25.203989	-226.16582	127.933334	-41.36938	28.091291	-5.8097477	-115.20547	976000	-0.031569146	557.3211	0.0	-77.1393	1.2315559	2.1606685e-09	263.79661989212036
244	-95.63853	89.725655	49.595707	-287.2731	182.38095	-49.078445	26.328234	-8.154692	-115.66921	980000	-0.008976899	1820.9337	0.0	-865.3323	1.262739	1.013279e-09	265.82834672927856
245	-72.07548	53.96345	5.037152	-223.05586	139.32143	-39.34521	25.110989	0.56372976	-115.79157	984000	-0.038798712	619.9073	0.0	-102.83795	1.2369018	-1.952052e-09	266.9280939102173
246	-71.1763	69.16787	31.146196	-247.00208	140.0	-37.526333	25.78616	-3.9206195	-115.85589	988000	-0.030644573	1214.8761	0.0	-165.69485	1.2355343	1.0430813e-09	268.0302131175995
247	-53.25182	64.69408	94.657364	-243.3571	191.95	-32.641956	23.716621	-3.6603966	-116.160645	992000	-0.024377622	1670.2963	0.0	-569.91345	1.2677016	3.874302e-10	269.94853711128235
248	-78.32066	78.85465	31.0178	-326.01416	153.8	-22.14161	19.621983	35.72773	-106.2395	996000	-0.0069943047	1356.7784	0.0	-457.645	1.2450807	-4.3213366e-10	271.04206895828247
249	-81.476166	65.85682	11.446449	-248.87584	149.23077	-38.39596	19.781178	-11.596642	-116.64611	1000000	-0.035276927	1225.9398	0.0	-242.5672	1.2434139	-5.066395e-10	272.1594009399414
250	-68.72241	59.633804	43.403706	-239.64214	135.24138	-34.620293	19.039688	-6.094668	-117.29764	1004000	-0.015951818	975.2587	0.0	-235.29205	1.2255347	1.758337e-09	273.2115068435669
251	-71.00639	55.76891	7.8766894	-221.26651	144.03703	-34.095985	21.564997	-10.333609	-117.79254	1008000	-0.034829546	694.09375	0.0	-115.79309	1.2299073	8.3446505e-10	274.25538086891174
252	-99.02271	70.99017	20.91095	-245.94711	170.82608	-43.73832	28.115208	-9.625518	-118.562256	1012000	-0.004907176	1537.0615	0.0	-836.20264	1.2454793	-1.2814999e-09	276.02206206321716
253	-63.846382	63.844307	14.683692	-243.62503	153.64	-48.257973	20.800232	-6.5280848	-119.18826	1016000	-0.043447368	1154.2334	0.0	-357.59976	1.2404618	1.4603138e-09	277.13762497901917
254	-53.441154	86.3409	74.904106	-222.71776	221.0	-32.608692	24.42232	-2.0066073	-118.703026	1020000	-0.040317602	1751.0151	0.0	-628.0432	1.2634814	2.4288893e-09	279.14457178115845
255	-86.251434	69.396675	10.27953	-262.37247	178.45454	-21.657917	19.69907	9.290535	-104.35497	1024000	-0.016885921	1406.7852	0.0	-410.0005	1.2458515	1.3709068e-09	280.5677480697632
256	-68.109215	65.72143	34.055195	-285.564	154.4	-31.799063	22.888927	-2.4256082	-114.970634	1028000	-0.04090921	935.1417	0.0	-166.68073	1.2315096	-3.4272674e-10	281.657595872879
257	-79.73661	63.26595	5.653778	-241.45157	149.88461	-29.030441	21.957615	-2.003253	-117.766754	1032000	-0.038025603	967.70593	0.0	-205.32027	1.2210217	-1.3411046e-10	282.7341248989105
258	-58.616432	47.473236	18.923803	-167.73088	180.04762	-42.589745	21.81291	-7.394061	-109.05672	1036000	-0.031450033	1220.3624	0.0	-520.51	1.2564566	-1.3709067e-09	284.75350975990295
259	-66.884315	71.45878	32.914463	-275.32745	134.07143	-31.850145	21.495525	-2.1296225	-118.35298	1040000	-0.046644554	1124.6971	0.0	-77.884705	1.2118753	1.1920929e-09	285.8197350502014
260	-94.175446	57.51672	17.55281	-204.71684	152.68	-31.664976	24.345724	-1.2998583	-112.74714	1044000	-0.04334515	764.0143	0.0	-242.1588	1.2307738	-1.4901158e-10	286.88341188430786
261	-92.05396	60.52352	-2.6852703	-263.29465	166.34782	-43.9865	21.120222	2.1372364	-117.5232	1048000	-0.01839802	1352.9655	0.0	-335.36084	1.2309462	1.2516976e-09	288.21930384635925
262	-67.9859	77.32969	37.29184	-220.94547	197.6842	-34.050022	21.894327	5.0485034	-116.88137	1052000	-0.046720438	1141.0773	0.0	-382.3623	1.2479377	-4.917383e-10	290.08306980133057
263	-73.373665	64.96879	42.948025	-188.0365	167.52174	-28.922977	19.271076	4.6706285	-112.05298	1056000	-0.0077077225	884.34735	0.0	-308.3636	1.2271862	8.791685e-10	291.189386844635
264	-84.403404	73.5578	15.344353	-247.63957	162.54167	-39.81011	29.417318	4.0673456	-120.65723	1060000	-0.051362652	1091.0088	0.0	-295.25357	1.210619	-1.3560056e-09	292.3095669746399
265	-79.56011	78.6431	52.037766	-238.40784	154.6	-35.052284	24.076464	-2.0711663	-121.386765	1064000	-0.050752886	1040.1096	0.0	-217.24216	1.2171855	1.1920929e-09	293.4088349342346
266	-48.465008	47.005806	63.287758	-132.48016	213.27777	-40.846054	24.887983	1.205051	-120.656204	1068000	-0.019465327	1438.121	0.0	-929.63306	1.2423677	-5.6624405e-10	295.1941559314728
267	-49.93236	52.04506	13.939427	-176.85126	150.375	-23.633043	22.592203	40.233856	-109.34686	1072000	-0.045328632	568.98376	0.0	-136.96005	1.2135317	3.4868717e-09	296.29313588142395
268	-56.06826	74.02945	23.291864	-263.32007	258.2	-17.003138	19.802355	9.978577	-108.026886	1076000	-0.04365546	863.6301	0.0	-151.6868	1.2603772	2.9057263e-09	298.5922439098358
269	-62.73057	70.62228	89.35697	-234.38568	213.88889	-23.252089	23.157936	9.519264	-111.23222	1080000	-0.042275283	862.5119	0.0	-153.29007	1.2384285	-2.3841857e-09	300.4808278083801
270	-52.110485	58.552315	36.835876	-235.3023	198.4	-19.368874	19.698723	12.944832	-104.53221	1084000	-0.026036894	1036.6224	0.0	-166.22345	1.2301571	-4.4703483e-10	302.2036328315735
271	-79.66001	77.12076	59.785316	-273.26242	164.875	-23.912363	20.0233	-1.4485943	-115.184326	1088000	-0.024179451	1246.8052	0.0	-504.39084	1.2174344	-1.2069941e-09	303.3027069568634
272	-63.147816	54.307877	23.471376	-192.65067	151.33333	-51.173977	31.753233	4.52349	-119.49905	1092000	-0.06692816	1700.2224	0.0	-920.7687	1.196968	-2.7865172e-09	304.3948109149933
273	-79.71943	78.62058	17.100508	-301.64285	166.30435	-21.771582	24.707817	6.200468	-113.59418	1096000	-0.024252374	1095.4395	0.0	-454.97424	1.2008375	-1.5199184e-09	305.5020909309387
274	-68.539955	72.112015	25.59271	-261.71436	189.0	-33.903145	27.145416	10.587856	-121.34928	1100000	-0.052436784	882.0217	0.0	-233.7876	1.2234466	1.9073485e-09	307.8418769836426
275	-37.837597	62.485233	44.202637	-184.74602	197.42105	-24.410364	25.111498	7.4991007	-123.33834	1104000	-0.029071925	1356.2853	0.0	-316.61505	1.2278619	1.8626451e-09	309.4226858615875
276	-44.175617	63.602478	52.632633	-243.06737	142.15384	-18.957258	26.232962	7.829153	-121.64365	1108000	-0.04223726	779.82715	0.0	-263.02826	1.1899061	-8.9406926e-11	310.5153908729553
277	-48.00279	64.96138	23.39178	-235.80975	173.09525	-28.473188	26.44441	5.5105352	-121.60607	1112000	-0.040078193	1076.6517	0.0	-225.137	1.2039561	2.9802327e-11	311.705687046051
278	-84.45031	78.87648	27.891153	-277.24945	165.39131	-24.028917	28.626469	8.320767	-122.94752	1116000	-0.011900015	1357.5671	0.0	-474.20685	1.1898639	2.1606685e-09	312.7861497402191
279	-55.38979	59.974285	19.632465	-229.09709	197.8421	-40.213604	31.056807	6.7824054	-122.69171	1120000	-0.061445296	1631.6094	0.0	-846.7902	1.2126667	9.387732e-10	314.4735701084137
280	-80.322105	74.45398	44.95415	-204.0339	385.77777	-22.43945	21.333626	8.928329	-117.94697	1124000	-0.028577637	1618.0339	0.0	-505.614	1.2573801	8.3446505e-10	316.5300588607788
281	-67.307785	82.192955	52.896034	-244.2754	169.0625	-8.52628	19.576439	10.549568	-116.88613	1128000	-0.0068655536	1154.7437	0.0	-225.764	1.2164932	-2.220273e-09	318.43560910224915
282	-64.53305	63.11385	10.274608	-221.71541	218.05556	-24.326633	22.357643	6.352727	-119.39082	1132000	-0.017340213	1469.3263	0.0	-256.41916	1.2110693	-5.960465e-11	320.66276502609253
283	-53.653103	62.669254	25.93849	-186.15314	213.66667	-24.328867	22.031776	3.623809	-112.9419	1136000	-0.025279801	840.58655	0.0	-216.34387	1.2131855	-9.536743e-10	322.58734798431396
284	-55.941677	42.733994	41.886463	-159.62602	171.04546	-22.490383	23.450838	18.153118	-121.10145	1140000	-0.05939403	917.0285	0.0	-284.28537	1.1906872	5.960464e-10	323.7335069179535
285	-46.51041	75.29576	22.187086	-287.6026	279.42856	-26.809185	21.901789	2.8662581	-118.305084	1144000	-0.010273542	1046.0325	0.0	-267.95987	1.2198411	3.5762787e-10	325.6216299533844
286	-67.96556	54.741863	37.942715	-172.17113	188.9375	-19.203728	21.874275	4.9149017	-115.55085	1148000	-0.05408108	740.25586	0.0	-148.63281	1.2169156	-2.9802327e-11	327.44840383529663
287	-72.23642	72.70837	14.346781	-247.9058	176.40909	-23.325628	21.12331	6.11831	-120.399086	1152000	-0.03544321	965.592	0.0	-439.37708	1.173974	-8.791685e-10	328.5917239189148
288	-35.082188	53.6042	64.31337	-127.19984	260.6154	-29.287378	26.311817	8.378804	-119.421646	1156000	-0.042221386	2207.281	0.0	-1304.3915	1.213578	-8.940697e-10	331.00480794906616
289	-59.684666	63.019188	22.679653	-202.41473	212.0	-12.427882	19.693916	21.312244	-113.09429	1160000	-0.015451644	1608.2253	0.0	-437.13205	1.1965282	1.7285346e-09	333.22643303871155
290	-71.58309	89.217026	52.167503	-215.13057	262.66666	-32.74156	25.761341	18.087645	-124.05513	1164000	-0.013865761	1760.3674	0.0	-710.07355	1.2291751	-1.6242266e-09	335.0459477901459
291	-60.053642	41.006783	2.7677524	-140.59929	185.1875	-15.071176	17.093111	38.21489	-121.49134	1168000	0.001615053	786.0856	0.0	-320.8147	1.2098482	2.2351743e-10	336.7367329597473
292	-68.961296	66.23611	53.23482	-187.5561	192.42105	-18.376701	22.17917	25.12584	-109.70507	1172000	-0.028648503	1170.1255	0.0	-390.71664	1.1859393	5.960465e-11	337.89883375167847
293	-54.701675	84.65782	48.178547	-265.81772	342.36365	-29.329004	19.910599	5.7602153	-126.12303	1176000	-0.016618624	1455.8885	0.0	-350.90466	1.2353556	9.983778e-10	340.2455470561981
294	-52.157524	72.37936	42.871365	-217.17497	301.92307	-15.143682	18.360437	9.504765	-125.16271	1180000	-0.0055538937	912.7457	0.0	-241.20337	1.2236538	-1.7881394e-09	342.39202785491943
295	-52.029015	55.675945	6.9464183	-201.1888	261.93332	-17.405563	20.19057	9.20653	-103.15233	1184000	-0.015018746	740.38916	0.0	-225.49327	1.2213516	-6.109476e-10	344.6537139415741
296	-56.541626	69.66467	41.41538	-182.00215	193.3	-20.261602	24.425657	10.40404	-124.79718	1188000	-0.028459098	1341.5098	0.0	-492.79602	1.1859076	3.5911798e-09	345.83975291252136
297	-68.251274	83.9006	31.144083	-293.70575	180.31818	-20.340408	25.799112	9.447517	-127.38843	1192000	-0.022172838	1292.5536	0.0	-187.00922	1.1722682	-1.4603139e-09	346.98634481430054
298	-71.44228	67.57111	51.581757	-221.36165	218.94118	-35.750805	30.616741	8.506107	-127.58389	1196000	-0.030226395	1170.6102	0.0	-536.4118	1.1921418	-2.4139881e-09	348.9688377380371
299	-56.23911	43.43024	7.5216	-147.2411	446.57144	-27.588192	17.262785	6.9615173	-116.20178	1200000	-0.035986423	1637.5967	0.0	-714.5758	1.2323279	2.4437905e-09	351.42762899398804
300	-75.72408	87.74086	34.671154	-261.7844	279.66666	-9.44055	21.322357	13.951442	-124.38991	1204000	0.00983731	1700.1836	0.0	-570.9005	1.2075262	3.0845404e-09	353.75710678100586
301	-44.509945	54.906834	59.08712	-166.37953	327.16666	-19.660425	22.434	14.847283	-123.84352	1208000	0.0015479922	1038.2886	0.0	-412.2491	1.2163944	-9.685756e-10	355.6685109138489
302	-74.196236	75.61521	12.290047	-248.0416	223.21428	-20.977968	19.060926	9.922664	-121.59151	1212000	-0.016618565	1122.1627	0.0	-275.7952	1.1899445	1.2516975e-09	357.70360708236694
303	-60.808716	102.48071	41.75949	-340.7603	293.81818	-17.671036	15.620701	13.0568495	-90.30695	1216000	-0.012685858	1398.1447	0.0	-524.0944	1.2140764	-1.6093253e-09	360.0808789730072
304	-59.87451	74.673836	40.07094	-244.8647	196.5	-14.912887	25.032303	22.645113	-116.34256	1220000	-0.042853475	1663.8511	0.0	-827.9921	1.1750729	-1.6540289e-09	361.32375383377075
305	-61.04077	102.93399	39.58928	-341.2725	171.11765	-28.73834	32.924976	12.911686	-128.20389	1224000	-0.0047425255	1545.0991	0.0	-527.5504	1.1857061	-2.682209e-10	363.418016910553
306	-13.648065	35.867016	26.317385	-96.05601	383.375	-20.510872	19.33272	17.025011	-110.31718	1228000	-0.030873712	1012.4658	0.0	-508.43268	1.2551783	-6.407499e-10	365.9882860183716
307	-92.25605	76.11245	33.841095	-222.6874	187.35294	-12.070983	27.661976	23.013264	-121.64754	1232000	-0.02058161	2093.977	0.0	-1062.0914	1.1730342	-3.874302e-10	367.3292438983917
308	-43.978348	49.46773	51.478096	-135.96387	184.0625	-31.63846	22.917257	8.600005	-126.857544	1236000	-0.04314568	810.907	0.0	-263.3614	1.1911783	4.4703463e-11	369.48786187171936
309	-137.9648	98.77214	27.471346	-317.72495	304.7	-27.90425	28.501112	12.574994	-128.53249	1240000	0.012533717	1917.9851	0.0	-412.39233	1.2136528	-1.1920929e-09	371.5844337940216
310	-34.49129	56.364452	49.479004	-204.06325	242.73334	-15.551695	15.408239	7.0116434	-127.59869	1244000	-0.045583285	1266.8711	0.0	-241.37073	1.2001427	-1.9371504e-10	373.45174288749695
311	-50.727345	56.606544	15.62783	-175.42444	240.26666	-14.371183	20.068228	13.504915	-127.622765	1248000	-0.035913236	870.4482	0.0	-145.53049	1.2050436	-1.0877848e-09	375.31990098953247
312	-37.63926	68.59988	55.074158	-190.80191	178.27272	-16.729856	23.753475	10.837019	-129.06339	1252000	-0.003403396	808.18713	0.0	-191.86316	1.1581421	-5.2154064e-10	376.48296093940735
313	-60.57875	75.52283	24.539587	-225.47484	243.0	-24.474915	30.339064	14.753284	-130.60626	1256000	-0.01631749	753.03687	0.0	-179.29742	1.2058676	-1.5795232e-09	378.4672660827637
314	-72.913994	92.58914	33.845757	-295.40427	271.15384	-21.135023	29.42168	16.038134	-130.8007	1260000	-0.01569207	1029.5557	0.0	-213.1149	1.2178224	1.4156103e-09	380.5719678401947
315	-62.29519	57.569927	13.03733	-210.87234	239.2	-26.42938	24.502314	16.29102	-130.78905	1264000	-0.041286316	1195.1118	0.0	-415.65167	1.2106194	-1.3113022e-09	382.62165808677673
316	-49.426125	57.431133	9.884184	-217.61234	319.0	-21.485664	20.613747	21.457998	-123.44232	1268000	-0.023014333	1150.9261	0.0	-472.15457	1.223424	2.6077034e-09	385.008731842041
317	-39.31377	43.798904	22.602419	-145.78271	207.5	-6.0953155	17.590363	24.836067	-98.94248	1272000	-0.045029562	995.69574	0.0	-241.30725	1.2065221	1.4901164e-11	387.12897300720215
318	-46.954803	45.681805	27.293594	-177.90158	175.35	-13.83351	24.0522	18.763874	-119.6002	1276000	-0.064540766	618.01154	0.0	-131.11916	1.1787763	-3.1590461e-09	388.2849540710449
319	-64.193474	71.20544	32.27736	-193.4905	327.66666	-20.280218	21.909317	17.6529	-124.51096	1280000	-0.01661745	986.0608	0.0	-268.46866	1.2314425	9.0897084e-10	390.6019299030304
320	-43.362133	62.52694	33.899372	-225.69736	171.04546	-18.492266	33.472515	18.81652	-124.30753	1284000	-0.057334546	725.8816	0.0	-182.3896	1.1708963	1.7583369e-09	391.7446668148041
321	-54.713345	86.45457	32.885563	-247.12057	218.35715	-26.672785	24.129072	14.719479	-123.49435	1288000	-0.018918157	1201.0118	0.0	-436.2849	1.2015588	1.1026859e-09	393.94087386131287
322	-21.721554	37.00752	22.126253	-148.1612	240.375	-12.9671	20.494162	20.437937	-119.80793	1292000	-0.022866378	425.19055	0.0	-161.70984	1.1996986	1.1920931e-10	395.8144738674164
323	-41.89256	49.51294	42.09946	-180.55591	171.21739	-15.154402	24.146294	21.760767	-123.7793	1296000	-0.071864404	461.75806	0.0	-86.651	1.1512089	-5.6624416e-10	396.9442529678345
324	-53.20345	72.95672	53.164192	-177.6454	271.7143	-20.815155	24.512754	20.794094	-127.78102	1300000	-0.018505126	942.9421	0.0	-237.12637	1.2022595	3.7550927e-09	399.1768310070038
325	-61.2556	77.70066	33.463886	-221.60948	320.75	-19.93442	20.674242	23.027363	-122.2205	1304000	-0.021515567	909.9963	0.0	-327.88266	1.2022816	-2.8312206e-09	401.3043451309204
326	-21.022678	76.54754	39.21314	-210.55927	339.5	-15.321459	23.620201	42.54169	-124.16021	1308000	-0.023344414	941.42065	0.0	-315.52972	1.2214139	8.9406954e-11	403.62544298171997
327	-42.476547	64.676994	39.05779	-162.7606	209.66667	-4.831927	21.26663	26.802717	-113.54975	1312000	-0.0209587	1053.0531	0.0	-483.49612	1.1910752	5.066395e-10	405.67264795303345
328	-44.654484	69.53445	45.280514	-194.29872	261.33334	-16.243837	20.786034	21.595146	-124.0258	1316000	-0.026021302	1516.6392	0.0	-564.4039	1.1871805	3.218651e-09	407.7352240085602
329	-39.963036	59.804356	52.03636	-132.29051	355.875	-24.676136	26.322912	23.724035	-127.49117	1320000	-0.02035315	1615.162	0.0	-693.73364	1.2293582	-2.6822095e-10	410.52435302734375
330	-27.7353	46.035324	63.37112	-108.4123	374.3	-5.4599967	22.612597	27.28637	-76.41566	1324000	-0.028179262	681.0057	0.0	-206.48773	1.2271369	4.0233136e-10	412.50729489326477
331	-54.198284	65.42105	16.362625	-232.68782	183.5238	-5.5043263	20.570179	31.390884	-97.93918	1328000	-0.040103238	1000.9314	0.0	-494.8934	1.1594148	-1.937151e-10	413.6890149116516
332	-14.603905	33.824245	27.422812	-92.37973	312.33334	-20.796278	18.304407	18.454973	-96.86933	1332000	-0.05218522	516.8518	0.0	-225.39062	1.2210119	-1.3560058e-09	415.99782490730286
333	-37.725513	60.21882	45.101006	-174.76576	281.07144	-8.296624	19.906769	24.119558	-89.008606	1336000	-0.042558055	1083.8699	0.0	-383.25525	1.2036986	-5.960464e-11	418.3416187763214
334	-59.805367	57.22236	33.392418	-161.45764	228.0	-17.327774	19.996952	23.869019	-118.603004	1340000	-0.035507385	1435.9348	0.0	-255.1612	1.1978114	-2.115965e-09	420.9408597946167
335	-33.512447	76.69657	71.167336	-235.43422	308.9091	-13.600589	18.993057	23.568113	-118.58191	1344000	-0.0022442546	1002.5446	0.0	-272.68164	1.2121108	-1.3113023e-09	423.2317318916321
336	-66.44216	99.004486	29.102297	-325.2959	261.0	-13.276627	23.422428	22.059874	-124.6664	1348000	-0.021769172	2472.2207	0.0	-1190.3352	1.1600859	1.8626451e-09	425.0162718296051
337	-71.50982	71.592	50.368793	-210.15573	324.36365	-26.460482	34.824886	28.927258	-129.82031	1352000	0.0027319207	1714.4277	0.0	-1025.8066	1.2125103	1.0430813e-09	426.9627540111542
338	-42.722878	64.11991	28.706451	-251.1559	216.23529	-19.181238	18.425423	15.232719	-125.82322	1356000	-0.05013565	745.8396	0.0	-160.18617	1.18009	3.1292438e-10	429.17291593551636
339	-42.006584	50.22349	17.473993	-165.13164	315.33334	-19.254822	17.942009	15.31889	-116.59467	1360000	-0.03650605	1163.9928	0.0	-426.57407	1.2193873	-4.6193602e-10	431.154217004776
340	-38.639965	88.39044	55.192432	-197.10577	318.16666	-15.038696	31.930634	24.76418	-118.53097	1364000	-0.012515692	1045.3313	0.0	-342.17853	1.1936486	4.0233136e-10	433.3621938228607
341	-48.632755	63.92328	40.755177	-182.68802	310.58334	-13.513717	23.417854	24.288448	-107.20603	1368000	-0.002063308	736.1538	0.0	-275.0724	1.2106047	-1.8328428e-09	435.69515800476074
342	-29.079628	51.009995	18.448528	-162.96849	276.0	-16.727636	19.909426	18.965736	-115.084526	1372000	-0.043272767	634.2333	0.0	-195.94806	1.2000463	2.5331974e-09	437.76723408699036
343	-71.81448	84.05933	19.961403	-207.19565	444.42856	-10.067298	17.972721	23.48362	-125.80421	1376000	-0.0010074582	675.0668	0.0	-300.39642	1.2290871	-1.1175871e-09	439.9478259086609
344	-22.692211	35.23952	30.410095	-76.00451	187.54546	-4.4488583	21.690485	30.39403	-108.728134	1380000	-0.009431534	652.8367	0.0	-337.06366	1.2088343	-1.6391288e-10	442.1069538593292
345	-50.704933	63.23307	33.970375	-188.91399	246.0	-11.741714	24.854074	23.30008	-129.22964	1384000	-0.02139642	639.5714	0.0	-325.65985	1.1744435	1.3411044e-10	444.2050099372864
346	-13.406364	40.12925	59.165516	-119.63913	214.875	-23.053997	26.932383	23.803505	-128.77783	1388000	-0.04931885	835.70996	0.0	-447.31323	1.165808	-3.4570693e-09	446.3421161174774
347	-37.643852	54.512264	23.834835	-232.77008	230.47058	-10.052938	23.364853	24.383154	-110.71972	1392000	-0.029395282	658.55383	0.0	-270.75247	1.1507618	-4.4703483e-10	448.09022307395935
348	-51.48678	70.24505	39.44839	-179.15082	333.27274	-14.767116	23.84284	21.237064	-118.59238	1396000	-0.046771437	951.4153	0.0	-242.56894	1.1964302	9.834766e-10	450.43895387649536
349	-42.399097	59.873432	23.123629	-232.81248	240.71428	-12.582824	22.781307	23.971334	-122.7667	1400000	-0.040070467	927.9147	0.0	-302.77798	1.1717788	1.3560055e-09	452.25531101226807
350	-52.15377	70.63413	29.067732	-234.74521	190.46666	-13.447311	21.401224	23.85657	-122.496284	1404000	-0.024543535	1363.0344	0.0	-304.07452	1.1700666	-2.2947788e-09	453.9384858608246
351	-17.725588	63.463142	23.272219	-207.00542	325.54544	-15.681398	20.899046	28.667751	-117.74329	1408000	-0.0272872	854.8843	0.0	-344.87045	1.185639	4.768372e-10	456.2224659919739
352	-39.064598	52.753757	46.70731	-133.02208	240.8125	-2.579474	24.917671	30.355257	-108.81219	1412000	-0.020601239	645.9284	0.0	-260.02393	1.1830804	-9.834766e-10	458.14186787605286
353	-38.988743	55.115902	31.811306	-196.21123	180.94444	-15.702455	25.005875	20.780064	-130.20496	1416000	-0.044653505	983.50256	0.0	-210.17285	1.1438273	5.5134297e-10	459.36829590797424
354	-59.841312	78.55953	25.903835	-215.2662	259.69232	-13.516572	22.6119	20.049154	-129.83318	1420000	-0.025137786	1100.3464	0.0	-150.67908	1.1810068	5.066395e-10	461.2641887664795
355	-43.61121	75.7276	64.348076	-222.93825	221.13333	-11.940684	23.33096	26.628202	-131.90356	1424000	-0.038090326	932.14124	0.0	-279.46667	1.1614208	3.501773e-09	463.0685980319977
356	-32.829784	65.83355	20.892363	-219.43741	262.5	-10.788641	19.582024	24.840351	-97.26505	1428000	-0.044523682	1194.4216	0.0	-344.10318	1.1894314	4.3213372e-10	465.5876247882843
357	-51.327457	82.40054	37.35151	-257.5785	294.84616	-11.0056	27.732613	25.66591	-131.88487	1432000	-0.026010111	893.95087	0.0	-203.33638	1.1801353	-1.7881394e-09	467.7363278865814
358	15.615525	26.026287	65.335335	-32.010067	318.91666	-20.681435	26.528193	31.165886	-109.24822	1436000	-0.033709824	985.7029	0.0	-519.3644	1.1880585	2.965331e-09	469.5958659648895
359	-51.259045	56.986435	16.26194	-185.81183	441.44446	-10.826663	20.845575	26.561523	-122.15556	1440000	0.0037255436	802.7034	0.0	-151.96176	1.2046977	4.768371e-10	473.3993630409241
360	-6.47282	35.907627	64.23361	-74.127205	252.41667	-10.001107	21.376299	26.212189	-109.740616	1444000	-0.05467955	494.04633	0.0	-170.20407	1.17555	-7.450579e-11	475.62231183052063
361	-53.021297	80.30809	71.069466	-194.23474	255.66667	-18.080513	39.50329	30.417414	-125.009285	1448000	-0.0204634	2008.4883	0.0	-1100.2957	1.1334213	-7.0035455e-10	477.7655301094055
362	-20.784647	39.638206	39.72659	-96.10539	388.375	-25.638159	28.898056	23.237577	-121.55973	1452000	-0.05119164	1281.3374	0.0	-744.50964	1.2041736	-2.771616e-09	479.7314398288727
363	-33.708168	77.15454	65.848236	-203.49557	409.0	-11.597982	20.846577	27.17646	-121.98365	1456000	0.013894498	854.7208	0.0	-256.69794	1.2114202	2.2351743e-10	482.63824105262756
364	-37.031784	72.82719	30.062843	-286.3155	235.625	-8.837209	20.441078	27.19226	-115.52589	1460000	-0.039815236	1032.7992	0.0	-386.86115	1.1466428	1.4007091e-09	484.5396718978882
365	-76.35677	77.74687	13.294822	-219.66866	215.73334	-18.122536	30.147078	25.04636	-129.22446	1464000	-0.044966992	1338.872	0.0	-524.9271	1.1352806	9.387732e-10	485.95975399017334
366	-18.482983	39.598953	21.513552	-114.12958	370.66666	-20.63142	21.283491	22.381592	-114.81067	1468000	-0.041412227	749.11694	0.0	-342.68164	1.1888343	-8.1956386e-10	488.0987219810486
367	-22.750425	38.46707	39.669044	-80.425606	300.125	-9.523656	21.745623	30.047348	-102.56723	1472000	-0.018519185	942.50134	0.0	-454.51993	1.195677	-1.2516975e-09	490.8782629966736
368	-19.196594	71.03687	72.99571	-168.50945	345.72726	-3.6990497	20.54817	29.28203	-84.65425	1476000	0.00025255233	807.79944	0.0	-270.03064	1.1929636	-5.364418e-10	493.39187502861023
369	-14.552464	32.940113	29.544394	-83.15826	245.3077	-2.5928643	22.44282	28.716446	-104.598625	1480000	-0.031271666	452.02493	0.0	-110.30773	1.1585102	7.4505846e-11	495.6258599758148
370	-30.152195	70.63326	64.86672	-178.26399	407.875	-13.247875	23.950832	26.234285	-119.70197	1484000	-0.046140395	826.7494	0.0	-210.32275	1.2025911	-2.577901e-09	498.3529009819031
371	-12.090934	38.110096	96.01439	-67.25214	234.25	-5.342873	27.16303	29.278297	-103.28159	1488000	-0.013406921	869.96515	0.0	-255.38428	1.1629553	-1.0430812e-10	500.1252238750458
372	-14.926181	32.907215	25.03342	-75.60885	523.2857	-15.219397	19.477379	26.911089	-91.896515	1492000	-0.040866286	643.17255	0.0	-164.82086	1.212049	-2.3543836e-09	503.03633093833923
373	-47.072285	80.00577	50.790306	-187.57649	247.28572	-0.46228662	27.384703	31.242685	-112.883865	1496000	-0.018873096	1391.1597	0.0	-500.05832	1.150194	-6.407499e-10	505.0020821094513
374	-29.999268	39.814354	35.401318	-90.849625	251.92308	-14.541573	24.176756	27.77029	-115.98485	1500000	-0.026555765	646.5593	0.0	-203.95949	1.1756017	1.4454127e-09	506.87786388397217
375	-32.924767	47.768284	32.061268	-196.59517	203.33333	-9.103252	23.59765	27.156187	-117.17427	1504000	-0.03808585	792.54114	0.0	-349.48944	1.1391053	-8.791685e-10	508.04856300354004
376	-6.8663597	37.090424	36.7211	-78.075294	302.91666	-25.144646	28.548927	24.032871	-133.60608	1508000	-0.053947866	909.8648	0.0	-506.7406	1.1915922	1.6540289e-09	510.86034083366394
377	-28.261263	88.92779	37.403194	-228.10011	365.0	-14.221488	21.13651	30.047089	-128.40073	1512000	0.004206814	867.89966	0.0	-228.20573	1.1925164	3.7252904e-10	513.7859561443329
378	-54.87191	68.924484	15.984945	-193.13843	228.4375	-1.942889	28.182339	36.867756	-133.33978	1516000	-0.013401793	1625.6997	0.0	-1119.3351	1.1360893	1.1026859e-09	515.0564939975739
379	-41.564873	73.802765	25.379597	-208.93617	424.42856	-32.337093	35.7679	27.332008	-143.00156	1520000	-0.0073665045	1704.5464	0.0	-1110.8542	1.2002475	-3.427267e-10	517.2515037059784
380	-21.376982	36.117435	30.168346	-83.379166	341.45456	-5.327508	23.980675	35.896202	-123.8766	1524000	-0.02197436	754.07587	0.0	-349.31464	1.1901451	-7.45058e-10	519.5851938724518
381	8.757895	36.276306	71.150894	-94.037796	235.28572	-4.589084	21.402792	27.308298	-119.28394	1528000	-0.047292832	656.36053	0.0	-231.10591	1.1483482	2.69711e-09	521.8042969703674
382	-57.998394	71.87533	31.508919	-196.3753	408.22223	-8.14637	19.02187	25.49516	-104.07087	1532000	-0.067942105	1218.8691	0.0	-498.03064	1.1987377	-4.6193604e-10	524.0908749103546
383	-69.79483	77.46071	51.34077	-211.50967	212.0	-6.3694463	30.631636	33.898342	-131.71654	1536000	0.034420736	1510.9589	0.0	-843.4092	1.1449695	7.1525574e-10	525.4839308261871
384	-31.406992	52.674732	52.367775	-131.16061	366.2	-28.645819	30.221294	19.579397	-136.31453	1540000	-0.064091556	1238.518	0.0	-704.6358	1.1863065	1.2218953e-09	527.5740768909454
385	-24.974123	49.079384	26.3504	-139.94759	252.36363	-5.048892	19.468254	28.079477	-104.37227	1544000	-0.003076017	643.5165	0.0	-145.32945	1.1922693	8.3446505e-10	530.1546008586884
386	-37.263496	51.282913	34.727394	-158.43468	345.8	-9.320135	21.634104	27.171103	-120.81197	1548000	-0.041371748	1065.8718	0.0	-414.53625	1.1801336	1.1026859e-09	532.6023170948029
387	-47.207874	56.284573	14.628397	-165.72098	340.0	-10.624014	20.462564	28.744217	-112.43718	1552000	-0.022557708	748.0282	0.0	-250.36916	1.1838963	2.0861626e-10	534.9766557216644
388	-20.458584	34.57297	40.502472	-71.842674	254.86667	-9.865922	27.198137	37.950478	-97.06719	1556000	-0.028482724	561.6561	0.0	-291.45404	1.1641428	-8.3446505e-10	536.8157818317413
389	-3.9699256	46.937057	79.26566	-71.32732	337.9091	-9.0329685	21.392416	45.39298	-103.48014	1560000	-0.053259715	658.6359	0.0	-385.34253	1.191966	2.6524067e-09	538.8597419261932
390	-26.70472	59.17965	43.666122	-202.51295	274.66666	-0.95077246	22.509651	57.394	-128.52592	1564000	-0.026148908	850.4585	0.0	-405.26202	1.1692442	-8.1956386e-10	541.5260741710663
391	-23.047575	58.61786	51.582844	-179.5899	261.7143	-7.5259514	24.36682	29.413713	-127.03476	1568000	-0.08035008	684.7086	0.0	-283.8134	1.1581194	3.2782554e-10	543.3960440158844
392	-5.13796	27.812778	27.67197	-56.742283	420.85715	-11.866325	19.197004	32.958	-113.11423	1572000	-0.05229863	449.82553	0.0	-173.56027	1.209981	4.321337e-10	545.5548899173737
393	-26.942726	62.580276	27.955929	-181.76439	417.125	-4.194289	24.265108	41.85274	-89.15802	1576000	-0.013074383	796.0085	0.0	-295.55374	1.195836	-7.450579e-11	547.7350578308105
394	11.0909195	43.749428	68.82192	-50.102306	809.25	-8.512613	16.938877	37.883327	-77.0671	1580000	-0.04325895	525.4937	0.0	-264.39044	1.2377846	-1.3113022e-09	551.1589648723602
395	-37.804516	48.052635	4.199158	-135.36635	552.0	3.0681856	23.004921	44.05982	-92.33232	1584000	-0.054258857	665.9722	0.0	-241.57745	1.2055568	3.1292438e-10	553.3859000205994
396	-38.24345	88.29719	16.262663	-283.45844	374.66666	-3.7310953	29.324244	43.127087	-129.38046	1588000	-0.013697971	1080.4766	0.0	-437.5545	1.1612397	-1.564622e-09	555.8632588386536
397	7.14233	21.215006	35.625942	-16.27922	1000.0	-25.54501	17.45779	27.825304	-95.64026	1592000	-0.010276642	685.9969	0.0	-520.3712	1.2548518	1.7881394e-09	559.0450518131256
398	-27.367643	56.271927	22.827982	-149.19691	313.0	9.131558	26.223877	56.34849	-116.847084	1596000	0.014725603	1056.3271	0.0	-659.5322	1.1918565	-7.0035455e-10	561.0469169616699
399	-29.766026	82.23524	70.43004	-186.11392	383.8889	-10.266202	21.22822	35.579994	-124.00184	1600000	0.014299959	1173.9534	0.0	-658.8661	1.1607497	-1.1622906e-09	563.2948999404907
400	-28.469557	51.629868	43.377094	-138.43513	295.46155	-10.023285	24.393747	30.567364	-106.769844	1604000	-0.03893359	934.90515	0.0	-453.7734	1.1580093	1.8626451e-09	565.5878720283508
401	-57.021145	89.45927	28.870874	-227.31349	381.7143	-23.78455	32.55663	33.515797	-133.80296	1608000	-0.0067108274	1334.2937	0.0	-501.745	1.179555	6.705523e-10	568.1169331073761
402	8.111561	38.591156	84.12447	-45.46028	367.1111	-7.69207	25.81187	36.80082	-104.74221	1612000	-0.025064617	869.42664	0.0	-315.33942	1.192038	-2.2649767e-09	570.3300731182098
403	-29.26764	36.611736	17.71251	-69.122574	673.6	-5.8587346	15.545157	34.940994	-82.234886	1616000	-0.022806197	552.59814	0.0	-159.92981	1.2296015	-7.3015693e-10	573.6948568820953
404	1.0726273	38.87613	61.804268	-43.84162	679.2	-5.699367	18.824924	34.492065	-79.631134	1620000	-0.024792595	285.6261	0.0	-67.22555	1.2369876	1.192093e-10	576.6230618953705
405	-1.2393438	31.147491	28.995039	-48.847427	335.54544	5.8444705	21.295967	46.72826	-60.463554	1624000	0.014659428	576.3502	0.0	-228.51973	1.178127	-2.30968e-09	578.9540920257568
406	-8.474511	35.48026	41.045662	-81.52615	235.53334	-0.7599492	19.337357	33.0178	-89.808815	1628000	-0.023239866	497.74225	0.0	-115.18181	1.1572716	-2.3543834e-09	580.7912318706512
407	-26.54154	31.075468	25.55203	-71.21299	264.0	-8.777053	18.815619	31.575363	-113.43918	1632000	-0.056740545	562.459	0.0	-93.31967	1.1936842	-4.917383e-10	583.0990169048309
408	-12.31308	50.99873	46.821636	-147.58763	283.75	1.1538008	21.708353	34.713837	-112.60259	1636000	-0.048902106	806.8873	0.0	-264.10416	1.176246	-1.847744e-09	585.534875869751
409	6.2811255	37.301342	54.51667	-47.306652	475.33334	-16.458042	19.21489	30.670044	-103.83133	1640000	-0.058376256	596.26733	0.0	-331.68	1.2184676	2.5182962e-09	587.9484260082245
410	-1.3030608	54.028194	62.47377	-127.79147	256.7	2.6881337	26.782377	45.30236	-99.84255	1644000	-0.026522703	518.3879	0.0	-127.03958	1.1752506	4.768371e-10	590.1234450340271
411	-30.622362	71.71983	76.98405	-142.73264	402.875	-4.6292753	23.078543	43.2433	-115.23665	1648000	0.001412861	916.86786	0.0	-222.93494	1.1998627	6.109476e-10	592.2646231651306
412	-28.24303	33.93245	31.851416	-75.38022	475.75	-7.8324866	20.606773	31.5645	-116.66575	1652000	-0.06125157	533.86584	0.0	-158.66519	1.2060785	1.3560055e-09	595.0188920497894
413	-9.874584	32.29479	52.71825	-64.9995	324.75	-2.284511	20.954481	30.254469	-95.851234	1656000	-0.034222577	452.55432	0.0	-106.74284	1.1858602	-3.1292438e-10	597.5067210197449
414	-34.790672	67.53862	34.495293	-200.03255	392.2	-18.011938	28.042915	24.296803	-127.590775	1660000	-0.02127715	742.0923	0.0	-207.07904	1.1756997	-1.7881395e-10	600.1752619743347
415	-33.60984	64.46073	39.141132	-162.82086	402.25	-11.847468	24.355942	34.947647	-142.21309	1664000	-0.032692436	686.4394	0.0	-259.0855	1.1858898	-2.8014182e-09	602.4663569927216
416	6.464893	24.23015	34.883427	-26.994059	604.5	-9.965383	19.640018	27.423027	-127.47064	1668000	-0.04486869	455.59366	0.0	-173.89203	1.2193129	-3.2782554e-10	605.3419609069824
417	15.436024	38.038975	82.700874	-50.54731	297.3846	3.8228755	22.64471	41.14124	-91.46269	1672000	-0.041090403	792.651	0.0	-277.85248	1.1453891	-2.533197e-10	607.2980017662048
418	-41.599895	60.384033	30.985832	-190.56	403.55554	-5.086119	22.447027	40.661396	-117.78919	1676000	0.009091914	953.5504	0.0	-440.59958	1.1743772	-1.2814999e-09	609.6970369815826
419	6.1275206	41.24379	75.55268	-79.51689	287.23077	-5.4452786	20.879261	31.892246	-114.14806	1680000	-0.061865356	549.7178	0.0	-209.7121	1.1471381	-7.301569e-10	611.9039580821991
420	-27.161364	67.729454	39.58356	-178.21046	431.42856	-11.471328	24.873905	49.832714	-108.99754	1684000	0.021329232	670.4685	0.0	-295.15872	1.1886793	-1.6242265e-09	614.1686577796936
421	-9.863825	70.21577	47.084824	-221.8628	329.0	-8.413065	23.080688	44.492714	-110.13858	1688000	-0.015116398	790.57776	0.0	-217.74236	1.1668186	-5.662443e-10	616.275759935379
422	-20.893578	45.4571	48.490276	-101.17505	284.9091	-5.5295753	25.16796	43.98981	-138.13197	1692000	-0.049072888	652.2575	0.0	-265.88516	1.161137	-1.5795231e-09	618.4526419639587
423	-5.2283087	44.438873	41.095707	-67.26007	549.2857	-14.971809	22.277287	45.776413	-115.68836	1696000	-0.060076572	582.3538	0.0	-291.99036	1.2000825	-6.556511e-10	621.460282087326
424	-60.465656	76.965324	58.517002	-188.14336	407.42856	-5.2658963	20.570816	49.25327	-96.222855	1700000	-0.02252872	694.1922	0.0	-268.2459	1.1902804	2.1904707e-09	623.9219048023224
425	-49.260437	62.149727	24.094416	-139.61299	457.14285	-10.874609	21.343596	41.316784	-125.052704	1704000	-0.023262884	622.2892	0.0	-232.99263	1.1841307	-1.5050172e-09	626.1457059383392
426	-43.855103	72.990486	54.98351	-173.32394	270.8	-9.246101	23.895468	49.592663	-118.077126	1708000	-0.05212607	926.0022	0.0	-306.84247	1.1451795	2.0116566e-09	627.7929940223694
427	-34.436234	63.389534	26.446636	-190.4904	341.2	-18.972942	33.424522	50.30156	-124.4593	1712000	-0.0031353198	1328.4097	0.0	-698.5603	1.1609555	-2.2351743e-09	630.0206341743469
428	-39.68651	58.88498	44.929756	-211.8339	290.15384	-7.871746	22.53153	44.8024	-123.47045	1716000	-0.0026181415	844.6571	0.0	-406.58246	1.1334151	-1.1771917e-09	632.3405439853668
429	10.490803	31.548553	60.246784	-49.607826	319.83334	-16.848879	22.838646	31.228859	-120.68218	1720000	-0.04388497	529.87305	0.0	-298.4077	1.1713601	-1.6391277e-10	634.9518678188324
430	-35.610844	86.21345	19.823383	-242.75311	452.14285	-14.757176	30.52757	45.71796	-108.67258	1724000	0.027912162	1284.4531	0.0	-897.71735	1.186641	-1.7285346e-09	637.2918379306793
431	-21.52491	56.14222	49.066223	-140.34326	417.75	-7.9596972	23.762526	40.93877	-120.10918	1728000	-0.0075996555	819.0853	0.0	-273.5107	1.1773746	8.34465e-10	639.540207862854
432	-2.8338127	54.043888	63.794968	-116.81521	342.0	-4.060207	20.873257	36.2784	-128.33337	1732000	-0.0249957	487.75165	0.0	-119.003944	1.1734452	2.2053719e-09	641.9173288345337
433	-52.065563	109.40007	40.25539	-284.1178	523.8333	-11.435428	23.085236	41.061882	-120.52092	1736000	-0.037934653	1030.2477	0.0	-403.5147	1.2001061	-5.5134297e-10	644.7604539394379
434	-8.195375	30.664637	20.824419	-63.537853	449.85715	-4.9150457	21.191076	32.748604	-133.87701	1740000	-0.018038481	449.2592	0.0	-83.61206	1.196562	-6.2584876e-10	646.7814629077911
435	-19.222391	26.55946	28.706053	-57.41446	460.2857	0.16984229	18.45608	38.398396	-89.1943	1744000	-0.021439165	425.8081	0.0	-87.162964	1.2045758	-1.7881396e-10	648.9152889251709
436	0.5522957	32.324657	36.876534	-51.981182	395.33334	-1.5672734	19.989418	41.229782	-84.72698	1748000	0.010706071	424.8899	0.0	-129.1149	1.1877823	-1.1771917e-09	651.0632908344269
437	14.908167	37.91847	83.99076	-40.202827	433.875	-1.6003982	21.433622	40.05846	-111.5594	1752000	-0.06007856	455.3577	0.0	-197.89847	1.179382	-1.9073485e-09	653.9292390346527
438	-48.965725	77.991554	24.957928	-204.81189	423.33334	-3.4980059	22.273863	36.265648	-120.12912	1756000	-0.0082553625	1055.4937	0.0	-353.9577	1.159635	-3.2782554e-10	656.2743108272552
439	-13.651089	48.67091	56.033543	-86.42841	446.0	-6.5049253	19.229517	32.7383	-98.12968	1760000	-0.028817128	725.61707	0.0	-237.857	1.1878796	-2.30968e-09	658.4441649913788
440	-20.60123	52.76235	61.377342	-134.55377	395.22223	-7.926097	26.54514	34.0491	-141.02202	1764000	-0.007746469	456.92813	0.0	-211.06705	1.1728758	-5.2154064e-10	660.297581911087
441	-9.0524645	69.889336	67.57789	-151.80606	446.42856	-4.6212683	22.735907	33.04968	-106.438416	1768000	0.0053663403	598.36096	0.0	-212.23344	1.1945231	-1.9371509e-10	662.8108830451965
442	7.6332707	33.210075	46.329872	-54.930157	622.8333	-4.9797316	19.128704	40.149284	-105.219795	1772000	-0.022258557	497.5584	0.0	-203.80487	1.2239332	2.235174e-09	665.6747560501099
443	30.468075	20.990124	63.863884	7.1896534	1000.0	-6.6957684	18.222662	39.127014	-49.435448	1776000	-0.029630514	164.69687	0.0	-108.6792	1.2589421	-5.8114524e-10	668.9083259105682
444	-47.313114	25.085732	-14.208779	-78.15895	608.6	2.3951144	26.065456	51.88065	-104.26053	1780000	-0.001434125	875.95825	0.0	-472.00085	1.2054765	1.0877848e-09	671.3384709358215
445	-69.09959	84.56743	8.334317	-226.31584	422.83334	-3.423436	20.658386	42.239845	-85.45122	1784000	0.0107687935	1193.7969	0.0	-597.4393	1.1835591	-3.1292435e-10	674.3323729038239
446	-44.943207	41.347103	0.6748376	-111.42214	516.0	-10.466097	23.395647	34.53691	-119.63074	1788000	-0.014339881	800.2074	0.0	-389.11456	1.2122083	-2.2351743e-10	676.9010019302368
447	-23.636263	31.82429	23.594286	-81.9116	281.91666	-2.472667	20.626928	39.619568	-92.82319	1792000	-0.0052922517	697.4879	0.0	-294.66998	1.1614263	-9.536743e-10	679.1236629486084
448	5.144208	25.591478	42.608875	-53.707863	279.45456	-7.842748	22.138428	34.673622	-111.74386	1796000	-0.013517603	406.95547	0.0	-96.74143	1.161025	-1.341105e-10	681.1268289089203
449	-38.03778	83.6051	58.0962	-235.09348	429.125	-3.633788	19.67788	39.003483	-107.894264	1800000	-0.0031729154	1259.7108	0.0	-535.6985	1.1726553	-8.940697e-10	683.4371240139008
450	-29.849257	62.475594	80.08825	-167.88354	373.44446	-11.360416	24.229895	39.572353	-107.94947	1804000	-0.0067952275	671.95276	0.0	-236.57887	1.2074735	1.0877848e-09	686.0060217380524
451	-7.2178793	29.02377	37.042484	-65.83366	402.25	-5.227034	18.885405	38.70542	-100.60995	1808000	-0.035012253	446.0006	0.0	-105.03099	1.2046998	-5.811453e-10	688.3468987941742
452	-35.395393	67.75605	64.19467	-176.9719	273.0	-3.921477	24.08436	36.547447	-103.66473	1812000	-0.005527824	947.93774	0.0	-314.75336	1.1673698	1.2814998e-09	690.2477838993073
453	-2.7262733	52.79558	59.725964	-155.21991	353.0	-13.652757	25.428255	25.243425	-124.50038	1816000	-0.07786019	655.00836	0.0	-294.07147	1.1793778	-8.642674e-10	692.3863401412964
454	-20.647413	64.27807	60.902943	-134.00348	418.0	-12.007986	23.052282	35.666515	-123.17319	1820000	0.020455036	724.68494	0.0	-374.3213	1.2075871	-1.9967556e-09	695.0518200397491
455	-13.03602	57.050552	63.68798	-187.93529	237.92308	5.159994	22.034159	42.76709	-98.26961	1824000	-0.037849125	1222.8855	0.0	-704.95416	1.1433523	-2.2798776e-09	697.1907320022583
456	17.023733	23.736252	55.164955	-14.313309	597.3333	-18.642237	25.262869	40.378765	-111.02549	1828000	-0.0330588	843.6886	0.0	-547.2264	1.2328506	5.51343e-10	700.0147750377655
457	-7.406922	31.370295	38.27567	-60.43918	600.5	0.3855525	19.70352	36.978916	-94.283844	1832000	-0.0274451	411.0639	0.0	-134.14655	1.2381599	-3.0696392e-09	703.4450919628143
458	-24.15376	50.018066	66.99854	-106.63143	275.72726	-2.347138	22.970564	34.896084	-123.55501	1836000	-0.0146774575	878.1157	0.0	-242.74432	1.1647315	1.1920929e-09	705.6163129806519
459	3.0891938	91.18118	79.1394	-270.2206	269.9091	-4.6667304	23.731718	34.35627	-130.32019	1840000	-0.040381975	881.53046	0.0	-398.13123	1.1733706	6.258488e-10	708.0451240539551
460	0.92544186	44.25596	61.40953	-101.81967	411.0	-4.441084	25.566671	41.64863	-141.76929	1844000	-0.04721921	613.3546	0.0	-243.63226	1.2022889	5.960471e-11	710.7923140525818
461	2.8405373	53.329422	68.30628	-128.643	359.4	-3.217547	26.892292	37.049587	-125.7301	1848000	-0.04416885	676.7926	0.0	-244.2817	1.1903641	3.0845402e-09	712.8262679576874
462	-34.3258	30.730112	14.560003	-65.21807	461.42856	-20.899317	35.25371	41.104305	-122.71608	1852000	-0.00023953617	832.68243	0.0	-523.1118	1.2123914	1.7136335e-09	715.1935539245605
463	27.126953	22.63171	72.73506	-5.699843	401.42856	-2.8623557	17.41466	42.165314	-91.09874	1856000	-0.014774721	364.03815	0.0	-85.53843	1.2203052	2.5331975e-10	717.7155630588531
464	22.872166	23.584225	53.035606	-12.867165	376.375	4.634465	22.738873	54.138073	-91.37336	1860000	-0.03201584	467.51312	0.0	-190.66402	1.1940129	-1.7136335e-09	720.033725976944
465	-24.149605	51.21585	36.617195	-106.61694	315.8889	-0.15177771	28.019634	45.377254	-115.6661	1864000	-0.038875565	617.874	0.0	-190.21509	1.197063	-1.1771917e-09	723.0006778240204
466	26.372208	22.479332	48.557022	-7.397792	1000.0	-10.100137	20.759815	44.51924	-112.856285	1868000	-0.036455076	548.3015	0.0	-454.21924	1.2713192	-1.4901191e-11	726.2103338241577
467	-29.370497	99.41591	65.796165	-263.1267	442.55554	11.967239	27.817173	52.18998	-82.91327	1872000	0.038913548	1699.691	0.0	-1226.5537	1.1849527	1.1026859e-09	729.0699248313904
468	-27.483303	49.130043	49.826385	-106.41525	378.44446	-4.35294	23.240646	44.548874	-110.73963	1876000	-0.0016521811	837.5261	0.0	-361.18762	1.2068641	2.69711e-09	732.0451469421387
469	-15.737147	43.685665	55.526638	-132.78925	256.5	-9.772376	25.717878	30.897451	-122.31307	1880000	-0.036970977	710.9852	0.0	-200.35518	1.1415429	2.2351732e-10	733.9292747974396
470	16.29042	20.193937	37.39244	-26.938753	403.625	-5.9920793	19.567871	29.041233	-97.68393	1884000	-0.07704639	662.6372	0.0	-294.3222	1.1927603	6.258488e-10	736.1202609539032
471	-17.488811	40.004677	39.37725	-66.94869	409.0	0.45439294	21.532835	49.595406	-114.07016	1888000	-0.0010376722	532.2733	0.0	-156.09395	1.1943773	6.407499e-10	738.6018738746643
472	-17.038147	50.762875	39.955105	-155.55962	227.81818	-8.737461	25.04338	47.3968	-113.81278	1892000	-0.071605064	613.67676	0.0	-271.51596	1.1585298	-9.536743e-10	740.3437929153442
473	9.994196	42.044518	69.484924	-62.40192	412.0	-12.90368	25.359535	52.689075	-122.25164	1896000	-0.022570223	923.09625	0.0	-512.6247	1.1959503	-5.066395e-10	742.442715883255
474	16.86733	23.378477	55.534946	-25.236534	315.0	1.9398618	27.527332	54.385864	-93.748886	1900000	-0.029542716	507.40546	0.0	-296.44208	1.1604016	2.9802327e-11	744.8365859985352
475	20.984072	18.830284	47.702347	-4.0406485	1000.0	-14.962169	21.196781	57.13553	-92.086754	1904000	-0.049881145	712.57214	0.0	-538.7678	1.2633607	-1.0430813e-09	748.0993971824646
476	-14.2858095	57.707657	35.426464	-136.65079	466.83334	3.5217977	25.85049	51.768345	-107.37438	1908000	0.01663024	583.6378	0.0	-234.85991	1.2174181	-8.0466267e-10	750.6263680458069
477	-30.51157	40.82838	26.222788	-98.663284	435.57144	7.4638786	20.053024	48.688965	-69.82734	1912000	-0.007079594	889.4745	0.0	-558.8672	1.1592861	3.5762787e-10	753.0318739414215
478	-16.542261	61.503155	51.789173	-138.6217	602.1667	-6.6143904	21.52705	50.926044	-126.23524	1916000	0.015885074	412.24713	0.0	-216.02568	1.2324119	9.536744e-10	756.2441499233246
479	13.715964	36.7984	57.527317	-44.896862	549.5714	-1.3938342	19.138195	52.645527	-90.44769	1920000	0.0041703805	392.44537	0.0	-57.70852	1.2128372	-1.3411044e-10	759.0034008026123
480	-6.785557	42.2294	46.4016	-87.7732	415.75	4.241216	23.46874	53.99593	-97.40508	1924000	-0.008124933	468.5879	0.0	-195.88663	1.2020566	-1.4901161e-10	761.1620688438416
481	49.899086	24.378159	81.401634	13.020079	1000.0	-10.232948	17.12541	39.589466	-81.68512	1928000	-0.06534383	587.43164	0.0	-493.22333	1.2743875	2.9802327e-11	764.0976588726044
482	31.40424	31.906923	73.80749	-14.020917	798.75	1.7758836	25.389315	64.002815	-122.24401	1932000	-0.0014824178	296.69177	0.0	-148.64156	1.2541916	-1.9371509e-09	766.4741539955139
483	-9.582692	68.94941	59.1519	-179.4924	362.1111	11.545191	26.019651	66.52391	-94.323616	1936000	0.024400461	1181.0631	0.0	-563.6332	1.1829164	-5.2154064e-10	768.8881368637085
484	-21.293348	46.203053	43.816395	-112.207085	382.875	-2.5097988	20.587349	43.73594	-93.63635	1940000	-0.02455774	637.5204	0.0	-124.48004	1.1940496	-7.1525574e-10	771.7177867889404
485	-1.4801936	28.802746	44.166424	-37.842926	389.0	-2.0811334	16.363464	42.62685	-85.979774	1944000	-0.065625414	367.2686	0.0	-162.0979	1.1990862	5.9604643e-10	774.0230650901794
486	18.300726	35.714783	78.036026	-47.769386	311.0	4.7233205	22.247917	46.171616	-97.13643	1948000	-0.06107554	585.7456	0.0	-281.88715	1.1825876	3.72529e-10	776.2530398368835
487	11.986551	18.320597	40.70041	-17.572279	383.625	-1.7425141	19.800282	42.48465	-93.367455	1952000	-0.03160744	524.12164	0.0	-221.86536	1.1986225	5.960464e-11	778.3847620487213
488	15.795735	41.403744	77.65086	-34.070667	472.16666	-1.2037134	22.268642	41.971615	-96.53479	1956000	-0.04718204	583.0229	0.0	-224.73306	1.2188399	-1.7136336e-09	781.2056980133057
489	-18.044168	96.43935	106.900345	-222.48497	562.5714	-2.7622366	23.183891	41.86976	-119.13425	1960000	-0.016462915	953.2044	0.0	-379.31512	1.2167435	-3.5762787e-10	784.4055218696594
490	-36.64132	101.22883	97.2748	-207.42407	382.3	-2.8256412	25.800953	50.58616	-131.04996	1964000	0.050720043	2119.538	0.0	-1512.9956	1.1687092	-1.8775463e-09	787.0292479991913
491	-20.510725	67.0137	28.76965	-167.276	566.5	-7.013843	17.92643	56.688786	-103.83186	1968000	-0.07202031	1004.8196	0.0	-692.19275	1.220461	-6.4074995e-10	789.1411788463593
492	0.35010037	37.51316	42.130085	-77.22683	432.14285	1.1590782	22.24107	58.74186	-109.44684	1972000	-0.012657036	520.05206	0.0	-193.54166	1.2110507	-7.152558e-10	791.4529531002045
493	43.410133	26.933628	75.657715	0.8995592	789.0	-6.6320467	17.41633	50.639126	-105.19783	1976000	-0.052381262	469.41745	0.0	-272.92136	1.2515237	1.490116e-09	793.9658479690552
494	-9.687533	63.32414	61.535767	-142.36821	504.66666	4.6067123	32.05404	62.954277	-124.41225	1980000	-0.025483672	560.0695	0.0	-216.30284	1.205369	2.9802322e-10	796.1873259544373
495	2.7493544	19.997814	33.30532	-35.948784	306.8889	6.9876356	24.466831	55.876427	-94.00207	1984000	0.02446708	655.7842	0.0	-266.2808	1.172543	-7.301569e-10	798.5100059509277
496	-23.603916	64.38983	30.789217	-173.83305	321.14285	-7.793956	23.56183	45.025497	-112.81009	1988000	-0.0040483475	558.4933	0.0	-214.45073	1.1908923	7.1525574e-10	801.3336608409882
497	21.817135	29.084202	60.47838	-40.27067	272.8889	3.185355	23.058136	48.53284	-111.17218	1992000	7.097423e-05	411.71326	0.0	-108.27165	1.1785007	2.8312205e-10	803.3964757919312
498	2.3190725	34.581596	44.628864	-76.80361	407.375	0.18212244	23.242432	41.996845	-107.24826	1996000	-0.034780014	576.89185	0.0	-200.57166	1.1894603	1.1920928e-10	805.5089058876038
499	18.783644	30.436428	45.41412	-31.281734	692.2	-6.2308397	16.672115	39.345333	-83.03238	2000000	-0.06962973	402.82858	0.0	-275.54364	1.2535992	5.811453e-10	808.3476939201355
