Epoch	AverageEpRet	StdEpRet	MaxEpRet	MinEpRet	EpLen	AverageVVals	StdVVals	MaxVVals	MinVVals	TotalEnvInteracts	LossPi	LossV	DeltaLossPi	DeltaLossV	Entropy	KL	Time
0	-217.79172	125.5724	-8.437427	-457.3993	86.71111	-0.09126449	0.028197398	0.056342363	-0.22823204	4000	0.012483627	19726.617	0.0	-999.86816	1.3503952	6.556511e-10	1.0116419792175293
1	-215.6085	129.03244	43.317543	-519.8875	102.92105	-3.632441	0.98839206	2.990971	-4.5716653	8000	0.0036400482	17056.338	0.0	-1035.5972	1.3614554	-4.4703485e-10	1.9992668628692627
2	-146.49113	92.97396	8.708736	-454.23914	102.92105	-8.204744	0.2198401	-5.114335	-8.318742	12000	0.013453811	7939.4014	0.0	-342.0669	1.3202771	-1.2516975e-09	3.005237102508545
3	-146.1902	77.19924	3.7280755	-287.17206	122.34375	-10.631773	0.12694119	-8.544635	-10.719701	16000	0.047474403	5891.169	0.0	-267.42163	1.2471807	-1.8924475e-09	4.042457818984985
4	-126.90908	89.94625	0.87435424	-307.54437	127.2	-12.806952	0.11062973	-11.4490795	-12.860742	20000	0.0035506822	5175.1895	0.0	-185.03394	1.253194	-7.1525574e-10	5.062316179275513
5	-123.43596	118.775024	20.192703	-405.26654	125.77419	-14.671614	0.12524527	-12.746256	-14.7234535	24000	0.057095766	6297.4604	0.0	-165.74463	1.175519	5.960465e-10	6.080709934234619
6	-84.87047	126.18609	61.393723	-408.09998	205.46666	-16.40386	0.22909336	-15.501936	-16.528944	28000	0.043777794	2932.7632	0.0	-4.662842	1.2305744	-8.0466267e-10	8.334911108016968
7	-74.319565	78.91545	19.749401	-217.75972	198.26666	-16.82077	0.21542954	-15.732368	-16.934479	32000	-0.0059156083	2679.3696	0.0	-9.030029	1.1565552	-4.023314e-10	9.937241792678833
8	-48.041084	74.05673	133.34766	-253.41034	203.94444	-17.215057	0.14167224	-16.193895	-17.285967	36000	-0.0053531863	2033.1835	0.0	-0.49658203	1.1523591	1.385808e-09	11.509953737258911
9	-66.006805	105.716324	76.348206	-349.44797	264.0	-17.20065	0.15288825	-16.30497	-17.275415	40000	0.029317943	2195.7954	0.0	-3.5441284	1.142353	1.5944241e-09	13.509578943252563
10	-46.87035	71.35536	51.96009	-217.6326	319.0	-16.91817	0.12202379	-16.2881	-16.991495	44000	0.0030271783	1399.5479	0.0	-0.64068604	1.0434201	5.066395e-10	15.405110836029053
11	-80.450294	60.96105	45.975098	-183.50446	390.5	-16.837086	0.13965876	-15.811558	-16.92613	48000	0.0005143136	1138.3209	0.0	-1.7602844	1.0735321	3.784895e-09	17.530532836914062
12	-126.87502	111.15692	54.664986	-264.76364	721.0	-17.04947	0.071528755	-16.605587	-17.10086	52000	-0.019292869	784.83936	0.0	-1.1845398	1.057255	-5.960465e-10	19.96908187866211
13	-52.637802	101.54572	149.19334	-179.54295	478.16666	-17.173801	0.14088964	-15.615614	-17.282425	56000	-0.03804894	1449.3352	0.0	-2.1289062	0.9946531	1.9222497e-09	22.248634815216064
14	126.16324	32.567272	181.08208	95.722466	884.5	-16.995825	0.08512618	-16.407122	-17.057995	60000	-0.10878901	999.8722	0.0	-67.96918	0.9679917	2.5480984e-09	24.91014289855957
15	106.8865	32.75849	140.21945	52.93845	924.5	-15.444759	0.11464184	-14.93636	-15.533231	64000	-0.08341795	916.68494	0.0	-79.67682	0.97165644	4.1127204e-09	27.452948093414307
16	120.61912	74.3184	204.39026	-18.881481	737.0	-13.572785	0.15590441	-13.154618	-13.834024	68000	-0.0703887	1213.5193	0.0	-132.43369	0.97110486	1.8924475e-09	29.661021947860718
17	-7.562504	133.09972	164.00986	-186.70226	502.33334	-8.897952	4.7091675	0.6768875	-12.336542	72000	-0.0664254	1588.0166	0.0	-20.373352	0.9136971	-8.9406926e-11	31.864826917648315
18	-120.10647	44.620716	-39.0698	-170.1957	530.6	-10.027471	4.8269844	4.7936726	-11.986691	76000	-0.04238129	1554.4314	0.0	-26.58966	0.97278357	3.1888487e-09	33.95076107978821
19	150.46432	13.763152	170.76094	135.29124	1000.0	-6.8684444	3.6337368	-2.7994225	-12.45875	80000	-0.023297817	837.869	0.0	-36.317993	0.9311496	1.8179417e-09	36.19040012359619
20	79.387924	54.747723	119.45249	-14.422026	816.75	-6.1790752	5.040541	3.1276007	-11.388267	84000	0.009201892	769.6934	0.0	-28.356766	0.8726828	-2.4139881e-09	38.99579691886902
21	81.53058	61.825096	119.077934	-25.499836	835.5	-4.5039845	4.518859	0.11811116	-10.292241	88000	0.010516344	691.11255	0.0	-23.248688	0.8610487	-1.1920929e-09	41.011796951293945
22	64.0997	82.58317	200.12682	-45.97786	664.1667	-5.002083	3.3030667	-0.4926985	-9.260629	92000	-0.026736248	775.9116	0.0	-30.558838	0.76757073	-1.92225e-09	43.358189821243286
23	-5.565806	88.42588	182.0843	-93.30336	396.57144	-3.5635428	5.523724	3.9699767	-8.51018	96000	0.008564105	1266.4244	0.0	-7.6104736	0.76540625	4.61936e-10	45.58586096763611
24	10.329594	126.15022	251.27164	-114.42576	403.16666	-3.5034752	5.066907	3.1814852	-8.29969	100000	-0.012362666	1415.5935	0.0	-7.127533	0.73724884	-1.564622e-09	47.424996852874756
25	-36.918568	91.811356	168.09013	-139.80351	389.9	-6.0211873	3.1033192	1.1290519	-7.8262405	104000	-0.028087843	1633.6129	0.0	-25.209229	0.8027388	2.8908254e-09	49.00415015220642
26	-79.94792	93.7459	189.0824	-155.40779	343.4	-7.597825	3.3866146	4.21837	-8.699126	108000	-0.05264621	1672.7927	0.0	-77.276	0.8591199	-3.8445e-09	50.83614492416382
27	-103.61633	23.02284	-67.42209	-149.42111	339.36365	-10.540729	0.016647683	-10.47766	-10.564854	112000	-0.078733616	1778.0896	0.0	-112.61835	0.8916906	3.2782554e-10	52.281805753707886
28	-127.044426	20.48519	-95.18965	-169.09833	345.9091	-13.159838	0.013024682	-13.057062	-13.173653	116000	-0.087406665	1580.9878	0.0	-118.0025	0.8802593	2.3841857e-09	53.861907958984375
29	-136.03787	19.049234	-94.19608	-156.672	378.7	-15.873846	0.009216697	-15.750777	-15.882891	120000	-0.09145833	1475.3086	0.0	-85.60297	0.8515191	1.847744e-09	55.46004295349121
30	-161.57492	24.779293	-124.99156	-205.38307	382.22223	-18.215641	0.01122966	-17.949686	-18.221998	124000	-0.06543206	1267.6339	0.0	-99.09744	0.8919141	-2.2202729e-09	57.093055963516235
31	-180.09015	14.505588	-158.11026	-200.26677	527.3333	-20.704645	0.013066668	-20.494282	-20.713863	128000	-0.06846762	818.7072	0.0	-40.651093	0.89308965	-1.3113023e-09	59.141417026519775
32	-138.54774	28.100716	-91.85035	-160.8908	1000.0	-22.364317	0.0113524785	-22.122911	-22.376842	132000	-0.033470098	191.60596	0.0	-2.673378	0.9058331	-2.5480986e-09	62.00934195518494
33	-89.26034	14.007995	-69.458725	-105.706985	1000.0	-22.009092	0.016990943	-21.914164	-22.053047	136000	-0.07230689	291.86627	0.0	-14.092606	0.87955576	-8.9406704e-11	65.05275201797485
34	-48.61445	38.20981	-7.4640484	-108.18209	781.0	-20.800125	1.3588121	19.576468	-21.089306	140000	-0.053255945	352.4212	0.0	-28.456497	0.8432827	7.748604e-10	67.57234692573547
35	-122.71035	78.12192	-45.30958	-241.67834	450.2	-18.16016	1.5655096	18.362698	-19.786753	144000	0.06228667	811.8833	0.0	-33.937073	0.83286536	-2.0712614e-09	69.94790005683899
36	-96.894394	40.92852	-41.86495	-137.6552	617.0	-11.351562	4.522013	18.085875	-19.389738	148000	0.03395391	659.313	0.0	-138.60796	0.8374047	1.1920929e-09	72.62722492218018
37	-153.84167	72.68936	-61.746803	-263.81805	258.55554	-11.587588	4.506679	1.3571316	-17.858316	152000	0.08068369	1709.2108	0.0	-201.16663	0.71817756	-3.1292438e-10	74.30298089981079
38	-76.98709	80.45851	118.19383	-225.3586	294.54544	-10.076066	11.252838	17.77481	-20.26268	156000	0.020222448	1444.6606	0.0	-201.52332	0.71694815	-5.751848e-09	76.08595299720764
39	-99.68674	100.32959	142.16139	-242.92107	289.23077	-11.196693	12.239384	19.609518	-21.125866	160000	0.053546585	1702.3254	0.0	-51.104614	0.68715835	-5.1409006e-09	78.1055109500885
40	-113.78029	53.157978	-51.574898	-210.11919	179.19048	-7.6806135	14.333261	20.172564	-22.17457	164000	0.072069764	1871.9336	0.0	-393.4546	0.7049842	2.0861626e-10	79.55940198898315
41	-97.109	77.050095	32.017067	-192.27528	560.0	-18.378277	10.560135	20.022429	-24.608004	168000	0.052218895	756.1467	0.0	-218.37462	0.7407585	2.041459e-09	82.76887774467468
42	-67.273384	35.641865	-12.464691	-126.93972	230.2	-14.059237	14.576518	21.361795	-24.42523	172000	0.1043974	722.3769	0.0	-64.31735	0.6951518	-1.0877848e-09	84.8571081161499
43	-53.850384	8.004134	-45.972187	-65.97536	792.25	-19.92838	9.6231	12.032476	-23.927168	176000	-0.02546724	371.2157	0.0	-86.01101	0.8193184	1.490108e-11	86.84725308418274
44	-63.890167	62.44765	18.81568	-202.87991	275.9	-12.189181	13.261786	17.595877	-23.024918	180000	0.115118906	850.48846	0.0	-74.40549	0.74108005	6.556511e-10	89.90077185630798
45	-56.24939	12.124615	-39.669094	-70.81943	772.5	-10.361269	8.706535	12.969964	-20.983793	184000	-0.044672094	178.3805	0.0	-12.848194	0.80782413	-1.0430813e-09	92.38515210151672
46	-42.97714	18.712715	-15.158099	-71.59043	665.6	-9.367746	10.167142	13.89738	-23.002771	188000	-0.045187823	252.96819	0.0	-16.096138	0.8427268	-2.235174e-09	94.95021796226501
47	-31.821814	15.990117	-14.846191	-54.775593	397.16666	-8.304279	10.424216	15.909859	-19.906157	192000	0.0098234955	280.8777	0.0	-52.597588	0.7963445	-6.824732e-09	97.83327174186707
48	-81.33287	27.421581	-53.35651	-113.21259	1000.0	-11.116066	9.592094	18.284706	-19.337645	196000	-0.08022473	59.193253	0.0	-6.739319	0.85284036	2.980232e-09	100.67451286315918
49	-75.69231	31.78228	-34.01444	-114.96933	453.6	-6.7136726	11.310178	19.527166	-23.650156	200000	0.029051635	164.74655	0.0	-37.547993	0.8042987	2.9057263e-09	102.8370578289032
50	-66.535736	16.949177	-42.47541	-93.600494	545.3333	-9.475349	10.69533	19.267355	-23.199354	204000	0.011272476	165.4902	0.0	-12.757217	0.7869867	-1.4901161e-09	105.2861499786377
51	-81.5057	22.038168	-49.957947	-110.345085	1000.0	-11.671115	11.295562	19.890871	-20.184238	208000	-0.052038293	59.05739	0.0	-9.391426	0.8465345	1.1920931e-10	108.15020298957825
52	-88.94841	30.373066	-37.7149	-117.146545	1000.0	-8.123408	11.186758	19.65373	-18.690254	212000	-0.058912612	111.346016	0.0	-24.345598	0.8337096	3.0994416e-09	110.86374402046204
53	-64.30053	17.934067	-42.21344	-91.75385	1000.0	-12.587515	10.84548	20.989985	-24.003063	216000	-0.06610924	126.73305	0.0	-16.294292	0.8251647	-8.121132e-09	114.10367012023926
54	-67.02373	33.340637	-16.364939	-109.566826	770.25	-11.331027	12.248645	21.360117	-24.836037	220000	-0.03144892	170.76758	0.0	-10.186485	0.7734536	-9.983778e-10	117.02848291397095
55	-89.645966	25.317204	-59.688274	-127.66183	1000.0	-12.966109	12.529369	22.462673	-19.653513	224000	-0.0121908365	52.598564	0.0	-10.05891	0.812118	-2.8014182e-09	119.78979992866516
56	-51.065388	20.14422	-22.247295	-75.30128	631.6	-9.036446	13.68473	23.008621	-24.797344	228000	0.0018455889	97.6815	0.0	-29.129314	0.7821232	-2.8014182e-09	122.58220291137695
57	-7.760664	132.68463	220.40733	-108.09307	601.25	-11.123536	12.363026	23.014774	-24.809454	232000	-0.077445626	619.22217	0.0	-106.87409	0.71782523	2.9206275e-09	125.34689688682556
58	-64.06807	14.354238	-41.01135	-78.25849	1000.0	-8.566056	13.669394	24.12604	-17.899881	236000	-0.04123315	126.24492	0.0	-10.8731575	0.75664353	1.3262034e-09	128.10918879508972
59	-70.948975	23.50206	-32.652378	-95.34348	1000.0	-11.191619	14.089552	24.773514	-18.453522	240000	-0.020255819	41.71185	0.0	-3.9140806	0.7705898	-3.4421683e-09	130.26077795028687
60	-75.448944	27.354843	-29.444016	-101.313614	566.0	-7.6993628	14.680621	24.742535	-18.962381	244000	0.058962997	271.51755	0.0	-56.16279	0.7153956	1.952052e-09	132.8777780532837
61	-93.43097	21.077581	-69.42192	-121.30138	1000.0	-10.176553	13.301715	23.586594	-17.481379	248000	-0.02900857	32.06999	0.0	-3.2846413	0.75932276	8.1956386e-10	135.08455395698547
62	-124.83727	18.574327	-104.262665	-149.5347	1000.0	-8.903301	13.384601	22.925055	-17.431313	252000	0.0022642072	68.90985	0.0	-28.930962	0.7683265	-3.963709e-09	137.88888597488403
63	-101.674385	19.158846	-73.42014	-127.41263	786.0	-10.653894	11.739785	19.596426	-17.953962	256000	0.03997498	67.08206	0.0	-15.057731	0.7506245	1.7583373e-09	140.0615770816803
64	-151.13652	45.57762	-113.98876	-235.746	645.6	-9.074904	11.486515	13.96969	-18.96609	260000	-0.035728704	592.66736	0.0	-107.01698	0.7252253	-1.937151e-09	142.1477677822113
65	-147.02365	33.396965	-76.379776	-188.757	413.66666	-12.334744	13.691814	18.402431	-22.411499	264000	0.016520951	746.7362	0.0	-124.81232	0.6399907	-1.3306737e-08	143.9059658050537
66	-136.5582	27.270365	-93.14864	-176.43182	254.18182	-13.888473	18.560122	20.944649	-27.311378	268000	0.018211916	1105.0271	0.0	-268.80664	0.6160365	-8.106232e-09	145.4436149597168
67	-153.57353	47.22984	-82.44361	-258.20975	225.52942	-14.195996	15.933857	20.100128	-30.67475	272000	0.03953804	1790.4377	0.0	-417.46063	0.5731508	-2.5331975e-10	146.7554759979248
68	-191.91054	55.051086	-105.46839	-305.41516	149.1923	-25.217493	8.6832485	-4.586281	-36.043365	276000	0.10635258	3093.202	0.0	-944.32306	0.51541734	1.5348196e-09	147.87053394317627
69	-161.08875	51.314846	-95.098404	-269.69962	171.82608	-43.709484	0.07828046	-42.36419	-43.82005	280000	0.06624524	1626.5417	0.0	-22.640442	0.53460556	8.2999465e-09	149.14012813568115
70	-175.62538	71.57963	-89.35767	-285.59714	244.875	-45.6435	0.16519299	-44.32823	-45.82601	284000	0.08994887	2057.377	0.0	-83.37158	0.5539926	-1.6838311e-09	150.82203078269958
71	-155.9901	73.63604	-34.042217	-327.57315	198.66667	-43.073288	2.5714502	-30.118608	-45.614624	288000	0.10669709	2311.668	0.0	-260.38788	0.5282382	4.187226e-09	152.90801906585693
72	-86.23435	62.70063	89.396034	-173.30818	305.75	-33.28689	5.039932	-14.192958	-45.46081	292000	-0.00045327283	1422.7654	0.0	-634.84216	0.5808252	-8.940697e-09	154.66460490226746
73	-102.38585	25.824905	-67.98208	-152.65532	442.66666	-25.85716	11.841714	41.937622	-44.08862	296000	0.053811282	865.07184	0.0	-175.47437	0.5979135	-2.592802e-09	157.74223589897156
74	-126.95391	45.79575	-61.810116	-215.43958	395.57144	-15.8867	13.459245	41.70936	-42.13664	300000	0.06576268	1089.1792	0.0	-230.01791	0.59268296	-2.6524065e-09	160.18290996551514
75	-27.0876	113.805115	163.21962	-176.05797	375.1	-20.348139	11.082377	3.364459	-41.59806	304000	0.0025100894	1684.6495	0.0	-624.92566	0.55821735	9.536743e-10	162.0265748500824
76	30.707253	115.66668	198.9226	-102.92939	294.84616	-0.49861598	15.415466	33.081245	-40.984653	308000	-0.03718689	1843.0737	0.0	-350.70068	0.46345502	1.8626451e-09	163.88076972961426
77	-31.873426	79.898575	192.0762	-95.295616	171.90909	8.760555	16.181978	32.221844	-37.6387	312000	0.02933059	1665.0641	0.0	-370.2058	0.41810292	-1.3262034e-09	165.2327377796173
78	-41.396126	97.698975	184.97574	-180.32869	208.77777	3.1357834	14.49121	21.48288	-39.732204	316000	0.056056697	2256.7117	0.0	-432.46423	0.38909256	-1.4156103e-09	166.49787282943726
79	-16.475191	70.99445	176.02242	-108.12168	211.0	-5.5208626	16.071074	22.195986	-41.975555	320000	0.008565779	1232.4374	0.0	-73.07703	0.39563507	2.682209e-10	168.06746196746826
80	-7.9984536	110.85079	228.66196	-129.14238	182.4762	-3.1435316	16.631344	23.434616	-40.79269	324000	-0.00097458065	1776.3706	0.0	-420.34424	0.42306936	1.221895e-09	169.67364692687988
81	-15.054075	111.0024	227.35202	-239.53856	151.96153	0.80172926	24.55182	43.829582	-44.543964	328000	0.0019589365	1595.8538	0.0	-277.4831	0.35842782	2.607703e-09	170.93316102027893
82	14.820377	128.74486	221.34717	-165.33409	192.33333	16.14046	24.501133	48.77315	-49.0303	332000	-0.0319639	1580.6116	0.0	-305.83508	0.40741146	-1.1235475e-08	172.34809494018555
83	11.386102	109.56329	215.9783	-104.728935	176.86363	4.8001704	28.753942	47.19556	-51.39456	336000	-0.032852214	1396.2999	0.0	-256.53952	0.31180644	1.1175871e-09	173.69890213012695
84	27.700918	135.19109	196.8245	-160.76929	282.2	23.844204	18.435928	50.373657	-49.080956	340000	0.026436396	1468.6455	0.0	-482.88452	0.34844238	6.3776966e-09	175.4428608417511
85	-3.1592624	95.865776	196.96555	-124.97884	191.57895	6.704228	21.41	29.951504	-52.134182	344000	-0.007679185	2070.1414	0.0	-546.47656	0.34824944	-2.3394824e-09	176.73557209968567
86	46.06312	102.501465	202.2218	-83.145195	254.86667	8.837318	20.971428	44.116188	-51.40792	348000	-0.078516714	1330.9448	0.0	-304.2205	0.4448954	3.5762786e-09	178.58903408050537
87	13.23721	74.88709	189.80687	-66.23486	239.91667	10.068086	18.539476	36.821754	-54.203777	352000	-0.071636744	690.31903	0.0	-122.33354	0.43739128	9.23872e-10	180.36549401283264
88	-27.432196	80.56276	181.70184	-203.35191	307.33334	7.3472276	18.315002	34.98325	-53.098083	356000	0.02512012	868.8646	0.0	-198.31258	0.4120709	3.3080578e-09	182.30062294006348
89	8.87214	50.249702	106.62204	-28.626545	651.4	-1.2263833	17.157196	34.96383	-53.53106	360000	-0.05681374	252.22037	0.0	-116.67569	0.57709324	-2.6673077e-09	184.4530041217804
90	-17.701136	42.95145	62.7274	-66.251884	647.6	-6.2230444	16.502438	35.942085	-54.740757	364000	-0.039556403	246.06906	0.0	-51.60412	0.53029144	-4.768371e-10	188.09865999221802
91	-20.07415	17.124887	-0.37712023	-44.320953	658.8	-5.8941555	18.255182	37.0205	-50.25052	368000	-0.0138102025	478.61456	0.0	-54.634674	0.52849776	-5.6922436e-09	190.61684489250183
92	-43.008312	51.801563	25.002087	-185.56633	293.16666	-1.9544886	22.45207	37.525043	-57.253517	372000	0.027729532	1097.3689	0.0	-433.96585	0.42408246	3.2782554e-09	192.78193998336792
93	7.3168244	110.57081	228.64464	-154.39426	244.81818	-7.51078	24.889307	38.643887	-59.508213	376000	-0.04172904	1656.7466	0.0	-320.69324	0.39693117	2.7716158e-09	194.69696283340454
94	-53.479935	72.397125	24.225098	-194.93	430.83334	-4.6378784	18.40351	39.028522	-52.530098	380000	0.029063746	792.9409	0.0	-279.37366	0.52249885	2.95043e-09	197.03190684318542
95	-24.167656	19.29029	1.9817623	-52.56962	570.8333	-12.345375	16.900742	39.640865	-53.611706	384000	-0.03272716	378.14597	0.0	-50.89457	0.51119876	6.1392784e-09	200.37069177627563
96	8.191262	29.740694	65.05118	-17.397621	347.0	-8.436921	21.898565	40.76265	-54.209652	388000	0.004936227	699.85547	0.0	-210.16922	0.42012137	-5.6624416e-10	202.98011994361877
97	7.2243767	33.0963	62.25506	-49.99171	424.83334	-5.1159267	23.163065	42.052113	-53.780697	392000	0.000237979	405.3962	0.0	-75.34691	0.4579309	-9.506941e-09	205.68446278572083
98	-16.592163	20.30825	12.131991	-44.534657	549.0	-9.394506	20.575714	42.90034	-54.74628	396000	-0.013770197	210.35715	0.0	-46.859097	0.47544223	6.4224004e-09	208.3343801498413
99	-9.362731	31.912577	43.019913	-59.72373	559.5	-8.334857	19.874712	43.760925	-55.272728	400000	-0.0037670052	176.56805	0.0	-15.162308	0.50448626	-1.8179418e-09	212.73323798179626
100	-5.1016073	20.492521	15.698968	-50.363106	274.72726	-2.4220333	25.752678	45.81971	-55.469273	404000	0.03880644	438.0562	0.0	-80.22902	0.42867106	-2.5182962e-09	215.30333399772644
101	-40.984722	53.26852	16.518635	-165.88385	439.0	-7.10362	22.35226	46.24574	-55.419605	408000	0.04591954	393.03256	0.0	-111.222694	0.4802528	-7.18236e-09	218.98793196678162
102	-8.179241	44.77622	48.802067	-69.08526	555.0	-12.7311	19.803617	47.07346	-57.12108	412000	-0.06278405	223.01993	0.0	-54.361767	0.49568272	9.387732e-10	222.1411988735199
103	-14.543143	15.614087	5.4148483	-46.04954	483.85715	-9.865492	19.472532	48.10295	-63.39274	416000	-0.0017836475	495.94287	0.0	-135.70337	0.45268217	-5.7518483e-09	224.96741199493408
104	-65.41063	80.1551	-10.96262	-203.86656	780.0	-9.058365	20.56271	48.56843	-39.937782	420000	-0.014739472	660.9607	0.0	-139.16284	0.47640485	-3.904104e-09	228.3765320777893
105	-51.12382	101.57958	173.46254	-195.12073	298.1	-7.068475	23.859392	49.21578	-63.755062	424000	-0.010540066	1174.037	0.0	-427.40756	0.40615818	2.8610228e-09	230.63274693489075
106	-82.25487	65.568855	41.65157	-196.88692	260.3846	-10.03061	26.057322	49.444107	-64.440735	428000	-0.002285408	890.8906	0.0	-315.94724	0.3951378	3.7103893e-09	232.81757807731628
107	-28.77929	28.350504	6.450737	-72.07552	775.5	-10.620771	18.339483	51.50833	-59.08337	432000	-0.015985314	475.09567	0.0	-262.70395	0.4515705	-1.9073487e-09	236.32334280014038
108	-101.00187	232.41312	213.26611	-540.7566	282.41666	-0.90201783	29.880604	57.63999	-64.788475	436000	-0.013347071	6864.081	0.0	-2672.5728	0.28664207	1.3560056e-09	238.50838899612427
109	-247.89493	151.7923	-32.93073	-562.79193	161.4762	-19.767956	26.81279	53.634903	-70.70518	440000	0.049848188	9397.268	0.0	-1980.7065	0.3022805	4.36604e-09	240.61499285697937
110	-162.73468	143.16344	-28.720451	-544.9372	337.63635	-20.86813	27.227001	48.208927	-79.730064	444000	0.036179975	4825.5522	0.0	-1786.3239	0.38294643	-2.831222e-10	242.8201539516449
111	-274.51202	141.7702	-46.509464	-492.4533	295.36365	-25.739363	25.147688	41.780785	-80.97937	448000	0.069497965	5554.4795	0.0	-1268.18	0.42165834	-7.4803825e-09	245.1697018146515
112	-249.56096	191.2501	236.96738	-488.55746	175.80952	-51.475758	28.565744	30.608023	-85.38884	452000	-0.0010104207	8913.24	0.0	-1912.1389	0.24688923	-1.2606382e-08	246.88178491592407
113	-243.1878	161.04883	130.28732	-450.4687	181.5	-44.358353	34.028683	35.706676	-91.99364	456000	0.06830787	4335.61	0.0	-519.86176	0.35951495	8.940715e-11	248.84845399856567
114	-241.06964	163.87167	0.7114829	-482.25964	128.72223	-43.004513	37.472137	36.732574	-96.8881	460000	0.052715942	4978.264	0.0	-430.76416	0.37000954	-3.2931566e-09	250.4762098789215
115	-253.55008	210.65318	229.02281	-490.5819	128.06897	-56.01435	43.17263	44.62305	-101.32909	464000	0.004654053	8850.708	0.0	-1569.6096	0.23210517	2.7716158e-09	251.79751086235046
116	-80.70986	168.84186	202.89111	-437.59338	229.88235	-10.22956	52.372395	73.90552	-108.08883	468000	0.028750502	4571.851	0.0	-1838.9353	0.25054607	-3.4719707e-09	253.2955288887024
117	-215.13911	174.30276	231.22453	-487.67755	150.45454	-40.763664	47.989647	54.413864	-109.170975	472000	0.050753444	5315.4277	0.0	-1106.8691	0.32137385	6.482005e-09	254.72004103660583
118	-199.97192	197.78152	215.23267	-615.6547	164.875	-61.328327	46.49063	49.80636	-111.72241	476000	0.00268351	7852.1074	0.0	-1505.854	0.2548242	3.3676626e-09	255.97939372062683
119	-167.16287	239.40245	214.53662	-530.2765	186.33333	-33.633877	53.76238	65.765625	-115.23462	480000	0.007879537	5708.5938	0.0	-675.60547	0.26462764	6.914139e-09	257.4712038040161
120	-131.79102	222.24629	245.2204	-526.01697	189.78947	-18.616947	61.3885	70.885796	-118.284134	484000	0.048829548	3340.0784	0.0	-441.62988	0.24144566	-4.649162e-09	258.95042395591736
121	-88.89853	210.60165	208.50633	-480.28528	217.5625	-19.470709	54.117077	61.89367	-119.79844	488000	-0.0044119908	3590.8896	0.0	-1041.8158	0.25062555	6.8843367e-09	260.3834068775177
122	-111.30344	199.11891	250.9044	-498.10254	214.11111	-19.351662	53.2692	66.82681	-120.81855	492000	-0.018049238	4610.9307	0.0	-718.4153	0.25620776	-3.7103893e-09	261.8100790977478
123	-25.991295	207.95576	233.00516	-495.3915	227.58824	-13.055496	48.711246	82.87684	-122.0675	496000	-0.016794939	3431.0566	0.0	-492.7821	0.25728866	3.4421683e-09	263.2666389942169
124	-43.268997	209.76608	268.5294	-382.2897	201.66667	-5.1029196	50.79026	73.5856	-122.705414	500000	-0.027016332	3741.6824	0.0	-1521.0984	0.22365549	2.965331e-09	264.794695854187
125	-2.8820276	202.73488	272.747	-376.335	241.06667	-5.825187	51.190723	85.76504	-123.39323	504000	0.019715223	3319.3894	0.0	-869.1455	0.20401928	-4.857778e-09	266.3235459327698
126	-35.757492	198.38466	230.2458	-338.75244	254.61539	15.624798	47.45276	83.33533	-123.56823	508000	-0.036779813	2456.8137	0.0	-727.92834	0.22977024	1.6018749e-08	268.0681118965149
127	15.56413	220.12082	243.48119	-509.2946	319.58334	10.66698	41.358932	83.285126	-122.38892	512000	-0.020352429	2837.7302	0.0	-438.46716	0.31054294	2.1457676e-09	269.8873460292816
128	47.200474	193.98367	252.77045	-282.37918	284.0	4.5533156	44.295074	84.28512	-124.410736	516000	-0.020152062	1378.0591	0.0	-381.5591	0.30075806	-8.940697e-09	271.9018499851227
129	65.8694	186.68413	266.7248	-329.03033	249.8	23.947638	40.373856	93.06622	-124.478745	520000	-0.0020807832	1552.8778	0.0	-183.55304	0.25018877	7.495284e-09	273.31255412101746
130	7.638275	194.36134	214.4328	-347.23682	280.07693	22.77677	45.165367	93.367714	-124.92664	524000	0.04209302	2042.2844	0.0	-653.60706	0.2542055	5.811453e-10	275.00655484199524
131	-2.7577605	190.3855	250.78589	-320.8676	212.70589	10.094494	51.285217	79.38491	-125.45138	528000	0.015027068	1585.1722	0.0	-466.74658	0.26984203	-4.2319295e-09	276.43294286727905
132	87.80183	154.63197	239.64719	-185.45203	466.33334	30.554605	40.888107	74.51594	-123.383194	532000	-0.0020350176	2644.644	0.0	-1380.5072	0.15715116	4.500151e-09	278.65272784233093
133	40.63958	196.61961	215.73795	-324.21112	435.22223	11.168223	35.076218	71.39583	-125.17962	536000	-0.03796426	1686.0044	0.0	-545.25665	0.3232877	1.6987324e-09	280.6662549972534
134	92.031395	142.11401	247.52785	-190.38437	335.63635	12.265664	33.46384	71.41616	-120.20191	540000	-0.012920501	1655.9336	0.0	-364.972	0.27585727	1.2025238e-08	282.4007189273834
135	-45.799126	149.26459	258.51062	-358.49057	210.6875	9.785742	43.417923	71.491806	-122.40627	544000	0.013175467	2841.2957	0.0	-920.49927	0.23727994	1.1771917e-09	283.9512138366699
136	-11.326996	183.49457	217.61842	-264.58844	318.7	4.7989016	35.595993	75.81807	-124.917175	548000	0.05240063	1748.3374	0.0	-479.54047	0.24917081	2.9802338e-10	286.15681195259094
137	30.860748	165.31328	266.22656	-275.79138	323.0	-4.918342	41.449135	67.21391	-125.52997	552000	-0.009255427	2205.9553	0.0	-809.68787	0.27421224	9.685754e-10	288.2280969619751
138	53.0055	174.65298	243.97408	-293.11288	294.07693	13.160477	41.660187	71.80028	-126.497856	556000	-0.026792942	1376.9559	0.0	-468.83408	0.24207059	2.2798776e-09	289.9759750366211
139	-84.966095	167.61244	198.97507	-300.67627	411.77777	7.24109	43.716274	88.315765	-126.35563	560000	0.010607795	1841.915	0.0	-1004.5426	0.2053034	-1.4752151e-09	292.2884018421173
140	-45.834812	126.63773	242.85382	-230.61986	220.0	-22.017757	49.978874	69.82951	-127.593185	564000	0.00974772	1758.4221	0.0	-486.343	0.23830225	-5.4836273e-09	293.78460693359375
141	5.925371	150.6321	199.65598	-229.15504	295.76923	-8.788807	43.178795	68.7476	-127.91746	568000	-0.011765907	2200.1055	0.0	-1124.5442	0.27879208	-4.6789643e-09	296.0218279361725
142	3.63842	222.7476	246.33257	-495.88348	272.2143	4.324381	41.807953	70.708	-127.79479	572000	-0.009236106	2650.3452	0.0	-710.80884	0.24870965	3.4719705e-09	297.449077129364
143	23.024399	126.75655	225.60213	-130.65263	280.16666	8.616888	46.9695	90.69079	-128.83037	576000	0.0018237131	1279.8453	0.0	-706.97186	0.26708776	-8.493659e-10	299.54500579833984
144	6.496877	207.91475	250.99153	-342.56705	239.71428	5.4187865	42.999374	82.321655	-128.87582	580000	-0.046974465	2048.2104	0.0	-815.5008	0.26295325	6.705523e-10	301.16588282585144
145	-2.4805248	167.25899	268.15683	-268.17273	211.05556	3.1768045	55.784313	93.52633	-130.18433	584000	0.019653069	1063.1774	0.0	-237.89606	0.2339493	-2.0712612e-09	302.77247071266174
146	-0.4671448	193.64607	251.04036	-402.98975	376.0	9.506682	44.167797	83.18099	-127.90295	588000	0.024489388	2136.8286	0.0	-681.33105	0.23095906	2.1159647e-09	304.40348076820374
147	-45.843105	163.43864	222.96901	-272.00284	290.0909	-11.143814	56.406506	74.18308	-131.35187	592000	0.011743238	1179.8901	0.0	-254.48703	0.22041036	-1.1622905e-08	306.161563873291
148	-53.86802	147.0829	230.90807	-318.65057	190.55	-17.85384	55.13398	74.12963	-131.44893	596000	0.007464798	1781.7571	0.0	-572.06244	0.23501647	-1.1593103e-08	307.71314907073975
149	101.430824	162.33597	245.06746	-267.3229	330.91666	7.2960043	48.69304	85.85987	-121.68493	600000	-0.0078953635	1748.4968	0.0	-811.61475	0.2061799	4.0084123e-09	309.5431067943573
150	13.879308	155.8587	251.9571	-244.89296	263.0	18.783688	41.511036	82.39421	-124.06555	604000	0.030862512	2562.8176	0.0	-1031.1218	0.24615806	-2.7716158e-09	311.161288022995
151	45.64692	140.1829	219.47015	-117.529884	369.0	1.3992183	47.61621	87.52896	-119.29163	608000	0.0012947385	946.2444	0.0	-227.45862	0.24221045	-3.9488075e-09	313.0927460193634
152	169.9948	52.09263	261.982	101.17872	653.6	5.776709	35.78378	73.36602	-112.01313	612000	-0.023396315	1263.2573	0.0	-585.37915	0.28999633	-1.0296702e-08	315.31352400779724
153	54.537807	150.92426	247.76631	-246.45772	282.46155	5.4468927	39.95305	72.72013	-129.40543	616000	0.019872516	1416.1144	0.0	-535.8776	0.22990626	-7.7486035e-09	317.0050389766693
154	20.63442	140.77567	269.47623	-145.58936	240.83333	9.207425	39.674877	90.942444	-126.94054	620000	0.015425075	776.93994	0.0	-199.20969	0.2762443	-1.6391266e-10	318.98834586143494
155	119.42456	87.869965	247.9261	-7.4541216	520.3333	25.455963	27.580372	81.4439	-118.96775	624000	-0.009773068	1244.0422	0.0	-841.4403	0.21936902	2.041459e-09	321.0786819458008
156	-16.741926	146.15324	210.50932	-281.09695	391.0	21.958445	34.468822	79.38691	-126.10542	628000	0.014089838	3033.4014	0.0	-1834.4648	0.23464343	3.9190056e-09	323.1414978504181
157	41.093273	152.19864	227.28873	-162.22527	463.57144	-3.5678277	34.00445	74.15006	-131.06708	632000	0.0077018817	987.0732	0.0	-536.8406	0.31679326	6.556511e-09	325.30733704566956
158	22.042141	162.09337	220.9292	-329.53476	400.33334	12.584283	28.1038	84.56826	-92.53698	636000	-0.027141722	938.89624	0.0	-247.09647	0.30869645	-1.2159347e-08	327.29452991485596
159	93.432686	111.59329	246.86496	-104.82739	545.4286	7.025246	25.574667	73.54909	-96.31157	640000	-0.016950587	378.0924	0.0	-83.6248	0.4350552	1.0505318e-08	329.6289749145508
160	184.12146	40.41376	238.08736	114.03369	673.4	16.449125	25.463333	76.36903	-73.88533	644000	-0.027738549	549.11884	0.0	-164.06183	0.36310774	-5.4985283e-09	331.8605499267578
161	45.861423	178.0313	249.10486	-226.87819	460.85715	13.351848	33.856518	76.45412	-115.840126	648000	-0.015218588	936.82336	0.0	-380.50665	0.37335837	-6.0200693e-09	333.77303886413574
162	22.394169	125.27427	228.09114	-185.24973	415.1111	8.318448	31.896887	75.68735	-119.04587	652000	0.0057239356	448.7911	0.0	-149.8095	0.41984934	-1.0877848e-08	335.9728331565857
163	-64.92589	226.74431	132.86104	-489.62473	458.4	7.6147943	25.74782	75.15374	-131.18556	656000	0.04253993	1212.783	0.0	-343.83716	0.5234883	-5.558133e-09	338.39261078834534
164	-206.12749	316.51144	117.89084	-645.82697	375.7143	-7.647092	38.941944	76.83842	-133.16708	660000	0.051643122	4589.7725	0.0	-1336.3951	0.49532324	-7.733703e-09	340.5940170288086
165	-285.87112	318.2458	106.97433	-724.5155	366.0	-6.5139623	50.997944	80.48839	-140.92282	664000	0.06042958	6691.1245	0.0	-1337.0117	0.32585308	2.3543834e-09	342.7200689315796
166	-16.777618	296.92383	204.76144	-603.43365	684.2	5.1359487	40.707573	80.24588	-148.19131	668000	-0.02005863	2944.0024	0.0	-1103.15	0.37407687	-9.745359e-09	345.23505902290344
167	-162.63481	321.77377	228.66985	-672.32385	297.81818	6.383275	54.72859	84.45199	-150.19986	672000	0.048498236	7611.0195	0.0	-1496.8494	0.28384492	3.144145e-09	348.24374198913574
168	-73.29675	259.28952	175.3031	-593.8757	518.8333	-5.8632746	36.952164	80.09207	-155.00156	676000	0.008759404	2619.4595	0.0	-371.10138	0.37009454	-3.948808e-09	350.6968128681183
169	-230.85977	330.47568	225.24373	-662.7513	257.6	-44.738667	65.15148	77.81227	-156.7767	680000	0.06402709	8710.374	0.0	-1183.2053	0.29290614	5.275011e-09	352.4200689792633
170	-127.27615	321.8723	249.83813	-597.2808	298.23077	-11.383852	67.383026	87.43044	-162.87729	684000	0.038503066	4249.36	0.0	-592.4563	0.3051408	-8.374453e-09	354.23054790496826
171	23.719673	284.8035	288.00845	-564.79755	391.1111	4.9960866	52.58398	89.93719	-166.59407	688000	-0.0206261	2406.148	0.0	-699.1656	0.3997691	-9.223819e-09	356.4580988883972
172	125.379654	84.48182	243.29535	-9.194519	670.0	13.907921	26.540144	90.27684	-119.630844	692000	-0.031243574	672.1473	0.0	-278.82117	0.5060097	1.2740493e-08	358.87652492523193
173	169.8713	50.99577	254.44476	125.65359	825.0	13.396314	24.379133	91.87145	-4.5347238	696000	-0.03656833	216.66501	0.0	-22.18779	0.46222252	-2.2500752e-09	361.1755928993225
174	-26.45607	341.78503	253.40009	-611.0891	613.25	6.0847106	36.829166	91.73131	-167.94695	700000	0.04146762	1388.4639	0.0	-417.16345	0.3848553	6.9886443e-09	363.70771884918213
175	-38.69137	303.12262	151.66087	-562.9341	783.5	2.8223588	35.84252	95.79415	-168.6497	704000	0.047070637	801.5386	0.0	-63.40433	0.18898728	-7.480383e-09	366.1940689086914
176	74.91785	288.54398	231.09651	-625.4193	491.0	17.186714	42.59164	101.29115	-170.43063	708000	-0.0067234794	1665.5583	0.0	-86.391235	0.2068385	6.3776966e-09	368.26523900032043
177	-177.7372	367.28433	259.8346	-612.47864	401.25	-3.2843559	62.827908	98.64132	-171.63979	712000	0.049580038	5016.1484	0.0	-1315.4995	0.28735322	6.9141386e-09	370.42218494415283
178	18.94112	175.74713	144.10056	-284.3387	791.25	7.4007506	34.294678	89.0807	-166.24847	716000	0.03206005	158.53694	0.0	-90.58281	0.2971764	1.3321638e-08	372.89699482917786
179	-142.88144	301.6009	132.41725	-526.29926	651.2	-2.4413116	47.41593	91.4181	-175.43982	720000	0.029621873	751.18823	0.0	-79.06506	0.20709509	-2.384186e-09	375.33051896095276
180	109.801735	15.242081	134.19347	92.76955	1000.0	4.700397	19.081842	88.62539	-120.66743	724000	0.01619443	288.44766	0.0	-236.20895	0.20885152	7.450581e-09	378.2901430130005
181	132.98099	7.4882646	143.96518	122.915565	1000.0	6.2415595	20.499226	91.23767	-50.839634	728000	0.03955912	123.5076	0.0	-53.345337	0.18812498	-2.5182962e-09	380.83386397361755
182	127.59912	91.69524	250.15654	-33.573994	713.4	8.948281	26.922737	92.39278	-108.72285	732000	0.01667082	249.59583	0.0	-93.501755	0.38395077	-9.521842e-09	383.25866293907166
183	134.51105	19.059217	159.22414	110.99534	1000.0	10.631859	23.545427	94.81352	-37.763042	736000	0.037674144	74.63688	0.0	-28.689482	0.48389673	4.9173837e-10	385.6066880226135
184	-38.734722	363.5532	254.44412	-592.0518	336.77777	6.3964496	52.89123	94.28538	-177.08195	740000	0.014196003	3064.3975	0.0	-882.63983	0.1738706	-3.0398368e-09	387.71470379829407
185	-1.3919779	222.59895	232.3307	-335.3015	363.8889	8.288803	58.222095	102.1137	-179.39098	744000	-0.028699113	1089.623	0.0	-289.9182	0.33880922	2.69711e-09	389.8778021335602
186	-145.2989	310.99005	212.32726	-573.5945	429.33334	4.0608535	48.999847	100.43154	-179.54475	748000	0.054877598	1538.8284	0.0	-509.5269	0.33141798	7.897616e-10	391.8931839466095
187	-30.352787	252.96204	231.17418	-545.6713	312.2	-2.2016318	65.279625	121.90948	-181.10512	752000	-0.005728001	3278.489	0.0	-1526.6099	0.2730152	-1.9818542e-09	394.0614380836487
188	50.050068	139.26233	218.9438	-234.94078	404.25	11.863682	30.186577	91.93886	-162.17711	756000	-0.014609506	826.6537	0.0	-267.67737	0.20537224	-9.804964e-09	395.9608299732208
189	-161.07248	247.09727	217.46115	-502.7479	277.6154	-17.696205	72.289505	93.48478	-181.99658	760000	0.03804962	1712.3331	0.0	-381.17834	0.24846777	-9.983778e-10	397.7389588356018
190	-53.062885	253.9217	234.5499	-509.60873	267.16666	-7.3717365	63.96465	91.75937	-184.1492	764000	-0.0019921032	1410.1361	0.0	-205.05945	0.18354674	3.4421683e-09	399.60296607017517
191	-113.98657	278.8072	232.30168	-652.1405	267.2143	-15.140702	73.75576	95.03048	-185.3812	768000	0.010134425	2340.9724	0.0	-222.8498	0.33112907	-7.2717663e-09	401.38392186164856
192	-2.2960103	239.72728	249.6623	-466.56647	351.55554	3.852808	53.19794	110.35319	-187.62099	772000	-0.038860366	1477.4148	0.0	-605.9974	0.39578113	-9.1195105e-09	403.5599989891052
193	50.79439	237.86107	293.7841	-342.67023	216.55556	1.4079121	70.7153	101.080315	-188.66896	776000	-0.04087947	2370.4092	0.0	-930.2498	0.2559795	4.0233133e-10	405.3139247894287
194	70.22069	204.32425	260.2315	-427.97153	219.8125	35.390743	68.30687	110.31074	-188.56342	780000	-0.047645118	2392.775	0.0	-576.42346	0.29177904	4.4405457e-09	407.0114178657532
195	5.9879932	271.59283	291.04822	-496.63922	377.25	13.056251	49.295597	99.28878	-188.02995	784000	-0.020730186	1562.759	0.0	-633.74475	0.42191792	-1.0818243e-08	409.14282488822937
196	143.8111	91.32121	256.16922	-15.657514	599.0	19.555645	32.580864	107.639275	-62.484783	788000	-0.016492719	629.3584	0.0	-94.74077	0.44324297	7.1525577e-09	411.1595537662506
197	32.17668	236.00539	271.39926	-361.80795	262.5	9.165553	60.83258	104.15169	-189.63014	792000	-0.029978778	982.03955	0.0	-223.42487	0.36377084	7.1376567e-09	413.2238869667053
198	135.29172	150.65508	284.81104	-179.2817	360.8889	32.89061	40.812088	116.06598	-175.00082	796000	-0.0015403153	1478.361	0.0	-457.64294	0.3580967	1.1026859e-09	415.66375613212585
199	59.11449	213.32118	233.46045	-360.861	664.6	4.8122616	37.47037	109.212074	-189.92638	800000	-0.043799754	1065.9375	0.0	-779.1311	0.3102364	3.233552e-09	417.7827658653259
200	165.91582	55.87392	260.07016	118.019104	801.25	16.747309	33.15563	121.49975	-0.5244551	804000	-0.011830579	196.93878	0.0	-47.572075	0.22546391	-9.506941e-09	420.1666820049286
201	154.2522	21.781395	175.495	122.60991	1000.0	10.301974	25.847313	118.936295	0.29549742	808000	-0.01019423	42.67301	0.0	-7.9483585	0.2707091	1.6242268e-09	422.51188588142395
202	44.021526	248.22899	275.24228	-423.10928	423.0	11.633646	50.046986	121.45998	-182.54602	812000	-0.02332841	844.2833	0.0	-326.85754	0.4152637	5.200505e-09	424.51682591438293
203	167.24371	56.680714	264.0354	122.458855	819.0	25.639765	25.367886	110.79192	-4.091034	816000	-0.015571296	467.46646	0.0	-267.25674	0.42338777	3.6656858e-09	426.9952459335327
204	-50.345863	287.76865	247.93245	-510.05862	494.8	5.689152	51.461075	107.962944	-191.43076	820000	0.011345082	578.62305	0.0	-52.040245	0.26097953	-3.516674e-09	429.2618999481201
205	92.89882	69.70951	170.73033	-12.251425	798.0	16.268927	24.698168	105.81842	-66.952545	824000	-0.010754404	362.76624	0.0	-171.30084	0.277327	4.3213366e-09	431.6977479457855
206	24.807663	192.2847	159.79303	-307.08545	768.75	2.750712	35.79656	110.46286	-192.68143	828000	0.010250687	87.61695	0.0	-26.778934	0.29835558	-3.2633545e-09	434.2238368988037
207	131.16014	99.30157	259.13846	2.9426737	525.8	13.825477	31.26926	116.10459	-40.03767	832000	-0.02056966	429.10312	0.0	-96.74558	0.3508886	3.0994416e-09	436.53902196884155
208	13.76976	169.18805	174.44925	-296.9386	652.4	5.8766584	36.94216	102.04918	-192.82368	836000	0.0034728097	264.9864	0.0	-158.79321	0.47759086	-1.2516974e-09	438.8902690410614
209	98.9704	114.21195	273.18857	-76.91658	615.6667	9.7268305	32.627365	106.63087	-133.39055	840000	-0.04079847	829.9727	0.0	-340.32098	0.4335239	-1.490116e-09	441.31919288635254
210	169.67136	143.00218	251.77602	-218.79393	352.55554	15.656601	42.09775	104.50615	-192.97171	844000	-0.069677964	1041.7081	0.0	-453.89612	0.37906307	-1.0579825e-08	443.357568025589
211	59.233883	237.43198	277.5374	-411.05038	284.15384	27.724703	62.151608	109.39297	-192.62683	848000	-0.02225922	1309.6472	0.0	-213.24297	0.33522087	1.0028481e-08	445.5330467224121
212	89.316216	173.52419	290.8416	-210.91847	534.7143	25.273178	34.345356	109.11046	-176.86067	852000	-0.031428505	846.59357	0.0	-417.04742	0.3187184	4.3213366e-10	448.1043951511383
213	212.13213	42.69113	258.50778	148.40799	564.1667	28.78943	30.259981	112.40249	-5.040859	856000	-0.06761666	448.4404	0.0	-135.14424	0.3621431	-3.8295984e-09	450.34739899635315
214	31.349342	73.92028	117.076965	-44.297695	582.5	14.52293	32.22362	104.074394	-173.68373	860000	-0.0038288159	480.25916	0.0	-413.1947	0.43673682	8.46386e-09	453.13439297676086
215	139.8462	23.506126	174.4388	116.39308	1000.0	7.5389934	23.04904	104.046295	-25.910221	864000	-0.044060476	71.843994	0.0	-24.609632	0.5149149	8.448959e-09	455.78533577919006
216	172.22324	56.14417	263.9504	116.04158	657.25	12.761489	27.974245	107.68261	-23.147358	868000	-0.045921244	281.07336	0.0	-26.80561	0.431035	4.61936e-09	458.284539937973
217	173.13419	68.23014	287.17404	107.047874	823.25	17.925613	25.20735	106.850174	-6.724904	872000	0.0037986906	462.4704	0.0	-239.43999	0.32202023	1.1518598e-08	460.44964480400085
218	203.51724	67.33536	288.94568	109.843796	692.0	14.493655	30.590828	109.69525	-68.18813	876000	-0.036020778	396.15338	0.0	-123.69389	0.2838918	-1.1086463e-08	462.86805987358093
219	130.30263	19.969131	153.05652	100.89459	1000.0	19.170383	23.089172	105.61993	-0.9862504	880000	-0.06317705	290.5176	0.0	-198.13663	0.2304436	-1.3709067e-09	465.3530640602112
220	224.92398	63.167606	288.34192	104.058075	526.8	18.245382	31.324057	109.28151	-2.2698307	884000	-0.03338078	623.49036	0.0	-122.28231	0.20741548	-1.4901158e-10	467.614737033844
221	74.23182	63.194527	130.37605	-29.159714	766.75	22.30689	25.514093	109.83631	-4.2512264	888000	-0.00807996	411.74097	0.0	-312.99802	0.1500656	1.1473895e-09	470.1069529056549
222	114.07928	112.620445	287.8529	-74.05318	564.0	11.403607	28.450388	103.65925	-129.82338	892000	-0.012454692	466.932	0.0	-68.61569	0.15120696	6.258487e-10	472.5503160953522
223	108.263374	103.93376	237.85622	-37.32229	297.55554	23.745815	32.367683	110.95662	-84.91025	896000	-0.024982605	1216.9937	0.0	-242.1688	0.15335543	2.6822091e-09	474.6489429473877
224	125.37085	83.328636	241.53978	10.031136	410.77777	24.529716	29.059072	102.63504	-57.15474	900000	-0.007943626	756.6564	0.0	-101.75824	0.13193324	8.493662e-09	476.5982720851898
225	100.52603	86.372856	199.70032	-18.186846	474.875	23.702211	29.115889	102.72036	-80.94637	904000	-0.017049678	953.6697	0.0	-168.60675	0.1415139	-1.4603139e-09	478.8407509326935
226	104.994644	130.8559	249.5026	-138.0874	452.25	14.214757	31.56018	101.37924	-145.75134	908000	-0.0060599805	697.40497	0.0	-253.49306	0.14367677	-8.881092e-09	480.8559229373932
227	111.76676	120.696785	243.73875	-83.83457	438.57144	29.508602	22.409288	96.70804	-108.473465	912000	-0.046036478	1462.3918	0.0	-644.0633	0.24937418	-1.5497207e-09	482.74573707580566
228	-24.304365	134.97104	219.7278	-169.17072	379.8889	6.060311	34.048897	100.10618	-148.77835	916000	-0.011660481	582.2241	0.0	-179.02777	0.31009448	9.834769e-10	484.9262249469757
229	60.63754	143.68687	209.50676	-255.63313	404.1111	26.246895	35.248665	98.08701	-176.11618	920000	0.037846137	691.7561	0.0	-337.05804	0.17648399	5.2303077e-09	487.1697518825531
230	6.379196	140.53635	215.76352	-169.98584	418.25	8.555431	34.60898	99.241714	-154.10982	924000	-0.05174888	585.3274	0.0	-218.74504	0.3419131	1.2218953e-09	489.6056110858917
231	-50.17947	119.4721	163.6734	-181.39452	391.22223	1.229436	36.140522	97.86385	-149.26215	928000	-0.02739354	709.0126	0.0	-191.07352	0.36967194	-9.074808e-09	491.871132850647
232	-38.850876	177.1141	159.78429	-357.2969	354.4	4.630831	37.571938	90.291954	-159.11464	932000	-0.008665506	1188.7322	0.0	-577.5614	0.33278573	5.5134293e-09	493.82826590538025
233	-119.84619	121.657005	136.1672	-308.99628	385.375	-13.321954	45.89604	91.34537	-190.71158	936000	-0.06549945	447.65286	0.0	-246.02588	0.4212371	-1.2367963e-09	496.3877787590027
234	-45.01434	99.24603	165.5334	-142.7731	504.83334	-7.791271	30.179642	90.00215	-153.27396	940000	-0.023080379	522.8098	0.0	-290.17438	0.4466554	-3.5464764e-09	498.8368239402771
235	-39.99429	73.283035	81.669876	-114.04651	1000.0	-3.3654647	23.156485	89.88561	-17.205462	944000	0.014159024	98.21885	0.0	-41.166153	0.42628676	-8.73208e-09	501.75742292404175
236	52.11837	116.30688	192.81335	-76.49672	525.5714	1.9952493	27.554106	86.05905	-109.4658	948000	-0.054765068	505.86307	0.0	-162.13765	0.37597492	9.268522e-09	504.201180934906
237	-4.75161	105.1851	165.26778	-120.13703	671.6	1.658132	26.287584	92.02617	-90.4445	952000	-0.06461175	142.16623	0.0	-49.29291	0.42440876	3.5762793e-10	506.39886379241943
238	2.7712433	114.097244	216.89665	-95.801605	713.2	4.902709	27.941442	93.58848	-17.225636	956000	0.00979132	487.27563	0.0	-141.25262	0.37708968	1.3262034e-09	508.90392088890076
239	5.7757854	107.649475	212.65625	-75.5771	379.1111	1.665483	29.361383	89.01897	-116.592735	960000	-0.026924144	369.565	0.0	-146.01672	0.3376847	-6.6310166e-09	511.3314881324768
240	9.939097	118.70062	207.54463	-98.729294	391.0	2.2500155	29.753582	92.39159	-93.95128	964000	-0.019365707	523.00385	0.0	-111.58502	0.31773546	1.4439225e-08	513.8596198558807
241	39.35548	122.906006	250.61452	-117.429276	308.1111	6.764358	30.056084	93.34055	-79.031235	968000	-0.017335974	343.39056	0.0	-97.05907	0.31284797	-1.9967555e-08	516.0621209144592
242	-35.862854	49.662018	35.5584	-88.44845	549.75	-8.324825	21.061447	84.668274	-96.09072	972000	-0.034320906	53.19188	0.0	-27.86208	0.44086406	-4.097819e-09	518.4770538806915
243	1.1124897	108.17229	180.66548	-102.09926	630.75	-2.04746	27.951803	94.07373	-86.934425	976000	0.0089761205	152.61703	0.0	-51.324944	0.3374092	-8.121133e-09	521.2004828453064
244	30.438011	112.18199	190.16757	-85.519516	476.33334	-0.259277	28.132828	93.290764	-76.15174	980000	-0.04091941	167.0376	0.0	-43.749775	0.3435337	-6.094575e-09	523.1851987838745
245	-12.82809	120.259285	270.32794	-112.9271	478.2857	-2.9160516	29.162218	94.06403	-97.405235	984000	-0.025304398	838.3292	0.0	-224.51132	0.3471974	-1.8179418e-09	525.3183779716492
246	95.69729	118.140656	267.25015	-74.199745	282.3	10.708448	34.808155	93.84304	-108.943756	988000	-0.0023513758	1065.7855	0.0	-269.63452	0.2357041	3.784895e-09	527.0276799201965
247	50.046463	86.09955	195.24983	-51.187637	365.1111	16.384874	29.195826	93.70451	-76.66554	992000	0.06706333	913.10254	0.0	-399.25406	0.2197384	2.5331972e-09	529.1052491664886
248	106.36955	124.77273	270.68347	-76.51397	271.30768	25.748636	30.394264	93.34419	-92.729324	996000	-0.0161386	1308.3971	0.0	-388.19803	0.15745626	-6.6012147e-09	530.5842299461365
249	103.28902	105.86527	235.43475	-67.04121	314.9091	25.767012	30.910994	98.831375	-113.55675	1000000	0.01367031	964.74194	0.0	-516.28577	0.116404265	-9.76026e-09	532.6993489265442
250	140.6707	96.97815	272.14322	-16.979319	550.6667	30.360449	21.704426	95.411835	-42.705853	1004000	-0.0049795224	939.63367	0.0	-348.65375	0.14394435	-8.046627e-10	534.6956338882446
251	47.05498	78.33057	224.5841	-25.66502	254.08333	22.976746	31.482843	102.84757	-81.20202	1008000	-0.004311192	1361.7596	0.0	-421.942	0.12981167	1.6391288e-10	536.798318862915
252	109.08852	108.62721	264.8252	-25.000717	298.0	4.6775537	32.276936	97.56416	-112.685646	1012000	-0.011702412	988.38086	0.0	-387.568	0.23031002	3.7699937e-09	538.7229659557343
253	37.75322	92.12492	254.26778	-58.07874	251.84616	22.096483	33.426254	101.96152	-88.9965	1016000	-0.0127865095	1089.3661	0.0	-314.89722	0.13744275	-1.952052e-09	540.3818578720093
254	118.564766	99.93688	253.6449	-21.397522	398.44446	13.951198	28.198727	96.05868	-92.027336	1020000	0.020448344	724.214	0.0	-257.79593	0.1700044	5.8263536e-09	542.4573431015015
255	166.17738	103.61874	286.25784	-12.810444	300.9	21.284206	33.03855	102.63677	-110.14619	1024000	-0.0056088394	1222.1636	0.0	-537.6871	0.10791841	-9.983778e-10	544.4060287475586
256	164.29301	92.34274	284.08734	-1.732855	425.66666	31.05752	31.127798	116.04853	-77.161446	1028000	-0.0100244135	601.0673	0.0	-131.97084	0.08584717	4.1872266e-09	546.2911999225616
257	157.04747	90.82144	243.64719	9.499749	550.6667	33.04416	25.84437	119.05772	-76.97184	1032000	-0.0075331666	623.3358	0.0	-255.80217	0.24633718	1.0579826e-09	548.2842350006104
258	218.85487	16.071974	244.67809	201.02542	485.7143	26.482859	29.151901	110.35771	-7.678055	1036000	-0.023916837	647.8207	0.0	-271.9762	0.21958616	8.106232e-09	550.2151479721069
259	157.13701	75.361855	239.51418	56.447506	594.0	33.343834	25.013065	106.87218	-56.640484	1040000	0.014742024	807.44165	0.0	-362.33508	0.11903924	-3.0547378e-09	552.872682094574
260	150.74857	71.91562	253.80916	50.5277	530.6	18.195934	23.857813	106.255066	-34.760105	1044000	-0.017070709	344.97665	0.0	-96.914764	0.25986853	-9.179115e-09	555.3460638523102
261	97.88328	85.81364	252.52467	-2.4177995	450.375	20.415613	32.43249	114.14267	-106.44212	1048000	-0.0021133595	743.57965	0.0	-375.43988	0.13067557	6.765127e-09	557.9987919330597
262	81.912445	32.309273	125.702675	39.691425	769.5	12.076247	22.905445	106.13197	-86.62611	1052000	-0.0065569235	151.10516	0.0	-95.070984	0.10840531	8.225441e-09	560.37207198143
263	143.68356	77.523735	257.2016	49.347244	546.4	12.492514	27.625544	105.34921	-101.728905	1056000	-0.039598703	365.76648	0.0	-125.00301	0.21910939	6.5714123e-09	562.6136698722839
264	101.805435	78.06307	220.75233	22.988487	465.0	21.775373	32.823044	124.8055	-73.04257	1060000	-0.007689206	587.3737	0.0	-318.73914	0.15817185	-2.68221e-10	564.7627789974213
265	135.2677	96.57902	240.43922	23.39478	402.42856	13.223232	27.84657	105.178345	-76.788124	1064000	0.001893484	596.9054	0.0	-198.59338	0.15982723	-8.493663e-09	566.8185338973999
266	135.94551	90.224144	253.08228	25.238764	582.5	17.58393	28.960491	108.28045	-115.22315	1068000	0.011380585	495.73346	0.0	-141.75742	0.14120527	5.7816507e-09	568.860025882721
267	138.07066	62.300217	220.32336	28.758934	718.2	16.356995	27.888042	111.92077	-47.02276	1072000	-0.0038522987	431.36035	0.0	-198.77861	0.12096207	-5.081296e-09	571.011430978775
268	199.30473	77.08545	284.64645	37.49125	435.14285	17.71239	31.497583	108.50651	-99.44459	1076000	-0.025979698	1284.2888	0.0	-595.82263	0.14086899	-4.1127204e-09	573.1367399692535
269	104.822464	80.33047	202.9643	-41.067387	727.4	21.573904	24.514519	108.95147	-39.735725	1080000	0.012758442	402.68304	0.0	-194.18411	0.16426261	3.5762787e-10	575.6467850208282
270	112.44717	67.51646	222.25168	42.692924	521.8571	15.030019	26.123833	108.98731	-69.55039	1084000	-0.005925296	505.33008	0.0	-246.39816	0.207474	-1.3321638e-08	578.1250698566437
271	179.75908	71.71909	262.14722	65.73074	554.6667	8.181847	28.35493	109.01575	-35.462265	1088000	-0.018474618	661.70435	0.0	-284.7802	0.22136432	-2.6226044e-09	580.2873229980469
272	201.54697	65.801765	273.565	52.559994	386.0	28.93504	34.506496	111.01161	-105.21912	1092000	-0.020231282	569.74744	0.0	-266.9494	0.13077962	-4.887581e-09	582.562441110611
273	162.888	57.290718	253.45804	98.53728	799.4	21.788649	24.370996	116.07974	-5.816681	1096000	0.018538192	333.53546	0.0	-162.2926	0.09321371	3.2335519e-09	584.8632028102875
274	174.7011	76.09157	238.61322	39.450726	478.0	21.054676	30.915033	113.01892	-19.436592	1100000	-0.010979086	672.3291	0.0	-198.27371	0.18271127	-1.8775463e-09	587.0064778327942
275	101.72035	106.398384	256.1354	-14.137168	454.57144	25.721874	26.79829	112.057846	-86.999985	1104000	-0.01997218	720.92505	0.0	-215.59985	0.24244817	4.5597552e-09	589.0590300559998
276	176.2315	54.837906	251.17712	109.8412	719.4	14.04557	26.979565	109.8409	-55.3434	1108000	-0.014408505	313.43945	0.0	-149.56885	0.18923476	7.4356796e-09	591.2705218791962
277	159.00638	95.95094	263.26306	-10.161891	365.4	24.892921	31.551018	126.06102	-76.9416	1112000	-0.029368848	835.6452	0.0	-298.5996	0.12337498	-1.4752146e-09	593.5436799526215
278	102.6887	82.45437	224.13208	-15.262944	471.75	30.778152	27.975542	110.62818	-79.62326	1116000	-0.011837896	763.7086	0.0	-364.85202	0.11665497	-8.434057e-09	595.9381687641144
279	180.49953	63.070553	263.16205	77.1934	628.8	15.072152	25.955622	108.34793	-83.220505	1120000	-0.050964214	391.1772	0.0	-181.39647	0.24051493	1.038611e-08	598.1069629192352
280	52.16314	65.79211	141.47832	-32.404194	514.6	13.7306185	27.762009	109.611565	-112.29357	1124000	0.001734267	614.66736	0.0	-220.283	0.18966961	7.0035457e-09	600.4760029315948
281	174.16737	102.79433	274.83273	-44.850883	537.1429	10.331207	30.23954	108.394424	-98.29903	1128000	-0.001465885	1055.0557	0.0	-347.4701	0.21696806	1.6838312e-09	602.8851337432861
282	144.93036	103.635086	249.02048	-10.989327	421.66666	22.894066	29.451513	114.32087	-116.56227	1132000	-0.027928803	596.2011	0.0	-219.20676	0.20052445	2.69711e-09	604.7885887622833
283	16.695599	67.260956	124.11658	-57.045727	435.42856	11.912113	29.151585	108.5513	-125.78812	1136000	-0.04109079	888.27844	0.0	-349.84668	0.1343655	-2.68221e-10	606.8593649864197
284	82.122025	102.41932	223.26338	-47.783928	591.6	2.063472	29.022568	104.34964	-128.39394	1140000	0.02875672	686.3461	0.0	-221.51886	0.16891888	8.8363885e-09	608.8871309757233
285	103.389015	103.707565	240.52509	-26.437328	440.2	17.95305	28.789843	107.98803	-122.20594	1144000	0.007993819	716.38855	0.0	-300.75134	0.12481821	-1.5944243e-09	611.1150009632111
286	80.55019	110.080284	226.7743	-61.4581	444.33334	16.521982	28.504347	106.1031	-106.18751	1148000	-0.015474894	724.4155	0.0	-187.96573	0.16030012	-2.7567146e-09	613.156849861145
287	153.97556	55.38437	228.29906	99.73399	782.8	2.5859897	28.518211	106.14426	-98.72087	1152000	0.012034261	481.6918	0.0	-268.5517	0.15005329	1.6242265e-09	615.744931936264
288	48.0253	94.18431	199.05235	-67.62437	314.8	20.334835	33.215782	106.765205	-136.60568	1156000	-0.038819786	1607.049	0.0	-789.57367	0.23885952	-6.9737434e-09	617.407203912735
289	135.94534	66.29144	240.77321	65.46368	848.5	11.298244	25.515741	105.494255	-89.433945	1160000	0.041418023	599.06415	0.0	-377.0885	0.13199209	-2.682209e-10	620.3128378391266
290	101.65335	101.370384	242.55315	-65.31996	779.8	15.411739	22.977842	106.27626	-79.41043	1164000	-0.0015691789	493.85114	0.0	-191.71039	0.14804335	-4.0084123e-09	622.8028440475464
291	134.74013	79.6955	236.12354	47.32243	531.5	9.292447	28.012346	105.76033	-58.916664	1168000	-0.013832744	447.5549	0.0	-132.55237	0.19105227	-5.2005054e-09	625.1361129283905
292	66.17351	65.14516	181.09734	-9.28363	603.4	16.12497	24.764181	106.91889	-81.41861	1172000	-0.026388112	289.3818	0.0	-126.01683	0.27078626	3.5911798e-09	628.3540170192719
293	63.889748	14.0736	76.66175	40.105495	778.5	8.332386	21.452597	100.100174	-38.442528	1176000	-0.047035627	145.8581	0.0	-91.8385	0.32950878	-1.4305114e-09	632.2372508049011
294	104.45053	52.908016	192.44818	56.409508	762.5	14.634533	32.00933	100.567474	-79.08441	1180000	0.015958311	1248.296	0.0	-1043.0684	0.2644373	-1.1786819e-08	635.2309749126434
295	86.54436	56.421722	155.10854	-7.179973	596.8	7.304025	27.892294	107.115425	-97.64655	1184000	-0.05498677	226.63089	0.0	-83.434105	0.3644356	1.0028481e-08	638.3401579856873
296	123.62588	62.833923	225.01707	56.705826	707.2	8.706174	24.802383	105.99326	-88.83793	1188000	-0.012683703	321.33688	0.0	-173.17609	0.2995916	-2.8312206e-09	640.8087120056152
297	127.021484	55.571133	216.37425	42.889614	719.6	8.753157	27.201908	107.71116	-81.070564	1192000	-0.02805124	184.87479	0.0	-69.51851	0.4083699	7.1376562e-09	643.3556470870972
298	140.90761	94.561745	230.1816	-29.499796	495.0	12.240524	26.180155	107.778114	-69.05175	1196000	-0.029401954	574.49695	0.0	-136.6843	0.32391492	3.4868717e-09	645.824826002121
299	151.51254	62.203014	210.60544	61.826622	764.0	11.148287	20.509142	97.94364	-35.078346	1200000	-0.038197637	203.08434	0.0	-75.81038	0.3498136	3.8743018e-09	648.3212418556213
300	108.17124	52.807785	180.74074	26.005163	799.8	15.199557	24.293985	108.90782	-58.787975	1204000	0.015883163	378.79294	0.0	-114.10678	0.14148916	8.940697e-10	651.4614958763123
301	132.40674	86.92118	234.67305	-5.5094547	659.4	10.480369	26.655018	108.27394	-63.245705	1208000	-0.0236396	268.2778	0.0	-64.572044	0.26165396	-7.2717667e-09	654.0495779514313
302	169.10136	101.5748	266.33646	-27.532248	481.16666	11.924375	30.047318	108.79692	-80.3817	1212000	-0.043117102	892.01807	0.0	-498.5193	0.28899026	5.960463e-10	656.4734449386597
303	150.11986	70.75328	259.612	52.231445	628.6	19.769468	25.725855	109.10343	-72.47754	1216000	0.0063605756	274.93353	0.0	-90.138626	0.30857867	2.4884939e-09	658.8494291305542
304	127.63841	112.51884	234.1012	-52.76461	674.75	17.805103	20.964153	108.08336	-55.68478	1220000	-0.020809656	524.34485	0.0	-174.0553	0.16388926	4.0382147e-09	661.1390390396118
305	191.26453	79.97898	267.9558	28.456783	510.16666	13.496488	25.977766	100.52759	-56.897278	1224000	-0.046415485	592.38135	0.0	-302.20087	0.23579116	7.599592e-09	663.6210169792175
306	128.24596	89.79087	255.39629	23.362942	507.5	26.744743	20.31826	105.062965	-61.332172	1228000	-0.062294006	536.6471	0.0	-218.80568	0.27476916	-6.5118075e-09	666.1830270290375
307	122.05319	75.961586	238.65337	26.534319	649.75	18.433235	19.920616	108.164825	-76.38541	1232000	0.0037888982	221.56909	0.0	-96.098145	0.22053456	-9.6410515e-09	668.9308938980103
308	141.62312	79.004776	215.82811	0.66681266	701.6	13.080341	22.882902	107.76326	-107.17114	1236000	-0.00472969	392.4076	0.0	-122.7872	0.21110742	8.001924e-09	671.7131998538971
309	69.32716	68.64132	153.76794	-8.129443	693.25	13.409335	21.249079	108.531166	-75.14085	1240000	-0.040052157	247.82637	0.0	-82.812965	0.25290734	6.0349703e-09	674.6013100147247
310	117.14712	45.241024	186.764	53.25812	751.6	8.019587	23.467342	107.69537	-88.85545	1244000	-0.0313306	232.28123	0.0	-58.724213	0.28887367	2.592802e-09	677.5814201831818
311	140.84311	39.335503	188.47923	92.54141	899.0	12.145049	22.239716	106.965744	-30.55677	1248000	0.024699463	322.26083	0.0	-181.32004	0.26495552	-3.7252903e-09	680.1887288093567
312	168.28423	52.354774	213.42891	66.62992	459.8	11.228469	26.762028	108.606705	-75.51825	1252000	-0.03851202	456.37152	0.0	-191.42822	0.18498597	7.2866677e-09	682.747006893158
313	130.01553	13.687812	143.35815	109.9718	1000.0	20.082682	17.937122	106.091675	-12.083947	1256000	-0.057939354	253.26997	0.0	-223.42169	0.2964729	8.448958e-09	685.256236076355
314	93.863945	96.83449	215.11116	-21.810163	625.6667	14.995816	25.604975	108.79883	-49.438488	1260000	-0.02324074	666.64465	0.0	-135.79472	0.19949776	-3.218651e-09	687.7578508853912
315	210.42126	38.73336	250.74916	137.50934	594.0	11.320127	27.238493	108.17466	-57.407177	1264000	-0.035865106	647.8126	0.0	-295.6663	0.22260734	8.940696e-10	690.377289056778
316	136.95493	69.75156	255.62547	38.031246	712.6	22.052933	21.537779	107.97895	-58.53334	1268000	-0.022777615	245.3132	0.0	-95.2489	0.2318846	6.109476e-09	693.3826489448547
317	190.47626	46.399494	256.8093	127.14761	735.8	16.304123	24.039074	108.19143	-35.05967	1272000	-0.029719323	309.21826	0.0	-76.37041	0.18245009	-4.7385695e-09	695.9607040882111
318	129.40411	56.976177	226.58272	86.27903	860.0	15.442828	18.973661	90.68152	-17.299519	1276000	0.0018953478	230.59698	0.0	-43.699604	0.1692163	-8.642673e-10	699.2495028972626
319	138.70985	11.174133	151.37985	121.22421	1000.0	9.542252	22.09336	107.96011	-20.37377	1280000	0.050260507	88.66083	0.0	-55.793774	0.19395477	-3.3229588e-09	702.2964177131653
320	225.12262	41.195557	270.8345	150.6065	514.0	17.125126	28.670845	108.91972	-13.351929	1284000	-0.038203165	824.97217	0.0	-363.6318	0.19330992	-3.1292458e-10	704.3077499866486
321	119.247375	52.0178	204.5982	76.70209	897.5	21.831682	18.922272	107.480354	3.4029603	1288000	0.06063769	320.57318	0.0	-275.30255	0.23526233	-1.1920929e-09	707.0628809928894
322	127.69794	95.21444	261.0744	-5.050206	609.25	10.822892	26.746222	109.26503	-97.205574	1292000	-0.013836301	148.68866	0.0	-73.8689	0.23287311	-2.3841862e-09	709.6352970600128
323	151.05405	59.86069	249.605	89.93841	830.5	12.596791	23.335115	112.909294	-11.836767	1296000	0.01681489	201.01263	0.0	-39.880913	0.11522547	-1.2069941e-09	712.2908270359039
324	132.2728	41.524498	195.3251	81.70666	768.4	12.835743	24.451122	92.21924	-15.294498	1300000	-0.04496956	129.56299	0.0	-54.97467	0.15121038	5.7816507e-09	715.192223072052
325	106.61112	15.497642	123.179955	84.29412	1000.0	8.802935	19.44391	96.0289	-30.664066	1304000	0.017470434	40.132847	0.0	-27.249771	0.25758758	6.3627956e-09	717.8594288825989
326	117.7693	52.62977	208.82057	64.30682	523.6	12.217412	26.478542	109.59762	-44.0077	1308000	0.010314513	192.95557	0.0	-76.292404	0.21061075	9.953975e-09	720.3872048854828
327	132.01453	38.815037	192.25835	90.52291	854.75	9.686826	23.6552	108.143684	-35.666653	1312000	-0.05485139	122.03227	0.0	-23.016762	0.2906266	-4.9322844e-09	723.4298310279846
328	153.85388	49.055946	238.7105	122.68441	865.5	11.401721	24.416523	106.32951	-25.041012	1316000	-0.008099515	81.253555	0.0	-13.175745	0.27228758	-1.311302e-09	726.0181329250336
329	117.20224	24.724583	151.01407	81.79379	1000.0	6.7556543	21.782852	102.13035	-45.562645	1320000	0.0034244107	18.763264	0.0	-10.565588	0.33777907	7.0631505e-09	728.5093131065369
330	132.0316	45.823856	210.8431	99.09972	885.25	7.5748496	23.362686	107.77379	-25.7404	1324000	-0.033826135	142.45241	0.0	-58.968536	0.28785008	-7.599592e-10	731.9146349430084
331	141.1953	46.140827	218.03725	96.625336	863.0	8.65844	21.824686	104.059	-15.681796	1328000	-0.0183506	102.6659	0.0	-13.662297	0.28717875	3.233552e-09	734.7513160705566
332	212.55434	50.314156	287.78305	122.48089	632.6667	15.039185	25.816952	104.97525	-39.439964	1332000	-0.0573139	463.72794	0.0	-178.01088	0.27653083	3.6805865e-09	737.076730966568
333	192.51749	19.06893	213.57243	163.4648	581.6	20.369364	24.264688	110.99079	-3.5235038	1336000	-0.02765105	576.5459	0.0	-335.4073	0.23777045	7.852912e-09	739.4076859951019
334	193.81625	27.876314	235.67958	159.08595	667.4	30.402145	29.112087	108.78065	-24.510967	1340000	-0.0810755	865.87915	0.0	-588.0073	0.27387714	8.702278e-09	742.0153329372406
335	184.43674	55.467003	241.07903	83.14012	648.6	21.797411	24.325006	112.77562	-6.031715	1344000	-0.028160993	265.22937	0.0	-54.205063	0.26488912	6.258488e-09	744.3230528831482
336	142.3348	78.207634	238.2995	30.0832	636.8	27.637009	24.57646	109.56876	-6.3844037	1348000	0.036012527	796.33203	0.0	-555.3482	0.19741401	9.953975e-09	747.0952339172363
337	134.62012	92.63879	221.1511	-3.5233564	564.6	19.850327	29.913342	101.97736	-98.61601	1352000	-0.040946845	561.6092	0.0	-288.27295	0.24745494	4.4852495e-09	749.4267289638519
338	155.22635	75.59502	221.99907	13.686586	437.6	19.004816	26.336042	91.95052	-84.94428	1356000	-0.042891636	522.66974	0.0	-225.79535	0.2639334	-2.8163196e-09	751.8759219646454
339	164.04778	11.770621	182.8124	151.19887	592.4	20.165144	23.503012	100.6149	-27.834946	1360000	-0.018260228	603.08185	0.0	-327.81616	0.22221215	-9.834766e-10	754.1806199550629
340	148.56131	59.872845	217.74113	59.53577	676.6	14.234776	23.722763	96.46497	-28.00644	1364000	-0.03176447	430.864	0.0	-227.41248	0.29336268	4.217029e-09	757.2025508880615
341	140.07706	87.40871	248.3223	19.732409	445.75	19.818275	25.215933	105.43405	-62.021526	1368000	-0.035293438	942.5879	0.0	-209.00052	0.27683234	-8.5532665e-09	759.811066865921
342	164.95291	98.541336	269.28204	-29.891558	512.8571	27.830738	27.38012	108.3012	-58.031868	1372000	-0.03486312	1407.2518	0.0	-822.1937	0.25006694	-1.2069941e-08	762.147567987442
343	170.5355	74.89038	254.56642	41.931	368.1111	27.049644	30.061958	109.97843	-92.769936	1376000	-0.04194682	861.8708	0.0	-318.5625	0.23513797	2.7865172e-09	764.0818068981171
344	159.96188	78.68612	247.2701	39.08994	522.1429	34.78535	26.9693	100.96196	-96.85863	1380000	0.03800623	760.3049	0.0	-449.98892	0.21141908	-1.9967556e-09	766.5279581546783
345	135.05537	72.36185	204.5188	-18.102804	513.5714	23.599724	23.18328	99.95229	-80.67997	1384000	-0.03453915	704.19116	0.0	-335.7157	0.23402002	2.965331e-09	768.8102378845215
346	174.48009	60.598507	229.75189	54.640785	375.25	27.046106	33.441017	101.18968	-78.10512	1388000	0.0036819559	407.69147	0.0	-146.21976	0.21003011	1.6480683e-08	770.7786200046539
347	115.996506	96.70965	249.06801	-42.316036	483.25	20.43999	29.986885	109.86475	-73.702065	1392000	-0.026320232	792.3707	0.0	-257.86688	0.20397617	1.1831522e-08	773.0869879722595
348	109.227974	114.42511	238.181	-71.45588	320.72726	21.47237	38.92033	103.1523	-102.21562	1396000	-0.008039873	881.2375	0.0	-241.62695	0.25299034	2.5331977e-09	774.7448379993439
349	156.83116	66.219536	210.00815	21.634398	563.5	27.43349	34.925694	103.71047	-89.3596	1400000	-0.038722385	922.8045	0.0	-618.98846	0.27112266	-2.9206275e-09	777.024621963501
350	146.79405	81.74159	234.65598	-33.611126	454.5	24.10923	29.661448	98.1876	-60.590435	1404000	-0.00696305	492.3968	0.0	-229.64102	0.22909603	-2.5182962e-09	778.9307129383087
351	158.72485	66.411194	200.42827	0.38604814	470.42856	16.833364	34.56783	108.51807	-94.3396	1408000	-0.01707447	462.54614	0.0	-215.84439	0.25170472	3.859401e-09	781.1283960342407
352	180.23064	56.54686	269.9694	78.67023	540.0	19.95734	26.76354	98.49169	-84.297386	1412000	-0.022867693	485.6066	0.0	-213.86157	0.2819817	4.917384e-10	783.8495471477509
353	-15.798283	12.6135435	-1.330645	-31.888445	817.5	14.177399	27.030357	110.00333	-60.05138	1416000	0.006135015	683.7252	0.0	-499.2897	0.3198122	3.9488075e-09	787.1603779792786
354	2.3891902	39.543747	59.28378	-38.21541	771.75	-6.4024644	24.47042	107.181244	-83.355965	1420000	-0.029482752	48.198616	0.0	-22.079731	0.32388026	-1.5944246e-09	790.5102958679199
355	19.640713	89.38186	172.03102	-56.103912	858.75	-5.5300226	23.348667	83.05301	-27.557793	1424000	-0.057256907	100.766	0.0	-67.67453	0.34859675	2.4884943e-09	793.6161098480225
356	4.31513	64.14807	110.3517	-56.084118	931.75	-2.6792467	26.851011	108.48558	-21.160227	1428000	-0.036214244	35.56843	0.0	-11.007643	0.35442007	-3.9637085e-09	797.3384578227997
357	-30.648087	15.127727	-15.438153	-48.486473	1000.0	-7.3240957	19.973898	79.229774	-20.328968	1432000	-0.04308421	13.209661	0.0	-3.96124	0.3879878	-1.7732382e-09	800.3830709457397
358	-12.666364	16.578238	3.421087	-36.35278	1000.0	-5.9883924	22.6948	105.166016	-20.889254	1436000	-0.004533523	17.099222	0.0	-4.682064	0.3767255	3.948808e-09	803.79643201828
359	-27.098454	11.090925	-8.209308	-36.691383	1000.0	-8.767719	18.588604	86.85203	-21.11878	1440000	-0.023689743	18.38161	0.0	-7.600765	0.38122422	3.412366e-09	807.3685278892517
360	-45.220276	28.164206	2.7340927	-69.27419	1000.0	-7.237714	19.943201	105.39212	-20.827797	1444000	-0.0040276833	16.50595	0.0	-6.820368	0.3753491	3.5017726e-09	810.9301419258118
361	-18.376024	14.483359	0.7320032	-36.2521	1000.0	-7.7003064	19.53922	98.22149	-19.732828	1448000	-0.02117958	10.331171	0.0	-2.8035586	0.3725943	-3.412366e-09	814.9669981002808
362	-12.471177	5.9779396	-4.5784397	-20.866823	767.75	-7.1903863	21.027567	93.71896	-116.265076	1452000	0.0035149194	41.50847	0.0	-27.28847	0.35635236	6.5565114e-10	818.3637080192566
363	-40.20308	20.124908	-15.165718	-61.810448	1000.0	-9.5927925	18.317808	68.23013	-23.300192	1456000	0.017885081	23.281515	0.0	-14.805383	0.34100336	1.4752151e-09	822.681165933609
364	-35.24989	15.781324	-11.6799135	-52.002216	1000.0	-7.834175	20.978636	98.27742	-21.615322	1460000	0.0040712766	14.093441	0.0	-4.2009125	0.34483004	-6.4224004e-09	826.0161349773407
365	-26.670387	6.841304	-17.247795	-35.547813	1000.0	-9.384519	19.300539	74.22128	-21.951118	1464000	-0.008805412	12.240677	0.0	-3.4461293	0.33904296	-6.0647727e-09	829.9625160694122
366	-21.356274	16.709305	-6.0536995	-47.09514	1000.0	-8.936434	21.177475	93.91728	-23.36992	1468000	-0.013434613	10.067522	0.0	-4.085081	0.32722503	2.0861626e-09	834.1235699653625
367	-31.624874	19.007183	-5.685986	-57.05737	1000.0	-9.783315	20.083311	79.115776	-24.676067	1472000	-0.017304046	8.233974	0.0	-1.2802768	0.30827752	5.64754e-09	837.4959979057312
368	-16.771505	25.240421	14.378724	-47.674286	1000.0	-8.850189	21.573727	95.526405	-24.253178	1476000	-0.023598056	11.130939	0.0	-3.8511238	0.29545152	-2.95043e-09	841.3384778499603
369	-23.497187	17.218449	3.7327373	-43.562336	1000.0	-8.810724	21.623018	90.96348	-23.396748	1480000	-0.01689284	9.955818	0.0	-2.6765158	0.28642482	-7.2717667e-09	845.5449810028076
370	-12.606662	17.44988	16.377634	-29.934423	1000.0	-7.742665	21.597467	99.97159	-21.748964	1484000	-0.024101967	8.854357	0.0	-1.7681522	0.281033	-4.053116e-09	849.2503108978271
371	-9.489436	17.293316	15.665654	-31.604443	1000.0	-8.844813	20.76465	87.80431	-22.799356	1488000	-0.036360905	12.394497	0.0	-3.8791237	0.2786322	-1.8328428e-09	853.5964298248291
372	-21.932148	19.768251	5.3010507	-46.75809	1000.0	-8.644616	22.698654	93.765915	-23.678762	1492000	0.006078597	13.502505	0.0	-4.252839	0.2634642	2.6971103e-09	857.5391597747803
373	-5.828561	21.457518	10.997174	-41.92918	1000.0	-8.621634	23.53625	105.6083	-24.932476	1496000	-0.01659828	11.3602295	0.0	-4.1806154	0.28143167	-4.2766333e-09	861.6012370586395
374	7.1973095	30.724901	38.990665	-43.520554	1000.0	-9.092181	24.679785	104.97808	-24.741814	1500000	-0.01211504	18.443464	0.0	-6.696679	0.27735412	5.36442e-10	864.8612439632416
375	33.687595	40.461823	97.33115	-13.386008	1000.0	-6.1327205	23.070387	96.99894	-34.73239	1504000	0.00421821	94.25081	0.0	-52.42031	0.19505864	-7.8976153e-10	868.540834903717
376	131.26282	31.741339	176.77573	87.59427	869.75	0.37360156	26.114658	108.04723	-36.099075	1508000	-0.035916954	382.0682	0.0	-301.47263	0.1865799	-4.9471853e-09	871.7097208499908
377	110.65674	42.076897	159.19049	54.688435	1000.0	10.633994	20.437283	108.27309	-28.677471	1512000	-0.037129942	98.95442	0.0	-72.87625	0.31787807	1.104176e-08	875.0189588069916
378	96.54158	6.687557	105.26646	87.38859	1000.0	7.6334953	18.442154	85.05877	-15.656136	1516000	0.038278878	94.77308	0.0	-71.79144	0.19100635	-9.208918e-09	878.3520209789276
379	124.191864	21.914524	155.71742	99.19643	1000.0	7.189155	20.826313	107.01482	-35.154556	1520000	0.04142052	57.12785	0.0	-39.877514	0.13694727	-5.39422e-09	881.5720210075378
380	92.643654	88.056015	245.3796	-7.5696893	557.1429	15.34146	29.072962	108.95768	-38.74106	1524000	-0.013187153	655.0924	0.0	-313.22937	0.1566221	6.1690804e-09	884.2626791000366
381	130.6669	26.833372	176.9627	113.11562	932.0	6.4225526	21.443987	86.47759	-36.870857	1528000	-0.01939728	231.70883	0.0	-158.29958	0.13977748	1.1920929e-09	886.7390840053558
382	110.66094	89.712296	228.82512	3.5917187	462.375	11.176294	27.890425	105.36195	-108.33619	1532000	-0.024899494	488.93683	0.0	-207.73833	0.18452138	-2.9206277e-09	889.1124360561371
383	129.36192	105.49626	252.39505	-8.17738	452.125	26.681728	25.516033	105.76697	-62.879974	1536000	0.0007115726	1204.2034	0.0	-443.3891	0.15497804	1.2069938e-09	890.8913087844849
384	118.68898	107.94885	253.51266	-33.030415	453.0	17.346676	27.99417	107.06685	-159.23573	1540000	-0.011165337	628.63226	0.0	-287.50452	0.122613996	3.9935113e-09	893.1222758293152
385	135.41304	109.29484	243.57607	-66.66932	625.6	12.840129	24.097956	103.67449	-37.88949	1544000	0.0034951307	848.89734	0.0	-454.76382	0.08875857	5.215406e-10	895.2636659145355
386	132.2871	88.60874	234.77286	-6.2307754	483.7143	21.706059	29.450258	107.48025	-101.91756	1548000	-0.01676029	902.3373	0.0	-453.36713	0.12981868	-5.468726e-09	897.2919540405273
387	29.13994	96.08723	217.0929	-62.768444	245.0	26.479324	31.972006	106.816124	-112.59051	1552000	-0.023354579	1734.7874	0.0	-762.3224	0.1767272	-1.9416213e-08	898.871260881424
388	203.63956	49.58461	272.94904	138.41876	632.2	13.373002	24.977165	104.310425	-104.70368	1556000	0.016942777	915.0896	0.0	-608.8832	0.10433862	2.7716158e-09	901.1794130802155
389	45.289387	80.43358	229.75807	-32.16211	357.3	23.628864	30.574886	106.27715	-110.545235	1560000	-0.02578854	1268.1555	0.0	-657.00024	0.12912503	-3.3676621e-09	903.3281030654907
390	107.97232	91.70826	215.52666	-36.508102	490.625	12.173791	27.781647	103.43028	-120.96971	1564000	-0.008389422	769.6748	0.0	-290.06766	0.16122034	2.0861626e-10	905.5825438499451
391	56.19869	96.98733	226.6182	-56.024952	257.7857	20.965208	37.03134	105.26455	-111.93381	1568000	-0.03532048	1262.1821	0.0	-364.1705	0.14849567	-4.0084123e-09	907.6042199134827
392	107.14072	83.96178	191.18088	-17.481497	390.1111	18.313496	35.218647	103.619385	-106.60403	1572000	0.013078032	982.0702	0.0	-563.74316	0.14048196	8.404255e-09	909.8294749259949
393	103.4439	99.720314	253.8319	-40.738605	417.0	9.988674	27.446404	103.87034	-106.2272	1576000	0.034064215	597.1554	0.0	-252.39877	0.087552354	-1.0520219e-08	912.1089539527893
394	75.83149	81.47157	185.3207	-18.178303	422.625	19.647524	29.483105	115.70821	-119.13965	1580000	-0.021525154	515.88184	0.0	-167.53748	0.15269443	-5.8710574e-09	914.3790647983551
395	81.01657	103.26124	222.74214	-57.446568	303.41666	22.81934	30.934263	114.885895	-95.17601	1584000	-0.030566204	1034.8503	0.0	-466.8205	0.15342917	1.013279e-08	916.8292517662048
396	56.43763	93.448586	242.9566	-41.33445	338.3	22.03497	28.922424	113.41062	-90.45598	1588000	-0.0012710723	916.3021	0.0	-314.47705	0.15890369	-1.7434361e-09	918.9601919651031
397	78.34342	104.91424	229.91711	-77.91564	556.8571	3.5416832	22.663141	99.21109	-64.82582	1592000	0.023984872	474.3713	0.0	-143.76505	0.0863978	3.859401e-09	921.2903618812561
398	60.64808	98.0516	204.39197	-43.47837	362.3	14.219381	29.968054	103.451546	-133.98222	1596000	-0.001201121	694.95105	0.0	-271.9947	0.120441124	8.1956397e-10	923.5504970550537
399	36.269516	91.526405	235.70065	-57.041924	255.46666	25.31521	34.76515	114.36144	-135.60797	1600000	-0.05662159	1259.9716	0.0	-535.5316	0.21934897	-1.1339783e-08	925.5025670528412
400	47.042747	90.96946	228.16756	-71.091286	218.92308	2.4818444	38.4638	112.067795	-163.47083	1604000	-0.036150143	1158.7231	0.0	-583.46704	0.15244044	-3.919005e-09	927.2327108383179
401	79.50806	96.0352	222.01692	-20.26575	287.41666	26.981401	32.443565	114.106186	-130.62488	1608000	-0.04452324	784.7654	0.0	-358.35413	0.23123991	1.0028482e-08	929.379380941391
402	33.812572	89.2044	236.53685	-46.81997	285.36365	18.511671	29.172516	109.26051	-117.92734	1612000	0.0060939034	1014.7964	0.0	-323.2213	0.14746165	1.1220575e-08	931.452535867691
403	60.163418	100.07351	226.63873	-41.371174	253.07143	13.936092	34.621357	103.453865	-107.110634	1616000	0.003370313	1416.2881	0.0	-478.98737	0.17087948	-4.455447e-09	933.226637840271
404	75.05405	121.94622	210.24294	-84.70959	332.0	18.231285	32.7372	110.9855	-101.63675	1620000	-0.027011445	937.74963	0.0	-283.45575	0.19856088	2.2351743e-09	935.1650319099426
405	9.7932205	80.52636	162.05083	-89.09532	513.1667	8.412485	31.854454	113.84741	-97.91089	1624000	-0.014126511	900.8446	0.0	-302.25604	0.22801033	-7.2717663e-09	937.8202650547028
406	2.7525656	39.756996	67.76745	-62.30806	486.625	-6.1101556	31.49682	96.73982	-141.33705	1628000	0.011503972	328.74084	0.0	-130.46652	0.19122593	-1.053512e-08	940.6414349079132
407	-20.051271	110.51964	135.17747	-165.41841	753.25	-1.8441582	27.840809	101.506966	-127.76206	1632000	0.019456483	292.02243	0.0	-91.12301	0.24848655	-5.5730345e-09	943.418536901474
408	88.081474	116.411224	239.3973	-55.755024	352.1111	3.388165	30.472555	92.800606	-102.65897	1636000	-0.040282313	746.3633	0.0	-298.0444	0.21433002	6.9886443e-09	945.7500171661377
409	-12.666016	102.0607	194.65985	-182.28204	524.2857	1.3616254	30.37723	103.408676	-105.91834	1640000	-0.0012257718	270.43622	0.0	-88.032715	0.22140631	3.7103889e-09	948.2343790531158
410	3.6519945	38.581898	55.164932	-61.37393	381.85715	0.28165674	33.61357	101.51912	-152.82817	1644000	0.022129832	606.25415	0.0	-462.0727	0.20235991	1.5795232e-09	951.3308601379395
411	61.01179	97.790764	215.13844	-58.340286	450.57144	1.0745786	29.566519	112.9106	-108.46524	1648000	-0.036340706	391.41168	0.0	-235.74023	0.23091613	2.6077034e-09	954.1074459552765
412	39.15118	99.9429	260.50262	-24.754688	409.5	1.5012804	26.038834	99.88202	-117.13455	1652000	-0.0049025854	412.26892	0.0	-194.4696	0.2133589	-6.3329937e-09	957.080356836319
413	117.18009	92.52374	227.45877	-19.936384	582.0	11.748384	28.644756	116.49257	-66.6546	1656000	-0.08619001	151.56323	0.0	-46.22082	0.40136588	-1.2516974e-09	959.4925248622894
414	11.765952	70.35827	163.78668	-45.129494	610.3333	5.8823276	26.26433	112.892654	-93.03725	1660000	-0.014850559	210.65067	0.0	-66.84916	0.21896973	1.7136335e-09	962.6280019283295
415	29.824163	102.76893	204.9144	-46.96013	914.5	1.349122	23.32493	116.322426	-19.757273	1664000	-0.011052564	121.53412	0.0	-76.102936	0.21045645	-9.536743e-09	965.9155700206757
416	41.934654	85.804504	210.01372	-24.019869	763.0	3.6550176	31.714888	116.824356	-110.5684	1668000	-0.016482323	216.61691	0.0	-89.403595	0.21083516	-1.0371209e-08	969.3344347476959
417	49.825447	61.644844	139.153	-22.81502	780.0	-2.7334306	24.287968	96.86069	-99.669136	1672000	-0.012455926	217.3703	0.0	-81.85489	0.21457969	1.3336539e-08	973.1266498565674
418	69.75014	110.83414	274.88657	-43.142933	730.0	10.117361	31.232216	103.20358	-105.43153	1676000	0.012360082	358.17487	0.0	-245.2848	0.20928907	9.998679e-09	976.8477499485016
419	76.68979	70.22288	149.57925	-17.53344	974.25	5.2403455	24.939465	103.57661	-25.190695	1680000	0.013910096	253.27373	0.0	-170.9584	0.16019258	7.778406e-09	979.788831949234
420	26.921484	78.06305	166.72665	-42.72574	784.8	3.592875	25.077112	114.879715	-154.60828	1684000	-0.02044947	206.26917	0.0	-133.96066	0.2181992	5.275011e-09	983.2315199375153
421	142.4331	57.20146	222.0352	64.32979	854.75	6.92457	26.211926	108.32055	-42.4492	1688000	-0.0025889713	300.2284	0.0	-212.22519	0.17749533	4.2170285e-09	986.3210849761963
422	109.423965	67.85412	182.72528	24.334717	813.75	6.3747125	28.12902	116.395676	-50.423714	1692000	-0.0042137066	286.26935	0.0	-214.79303	0.18250906	7.7486035e-09	990.1511929035187
423	103.133125	24.270378	135.14494	71.54904	1000.0	1.3812232	24.052872	118.04456	-20.766922	1696000	0.028770745	132.47488	0.0	-71.83459	0.19912302	-3.2484533e-09	993.8696320056915
424	28.497843	29.686764	82.46913	-9.702444	413.0	10.603959	32.028606	118.383965	-118.39161	1700000	0.0014502257	452.02234	0.0	-282.15637	0.20784172	2.8312208e-08	996.8538959026337
425	138.43056	70.35797	234.72882	36.43707	660.6667	7.3050923	25.64524	116.80868	-119.29249	1704000	-0.009263766	405.04922	0.0	-216.49265	0.18199569	3.0994416e-09	999.7958390712738
426	104.398056	37.978313	136.05182	41.124588	783.75	10.879184	23.694479	115.26867	-52.07538	1708000	0.0115086995	255.75555	0.0	-168.8668	0.24692768	-1.32024285e-08	1002.8946809768677
427	79.704865	38.180435	119.64534	35.222267	567.5	6.6015077	23.652245	118.255516	-57.43492	1712000	-0.0008009784	86.771484	0.0	-41.622757	0.38533866	-7.972122e-09	1005.5964539051056
428	110.06027	19.8045	137.40709	81.56724	1000.0	9.878426	19.750698	116.44779	-39.435177	1716000	0.029167634	72.91353	0.0	-39.97271	0.24824569	-2.4735927e-09	1008.4003510475159
429	117.37262	96.424515	241.5329	-10.405363	588.0	15.664271	26.691801	114.52004	-97.18788	1720000	-0.0023104018	392.16586	0.0	-141.28572	0.13570845	-5.111098e-09	1011.0408799648285
430	130.59573	37.32514	192.51666	97.41859	891.5	16.938562	20.063593	90.842415	-66.96721	1724000	-0.03749562	196.71567	0.0	-124.05743	0.25148714	2.682209e-09	1013.7074859142303
431	73.4271	60.22291	159.92334	5.9425917	500.85715	10.926743	30.931997	117.122635	-119.087524	1728000	0.0001309719	204.05298	0.0	-123.896835	0.15982257	-7.897615e-09	1016.3398139476776
432	83.4681	88.496056	216.56654	-22.006437	578.8	8.910377	24.002401	111.46084	-80.27831	1732000	-0.0030261371	155.45049	0.0	-75.377556	0.25945285	3.5762788e-09	1019.0587668418884
433	56.26346	89.7574	230.22795	-41.695904	363.0	11.089156	28.542196	105.13972	-110.61433	1736000	-0.013810014	482.302	0.0	-193.48068	0.23220816	1.1026859e-09	1021.2132890224457
434	60.98797	100.9822	231.90623	-83.76965	407.42856	10.544387	28.505783	94.407715	-136.62894	1740000	0.027595919	387.82587	0.0	-120.67426	0.1888038	-4.4703485e-09	1023.5436189174652
435	146.57065	107.66105	266.475	-10.40882	440.85715	14.146967	31.421982	107.02526	-118.48948	1744000	-0.036456633	519.2419	0.0	-177.54817	0.15955597	-4.5597552e-09	1025.6639378070831
436	110.90614	95.66213	268.63663	12.186785	485.2	17.433657	26.86315	113.29653	-67.6095	1748000	0.0035961932	341.95935	0.0	-120.27649	0.08817871	-4.6342614e-09	1028.0195050239563
437	178.33759	80.35375	242.90338	31.936375	351.1111	22.790895	35.589745	113.61223	-86.86834	1752000	-0.029538542	871.93896	0.0	-517.02527	0.087963566	-8.8363885e-09	1030.2299399375916
438	97.41946	51.94188	155.38133	36.374428	565.5	25.184813	20.272478	111.46559	-79.60255	1756000	-0.0071727484	729.7632	0.0	-590.8508	0.20285931	3.919005e-09	1032.411015033722
439	176.32137	79.99771	251.10133	26.9809	514.0	10.844728	32.3937	119.964554	-74.513954	1760000	0.0004083509	754.60876	0.0	-510.16556	0.07134221	-3.3974648e-09	1034.8076608181
440	126.16729	82.641464	235.62575	24.406664	422.44446	27.888773	32.464176	119.272064	-66.10237	1764000	-0.021629374	532.5189	0.0	-211.56879	0.24906555	1.8328428e-09	1036.8978629112244
441	245.47693	45.41628	280.845	146.22293	534.0	17.922579	28.47991	129.73212	-56.21118	1768000	-0.02141237	753.26	0.0	-347.28223	0.13145319	6.824732e-09	1039.126559972763
442	96.794014	87.97914	230.62535	-14.258169	490.8	25.058868	30.315422	120.30251	-84.372635	1772000	-0.022133254	453.78662	0.0	-300.2952	0.10370642	2.1457671e-09	1041.4227447509766
443	102.8828	59.55591	213.23923	31.897293	567.7143	16.120132	27.617296	122.228355	-99.43377	1776000	0.004024947	280.86026	0.0	-136.53802	0.1776726	-4.172325e-09	1044.0194969177246
444	158.76945	58.35593	229.95279	54.465244	617.5	16.177855	30.841816	129.33432	-61.936028	1780000	-0.037426837	398.13727	0.0	-170.85838	0.21947154	-7.450581e-10	1046.1816971302032
445	151.95558	62.702785	251.1846	93.61181	837.25	10.729492	27.286034	132.27686	-46.71443	1784000	-0.023888757	208.56801	0.0	-131.46289	0.33423048	8.791686e-09	1048.741260766983
446	146.52545	79.47504	257.44754	46.755493	489.0	19.262005	33.76488	121.295685	-43.56158	1788000	0.021266019	329.4864	0.0	-152.9782	0.30058676	2.4229289e-08	1050.8330640792847
447	152.53848	76.97955	243.86136	60.150864	565.0	22.62863	27.891916	121.30964	-41.950424	1792000	0.011389416	356.9121	0.0	-206.33652	0.12733632	-3.8743017e-10	1053.278755903244
448	126.03082	13.634654	144.71657	108.48395	1000.0	12.831792	27.566996	127.63981	-27.503391	1796000	0.05997701	231.23853	0.0	-209.97928	0.20164752	-1.2621284e-08	1055.7026278972626
449	189.68462	57.011765	264.12842	119.054214	798.5	13.982233	31.34805	130.15045	-69.38444	1800000	0.0074696527	271.67078	0.0	-79.658905	0.08361976	-5.1259996e-09	1058.2902410030365
450	144.62503	42.765076	213.73846	96.881714	896.25	11.0287485	25.028477	104.20655	-49.674313	1804000	0.0112807	114.892426	0.0	-65.14008	0.048858277	-3.7550927e-09	1060.6651549339294
451	134.20638	69.445915	247.43933	55.715584	520.0	16.319386	34.47304	128.58478	-50.763306	1808000	-0.016081668	388.59045	0.0	-162.34808	0.09282268	3.1292438e-09	1063.0402340888977
452	151.4193	58.642708	251.19543	100.27038	827.0	12.064561	26.019861	122.89235	-30.701536	1812000	0.018111477	179.40633	0.0	-61.04746	0.2660213	1.4990569e-08	1065.5261840820312
453	152.5994	24.718166	173.70895	110.46759	1000.0	6.3526444	24.613176	132.89595	-30.159357	1816000	0.017088972	82.19493	0.0	-63.04999	0.30738986	2.4646521e-08	1068.1287729740143
454	132.10667	15.100345	153.93231	115.21199	1000.0	9.952924	28.502073	111.79725	-21.702505	1820000	0.019992094	63.267708	0.0	-49.10379	0.2230537	-8.46386e-09	1070.4732859134674
455	161.08185	42.507256	231.10701	126.846466	826.25	9.635098	27.175982	116.114655	-18.724854	1824000	-0.015078153	159.60347	0.0	-33.498997	0.24595317	-1.6227364e-08	1072.815319776535
456	152.4819	71.33212	241.44727	36.173683	604.4	15.51399	29.490074	119.22233	-18.978693	1828000	0.0049474	415.6756	0.0	-204.95343	0.23770493	4.529953e-09	1075.0691289901733
457	141.76971	15.781343	154.9091	114.91002	1000.0	7.3050547	21.239977	100.180214	-27.906385	1832000	0.0148024885	74.3611	0.0	-59.95843	0.28376648	1.2785196e-08	1077.5796570777893
458	146.82709	23.816006	167.0151	106.19951	1000.0	7.316435	24.831924	119.84087	-22.663635	1836000	0.01690693	39.019775	0.0	-20.366543	0.28943002	5.6922436e-09	1080.148875951767
459	142.51595	11.495397	155.7409	128.61789	1000.0	7.62824	25.093504	107.18868	-18.060186	1840000	0.03388887	14.9340515	0.0	-5.1985674	0.28082073	5.8710574e-09	1082.9906208515167
460	179.12985	46.990772	230.96632	96.76524	642.4	20.934788	29.34913	120.65813	-16.60046	1844000	-0.009611087	360.9489	0.0	-170.15576	0.15469787	2.95043e-09	1085.2080929279327
461	160.99985	78.31238	245.67667	26.253061	589.8	20.781292	27.705507	118.28392	-19.754185	1848000	0.0005652448	358.25592	0.0	-159.59338	0.099033944	-3.2782554e-10	1087.7341129779816
462	176.64542	76.18313	258.23666	24.772892	488.14285	20.73854	27.788155	108.97404	-61.611343	1852000	-0.014175604	780.3633	0.0	-295.7784	0.09101662	-4.5597552e-09	1089.9452228546143
463	121.49842	5.0163865	128.88835	116.813934	1000.0	15.295827	20.14241	97.86798	-44.517357	1856000	0.012279111	132.04935	0.0	-109.30508	0.18214127	-2.3543836e-09	1092.5981359481812
464	56.667908	69.99495	154.63358	-17.869997	527.0	11.096998	24.97385	92.29436	-80.12807	1860000	0.01445156	893.29004	0.0	-502.4956	0.31288666	2.0861628e-09	1095.2302238941193
465	119.92564	87.79296	223.19524	-22.943554	588.8	3.3485436	22.93901	87.95754	-102.16388	1864000	-0.018673778	788.0958	0.0	-444.35107	0.19756627	-1.8626451e-08	1097.5206999778748
466	124.180176	84.33634	248.53473	-15.9283	774.8	14.666787	21.075499	84.35078	-42.702694	1868000	0.01651087	338.71893	0.0	-200.2347	0.19908202	-1.513958e-08	1099.9604020118713
467	98.5554	97.933464	263.79736	-27.068499	647.3333	13.926241	21.848007	92.04449	-68.81833	1872000	-0.0047475584	454.66418	0.0	-244.80074	0.15362008	1.4901169e-10	1102.3853240013123
468	83.47954	66.434425	148.21315	-23.66049	654.4	3.468479	23.480127	87.24415	-108.55222	1876000	-0.0021501528	488.36853	0.0	-257.83078	0.083092526	-2.6822091e-09	1104.9001729488373
469	178.44073	67.771866	255.99678	106.50588	795.5	10.197352	19.728529	102.765274	-62.95211	1880000	-0.034425147	322.53003	0.0	-200.81656	0.19954833	-1.9669533e-09	1107.453486919403
470	150.64928	90.56843	243.41385	4.1532965	606.8333	17.183136	23.844519	85.52539	-89.509	1884000	-0.012139196	336.51727	0.0	-201.07573	0.2192179	-2.0712614e-09	1110.0302138328552
471	46.774845	95.06642	245.38368	-30.306522	338.7143	15.814124	26.94325	114.27855	-88.655014	1888000	0.03720835	743.4739	0.0	-252.41841	0.23668222	1.5497208e-09	1112.3632259368896
472	82.16405	98.77162	248.95663	-38.59873	570.4286	12.444402	21.06735	98.68847	-125.810616	1892000	0.029066421	292.28598	0.0	-165.51001	0.12697157	-9.730458e-09	1114.9240610599518
473	129.64714	93.247856	244.16336	-5.910807	719.0	8.255971	20.822372	85.423935	-103.78945	1896000	-0.016215468	477.93744	0.0	-168.98335	0.15419784	1.5050172e-09	1117.8423449993134
474	168.43942	59.82104	239.72855	85.26559	817.75	14.708572	19.84534	105.49053	-61.841972	1900000	0.029121233	394.31024	0.0	-207.93219	0.11012397	3.889203e-09	1120.2026200294495
475	108.701454	90.57979	236.25659	-8.909019	510.0	11.323248	23.653297	99.38927	-119.00784	1904000	0.011270444	162.30917	0.0	-59.99792	0.102068946	1.0639429e-08	1123.0972809791565
476	81.52213	16.678455	103.187996	60.986423	1000.0	10.811127	18.348461	105.27639	-15.530291	1908000	0.02762653	108.47981	0.0	-73.47499	0.09166978	-4.917383e-09	1126.0338251590729
477	135.87991	84.354256	206.39456	7.747476	664.0	10.794745	20.320858	90.88395	-106.499886	1912000	-0.019217655	346.07214	0.0	-190.94135	0.1299761	1.2576581e-08	1128.5095210075378
478	65.68145	50.052837	115.003136	-7.239329	770.25	11.61475	19.856165	94.31842	-95.8868	1916000	0.0319505	186.07059	0.0	-148.06021	0.08702168	1.296401e-09	1131.3248269557953
479	154.96986	55.003017	242.6544	98.353645	795.5	6.7711253	20.329123	81.16062	-37.326263	1920000	0.0032443092	173.28821	0.0	-97.94621	0.08771157	-4.813075e-09	1134.5626599788666
480	125.177	46.15903	203.29771	86.550446	882.5	14.421066	24.01371	110.06253	-29.343233	1924000	0.008708161	322.75653	0.0	-168.175	0.10485758	2.503395e-09	1137.5436370372772
481	106.15996	62.43725	205.48843	44.483288	903.5	11.584838	19.640041	90.66424	-27.451397	1928000	-0.0068651894	115.44971	0.0	-42.02384	0.11728841	4.902482e-09	1140.9322929382324
482	166.54468	58.91345	216.63138	66.0312	792.5	9.117586	19.388063	71.88719	-41.642494	1932000	-0.028254203	430.62903	0.0	-241.17401	0.14282355	9.462237e-09	1143.9378221035004
483	81.916595	67.981514	195.31671	18.884016	865.25	9.798399	17.997786	77.683495	-15.351414	1936000	-0.008730467	284.52167	0.0	-103.591644	0.1438242	1.4901191e-11	1147.6656558513641
484	161.987	60.210083	228.69705	57.308857	705.2	12.1671715	21.162086	107.688324	-16.14907	1940000	-0.028361464	420.62225	0.0	-197.84004	0.15809533	-5.692243e-09	1150.493098974228
485	41.793694	25.777962	67.83822	11.532919	1000.0	15.733475	19.143148	86.589714	-8.0382805	1944000	0.023851385	384.1728	0.0	-296.04242	0.14728068	8.940697e-10	1153.9770488739014
486	93.99135	52.511936	169.93944	40.561726	849.25	6.443423	20.191095	77.41898	-24.54403	1948000	0.00013756659	328.43005	0.0	-118.20774	0.13419312	-2.1904707e-09	1157.0798048973083
487	66.43102	66.79573	145.81483	-4.519546	913.25	6.7175164	17.629257	73.05982	-11.878967	1952000	-0.025944356	161.41998	0.0	-93.02745	0.15837313	8.001924e-09	1160.4320559501648
488	86.77516	30.010538	132.57501	58.614815	1000.0	7.1780553	20.054802	93.44386	-21.732658	1956000	0.028495446	122.32486	0.0	-77.209366	0.11153563	-1.8775463e-09	1164.0165388584137
489	157.49197	45.56931	210.81778	84.8695	832.0	5.7230105	22.449713	83.08633	-23.064384	1960000	-0.017547306	402.04947	0.0	-298.21716	0.13447183	2.980232e-09	1166.9468648433685
490	173.88626	67.07664	250.12038	68.7544	749.25	20.182207	25.818161	93.81636	-9.973957	1964000	0.016811438	471.50815	0.0	-314.04437	0.11087756	2.3841857e-09	1169.8847801685333
491	124.9451	56.68994	217.21338	62.61108	966.0	11.787794	21.588194	94.3641	-12.908285	1968000	0.01725899	299.19006	0.0	-141.68643	0.08820632	1.2516975e-09	1172.932538986206
492	139.33446	61.392357	222.78549	64.98448	826.5	12.602701	21.3724	95.92167	-34.128838	1972000	-0.00057974807	90.95463	0.0	-43.485928	0.11592446	5.170703e-09	1175.670772075653
493	120.673355	47.690895	183.0669	64.515625	918.5	14.664268	20.923498	83.25987	-13.292288	1976000	0.022578478	109.97351	0.0	-58.518753	0.08869758	-6.4074994e-09	1178.4876909255981
494	139.62332	86.355965	251.12906	-10.899801	716.4	14.199204	24.20393	98.61147	-47.235264	1980000	0.00062947394	442.9822	0.0	-208.30516	0.10189989	9.298324e-09	1181.332797050476
495	186.02065	62.61143	246.17172	82.425446	692.0	13.213014	21.35151	83.41175	-21.025877	1984000	-0.011749873	393.4593	0.0	-110.77636	0.118726596	-7.152557e-09	1183.988970041275
496	107.10536	81.31088	207.8043	-23.315144	653.2	17.960697	24.483763	86.41761	-58.60969	1988000	-0.022042625	186.56583	0.0	-96.211296	0.1339193	6.1988827e-09	1186.4357628822327
497	137.16914	68.472824	211.29837	19.555008	653.0	14.510693	22.422546	80.21182	-83.59764	1992000	0.023205169	373.57373	0.0	-198.93304	0.096638486	8.0168245e-09	1188.8839218616486
498	134.09477	57.68747	231.54959	80.83951	923.0	14.9734535	21.916933	94.64782	-66.125465	1996000	-0.08478019	390.95142	0.0	-330.8351	0.32874024	-2.2202729e-09	1191.893317937851
499	89.20735	73.23434	188.41699	-8.791041	605.2	18.966478	23.728903	113.386856	-46.525055	2000000	0.03227763	527.4117	0.0	-307.01526	0.20198101	6.109476e-09	1194.4294180870056
