Epoch	AverageEpRet	StdEpRet	MaxEpRet	MinEpRet	EpLen	AverageVVals	StdVVals	MaxVVals	MinVVals	TotalEnvInteracts	LossPi	LossV	DeltaLossPi	DeltaLossV	Entropy	KL	ClipFrac	StopIter	Time
0	-268.90637	126.324104	-75.05681	-528.10394	91.53488	-0.08755286	0.031615864	0.08884871	-0.25680348	4000	-4.553795e-08	54509.94	-0.011682386	-1732.4062	1.3503726	0.015342571	0.12625	44.0	2.0868828296661377
1	-161.6347	85.67409	30.238543	-483.02988	86.41304	-4.2395673	0.26866844	-0.80117315	-4.66966	8000	1.2993812e-08	18706.535	-0.009846467	-750.38477	1.3768098	0.015137093	0.1495	31.0	4.093717098236084
2	-156.95557	98.527504	-8.682437	-445.77353	93.85714	-7.383215	0.7439264	3.9492724	-7.6282907	12000	4.673004e-08	19916.9	-0.00898245	-656.02734	1.3739799	0.006969798	0.03575	79.0	6.403180837631226
3	-127.2006	80.56079	-7.496186	-292.79596	99.575	-10.231024	0.4243594	-4.8993726	-10.361089	16000	-2.348423e-08	14325.766	-0.007870224	-447.8584	1.3645444	0.013000393	0.0735	79.0	8.66753101348877
4	-144.61993	93.39505	9.697168	-407.36603	97.39024	-12.611661	0.19959217	-9.580193	-12.680884	20000	-9.894371e-09	16902.8	-0.012862649	-506.45703	1.3597323	0.011969347	0.13875	79.0	10.919533967971802
5	-136.11833	69.68008	41.352787	-364.75714	93.666664	-15.139552	0.09095928	-12.692937	-15.175672	24000	-3.1232833e-08	11627.173	-0.010219356	-431.4287	1.3599397	0.00862804	0.063	79.0	13.14712405204773
6	-121.560425	65.05996	-28.780811	-344.00052	97.36585	-17.497335	0.104804195	-15.500597	-17.533112	28000	-3.182888e-08	11420.584	-0.009639534	-395.48828	1.3560501	0.0057803057	0.08475	79.0	15.403423070907593
7	-120.79551	69.966095	-45.160576	-377.83987	98.9	-19.776644	0.14642416	-16.358864	-19.810766	32000	-1.7702579e-08	10601.402	-0.011907237	-348.85742	1.347031	0.014237823	0.17025	79.0	17.71923589706421
8	-117.07701	80.711845	-18.11766	-418.052	110.583336	-21.938122	0.15507355	-19.86272	-21.973953	36000	4.23193e-09	10617.124	-0.010177954	-300.48145	1.3367163	0.012328079	0.12875	79.0	20.046177864074707
9	-100.110725	57.809322	16.24687	-259.54077	106.5946	-23.999594	0.025071893	-23.524126	-24.015694	40000	-2.9563903e-08	6424.2944	-0.010930677	-214.01758	1.3260775	0.008599104	0.1325	79.0	22.340039014816284
10	-98.67488	71.30552	32.076084	-233.26808	117.26471	-25.777254	0.049318194	-24.147505	-25.795868	44000	1.6152859e-08	5884.3535	-0.011371579	-178.94531	1.2880058	0.010236287	0.10675	79.0	24.691081047058105
11	-94.0656	75.42428	6.0032663	-282.06497	140.67857	-27.419046	0.08369673	-26.52406	-27.450779	48000	-6.660819e-09	6985.53	-0.0110838525	-177.23291	1.2607939	0.0076227104	0.119	79.0	27.111434936523438
12	-61.12772	51.465878	20.955858	-204.85138	172.31818	-29.062872	0.10830932	-27.985327	-29.112446	52000	-1.692772e-08	2278.739	-0.010063672	-49.482666	1.2260032	0.009468079	0.11975	79.0	30.34945011138916
13	-49.02534	69.824234	29.914959	-215.87274	163.20833	-29.988434	0.24051066	-26.655537	-30.05881	56000	9.298325e-09	7993.653	-0.0069157877	-128.18604	1.198648	0.009615893	0.08775	79.0	33.10406994819641
14	-51.0814	76.28334	36.23588	-258.39258	162.16667	-31.432262	0.04661751	-30.98565	-31.44521	60000	-1.5497208e-09	6243.688	-0.010480607	-88.46875	1.1672375	0.008393823	0.13025	79.0	35.73291301727295
15	-36.905605	61.682213	46.71628	-226.98822	220.47058	-32.683426	0.10456633	-32.066914	-32.717228	64000	6.9141386e-09	2794.6863	-0.009645104	-14.070068	1.1922927	0.006245229	0.1025	79.0	38.862005949020386
16	-30.34391	36.369377	43.079197	-116.37004	160.75	-33.273468	0.01261678	-33.082222	-33.28075	68000	8.3446505e-10	1725.8184	-0.008734951	-5.0131836	1.1397107	0.010134213	0.13825	79.0	41.43087601661682
17	-46.100204	66.88651	42.949047	-197.06483	188.875	-33.585445	0.06072644	-32.981518	-33.608273	72000	-6.437302e-09	4535.035	-0.009338039	-34.878418	1.1511563	0.010598721	0.14625	79.0	44.81543588638306
18	4.5004063	52.921623	91.34973	-88.52392	438.22223	-34.407784	0.053004134	-34.013336	-34.431156	76000	1.2874604e-08	1874.6533	-0.008567728	-1.7524414	1.2135713	0.0075314497	0.07575	79.0	49.359445095062256
19	-26.446636	49.478317	57.110252	-126.68091	287.6154	-34.645866	0.12989216	-33.655293	-34.67345	80000	-1.0430813e-09	2016.4019	-0.0096558295	-8.423828	1.1337361	0.0060283113	0.06525	79.0	52.911967039108276
20	5.29907	57.751583	129.82207	-81.991585	348.7	-35.08136	0.038423028	-34.78122	-35.09487	84000	1.9431114e-08	2467.9045	-0.006312918	-10.5271	1.1678311	0.015114323	0.05425	49.0	57.535329818725586
21	-15.729289	60.189095	57.56937	-164.36469	384.7	-34.49505	0.58346856	-30.373117	-34.63784	88000	-5.960465e-11	2374.237	-0.010224847	-3.1689453	1.1526474	0.01341655	0.1465	79.0	62.88254380226135
22	24.539055	51.346004	68.450005	-61.18	1000.0	-34.80881	0.22535837	-32.557358	-34.877674	92000	-5.9604643e-10	1526.2721	-0.008512232	-5.2265625	1.2254045	0.0052132187	0.05375	79.0	67.87163591384888
23	20.021078	48.50778	86.71056	-35.83717	495.25	-35.195755	0.08482809	-34.632866	-35.224392	96000	-3.0994416e-09	1655.1412	-0.0068831528	-1.0186768	1.1628106	0.0073807593	0.125	79.0	72.4819347858429
24	-6.348413	55.82771	92.91747	-105.432465	351.18182	-35.055325	0.0885913	-34.363365	-35.081436	100000	-2.384186e-10	2012.788	-0.01062715	-0.049804688	1.1390214	0.0151885245	0.14275	64.0	76.3670117855072
25	18.177164	47.733486	89.662254	-36.126347	536.6667	-35.02008	0.11871415	-34.28592	-35.056572	104000	-2.002716e-08	1397.0565	-0.011047344	-6.603882	1.1659011	0.008205352	0.12	79.0	80.35187482833862
26	59.631554	74.09913	127.38615	-60.562172	809.0	-34.56226	0.44168982	-29.771597	-34.638496	108000	-2.4139881e-08	2426.0288	-0.0077971355	-55.698486	1.1591487	0.0055014445	0.0735	79.0	85.70160698890686
27	14.933265	74.44738	179.07333	-63.823933	412.5	-33.229916	0.68374044	-25.799807	-33.412262	112000	-1.744926e-08	3556.5208	-0.006013633	-60.37036	1.1157962	0.016932853	0.19125	10.0	89.84383177757263
28	12.448758	52.503086	99.74695	-47.374893	476.7143	-31.964777	0.59534836	-23.164932	-32.05427	116000	1.2397766e-08	2008.1238	-0.00692391	-26.967407	1.0980229	0.007387276	0.044	79.0	93.87814998626709
29	25.242704	58.158905	134.20619	-44.501102	506.2857	-31.178219	1.5010177	-6.1786976	-31.507204	120000	-5.4836273e-09	1895.2301	-0.0073722387	-12.7404785	1.0881492	0.009361214	0.10325	79.0	97.94375395774841
30	115.42331	37.332924	158.19647	56.12633	1000.0	-30.703651	0.8531259	-21.007858	-30.925838	124000	1.7166137e-08	2161.476	-0.00817122	-61.38623	1.1176592	0.00526826	0.06025	79.0	102.77815294265747
31	28.536505	44.200626	116.571045	-23.338577	503.16666	-29.407656	0.8025789	-23.745197	-29.697542	128000	5.066395e-09	1967.6779	-0.006806288	-8.938843	1.0771443	0.008997272	0.0815	79.0	107.04276299476624
32	76.954445	51.863194	139.33076	13.884759	647.1667	-29.435282	0.41213003	-24.320345	-29.539213	132000	-2.9802322e-08	2141.197	-0.0046559987	-59.779053	1.0964348	0.017809741	0.28075	11.0	111.43956685066223
33	59.074364	95.07934	230.78815	-45.88875	503.7143	-27.245481	3.0219247	3.0351033	-28.152708	136000	1.3709068e-09	4784.647	-0.009126222	-157.50293	1.0383599	0.012116009	0.07125	79.0	115.69617795944214
34	78.72398	46.98789	151.45978	14.126821	661.6	-23.076067	4.7012725	12.603732	-25.901155	140000	4.7683717e-08	1953.0404	-0.004359312	-961.1595	1.0678506	0.015551626	0.2075	22.0	120.47601890563965
35	88.603424	62.93668	148.29254	-17.02128	836.0	-4.8281426	15.608842	20.482727	-19.209854	144000	-8.5830685e-09	1055.6635	-0.0070797103	-144.04742	1.1371247	0.002854495	0.05625	79.0	125.32031583786011
36	98.02234	8.448392	110.098305	89.72507	1000.0	-3.916613	22.538893	24.606209	-24.479837	148000	-5.9604643e-10	323.0355	-0.006067616	-20.485443	1.1156757	0.0064194384	0.086	79.0	131.40566205978394
37	106.645355	27.393934	134.77898	63.88107	1000.0	-9.301222	21.797049	24.984503	-25.607077	152000	-1.6689301e-09	390.04303	-0.0064904643	-22.21582	1.0909075	0.015268699	0.20025	12.0	136.6683259010315
38	96.95169	34.976738	140.73476	44.386333	805.75	-2.0168781	23.396574	25.934883	-27.219013	156000	9.775162e-09	805.7888	-0.009278259	-187.08228	1.0307978	0.009922198	0.05775	79.0	141.5430657863617
39	102.24041	11.269472	114.73579	84.464745	1000.0	-7.779236	22.626837	26.294664	-27.912666	160000	-9.536744e-10	312.27332	-0.007829276	-53.809418	1.0988729	0.0067110537	0.0595	79.0	146.72223806381226
40	92.393974	16.294851	115.34382	69.4491	1000.0	-5.4425254	24.73826	27.144896	-28.515642	164000	-1.9073487e-09	191.35013	-0.007170463	-13.671814	1.096956	0.002132696	0.0475	79.0	152.2590479850769
41	96.73834	14.689711	115.61511	75.652115	1000.0	-4.626217	23.967937	27.211761	-28.798649	168000	9.894371e-09	187.00244	-0.0072389604	-22.970032	1.0950304	0.009844274	0.182	79.0	158.42124605178833
42	95.75654	19.313562	109.78217	62.64391	1000.0	2.3549292	24.987902	27.570934	-28.925735	172000	4.4107438e-09	138.03046	-0.005821457	-1.0411072	1.056371	0.005980461	0.0655	79.0	164.3430299758911
43	54.119705	25.658768	81.00704	13.517057	1000.0	4.5722117	24.005117	27.634668	-28.95915	176000	-1.4305115e-09	385.1557	-0.006852181	-231.62439	1.0317872	0.003597548	0.10625	79.0	170.2262680530548
44	54.60236	42.053955	116.53899	0.9493822	1000.0	-4.620703	17.339321	24.861652	-28.751904	180000	-1.9073487e-09	255.06734	-0.0056297076	-80.505844	1.0114647	0.006847721	0.05425	79.0	176.37646174430847
45	100.34763	48.43714	175.18721	56.295532	901.0	-5.019944	18.437775	25.554642	-28.849302	184000	-2.1457671e-09	1048.7219	-0.0060048318	-261.64374	1.0018706	0.0071825297	0.12625	79.0	181.89511680603027
46	83.61195	12.005264	97.51732	68.674934	1000.0	4.5895653	19.09686	27.345823	-23.383736	188000	-1.0073185e-08	145.17642	-0.009231831	-16.688278	1.0169106	0.0040676245	0.0725	79.0	188.64166688919067
47	31.939083	69.34846	85.07624	-87.33276	938.0	3.8894687	18.844042	26.750269	-27.178785	192000	6.437302e-09	1806.6274	-0.005976619	-648.682	1.002819	0.010646888	0.11625	79.0	194.27599906921387
48	74.978	15.552633	101.57138	62.071293	1000.0	-8.972279	13.239979	25.575249	-24.936419	196000	1.66893e-08	523.22534	-0.0056634564	-363.0827	1.0012662	0.0059152013	0.0565	79.0	200.7720968723297
49	76.70874	19.289782	104.98226	54.560513	1000.0	6.202358	16.555933	26.74567	-20.703585	200000	-2.384186e-10	171.83032	-0.006033293	-35.283463	1.0100284	0.008551602	0.12525	79.0	206.57192087173462
