Epoch	AverageEpRet	StdEpRet	MaxEpRet	MinEpRet	EpLen	AverageVVals	StdVVals	MaxVVals	MinVVals	TotalEnvInteracts	LossPi	LossV	DeltaLossPi	DeltaLossV	Entropy	KL	Time
0	-185.06102	104.459816	-3.3499942	-533.94617	95.60976	-0.15624814	0.02423435	-0.011656508	-0.22002387	4000	0.0020014867	13211.904	0.0	-884.86523	1.3789092	8.940697e-10	1.0588600635528564
1	-123.05217	81.98545	-4.2195187	-472.5022	103.289474	-4.5339565	0.60147995	1.8257272	-5.2302556	8000	0.005777182	5612.4727	0.0	-420.82056	1.3611112	1.5497208e-09	2.0969929695129395
2	-197.41547	147.03987	-13.101339	-490.48718	156.96	-8.1307125	0.39040625	-6.6708465	-8.443851	12000	0.025287226	10523.661	0.0	-439.53687	1.2944016	-5.8114524e-10	3.7400200366973877
3	-151.6327	89.96171	-26.911846	-369.30905	130.63333	-11.476252	0.70144725	-0.25578538	-11.645833	16000	0.0017348975	6138.952	0.0	-347.92322	1.2930224	-5.8114524e-10	4.8101160526275635
4	-151.7242	90.06043	-36.342228	-396.3646	136.46428	-14.359181	0.066219606	-11.6555395	-14.414546	20000	-0.009846381	5021.1885	0.0	-276.5376	1.2634108	-1.0281801e-09	5.889567852020264
5	-152.85083	106.32777	10.155839	-393.6923	165.72728	-16.897154	0.1247583	-15.693315	-16.968525	24000	-0.0006716028	5008.667	0.0	-222.00537	1.155689	1.3411044e-09	7.031332969665527
6	-109.92086	92.57501	34.79076	-332.26907	187.04762	-19.228502	0.12413792	-17.327835	-19.27475	28000	0.017223801	2337.741	0.0	-46.776672	1.1795918	5.8114524e-10	8.230003118515015
7	-74.16893	68.55837	7.332296	-322.61508	149.0	-20.400442	0.0736357	-19.136364	-20.42874	32000	0.0012487248	1758.2336	0.0	-31.904877	1.188129	1.0430813e-09	9.37234616279602
8	-52.29671	47.691494	0.8772212	-245.23354	170.65218	-21.336773	0.026350718	-20.936335	-21.356659	36000	-0.04307558	1368.2634	0.0	-1.3064575	1.1761618	7.4505807e-10	10.563010931015015
9	-57.749786	75.55713	49.279415	-175.59718	355.6	-21.485615	0.21712692	-20.284529	-21.589819	40000	-0.029484566	1143.7146	0.0	-4.548126	1.1322707	5.2154064e-10	12.542470216751099
10	-141.60904	111.59625	6.3752866	-296.68808	601.6667	-21.039543	0.29031172	-20.119234	-21.237288	44000	0.010933224	978.77014	0.0	-4.420166	1.1188993	-9.685756e-10	15.586740016937256
11	-73.04883	49.849445	-37.709282	-170.89769	774.6	-20.389181	1.6218005	-14.2775955	-21.371326	48000	-0.020954078	479.96716	0.0	-15.818893	1.1079888	9.387732e-10	18.638376235961914
12	-126.36144	56.728836	-45.122116	-200.88805	647.5	-20.182281	1.176199	-15.145136	-20.972572	52000	-0.0018596817	958.0487	0.0	-13.605103	1.1146463	-1.1920929e-09	21.535486221313477
13	1.5706091	82.69394	192.86559	-71.845436	392.75	-20.019222	1.0736878	-14.637958	-20.546173	56000	-0.034735534	1386.2283	0.0	-60.969177	1.0874951	5.5134297e-10	23.803468942642212
14	-0.05564711	71.84941	147.15378	-110.29758	443.22223	-17.77324	3.1179	3.4843965	-19.486177	60000	-0.01543865	1509.1378	0.0	-93.31329	0.98407316	-4.23193e-09	25.72995090484619
15	-25.30142	78.40385	196.94739	-138.6616	302.23077	-15.781016	5.2767277	4.3996053	-18.644651	64000	0.0033556893	1811.6199	0.0	-98.69055	0.97327536	-3.2782554e-10	27.417228937149048
16	4.7013354	48.90084	83.48397	-75.832504	445.125	-16.219685	3.9460037	8.578609	-18.52086	68000	0.030243902	1080.3113	0.0	-38.876617	0.9805975	-1.4603139e-09	29.489777088165283
17	15.685201	80.83729	95.86166	-89.521095	671.0	-10.220838	8.296585	5.3765736	-17.4739	72000	0.05137426	1064.7405	0.0	-40.353607	0.9068451	-5.662441e-10	31.797235250473022
18	-2.0855122	27.760355	30.770176	-34.767265	878.5	-13.883341	5.566125	9.592926	-16.132336	76000	-0.041677143	348.74384	0.0	-29.506668	0.9682294	3.874302e-10	34.23241686820984
19	-142.52824	194.10863	127.127686	-392.595	1000.0	-13.374482	3.5706482	-1.2596428	-14.910651	80000	-0.028108314	474.34308	0.0	-13.103363	0.98754644	-3.9935113e-09	37.26683688163757
20	14.995642	41.96928	45.92633	-56.699318	1000.0	-13.440611	3.1842854	0.3650232	-15.23497	84000	-0.11853854	256.61453	0.0	-89.54409	1.0005767	-2.0712614e-09	40.86758017539978
21	83.972336	15.434325	110.52202	72.490395	1000.0	-1.9294804	5.6426334	8.567839	-14.53068	88000	-0.08395231	244.44673	0.0	-136.2987	0.9300594	8.791685e-10	44.598474979400635
22	108.63938	15.294496	124.07017	83.67568	1000.0	5.362358	5.3223305	13.536912	-4.4326134	92000	-0.11440032	114.72663	0.0	-32.16986	0.9289675	-2.4437905e-09	47.67942714691162
23	93.434975	15.626696	119.21116	78.42546	1000.0	6.787882	6.819108	13.676091	-4.0223484	96000	-0.06834721	59.835022	0.0	-1.385809	0.89428604	-2.6524067e-09	51.839771032333374
24	83.798676	32.21933	134.38048	51.309635	792.0	7.764072	7.259202	13.862058	-6.2008967	100000	-0.08962572	124.80449	0.0	-3.2283592	0.88161105	5.215407e-10	54.975993156433105
25	22.108164	24.543056	55.506664	-1.5846075	1000.0	12.134045	3.702171	13.651305	-2.7535646	104000	-0.15248261	319.89505	0.0	-126.71331	0.94570196	-1.2218953e-09	58.91214203834534
26	-38.397667	21.661936	-17.02003	-65.605064	1000.0	6.7242823	0.4463408	8.319483	4.126778	108000	-0.11660036	224.10783	0.0	-127.07335	0.9611878	5.617738e-09	63.6272611618042
27	-36.596825	21.416883	-1.9581704	-60.60784	1000.0	-4.3851786	0.67408466	2.1240256	-6.8899446	112000	-0.11036757	146.87416	0.0	-18.89212	0.942181	-2.2649764e-09	67.1748149394989
28	-82.092575	16.019472	-67.30089	-107.84724	1000.0	-7.282489	0.97412825	-0.544533	-8.635767	116000	-0.09276021	95.4494	0.0	-19.000572	0.93877214	-1.9818545e-09	69.98424911499023
29	-64.38296	10.889436	-48.663235	-77.46807	1000.0	-9.776126	1.8195901	-1.0066836	-11.8610115	120000	-0.114816636	74.6792	0.0	-14.772814	0.9454633	6.4074995e-10	73.63284707069397
30	-55.697083	31.644175	-23.436136	-103.905624	1000.0	-10.398414	3.5748959	8.196187	-12.92278	124000	-0.122283876	118.53328	0.0	-41.017574	0.9330825	4.172325e-09	76.47397017478943
31	-20.978107	19.69712	5.6008787	-49.634495	1000.0	-8.29868	7.421337	12.838135	-13.457672	128000	-0.11104427	120.19023	0.0	-35.298714	0.9170506	-3.3527614e-09	79.57138085365295
32	-45.82287	24.996407	-19.184355	-86.88028	845.75	-5.994074	10.518593	13.683387	-14.423348	132000	-0.07625881	330.57397	0.0	-16.937683	0.8805329	3.3527612e-09	82.17050790786743
33	5.3406	114.53166	149.46342	-157.02364	957.25	-8.486298	10.582192	14.761136	-15.506942	136000	-0.10211254	493.9051	0.0	-4.045109	0.8718245	-7.4505807e-10	84.72010707855225
34	-44.849117	28.627636	-18.106112	-89.563	924.75	-5.6023264	11.211337	14.690201	-15.38143	140000	-0.050333917	261.93317	0.0	-19.743336	0.8823809	-2.98023e-11	87.44345903396606
35	-33.22612	16.093786	-10.371235	-54.311497	1000.0	-9.308434	9.983048	15.431998	-15.685972	144000	-0.12551305	42.97663	0.0	-0.5452633	0.89705074	-1.937151e-10	89.84502816200256
36	-42.30495	6.842634	-31.480003	-50.399117	1000.0	-7.363203	10.533971	15.63635	-15.240234	148000	-0.10571592	43.001457	0.0	-5.9928894	0.89097476	1.0579825e-09	92.9827229976654
37	-67.69434	17.676315	-52.26434	-97.58322	1000.0	-7.6111736	10.230775	15.579925	-15.471522	152000	-0.09448554	22.088146	0.0	-5.169535	0.8884814	-2.4288893e-09	96.18955111503601
38	-61.020294	6.0424724	-55.870472	-71.32474	1000.0	-8.605359	9.768339	15.327503	-15.55982	156000	-0.10113958	33.7923	0.0	-2.310749	0.8546881	-1.937151e-10	99.19450306892395
39	-53.882267	15.361839	-35.269184	-74.76542	1000.0	-9.403465	9.357483	15.2732315	-15.601571	160000	-0.100970745	32.659317	0.0	-2.8647842	0.8488652	-2.9802323e-09	102.17391395568848
40	-69.465836	7.348593	-61.09562	-77.90675	1000.0	-7.9589458	10.231204	15.310536	-15.379114	164000	-0.07097545	38.446056	0.0	-12.644215	0.85562193	2.8908254e-09	105.30448293685913
41	-37.32143	24.80662	-17.15498	-79.4199	1000.0	-11.352919	6.8842015	14.54932	-15.738205	168000	-0.09980902	99.58968	0.0	-25.666187	0.8271761	-2.115965e-09	108.37114310264587
42	-67.67144	26.391848	-25.621622	-92.57117	1000.0	-6.143057	9.296562	15.699382	-15.000373	172000	-0.105216816	44.591904	0.0	-17.115982	0.8621346	-2.95043e-09	112.5843870639801
43	-54.39746	12.892728	-40.399044	-75.265656	1000.0	-9.092885	8.440642	13.083241	-15.845433	176000	-0.11746486	22.578793	0.0	-2.0198908	0.8323971	-1.6242265e-09	115.96540784835815
44	-20.802624	16.061876	5.15936	-38.867767	1000.0	-9.6328945	8.543437	14.809984	-15.802638	180000	-0.11438095	51.937206	0.0	-11.086616	0.83622825	-1.2814999e-09	119.72221612930298
45	-33.771854	15.107328	-16.340187	-55.159485	1000.0	-9.522447	8.567389	15.500606	-16.072489	184000	-0.1480138	26.643076	0.0	-8.452603	0.8414825	2.30968e-09	123.50124311447144
46	-10.159421	29.551214	30.033293	-46.203667	1000.0	-6.8526397	9.364425	15.254546	-15.58462	188000	-0.14639916	37.7081	0.0	-3.0813904	0.81895673	5.0216915e-09	126.90387010574341
47	9.6168375	29.12419	36.331398	-39.592426	1000.0	-4.6480618	10.025948	15.644437	-15.223217	192000	-0.10481162	79.972244	0.0	-2.037012	0.809991	-6.258487e-10	130.43850302696228
48	7.8445196	32.159725	34.701805	-46.724533	1000.0	-4.669846	9.611061	15.925176	-15.265766	196000	-0.10571405	82.193146	0.0	-2.039711	0.80218506	-3.874302e-10	134.19036197662354
49	5.250638	22.103184	24.934507	-29.929907	1000.0	-2.3213294	9.892473	16.223589	-14.531075	200000	-0.10492984	82.63805	0.0	-10.858986	0.79946554	1.1026858e-09	137.62476110458374
50	-21.829443	23.071976	12.651465	-48.410545	1000.0	-4.9367805	8.993032	16.019733	-15.143815	204000	-0.13482329	45.199608	0.0	-9.102256	0.79225624	4.7385695e-09	141.39181900024414
51	-8.528491	13.737094	13.381814	-24.54605	1000.0	-6.050359	6.435844	15.416686	-13.556835	208000	-0.1590395	32.97415	0.0	-2.2969666	0.793048	-1.013279e-09	145.36379599571228
52	-4.6830373	21.2559	12.964038	-39.72031	1000.0	-5.96322	6.843561	15.633502	-13.833265	212000	-0.13428372	43.77664	0.0	-2.480608	0.79590833	-3.0696392e-09	149.66760325431824
53	170.1491	24.169016	203.0147	144.10587	834.25	-4.2650995	8.237073	16.248955	-16.372164	216000	-0.15082937	1088.2319	0.0	-510.5227	0.75902486	1.7434358e-09	152.27958297729492
54	173.05353	17.09328	198.06752	151.18094	685.75	8.659211	2.5078583	16.342134	4.9510717	220000	-0.16066977	570.3761	0.0	-62.848145	0.7659903	-6.8545347e-10	154.8978910446167
55	237.71448	17.847584	259.8676	207.82573	534.5	14.054046	1.5102566	18.157312	9.382635	224000	-0.18826917	833.82855	0.0	-172.4621	0.73197675	-5.2452087e-09	156.94790387153625
56	220.94687	21.39095	261.40756	195.77644	502.85715	22.20396	0.29953247	22.308887	14.543135	228000	-0.19203159	756.8027	0.0	-108.29047	0.72169083	-3.0696392e-09	158.93001413345337
57	254.37294	19.244228	281.48404	225.10812	421.5	26.797844	0.08865064	26.84639	24.079758	232000	-0.21113786	787.388	0.0	-152.50705	0.67720044	-2.6375055e-09	160.66116905212402
58	256.10364	28.155153	283.4356	210.81595	407.0	31.93126	0.06369553	31.967796	29.883043	236000	-0.17571943	848.7311	0.0	-129.43826	0.660687	2.592802e-09	162.545832157135
59	259.48517	24.373322	289.3737	203.04521	384.6	36.49154	0.14962551	36.522358	31.560177	240000	-0.21070364	632.9446	0.0	-118.15398	0.61984015	3.233552e-09	164.26255202293396
60	248.07439	22.400805	282.4275	212.70306	368.6	40.69452	0.0831658	40.719627	38.34313	244000	-0.1712139	633.0696	0.0	-81.49396	0.63165027	-4.9471858e-09	165.8921070098877
61	220.20493	42.37023	265.04456	117.47628	444.375	44.144554	0.055933908	44.162224	42.123016	248000	-0.1247497	729.93036	0.0	-1.9001465	0.64943266	-4.6938657e-09	167.86419081687927
62	222.99158	33.550224	255.95279	151.21518	404.2857	43.77794	0.01767291	43.78914	43.338142	252000	-0.09310025	802.57855	0.0	-20.314056	0.640417	2.9802327e-11	170.5578269958496
63	172.80652	99.982346	291.10492	24.478539	426.0	42.06024	0.33293068	42.092094	31.815203	256000	-0.025719736	1264.4152	0.0	-88.39459	0.5662446	2.7269125e-09	172.53613305091858
64	167.59476	115.10061	264.96716	-32.327988	363.0	38.578907	0.2897158	38.6183	28.815914	260000	-0.08284416	1542.7832	0.0	-4.2643433	0.63663685	3.2782554e-09	173.99416708946228
65	172.85199	98.75564	262.96927	-26.559305	387.1111	37.66328	0.2555268	37.705288	29.345362	264000	-0.10888248	1127.8481	0.0	-6.856735	0.61848295	-8.910895e-09	175.53998112678528
66	226.88208	14.8643465	248.26288	208.361	441.7143	36.591656	1.1634194	36.803253	16.218044	268000	-0.15569186	478.97906	0.0	-12.582794	0.62602454	-2.8163196e-09	177.44381308555603
67	215.50879	28.010567	263.48285	173.25087	457.85715	35.420406	2.0175784	36.93847	7.0767093	272000	-0.12775168	574.87085	0.0	-35.672012	0.6041874	-2.786517e-09	179.17442917823792
68	174.89807	70.79682	238.28925	1.1379035	433.125	32.018524	3.417202	38.07448	21.156536	276000	-0.1016622	752.39606	0.0	-59.530884	0.6346882	2.041459e-09	181.05466413497925
69	92.67137	135.0993	222.54951	-103.40902	458.625	27.76896	6.9364657	39.454746	8.642546	280000	-0.052034393	1735.5536	0.0	-453.31464	0.6155891	1.937151e-10	182.88089108467102
70	185.75948	19.533884	215.60123	162.09242	592.0	9.8815565	18.01601	40.3773	-30.534094	284000	-0.042917415	520.02277	0.0	-211.76685	0.6315969	4.887581e-09	184.9058210849762
71	42.81366	123.03396	182.94308	-128.3627	625.8333	17.17964	12.793039	40.897816	-9.799813	288000	0.011883583	1571.103	0.0	-599.51965	0.64718306	-8.9406965e-10	186.9895579814911
72	-8.428751	118.01165	143.13788	-147.769	720.2	0.22618775	18.488548	40.78183	-27.82745	292000	0.0070877085	778.42456	0.0	-79.06372	0.6659464	1.0281801e-09	189.66632604599
73	57.463993	126.33252	161.1915	-157.63179	872.25	-2.9779184	19.775	40.82807	-32.484554	296000	-0.026414232	1013.0205	0.0	-255.40933	0.64633626	3.889203e-09	194.11518716812134
74	-9.751991	28.472603	37.580894	-34.866314	1000.0	2.5236704	12.698574	41.297943	-7.0006423	300000	-0.054761317	96.73402	0.0	-45.304554	0.6843724	-2.0861626e-09	197.05908608436584
75	43.470955	136.9693	279.17545	-48.16945	836.5	-0.17008276	13.578829	41.309803	-11.032291	304000	-0.09602257	314.76028	0.0	-75.51058	0.6740699	9.834766e-10	199.63174605369568
76	-55.437134	12.676994	-37.762787	-70.17124	1000.0	-3.9553308	8.913933	41.827625	-9.325809	308000	-0.058213193	35.222687	0.0	-16.262047	0.70893353	-2.3841862e-10	202.4521839618683
77	-35.97576	10.122273	-19.924274	-47.93215	1000.0	-5.7335887	10.879464	43.10073	-13.3242445	312000	-0.033115823	70.51953	0.0	-9.17709	0.6926192	-2.8759242e-09	204.9675760269165
78	-37.58485	22.921232	-9.519903	-61.021915	834.0	-4.366247	12.438689	43.502666	-22.845865	316000	0.007798394	238.112	0.0	-106.09166	0.6755039	-1.8775463e-09	208.1871190071106
79	-59.04634	21.48091	-36.73293	-87.30417	1000.0	-8.842065	13.389638	43.26676	-30.14965	320000	-0.06179758	44.709515	0.0	-7.0704584	0.66748893	-3.5464764e-09	210.83896589279175
80	-130.12477	83.72483	-33.329	-245.13914	939.25	-8.271276	10.129781	42.977745	-39.863335	324000	0.017305296	425.24353	0.0	-98.78903	0.68335384	4.9620867e-09	213.11045694351196
81	-66.355484	30.143564	-18.265167	-101.17744	926.0	-15.127935	15.176571	38.568695	-38.699524	328000	-0.018533807	214.29584	0.0	-54.025894	0.6588856	-4.9322844e-09	215.44302606582642
82	-50.18718	23.063429	-20.085106	-77.419334	944.75	-12.904721	13.591906	43.60457	-42.82254	332000	-0.059901558	132.2734	0.0	-28.14983	0.6579546	1.1771917e-09	219.15006113052368
83	36.35559	86.059746	98.02182	-111.740456	778.75	-7.483352	13.03578	41.135487	-41.82617	336000	-0.10110861	975.52765	0.0	-476.13528	0.6415988	-2.9802383e-11	221.77244400978088
84	43.22771	70.825615	131.22719	-66.68376	842.0	7.7189546	17.336555	43.303005	-18.784674	340000	-0.03900643	500.74146	0.0	-149.18095	0.59637004	-6.109475e-10	224.08850717544556
85	14.674026	125.040794	193.11143	-127.63934	616.1667	3.179649	11.50927	43.188046	-33.580997	344000	-0.02588683	1122.5455	0.0	-160.95944	0.60999495	4.0978194e-09	225.85618495941162
86	146.3557	50.03501	197.55699	49.34282	604.6667	10.234447	19.099495	43.945637	-41.958614	348000	-0.09788771	820.06055	0.0	-390.9607	0.5888471	2.1755695e-09	227.8244321346283
87	99.14036	75.8232	172.0894	-28.994368	667.8	25.568588	12.837443	44.694794	-13.422351	352000	-0.03399569	942.0443	0.0	-259.71808	0.60773677	-3.6805867e-09	229.73895120620728
88	151.8728	51.1072	228.66515	85.820656	679.4	11.683074	17.370058	38.65897	-38.80662	356000	-0.09067735	798.4517	0.0	-314.29492	0.5370228	8.895993e-09	232.09381699562073
89	75.19588	102.817345	190.07394	-42.640312	444.5	16.143446	9.7488985	39.537594	-22.640482	360000	-0.05224218	1257.4377	0.0	-185.73764	0.56149733	-5.2601097e-09	233.91568398475647
90	145.04263	59.975002	228.95422	59.424164	657.25	6.2054434	13.77483	39.410313	-17.439432	364000	-0.078193456	292.38193	0.0	-97.37127	0.5848588	-1.2069941e-09	236.2054979801178
91	159.10773	52.595047	228.1346	80.274055	761.25	14.840692	12.659819	41.85508	-3.602626	368000	-0.028467074	388.94455	0.0	-55.877632	0.5313798	2.5182962e-09	238.8591890335083
92	148.10179	101.09535	245.5953	-31.78639	531.8333	18.934767	13.077475	42.780952	-13.961826	372000	-0.03837265	850.0376	0.0	-130.31891	0.5055455	4.7087667e-09	241.79947686195374
93	198.96466	60.63941	246.39214	79.56711	680.0	17.097345	13.0360565	44.180016	-7.7416687	376000	-0.052154057	390.0545	0.0	-62.36788	0.49680647	1.0430814e-09	244.07554697990417
94	112.35159	105.793045	226.10487	-75.79178	663.0	17.32057	13.313937	45.419537	-13.1807575	380000	-0.014961745	675.3742	0.0	-83.05603	0.53222644	-1.8924475e-09	246.233980178833
95	155.14864	102.09561	256.06842	-38.94641	550.0	22.976233	18.191402	46.41432	-38.094288	384000	-0.04250483	1002.62024	0.0	-208.29678	0.49866784	1.475215e-09	248.18932914733887
96	104.647606	116.03324	217.60312	-77.70713	444.875	15.646678	16.769375	47.231113	-21.33526	388000	-0.06914831	915.3815	0.0	-117.3421	0.51007986	-9.536743e-10	249.88542795181274
97	225.9722	39.724133	267.23767	139.9641	510.85715	20.309793	17.533827	48.660667	-21.007149	392000	-0.009390482	871.63525	0.0	-286.2631	0.4461282	-6.5267085e-09	251.62759590148926
98	125.426025	125.47421	224.93576	-91.153725	466.75	25.957561	14.33901	51.09221	-19.189444	396000	-0.046243988	1126.7223	0.0	-234.51099	0.5122032	-1.7136336e-09	253.4204490184784
99	99.35113	130.54619	241.90251	-64.81443	414.2857	25.037325	19.38229	52.556988	-30.366821	400000	-0.041232217	952.7477	0.0	-175.66809	0.48186946	-1.8179416e-09	255.24877214431763
100	97.573456	124.49882	228.38817	-79.147896	377.9	12.491016	16.857391	50.80087	-30.644333	404000	-0.03666542	1084.5032	0.0	-212.06091	0.47897035	3.2037497e-09	256.9772729873657
101	122.07305	90.15175	229.98059	-38.960556	596.0	28.67545	15.807999	51.417587	-30.888004	408000	-0.030010367	977.80597	0.0	-269.80542	0.5221861	7.1376562e-09	259.0153441429138
102	67.15069	116.61484	251.63544	-77.17643	413.33334	17.587006	14.879633	46.430386	-32.75951	412000	-0.0013817679	1123.1619	0.0	-146.98477	0.48092175	-1.3113022e-08	260.6501259803772
103	120.189255	152.16205	301.54196	-134.28755	335.81818	18.273703	17.86379	45.242767	-33.88256	416000	-0.03995663	1348.6243	0.0	-339.1812	0.3945334	5.2899125e-09	262.13460183143616
104	110.0343	123.29107	266.2893	-65.49433	375.2	25.407185	16.379055	50.44155	-33.749363	420000	-0.009060111	1060.6909	0.0	-176.46732	0.43476328	4.068017e-09	263.6766052246094
105	45.23918	110.49775	204.68211	-60.76501	373.22223	19.41202	19.978767	48.73237	-38.513275	424000	-0.010160807	1052.2653	0.0	-160.53494	0.48981333	2.8312206e-09	265.354385137558
106	48.64291	116.11281	223.31157	-121.0069	387.77777	8.633814	19.116344	44.91878	-40.37588	428000	-0.0065293033	1191.3136	0.0	-91.60022	0.46762264	2.4586917e-09	267.0605528354645
107	130.64322	134.38763	272.35355	-73.46148	375.0	16.521946	20.270428	48.88927	-37.159847	432000	-0.028929781	1385.2295	0.0	-218.05585	0.4042725	9.536744e-10	268.5947470664978
108	99.18503	129.01079	284.58557	-87.63444	482.5	27.003067	16.655682	54.17159	-38.023846	436000	-0.026780993	1487.4004	0.0	-336.07196	0.48810077	-1.8924475e-09	270.5272259712219
109	152.42686	119.82232	279.23993	-67.13646	370.3	25.680264	17.66149	49.93272	-29.59671	440000	-0.0327065	1476.1472	0.0	-173.81476	0.42734063	6.824732e-09	272.3504161834717
110	192.14297	100.45112	274.9245	-65.53894	391.77777	26.201872	15.837029	55.325016	-29.706512	444000	-0.075720355	1305.436	0.0	-205.5427	0.44614685	-4.917382e-10	274.1203830242157
111	165.51108	130.05064	291.5378	-82.70107	320.36365	39.510017	11.169017	59.36471	-14.520365	448000	-0.023046073	1628.3525	0.0	-780.5188	0.4162519	4.097819e-09	275.58803820610046
112	117.95762	144.43492	295.33475	-60.543488	335.45456	24.068068	22.546213	61.861427	-25.727674	452000	0.008301674	1730.9275	0.0	-224.93793	0.39943644	-1.4007092e-09	276.974280834198
113	33.235466	124.1037	274.8278	-155.4288	363.4	38.171295	25.412096	64.726746	-15.060291	456000	0.011300793	3057.9148	0.0	-1165.9265	0.4593851	-9.983777e-10	278.91181993484497
114	108.30608	147.69739	250.91321	-148.48782	332.0	9.376538	18.981615	59.298462	-30.680672	460000	-0.07293634	2765.6978	0.0	-1089.4363	0.42647254	1.3858079e-09	280.40259408950806
115	206.73718	76.853935	257.2327	-7.3673954	390.55554	30.921507	12.275018	59.155045	-10.24518	464000	-0.038035024	645.7626	0.0	-299.44818	0.38536838	-5.081296e-09	282.1778972148895
116	31.052406	192.53188	271.94272	-235.47154	334.45456	34.615387	14.405563	62.44773	-26.35601	468000	-0.015988126	3983.5583	0.0	-1233.0575	0.41000342	3.710389e-09	283.83769702911377
117	63.728893	178.05072	258.58575	-225.37164	465.2857	22.653948	23.99255	59.899033	-29.662489	472000	-0.01683194	1796.7195	0.0	-556.1338	0.40674073	-8.940697e-09	285.8751289844513
118	46.321167	95.027916	202.31622	-85.7874	576.3333	15.656366	11.423686	42.844505	-30.746113	476000	-0.0041653886	887.7584	0.0	-191.83582	0.44155818	-3.1590461e-09	287.9991669654846
119	176.97404	94.41902	264.1255	-55.337215	460.75	11.664199	16.204418	58.24483	-35.625957	480000	-0.06931339	1370.7083	0.0	-796.4328	0.39238358	-3.1143426e-09	290.00206303596497
120	191.197	56.938873	249.55676	63.67887	553.1429	31.13551	14.936471	61.79932	-20.49639	484000	-0.09907848	635.54614	0.0	-247.71065	0.42499334	-3.8146974e-09	291.9783191680908
121	142.45958	105.76031	257.90692	-43.88318	565.1667	24.727753	10.875513	61.470665	-26.61376	488000	-0.037343662	598.3068	0.0	-116.402756	0.45062134	-4.4256447e-09	294.13139820098877
122	124.114136	73.189644	193.3424	6.9615803	721.2	18.253914	12.659607	44.43409	-29.533545	492000	-0.0403208	711.1327	0.0	-120.72615	0.38263595	-4.6789648e-09	296.73328399658203
123	139.58054	82.925804	229.77681	-49.68497	512.7143	11.372894	14.647993	61.258484	-11.09523	496000	-0.07411604	801.569	0.0	-289.3417	0.39604717	-5.9604643e-10	298.64402294158936
124	92.316734	124.12049	240.23584	-62.021698	432.57144	21.98082	11.469231	61.967316	-0.9374093	500000	0.00045387447	1124.1272	0.0	-220.1333	0.38136905	3.784895e-09	300.8481798171997
125	150.81577	73.950226	207.40234	-25.70185	485.14285	12.924755	16.664438	62.234707	-7.6843333	504000	-0.01746663	724.0136	0.0	-134.18506	0.3651218	2.3394822e-09	302.8525559902191
126	35.44839	152.47595	223.85316	-231.54437	427.85715	21.236551	14.753921	62.651497	-6.325383	508000	0.012149787	2324.377	0.0	-495.5387	0.40763786	-5.8859584e-09	304.5014069080353
127	84.07822	94.29092	218.37027	-45.06953	631.1667	12.19334	13.208799	46.454716	-11.195778	512000	-0.04988816	689.3284	0.0	-101.35712	0.4692356	4.3660404e-09	306.469092130661
128	73.23893	114.36871	198.9607	-91.7495	395.66666	9.081944	14.999129	59.537792	-11.297302	516000	-0.026313242	1202.4517	0.0	-211.36685	0.40022635	-3.054738e-09	308.1392869949341
129	97.63744	162.11264	225.60397	-213.96704	420.44446	16.721342	21.958578	63.283737	-12.515697	520000	0.018328113	1706.7993	0.0	-82.102234	0.36536637	3.2782554e-10	309.87979102134705
130	79.8836	133.36035	215.93044	-162.94022	461.0	13.1230545	17.460463	61.244534	-14.064501	524000	0.0050384225	1143.2667	0.0	-147.54947	0.37331706	-2.8312197e-10	311.67381715774536
131	66.89105	142.74171	223.8167	-170.0127	400.55554	13.520856	21.450142	63.493332	-30.153976	528000	0.01747954	1328.0217	0.0	-116.660034	0.37884927	-9.834766e-10	313.2789878845215
132	49.800182	107.94087	212.63629	-60.314274	365.4	12.342643	20.2805	62.01169	-17.63344	532000	-0.031582113	1160.2012	0.0	-116.44534	0.3971486	3.114343e-09	314.7377769947052
133	107.262	133.18513	212.40271	-194.9893	486.7143	7.7554746	20.098856	64.98655	-20.999098	536000	-0.0032018088	1220.792	0.0	-316.38736	0.41393623	-1.9818545e-09	316.68825101852417
134	120.50615	99.06831	222.44388	-48.410004	383.7	19.875298	15.712075	64.94311	-15.174208	540000	-0.062323526	1035.4529	0.0	-261.9088	0.3718526	5.8710574e-09	318.2096621990204
135	120.78986	103.85856	224.45517	-28.95291	335.72726	21.143303	23.077087	67.1103	-15.351735	544000	-0.00081910565	871.79535	0.0	-32.990158	0.40401697	-2.041459e-09	319.75316405296326
136	153.39197	55.6773	214.00711	70.61257	666.4	40.082687	23.842358	67.9313	-6.365481	548000	-0.058056906	1426.7439	0.0	-1032.606	0.44561425	-1.1637807e-08	321.7279260158539
137	150.31834	76.86504	220.76703	-19.705334	498.85715	24.26598	12.090772	62.07978	-12.68238	552000	-0.046722606	758.7009	0.0	-134.6178	0.4029038	6.6012147e-09	323.90587306022644
138	204.3846	40.94677	261.6587	142.58461	542.8333	23.358622	11.362699	63.17985	-13.715788	556000	-0.08329995	415.617	0.0	-100.36685	0.4386079	-1.2367964e-09	326.1311500072479
139	121.44324	116.06774	234.97752	-69.33283	425.77777	36.751324	15.141037	63.61315	-11.464211	560000	-0.013385453	1704.6833	0.0	-703.01483	0.40586823	9.23872e-10	327.8358042240143
140	188.32948	96.62998	262.84583	-3.438499	398.8889	27.081137	18.875254	65.581665	-14.330891	564000	-0.009077011	774.46906	0.0	-188.11002	0.38560355	1.7136335e-09	329.5804991722107
141	203.8298	86.527176	274.9814	-27.484884	375.77777	33.177944	14.575259	66.31507	-15.879883	568000	-0.046799757	720.4679	0.0	-100.5255	0.4013546	4.4852495e-09	331.19839882850647
142	225.03532	74.58021	268.08765	5.2648997	395.1	43.026787	12.212441	68.055115	19.370758	572000	-0.051632892	411.2204	0.0	-47.38903	0.41186765	3.0994416e-09	332.8858599662781
143	197.9773	98.918396	269.9139	-13.140475	373.5	39.955173	15.3009615	70.65683	-9.972619	576000	-0.028631926	635.21204	0.0	-57.71521	0.39422613	-1.8030406e-09	334.4426910877228
144	231.62704	18.843702	251.0278	200.15977	380.2	40.313	15.680025	72.16048	-7.2310357	580000	-0.024658779	200.53812	0.0	-125.62378	0.4037097	3.8743023e-10	336.1539182662964
145	116.30733	129.03413	281.3233	-69.44146	354.1	43.81899	15.703319	73.69477	-27.194944	584000	0.022687327	1878.2905	0.0	-827.95636	0.36754942	5.6624405e-10	337.8844039440155
146	178.26851	90.15608	252.91072	1.2976742	364.0	27.224401	16.673464	70.757706	-40.800117	588000	-0.064527385	945.37646	0.0	-216.79724	0.42360413	3.97861e-09	339.46754717826843
147	153.6362	107.89313	270.8836	-20.082159	384.7	36.704205	16.546358	74.13579	-44.146442	592000	-0.01493039	948.7544	0.0	-205.41046	0.40744042	-4.053116e-09	341.3665220737457
148	199.25285	67.76427	264.32092	27.312046	364.55554	27.121035	22.232544	74.804726	-43.54	596000	0.01664859	1016.1865	0.0	-448.17975	0.36119097	1.5199184e-09	343.1078610420227
149	230.59238	22.266912	265.96027	197.27586	422.0	40.351665	15.598508	76.21361	-32.96237	600000	-0.029726662	339.9546	0.0	-77.55775	0.41367573	2.1010638e-09	345.1141219139099
150	206.87563	75.92745	274.54962	6.352837	398.66666	40.326176	16.493189	77.05726	-27.798265	604000	-0.03559347	615.23773	0.0	-38.1354	0.40472528	-3.874302e-09	347.11133313179016
151	251.12967	18.368866	270.86694	213.11464	423.2857	40.69851	16.573982	78.032455	-1.2684274	608000	-0.051879443	380.78458	0.0	-70.935486	0.41438878	-4.9173834e-09	349.2158830165863
152	127.991806	95.926506	247.70068	32.13046	810.0	41.09047	20.433105	78.95249	21.713362	612000	-0.043682046	1141.8064	0.0	-729.54297	0.4850874	-8.940715e-11	351.64196491241455
153	33.000587	56.282097	128.8063	-12.583433	952.25	14.137307	10.637647	46.988617	-5.5658226	616000	-0.105401546	255.27737	0.0	-99.961044	0.5008924	-4.3958424e-09	354.2141580581665
154	71.26355	171.8268	297.83896	-128.32555	707.75	7.791399	14.321895	52.89625	-7.6817904	620000	-0.054418582	614.49786	0.0	-194.25484	0.47020367	-2.4735927e-09	356.8493411540985
155	-67.41971	98.10788	36.265896	-210.03482	808.25	-7.3750496	16.364952	58.618156	-44.385784	624000	-0.012309177	138.02927	0.0	-59.605476	0.4635486	3.5613776e-09	359.79828810691833
156	-263.75766	59.293797	-213.77364	-364.89975	989.75	-16.936169	12.019603	57.263317	-26.94844	628000	0.036194086	209.84074	0.0	-109.36947	0.4848511	5.1409006e-09	362.729700088501
157	-118.18649	165.25844	167.85367	-219.48695	968.0	-19.005938	19.692326	52.981182	-32.06484	632000	-0.011660743	144.17108	0.0	-65.15152	0.46538347	5.2154064e-10	364.9781160354614
158	-132.12932	7.86102	-124.93614	-144.58801	1000.0	-20.703394	7.3820925	27.50172	-29.135452	636000	-0.04344404	66.53402	0.0	-27.54229	0.4753675	2.2351743e-09	367.4795391559601
159	-84.633156	19.469929	-51.969788	-102.507385	980.5	-9.318309	13.698664	46.143364	-23.843164	640000	-0.032594327	366.8717	0.0	-183.49081	0.46714303	-2.4735929e-09	369.8765528202057
160	74.68014	100.14104	186.78745	-69.853745	900.0	-5.5033674	13.309672	47.414845	-40.106342	644000	-0.09237859	320.98975	0.0	-169.52539	0.44246525	-7.405877e-09	372.40328001976013
161	13.038477	36.582867	60.594376	-26.357922	1000.0	-0.04518286	12.549573	46.803673	-9.774347	648000	-0.040861025	80.37744	0.0	-20.585732	0.4780971	2.3692845e-09	376.030757188797
162	59.978317	118.19497	192.44447	-104.25341	904.5	7.353949	14.394126	57.82695	-6.049722	652000	-0.022497281	406.6045	0.0	-56.939285	0.4467091	2.9802327e-11	379.2721130847931
163	82.3391	97.631294	206.8025	-42.07096	982.0	4.6290054	15.0314455	58.984886	-8.556463	656000	-0.07968431	144.02298	0.0	-15.680195	0.46472186	1.038611e-08	381.9100441932678
164	110.88894	15.296132	133.77722	93.01354	952.75	15.499155	17.680601	60.742764	-5.6071677	660000	-0.096920215	299.1975	0.0	-145.51538	0.5065866	8.150935e-09	384.71410393714905
165	82.78349	18.395227	104.24639	54.250717	1000.0	13.099563	10.214726	53.563477	-3.144939	664000	-0.09986422	129.01471	0.0	-69.54367	0.52779305	1.4394522e-08	388.35334300994873
166	112.09822	71.57453	212.33919	38.76923	876.25	11.572365	11.256118	57.397415	-1.6459109	668000	-0.076263696	176.61453	0.0	-19.627445	0.4652269	-4.8577786e-09	391.2774691581726
167	156.8855	17.57297	175.86229	128.3627	802.0	11.262945	10.698354	49.6277	-1.9253671	672000	-0.053516954	153.1832	0.0	-64.046936	0.43688405	6.3329937e-09	394.35395193099976
168	155.5004	36.150425	192.76056	96.57948	785.75	17.690697	15.978072	62.852722	-0.2215296	676000	-0.0418996	248.66441	0.0	-66.049194	0.43335283	5.3495173e-09	396.83627700805664
169	147.36511	12.898324	160.22836	131.2724	792.25	12.010287	12.358173	64.726234	-0.70060706	680000	-0.046536088	134.31021	0.0	-70.76221	0.439413	5.0663945e-10	400.3052599430084
170	155.59346	53.63712	191.06541	63.103695	761.5	20.95349	18.294762	71.74451	1.8785417	684000	-0.019227978	157.11398	0.0	-64.11599	0.41893792	2.3990872e-09	402.97165608406067
171	96.3121	49.4311	171.58984	39.67362	917.75	21.396011	17.716148	62.355064	1.1004066	688000	-0.011015857	422.76492	0.0	-304.07736	0.42217106	5.00679e-09	405.4839200973511
172	95.94032	58.593437	172.34467	38.760006	909.0	11.404962	16.32036	59.65576	-15.8490925	692000	-0.050681688	305.93887	0.0	-114.40525	0.4067651	6.228685e-09	408.60329008102417
173	80.13713	82.70738	219.08073	12.773474	918.75	10.146491	11.314376	56.35512	-6.1400537	696000	-0.085546866	175.47049	0.0	-79.69649	0.44670513	-3.5315753e-09	412.11092019081116
174	77.09167	48.27474	153.59586	25.149855	944.0	5.780918	10.480974	33.20527	-29.89258	700000	-0.037640736	233.49124	0.0	-65.32557	0.36183217	3.427267e-10	415.34377694129944
175	165.86734	8.528701	177.27711	156.6458	773.25	6.4974794	11.902024	50.748955	-29.372551	704000	-0.08510573	327.885	0.0	-243.81618	0.41280317	2.384186e-10	418.84880208969116
176	186.48161	27.920082	222.83554	150.40764	704.5	16.168852	14.107586	72.24905	1.4363577	708000	-0.09050532	146.3102	0.0	-72.89989	0.41368037	9.983778e-10	421.9992229938507
177	182.34683	27.061436	217.85646	146.27786	706.0	23.160845	18.558233	76.011406	3.0505075	712000	-0.027289579	108.10036	0.0	-29.68324	0.42041805	-4.76837e-10	425.3758819103241
178	184.87416	25.379114	225.43735	160.90068	790.0	17.879147	16.924618	73.82735	1.8909053	716000	-0.0746487	92.530304	0.0	-14.005161	0.42160493	-6.8545347e-10	428.1600811481476
179	150.52948	48.03686	199.68198	71.00163	857.25	24.085981	22.34958	76.00932	1.94014	720000	-0.06851144	425.10703	0.0	-225.1667	0.44199446	-3.799796e-09	431.4950041770935
180	40.83045	25.503319	75.93535	8.544142	1000.0	11.756336	11.216635	56.473713	-15.14875	724000	-0.07145286	213.24663	0.0	-163.96686	0.48607498	4.0978194e-09	435.209881067276
181	31.00467	5.873627	36.87871	22.394325	1000.0	2.785235	7.933677	32.312725	-19.867157	728000	-0.07003811	25.565601	0.0	-10.612743	0.47148052	4.76837e-10	439.674791097641
182	81.17189	46.034527	156.4961	41.777683	963.25	2.2837539	5.682761	22.133848	-9.003546	732000	-0.0781693	190.95903	0.0	-55.892628	0.45089385	-3.0249356e-09	444.14056491851807
183	204.35303	31.663137	257.72018	175.20532	708.0	12.496714	13.571447	57.605972	0.29537708	736000	-0.09788391	594.5451	0.0	-505.9971	0.40096074	1.0758638e-08	446.6950349807739
184	151.52649	19.635008	174.88019	126.6221	835.25	14.010375	19.595325	79.52057	1.5791833	740000	-0.08052525	42.59208	0.0	-14.848551	0.4243024	-4.4107438e-09	449.5159900188446
185	170.86572	20.768925	200.86829	144.77623	888.0	17.028086	22.188202	80.74103	-1.7806233	744000	-0.05592712	58.170357	0.0	-15.891616	0.40469307	-4.9322844e-09	452.8660960197449
186	120.9425	73.727	166.62735	-6.5830665	885.5	13.320437	19.896927	81.16467	-0.50642145	748000	-0.04807879	45.55568	0.0	-10.082121	0.4154684	3.0100344e-09	456.1397109031677
187	60.071236	89.212875	212.6832	-6.8289704	914.0	9.314343	18.309784	81.68185	-1.7936347	752000	-0.051731795	65.60849	0.0	-28.99387	0.41382635	2.9057263e-09	460.09524297714233
188	-13.704147	98.85277	151.34575	-111.174545	988.25	3.63569	14.921771	81.184326	-4.024115	756000	-0.043586303	58.402325	0.0	-30.040154	0.41600066	-3.4719705e-09	463.8911190032959
189	-107.30169	29.72199	-83.603264	-157.64508	1000.0	-5.9054236	2.4553149	20.983446	-6.887288	760000	-0.056624584	65.76668	0.0	-41.050568	0.42747197	3.1590461e-09	467.9632182121277
190	-188.14761	22.578396	-157.95616	-220.1428	1000.0	-9.932085	3.1522555	13.714677	-11.564842	764000	0.03547877	130.19504	0.0	-79.20132	0.42079583	3.0696394e-09	471.4274001121521
191	-269.18134	24.579123	-231.12158	-297.75424	1000.0	-16.380533	3.4196756	16.901966	-17.193623	768000	0.06709693	194.10905	0.0	-118.36048	0.43067342	5.662441e-09	474.8167550563812
192	-316.9709	14.981765	-304.71936	-342.38135	1000.0	-21.818714	6.9474607	25.9776	-23.869698	772000	0.04961433	259.0721	0.0	-121.08264	0.40794677	-2.682209e-09	478.00219893455505
193	-373.8835	50.202465	-321.5012	-444.30038	1000.0	-28.745155	4.061401	7.256204	-29.750586	776000	0.07442406	192.43918	0.0	-84.70117	0.41689956	-6.6161157e-09	481.3636939525604
194	-248.84218	40.10814	-193.26341	-306.37912	1000.0	-33.740356	4.4288993	13.26557	-34.557266	780000	0.06617935	74.115524	0.0	-50.06119	0.40538487	1.001358e-08	484.00309705734253
195	-122.636055	35.26398	-62.18424	-147.28937	1000.0	-26.21948	9.610884	33.4797	-32.454975	784000	0.018703423	145.56161	0.0	-124.5386	0.39513463	4.917383e-10	486.86467719078064
196	-59.24747	27.337078	-20.182917	-89.29487	1000.0	-14.3023	6.409466	10.664964	-27.952087	788000	0.037344143	60.506012	0.0	-43.37484	0.3887654	2.2053719e-09	490.2930769920349
197	31.11064	63.890446	139.75546	-20.654638	980.75	0.81691253	17.150555	81.53021	-16.391464	792000	-0.034615934	62.428055	0.0	-36.64129	0.37410712	-1.8328429e-09	494.0570511817932
198	218.72714	8.424827	233.7505	207.59358	665.8	16.388842	21.973536	81.91792	-8.151064	796000	-0.041875683	136.389	0.0	-77.935234	0.33355707	2.682209e-10	496.3246519565582
199	199.61562	15.807439	226.2424	175.18916	590.8333	26.357796	21.777252	82.76235	1.517288	800000	0.013738792	312.78464	0.0	-140.8911	0.31896466	-3.9488075e-09	498.4317800998688
200	233.69156	13.696355	250.59006	216.85332	497.14285	27.70591	20.394093	81.69266	-13.289789	804000	-0.03822179	259.94965	0.0	-81.59839	0.2985383	1.5795231e-09	500.3504989147186
201	174.48347	76.76221	233.77469	-8.91112	486.14285	31.472424	16.478628	80.86871	-0.31979012	808000	-0.014488865	711.34326	0.0	-189.76367	0.27585685	6.7949295e-09	502.35189294815063
202	162.33424	136.14221	256.05237	-110.01883	454.125	25.504978	19.81864	79.59996	-24.56549	812000	-0.034860272	1034.2966	0.0	-381.6557	0.23603974	-8.046628e-10	504.2263798713684
203	88.52823	132.2669	269.07928	-59.371754	365.3	16.072203	25.289783	82.40846	-34.02977	816000	-0.01992693	1745.5908	0.0	-523.4946	0.27858758	-1.0430813e-09	505.86392402648926
204	59.57781	114.01929	240.4247	-57.27557	313.25	13.3128395	25.94636	75.24824	-38.412083	820000	-0.012423551	1092.7744	0.0	-135.27478	0.26616573	-7.927418e-09	507.31870317459106
205	71.80923	118.21021	249.66862	-53.92603	384.6	15.931759	26.437471	79.52279	-43.64427	824000	-0.034945298	1290.5026	0.0	-254.57416	0.31334934	4.9769877e-09	509.028156042099
206	113.80426	118.81317	288.96503	-57.75445	314.08334	9.880673	27.38039	71.67597	-42.845467	828000	-0.018087309	2120.979	0.0	-764.1939	0.2390497	1.2218953e-09	510.5473849773407
207	105.42847	121.65187	224.81093	-60.570496	298.41666	22.000437	21.052198	77.31682	-51.451645	832000	-0.00014002575	1460.4194	0.0	-170.25629	0.24519645	4.351139e-09	511.9355309009552
208	114.29063	130.69968	285.84384	-51.59894	289.75	30.684757	24.093092	85.247055	-55.489758	836000	-0.0074966024	1728.8407	0.0	-314.5318	0.22800139	1.013279e-09	513.3618800640106
209	172.4651	99.976845	276.3641	2.7516415	381.0	34.003796	27.75299	85.54404	-60.25485	840000	-0.027418828	901.8188	0.0	-374.721	0.24323288	-6.9141386e-09	515.0715539455414
210	58.474453	158.06189	263.50882	-271.40436	258.6	29.647598	20.732038	64.87798	-46.676567	844000	-0.0018552305	3043.8804	0.0	-638.5936	0.22621498	5.9604646e-09	516.4767689704895
211	63.44091	126.227325	285.41748	-47.784866	229.42857	18.668047	25.880749	82.407	-77.53334	848000	0.00783403	1670.2993	0.0	-179.44244	0.2769	-7.3462725e-09	518.0010640621185
212	86.13891	137.12732	268.91306	-75.528465	244.06667	18.055246	31.007996	82.93483	-63.966476	852000	0.025806583	1753.9495	0.0	-533.62427	0.2273353	-1.5944243e-09	519.3292560577393
213	69.79025	138.77332	261.44653	-156.75098	259.92856	26.935629	28.845642	80.20446	-57.442524	856000	0.007843209	1927.7039	0.0	-271.7721	0.20332083	-9.417533e-09	520.6378540992737
214	9.503377	102.26977	235.33942	-115.8116	292.30768	19.77457	30.15309	72.7767	-77.79933	860000	-0.013880074	1994.5859	0.0	-943.0436	0.30868858	7.3015687e-09	522.2809362411499
215	122.35519	116.18003	272.0712	-46.94664	301.0	11.955662	31.8198	71.60252	-81.025955	864000	-0.002029674	1822.8773	0.0	-621.8092	0.20999014	6.5863137e-09	523.6933832168579
216	124.13802	130.82697	252.98773	-51.805073	264.57144	21.413563	21.855314	77.33343	-71.23313	868000	-0.025531746	1860.8823	0.0	-351.72086	0.23713149	5.111098e-09	525.1418259143829
217	82.78688	117.75029	230.36497	-48.072838	280.0	25.175457	25.175993	83.264145	-60.312946	872000	-0.0018063914	1638.5979	0.0	-310.16718	0.25284037	-3.248453e-09	526.5773310661316
218	179.66913	122.86256	314.55557	-30.561134	319.0	27.824703	28.313612	77.15481	-80.922966	876000	0.030719629	1657.693	0.0	-652.5687	0.19214815	-3.799796e-09	528.0811800956726
219	104.30668	128.59837	274.127	-59.010033	283.15384	37.551594	29.058754	81.930626	-84.73075	880000	-0.0031139068	1789.8984	0.0	-564.07544	0.2262008	1.5348196e-09	529.566248178482
220	228.08476	81.588585	297.0858	-18.327108	328.18182	24.96372	32.374817	84.48041	-87.42627	884000	-0.00741818	1578.8494	0.0	-976.3451	0.20920733	-3.7252912e-10	531.0403418540955
221	220.6266	61.743275	283.81488	29.075579	298.69232	53.08098	14.674754	79.37815	-72.54176	888000	-0.009421207	473.4015	0.0	-58.298912	0.24623042	3.6358834e-09	532.4339339733124
222	193.66383	98.71227	281.24692	9.699682	279.35715	55.517582	16.701633	83.37274	-75.85844	892000	-0.0056327768	1323.1355	0.0	-355.85107	0.24380799	-2.2500752e-09	533.8790950775146
223	258.41034	17.90197	299.70053	238.35396	304.75	50.93876	22.859413	81.238716	-59.265453	896000	0.0034468179	572.2284	0.0	-462.17474	0.22190028	1.34706495e-08	535.2286581993103
224	270.79184	13.050212	300.88953	252.8967	305.33334	65.4571	9.70609	88.18256	13.101685	900000	-0.017415646	153.49893	0.0	-35.08021	0.20918779	-5.5730345e-09	536.5657451152802
225	264.0154	22.947365	300.2938	217.93369	309.58334	68.279144	9.434536	88.04698	12.724822	904000	-0.0020094218	180.38449	0.0	-25.307243	0.19039975	-1.3709068e-09	537.9409699440002
226	262.73914	17.615128	289.49133	232.9196	321.27274	65.68105	10.691933	87.30154	-31.19695	908000	0.0071202563	217.29611	0.0	-24.825874	0.17123294	-7.390976e-09	539.3647651672363
227	195.86606	101.92207	288.51257	-32.999134	317.9091	65.89251	10.190283	85.35602	12.940777	912000	0.013765663	1568.5363	0.0	-518.0372	0.1688605	7.718802e-09	540.8548519611359
228	222.73334	71.10384	283.15475	11.8483	313.9091	53.607655	9.483006	73.03929	-1.7868457	916000	0.020084407	1216.0166	0.0	-290.12762	0.15225637	2.0265578e-09	542.2856869697571
229	112.041466	116.69097	259.38904	-30.041945	304.16666	49.1504	11.736849	68.8805	-55.16519	920000	0.0045337314	2217.9143	0.0	-723.4585	0.16627112	-7.1823596e-09	543.6427760124207
230	60.97775	119.53635	245.90192	-52.708374	284.46155	29.223742	20.878712	63.667946	-65.02755	924000	-0.015203868	2046.7115	0.0	-644.6085	0.18300252	-7.4803825e-09	544.9764149188995
231	150.42693	118.65028	288.2959	-28.49035	312.45456	16.560577	27.813057	62.489864	-74.68367	928000	0.0007142669	1691.532	0.0	-443.18347	0.1709922	9.536745e-10	546.4282732009888
232	178.05688	103.78426	254.97357	-89.566086	308.5	30.121555	23.785261	68.73615	-88.5426	932000	-0.006359866	1164.3627	0.0	-668.1677	0.1762177	2.6822091e-09	547.8766870498657
233	81.779915	107.48929	204.95746	-52.697464	334.63635	43.095913	15.009224	70.19514	-78.21502	936000	-0.011604057	2191.6345	0.0	-1035.9258	0.17397444	-2.9206275e-09	549.2365391254425
234	127.4648	102.43647	230.99272	-47.27735	342.9	20.852581	22.658567	61.27409	-58.4772	940000	-0.010029303	984.06635	0.0	-137.52441	0.16165185	-1.1593103e-08	550.7639799118042
235	169.20747	99.54776	252.04181	-83.22759	429.0	32.906155	19.214737	62.39542	-54.438755	944000	0.004549708	1319.1335	0.0	-516.65955	0.16448703	-2.861023e-09	552.3627569675446
236	93.26594	122.034256	227.61015	-70.12119	352.0	32.52751	17.294538	65.63854	-48.54086	948000	-0.017311038	1471.802	0.0	-395.85278	0.19795176	2.2649767e-09	553.9790971279144
237	147.4656	116.80647	252.07715	-100.34285	367.8	17.299973	25.4935	61.42413	-64.96278	952000	-0.010839514	1310.709	0.0	-582.3498	0.1839641	-5.6624394e-10	555.5789349079132
238	107.21073	105.71384	239.80872	-60.23842	384.125	33.47275	15.375802	69.96799	-44.046215	956000	-0.019598838	1736.2316	0.0	-769.9791	0.23579387	-3.248453e-09	557.5768151283264
239	114.4899	118.0993	306.31848	-22.789602	427.75	11.981721	22.693096	61.51012	-65.08102	960000	-0.008889851	1052.1239	0.0	-254.4635	0.283699	3.0994416e-09	559.1154940128326
240	119.09311	101.87324	231.5507	-28.533321	408.44446	20.726105	23.534243	67.04372	-66.47692	964000	0.006157131	1239.3617	0.0	-267.15106	0.19922854	-1.0430812e-09	560.7144281864166
241	84.50705	122.633675	231.65176	-106.1908	396.0	18.958075	21.022863	58.6748	-59.67941	968000	-0.010063253	1483.0887	0.0	-457.62405	0.20444623	2.965331e-09	562.3911030292511
242	155.39667	101.95178	263.89078	-25.517366	418.8889	27.167315	25.32208	63.51275	-53.431755	972000	-0.033425212	1296.7521	0.0	-524.6151	0.25192338	3.874302e-10	564.024847984314
243	127.694046	113.912605	220.7253	-45.506016	330.9091	25.125177	16.54434	60.92463	-53.54413	976000	-0.03628441	1401.3518	0.0	-421.8188	0.23155019	-4.5001505e-09	565.7100729942322
244	14.241148	106.5417	217.00044	-115.55523	360.6	25.460964	21.684034	70.30495	-58.21025	980000	0.020390835	2504.4807	0.0	-1549.6224	0.23355924	-7.1525563e-10	567.2306680679321
245	142.07837	101.51554	220.82626	-53.597496	406.75	-8.246853	31.478195	54.696117	-85.661026	984000	-0.051037762	2368.0825	0.0	-1436.9536	0.21174578	-1.3858079e-09	568.9931740760803
246	69.46585	112.62791	247.51727	-56.009968	483.25	25.663296	17.727531	63.14648	-75.270996	988000	-0.041695993	1309.2063	0.0	-410.14453	0.38793674	1.1608004e-08	571.250654220581
247	115.16557	115.0323	259.68488	-25.953981	327.45456	13.177394	23.152805	61.620594	-70.333595	992000	-0.025422323	1597.8842	0.0	-409.3531	0.21480832	-5.5879354e-09	572.6929111480713
248	196.54591	77.89584	267.95654	7.311233	373.1111	27.16759	20.754055	62.47181	-70.81387	996000	-0.014300626	1270.5117	0.0	-400.51703	0.22961624	-2.4586917e-09	574.3614211082458
249	100.61598	112.763145	269.204	-25.181349	359.1	40.46228	19.332287	77.79063	-77.51215	1000000	-0.04290077	2058.6316	0.0	-791.5203	0.29180697	-5.8114527e-09	576.4517271518707
250	148.16682	103.39201	232.72559	-47.1848	348.5	24.289927	17.436903	60.675217	-75.445786	1004000	-0.0397448	1071.9531	0.0	-121.76694	0.26815337	-7.4803825e-09	578.1019630432129
251	175.55194	101.9385	250.50159	-26.42667	342.8889	29.507336	16.134329	64.59664	-71.380165	1008000	-0.037911527	940.7503	0.0	-106.17532	0.2652353	-1.0102987e-08	579.8145661354065
252	159.62398	104.61958	250.72714	-18.439318	329.36365	32.16528	16.923292	72.56398	-73.93326	1012000	-0.026270434	1055.3647	0.0	-163.24551	0.25698686	1.1503697e-08	581.5347080230713
253	80.024185	154.93289	262.18085	-187.11122	377.9	37.11797	24.911	83.462006	-89.357574	1016000	-0.028258301	2437.3496	0.0	-1324.592	0.27552056	-8.940697e-10	583.2970440387726
254	111.38506	123.26909	248.13689	-61.53132	330.27274	19.330496	24.69112	69.486404	-102.23303	1020000	-0.04658488	1369.0125	0.0	-306.29263	0.27839884	5.2750107e-09	584.845771074295
255	196.63411	70.43203	241.34314	1.6148925	367.0	25.788986	32.183647	80.69948	-91.39222	1024000	0.006851442	1411.052	0.0	-728.6507	0.25560895	-9.37283e-09	586.7665278911591
256	186.82292	79.0703	274.76334	-28.022032	380.7	39.770554	15.1664915	73.6198	-96.30861	1028000	-0.024525352	646.6061	0.0	-111.9715	0.23681496	7.7784055e-09	588.5332999229431
257	93.8457	147.94328	243.0343	-155.06203	415.0	34.895374	17.386658	67.877594	-94.398735	1032000	-0.002294707	1575.2808	0.0	-779.3004	0.25983477	-5.677342e-09	590.4168832302094
258	167.89723	104.760666	248.24048	-45.68509	371.5	20.739897	23.246805	62.854763	-85.43497	1036000	-0.02679042	1309.5647	0.0	-489.0011	0.22183353	1.475215e-09	592.0854830741882
259	72.069244	103.89828	206.11415	-46.67881	462.0	30.005865	21.103638	67.10649	-79.11911	1040000	-0.021430852	1778.0225	0.0	-737.27625	0.2538031	-3.4421683e-09	593.8688502311707
260	145.99652	101.27387	230.42313	-49.493496	399.0	14.203011	22.258585	53.97112	-81.28068	1044000	-0.03608808	1033.882	0.0	-254.17764	0.22448498	-5.8114513e-10	595.6241850852966
261	111.762314	100.88154	209.91655	-28.351099	457.75	25.671577	19.977785	61.29271	-44.793705	1048000	-0.039131124	1002.23694	0.0	-217.59909	0.3259333	-2.2947786e-09	598.0551929473877
262	136.55042	96.68565	253.10179	-21.195927	584.3333	16.508204	14.59626	60.89385	-71.07915	1052000	-0.03977704	504.12476	0.0	-67.43846	0.29714608	1.2338162e-08	600.4730260372162
263	182.42412	48.066933	229.64821	98.81341	725.4	22.664528	17.69625	58.771862	-78.018745	1056000	-0.07534364	552.8465	0.0	-209.81488	0.35282204	6.243586e-09	603.6436340808868
264	163.87746	85.95135	234.35132	8.186282	505.7143	19.200165	13.793039	53.75044	-60.527927	1060000	-0.06896494	702.8192	0.0	-179.7412	0.31253624	-2.786517e-09	605.9998350143433
265	195.2675	75.82416	268.96024	8.626935	455.75	29.358768	15.239601	57.73665	-3.1864433	1064000	-0.07872284	683.1582	0.0	-137.16023	0.2756027	7.614493e-09	608.0093970298767
266	180.94263	79.651855	258.7513	14.625183	542.0	30.599203	11.384773	61.947147	-53.11845	1068000	-0.06975585	602.06244	0.0	-88.01329	0.32541403	4.7087667e-09	610.2017221450806
267	194.77792	70.819626	255.59366	19.129654	396.125	27.22466	17.108948	76.0575	-61.28065	1072000	-0.043404285	480.54074	0.0	-129.54303	0.27904192	5.8710574e-09	612.040365934372
268	163.52444	85.10534	227.40825	-34.845787	507.7143	31.763872	14.362947	70.47327	-54.245388	1076000	-0.06524546	694.87634	0.0	-120.22139	0.28006333	-1.4469027e-08	613.8285059928894
269	131.08102	82.199936	209.77498	-13.366724	680.8	23.824104	14.532047	79.27023	-85.033	1080000	-0.018586993	630.83466	0.0	-199.68439	0.31078917	-1.0564923e-08	616.2335798740387
270	158.59033	79.75021	222.49449	1.7546394	545.6667	17.230335	17.543526	63.896477	-69.70608	1084000	-0.04690849	450.7845	0.0	-117.63904	0.2808127	-8.09133e-09	618.790766954422
271	182.92807	27.960978	222.3191	134.94763	664.4	21.26676	21.323221	80.352036	-32.494965	1088000	0.031392854	417.13605	0.0	-205.99161	0.28420198	-2.1010638e-09	621.6022009849548
272	172.97261	56.344345	238.43535	86.65104	636.8333	18.652563	16.173592	63.23356	-20.70913	1092000	-0.040262252	313.81754	0.0	-82.921906	0.3592441	-1.3381243e-08	624.1717081069946
273	171.04869	100.95675	261.18332	-22.995352	506.16666	33.04693	15.48383	80.62928	-60.98434	1096000	-0.04773335	908.2995	0.0	-342.81653	0.29912442	9.1195105e-09	626.2718119621277
274	188.2701	48.86605	241.95934	113.40807	643.0	30.381054	18.1244	64.22842	-51.12964	1100000	-0.08370805	774.0706	0.0	-420.76566	0.30032477	1.3202429e-08	628.8286890983582
275	136.1715	103.48435	245.75313	-35.468056	633.1667	21.127207	12.841959	55.232296	-75.98772	1104000	-0.033762805	940.41724	0.0	-402.5355	0.3626891	-6.854534e-10	631.805577993393
276	178.9402	72.833824	239.65265	20.56174	496.2857	17.750605	15.931376	55.114952	-82.39972	1108000	-0.06740582	744.6914	0.0	-271.28098	0.26029462	4.2915342e-09	633.939582824707
277	185.94691	88.9335	251.95947	-42.862583	456.5	23.779524	18.297125	59.259937	-57.22717	1112000	-0.06599053	819.6256	0.0	-328.7316	0.2578445	-9.700656e-09	636.0820679664612
278	206.2543	17.324339	227.01411	176.17302	587.4	33.7496	16.65017	82.686035	0.43744543	1116000	-0.0627949	426.17908	0.0	-167.27585	0.2907033	5.125999e-09	638.4646792411804
279	96.768616	111.6708	209.38858	-39.824734	654.4	24.642448	19.1931	85.172035	-47.673798	1120000	-0.026123151	740.09247	0.0	-270.2804	0.28436437	5.7518483e-09	641.4629192352295
280	132.46704	83.60247	222.39062	-8.923684	663.8	24.346172	27.618006	81.30711	-12.591707	1124000	-0.09226786	946.4191	0.0	-526.7431	0.35140404	7.972122e-09	644.1614670753479
281	194.94247	84.53846	262.47104	-21.107487	432.25	24.375587	17.383497	76.66137	-58.18012	1128000	-0.05229072	603.8626	0.0	-314.4077	0.27157468	-5.9604632e-09	646.061066865921
282	181.85394	96.59362	264.1306	-25.18267	390.0	34.374874	24.076694	85.057304	-75.80184	1132000	0.021592433	762.598	0.0	-203.45438	0.23583421	-6.422401e-09	647.9347188472748
283	150.88823	106.66594	244.56946	-22.399015	346.0	27.70336	21.619673	75.69521	-95.4681	1136000	-0.052257586	897.18	0.0	-201.05142	0.2552143	4.798174e-09	649.6288549900055
284	212.4385	31.129852	252.71169	170.73268	485.57144	40.420906	25.188057	92.25046	-58.354782	1140000	0.03866773	989.017	0.0	-621.53107	0.24685815	8.940704e-11	651.7610080242157
285	121.59968	118.78996	236.48398	-77.788185	390.77777	19.82999	22.981321	74.15472	-76.42868	1144000	-0.04267085	1050.4873	0.0	-200.87424	0.2716919	-6.6757204e-09	653.702036857605
286	137.07497	100.03331	221.35593	-20.588757	519.2857	29.293377	26.564306	83.77579	-78.24907	1148000	-0.045957953	1346.4683	0.0	-576.27795	0.30600515	-9.089709e-10	655.5503270626068
287	153.74078	99.38149	235.72737	-46.3802	549.5	21.721933	15.19937	57.26783	-67.219	1152000	-0.02952533	577.0234	0.0	-95.36337	0.2651304	5.885959e-09	657.6755089759827
288	138.95651	77.73707	240.83572	29.326916	759.4	27.29278	17.086466	71.32379	-39.698936	1156000	-0.12815985	655.4551	0.0	-400.45026	0.35131198	4.6789648e-09	660.6253550052643
289	169.45856	101.32602	246.29503	-49.629013	490.0	19.169	14.981698	57.663506	-77.46817	1160000	-0.058790516	891.0851	0.0	-359.89935	0.28672415	1.2516976e-09	663.1642119884491
290	218.04265	36.617386	256.18762	161.03564	452.42856	26.521957	21.891386	85.159935	-16.403082	1164000	-0.030042194	274.90237	0.0	-149.54564	0.2673018	-2.95043e-09	665.1257450580597
291	114.88204	115.32595	232.27704	-64.538376	624.3333	31.766794	18.965181	83.374435	-71.24168	1168000	-0.055367097	1163.6211	0.0	-567.28253	0.33706218	-8.0466265e-09	667.5000190734863
292	183.63295	96.14841	250.2747	-45.942333	485.0	20.359	20.113638	81.19613	-89.12602	1172000	-0.034804877	678.2606	0.0	-244.25308	0.26006377	-1.2367962e-09	669.1720571517944
293	221.37404	10.4551735	243.86974	210.7255	478.85715	27.18833	19.186445	83.60953	-6.493751	1176000	-0.032697875	244.95665	0.0	-179.33633	0.27008796	-1.5497208e-09	671.1816511154175
294	105.08617	137.48318	226.05078	-108.43151	443.375	33.793304	18.838099	89.49341	-70.37253	1180000	-0.000748381	1582.9397	0.0	-818.05334	0.2645582	8.3446494e-10	672.9098310470581
295	166.43454	104.78374	264.5738	-52.656784	525.1429	26.56282	17.256416	86.41106	-90.32267	1184000	-0.042366188	608.0448	0.0	-141.59975	0.30310065	-2.7418139e-09	674.8673369884491
296	106.094536	142.45633	280.78604	-81.31327	359.36365	17.214828	27.841873	82.54957	-93.313385	1188000	0.02072674	1166.5507	0.0	-171.34183	0.23797703	5.2154063e-09	676.3217551708221
297	160.39584	102.4794	255.98409	-62.171444	369.9	20.25039	33.651417	87.764114	-93.36006	1192000	0.008005823	1292.0669	0.0	-503.15845	0.2177302	-2.3543836e-09	678.0218710899353
298	122.1857	109.12557	256.90366	-74.26245	435.625	31.542343	18.88913	83.87669	-82.46117	1196000	-0.0074256826	581.5455	0.0	-242.6193	0.30085707	-4.3660404e-09	679.9111139774323
299	154.51936	121.45709	274.80716	-66.49312	365.375	36.834637	30.55571	83.392075	-95.256775	1200000	-0.058977075	1105.3971	0.0	-472.33417	0.27903426	-3.7401913e-09	681.8187911510468
300	146.5734	109.96246	278.80627	-39.68922	355.6	29.175835	23.297825	84.59584	-72.25012	1204000	-0.02463137	1188.29	0.0	-393.48904	0.24778074	-2.3841857e-09	683.3946962356567
301	156.15556	112.69173	279.7878	-57.876472	419.55554	30.777225	21.809364	67.34403	-46.829853	1208000	-0.07083823	1154.7444	0.0	-484.80682	0.30519962	-4.187226e-09	685.1823840141296
302	109.63202	145.2302	269.079	-88.068794	369.4	30.891237	23.885675	77.264244	-79.32533	1212000	-0.010402771	1470.6672	0.0	-494.15094	0.22262233	6.5267085e-09	686.7324688434601
303	107.62356	141.03876	263.41406	-60.326286	322.63635	22.036245	28.340574	78.44718	-86.690025	1216000	-0.0056551504	914.25354	0.0	-145.26883	0.23042117	9.238721e-10	688.3350050449371
304	164.03313	91.744675	258.2398	-28.888918	447.0	13.690348	27.899534	88.7149	-89.32544	1220000	-0.056431063	862.10767	0.0	-439.0316	0.28164834	-2.2649764e-09	690.1203701496124
305	154.48209	116.21402	265.49084	-63.71816	353.0	39.58901	20.813652	81.723404	-41.731987	1224000	-0.023352204	1301.2343	0.0	-604.49207	0.26970348	8.702278e-09	691.7725720405579
306	93.7731	136.24512	267.9031	-124.88112	280.92307	21.190514	28.264896	74.31916	-88.35452	1228000	-0.028402831	1832.4305	0.0	-354.7918	0.23404486	-1.3336539e-08	693.1006031036377
307	155.59874	122.82821	274.8041	-70.930084	308.72726	28.253237	31.27788	85.11888	-99.8084	1232000	0.02259075	1105.4392	0.0	-437.83096	0.20350505	-4.4703483e-10	694.6090850830078
308	99.29789	141.88118	291.27972	-82.33595	276.07693	38.84039	27.913595	79.55346	-71.651146	1236000	-0.010318257	1706.7109	0.0	-464.2493	0.21556064	-4.2170285e-09	696.1195061206818
309	112.11468	136.27931	279.4082	-76.46661	272.14285	25.51391	34.317684	93.47581	-48.126396	1240000	-0.009187109	951.7962	0.0	-176.99423	0.20762579	9.492039e-09	697.4695711135864
310	110.99271	133.53691	275.01663	-87.82581	314.33334	39.7879	31.074133	95.64936	-66.488976	1244000	-0.014285783	1437.7578	0.0	-400.16245	0.24086693	-1.1280179e-08	699.0726671218872
311	66.127594	131.17303	290.7523	-84.36298	253.15384	26.645018	35.727005	90.867485	-86.09195	1248000	-0.021430314	1198.6692	0.0	-361.15695	0.23690969	-3.4272674e-10	700.4431040287018
312	158.52089	125.88147	292.31226	-72.08911	347.81818	27.273048	35.56456	90.04327	-100.19259	1252000	-0.040227704	1230.7659	0.0	-337.2719	0.23450637	2.4139881e-09	701.888200044632
313	87.9693	142.17679	267.3294	-70.15548	312.91666	22.781712	34.325832	90.484474	-75.58067	1256000	-0.0017276928	1065.8652	0.0	-200.63907	0.23518774	-3.889203e-09	703.3723571300507
314	111.75058	138.44875	285.9986	-55.591103	265.23077	20.462421	33.37904	74.71792	-88.5834	1260000	-0.0037500886	995.19196	0.0	-232.40652	0.21403322	-6.6757204e-09	704.818629026413
315	97.26969	153.66081	280.2374	-115.9248	361.5	30.847551	32.441605	83.76902	-71.686516	1264000	-0.020177027	1215.8333	0.0	-561.6068	0.25337997	4.23193e-09	706.607743024826
316	95.17579	133.94789	292.1527	-48.004433	313.33334	16.040472	35.305668	75.135254	-100.19522	1268000	-0.061810788	1281.5247	0.0	-359.44278	0.26855722	-1.2665987e-09	708.2200539112091
317	81.40766	143.05133	281.91458	-82.155815	250.33333	20.920818	39.748222	81.03366	-99.992645	1272000	0.013964533	1170.7604	0.0	-194.08356	0.20347089	-3.7550927e-09	709.5500409603119
318	140.01253	136.20395	282.90005	-78.338234	293.75	30.595247	34.602737	86.727425	-87.32013	1276000	-0.003475532	1072.3762	0.0	-340.0641	0.2024896	-2.324581e-09	710.8881959915161
319	103.19648	144.88934	288.42795	-76.131935	285.69232	27.536995	36.156677	90.09584	-102.81947	1280000	-0.0008129149	1014.2919	0.0	-242.89212	0.18959948	-1.0669231e-08	712.3766062259674
320	67.31636	132.18721	274.0612	-79.72566	254.07143	25.203117	37.822163	77.46158	-107.661835	1284000	-0.0134677235	1458.2322	0.0	-467.72412	0.21540552	9.804964e-09	713.7385959625244
321	120.437164	139.44218	268.27097	-50.194702	261.92307	28.103516	33.904762	83.952644	-80.75231	1288000	-0.0060702334	578.68176	0.0	-339.03748	0.2013722	-2.6524067e-09	715.1594479084015
322	137.78505	137.48044	275.41827	-69.728325	297.66666	32.314613	40.502323	93.011154	-99.51051	1292000	0.009008387	1108.7285	0.0	-325.61057	0.19665843	-6.2584876e-10	716.6155271530151
323	66.51996	138.12215	259.48267	-133.73482	259.64285	23.529594	37.4347	85.54033	-108.43198	1296000	0.020417763	915.7255	0.0	-415.61987	0.18640491	4.604459e-09	717.9617550373077
324	152.60416	131.56657	275.1189	-90.22185	281.30768	27.614122	40.570374	81.876175	-113.51918	1300000	-0.014400384	915.8708	0.0	-255.96512	0.20247917	1.5348196e-09	719.3814640045166
325	71.97267	130.66374	281.00766	-52.371696	240.0	30.349688	37.35236	96.35521	-89.734146	1304000	-0.009223452	991.5129	0.0	-654.174	0.23160478	7.644296e-09	720.6990280151367
326	180.71458	107.579765	274.17032	-42.37436	295.23077	33.38132	37.420403	90.53558	-88.35021	1308000	0.0018813591	1598.0532	0.0	-684.5271	0.20291182	-5.2899116e-09	722.0490012168884
327	22.530306	140.88834	266.12717	-213.07068	262.4	29.110023	33.538467	97.63718	-99.60126	1312000	0.010832663	3146.9165	0.0	-1846.2688	0.2153945	8.434057e-09	723.4420928955078
328	143.73523	139.30019	270.49493	-75.96239	296.08334	15.481416	37.434086	68.963585	-116.005775	1316000	-0.030919518	1339.2848	0.0	-617.0299	0.21262938	-9.253621e-09	724.8510251045227
329	81.15085	132.07297	242.44435	-102.76365	312.45456	26.428461	35.904102	97.80637	-87.94193	1320000	0.00463032	1690.6447	0.0	-409.622	0.22472426	-2.1249056e-08	726.310026884079
330	100.221	129.12372	251.1538	-61.81295	266.92307	27.54709	35.174538	87.45471	-90.35101	1324000	-0.0043944726	1070.2455	0.0	-131.6333	0.20110068	-1.9222497e-09	727.7082102298737
331	58.362293	115.81661	255.57605	-68.499886	272.42856	23.484148	31.753105	79.97223	-101.830444	1328000	-0.00092555303	1603.4602	0.0	-442.63806	0.22392601	5.885959e-09	729.0901532173157
332	120.11899	129.48625	250.42488	-68.97078	348.9091	19.826004	31.136503	77.37619	-95.39473	1332000	0.0009315824	1175.6436	0.0	-400.36584	0.19421788	-7.882714e-09	730.5497598648071
333	131.50829	125.98582	265.6169	-126.25883	358.45456	24.334274	32.415287	82.519226	-79.08653	1336000	-0.0027182822	957.5952	0.0	-250.59286	0.18871766	3.874302e-10	732.1859040260315
334	79.96644	134.9371	251.71161	-102.43216	302.58334	21.840445	33.460487	83.16056	-87.92465	1340000	-0.009899794	1189.845	0.0	-144.01013	0.21307525	1.4603136e-09	733.6971690654755
335	13.499819	122.97591	239.42844	-119.39472	273.64285	13.951211	35.897892	84.03571	-79.46879	1344000	0.03528588	1369.7156	0.0	-428.94977	0.21400529	-7.301569e-09	735.1078670024872
336	31.545124	130.49026	238.99211	-108.92872	381.9	12.401516	27.110098	65.791534	-72.60203	1348000	-0.0060369214	1267.1289	0.0	-326.9799	0.23014149	4.336238e-09	736.6620910167694
337	13.422927	135.1664	209.30467	-139.87077	562.1667	5.3835273	27.502186	55.990467	-79.544716	1352000	-0.018301334	1530.0398	0.0	-655.5032	0.29052436	-7.331371e-09	738.7796971797943
338	17.225712	125.34091	249.49132	-103.782166	402.66666	7.596918	26.57284	62.093983	-77.5402	1356000	-0.029543273	959.48206	0.0	-221.71494	0.27553546	-6.809831e-09	740.7476799488068
339	82.42886	128.11382	228.5431	-87.23937	332.36365	6.0492954	27.025154	62.65724	-78.57672	1360000	-0.032604627	1014.775	0.0	-447.4939	0.20069373	-4.068017e-09	742.6137750148773
340	2.9683163	128.71817	234.72318	-107.36897	291.83334	10.581089	30.738173	87.43236	-78.3786	1364000	0.0073324777	933.34717	0.0	-515.5438	0.22776902	-1.0922551e-08	744.2744100093842
341	3.7601209	116.729	253.37914	-101.443726	267.85715	-2.2835429	40.173607	92.74272	-87.05657	1368000	0.00063847005	698.6305	0.0	-98.56215	0.22022462	-5.8561564e-09	745.7461459636688
342	53.570057	134.23686	243.31529	-71.11745	277.45456	2.2226474	40.627735	94.32307	-83.72925	1372000	-0.0014443696	739.1606	0.0	-101.24657	0.21128137	5.2601097e-09	747.5309422016144
343	51.8814	158.26772	249.3893	-220.25465	396.0	18.161076	30.982246	93.818596	-83.71409	1376000	0.03346038	1366.2491	0.0	-882.08984	0.21073203	-5.7965517e-09	749.116800069809
344	25.734558	120.77317	203.73485	-107.05117	314.9	-0.799723	37.590675	78.91518	-87.721664	1380000	-0.024839751	1036.0847	0.0	-432.7323	0.21457443	-1.3679266e-08	750.8322100639343
345	117.53788	154.81924	239.81122	-197.84462	613.6667	11.135442	29.825377	90.61425	-61.76943	1384000	-0.01669868	605.8264	0.0	-234.13347	0.23749205	-1.1071563e-08	752.6604351997375
346	10.015427	126.743126	220.72232	-108.117615	283.27274	19.763159	31.116302	99.20136	-79.798615	1388000	-0.00081750937	1037.5168	0.0	-596.55066	0.20915839	-7.510185e-09	754.5210020542145
347	26.028566	117.92596	216.29504	-91.76301	288.63635	4.1018124	39.173885	92.07694	-80.08558	1392000	-0.00422819	1045.157	0.0	-236.83963	0.20613909	-3.4570695e-09	756.116800069809
348	-74.23368	100.06521	181.43806	-250.4843	334.9	-4.3810115	26.565605	69.779495	-82.321014	1396000	0.012550022	1653.7649	0.0	-998.7986	0.2216227	-1.2278557e-08	758.1582791805267
349	11.437982	121.83416	209.00136	-117.97163	453.2857	-2.9807324	31.520386	64.938385	-84.3326	1400000	-0.0066060005	711.8257	0.0	-455.81366	0.23408982	1.8030404e-09	760.4539141654968
350	1.3452759	133.30695	204.0137	-158.2049	413.0	5.5260644	33.243565	87.25183	-82.470825	1404000	-0.0038790256	506.0224	0.0	-213.77371	0.21496199	-4.321337e-09	762.5511250495911
351	62.287643	134.34514	175.14429	-161.81015	550.8333	5.815803	34.111748	86.59157	-97.31971	1408000	0.0046569584	955.57404	0.0	-429.93192	0.21517321	-1.0877848e-08	764.4385168552399
352	-47.427464	124.522766	170.03899	-200.13318	417.75	-4.998071	30.596281	92.85787	-82.87324	1412000	-0.01231907	427.4369	0.0	-149.95691	0.23429848	-1.9371482e-10	766.5504031181335
353	-49.18658	121.23341	200.47343	-167.7719	319.0	-3.5853438	30.136469	90.88334	-96.55825	1416000	-0.0010077991	659.1121	0.0	-292.27734	0.22358726	3.1590464e-09	768.3919332027435
354	-27.586908	135.4989	218.3711	-154.77826	307.91666	-8.391891	33.046864	88.0582	-90.50531	1420000	-0.007907118	627.90485	0.0	-330.52347	0.221264	-1.2665986e-09	770.1155459880829
355	-48.383682	146.26634	192.64511	-268.07803	400.1111	-5.220778	33.499714	98.705765	-81.84976	1424000	0.0026024897	517.2425	0.0	-202.78217	0.22378053	-3.4719707e-09	772.0295400619507
356	27.823812	156.2478	221.4308	-142.12346	301.08334	-5.5978703	39.327312	88.48774	-84.59121	1428000	0.0057692807	828.74854	0.0	-532.8733	0.20177966	1.3008714e-08	773.730366230011
357	-53.018986	140.66736	233.38098	-194.09302	305.0909	-1.2963604	44.80822	96.74085	-85.22889	1432000	-0.00089623604	369.4048	0.0	-163.9063	0.2049762	-6.109475e-10	775.6162972450256
358	-85.10358	107.94606	202.4259	-183.35396	275.4	-16.476007	36.480232	77.035965	-104.423515	1436000	-0.018186111	738.1793	0.0	-423.24042	0.23300812	5.7518483e-09	777.923465013504
359	-154.87897	46.87172	-16.486767	-202.695	293.3846	-42.430218	31.022348	35.900597	-68.92821	1440000	-0.0052918536	324.42865	0.0	-147.83472	0.24623263	-2.5331974e-09	779.8606078624725
360	-91.49766	140.79492	203.69284	-230.68916	305.5	-31.447014	40.186035	90.14011	-86.496445	1444000	-0.015101736	493.48654	0.0	-283.48773	0.22279441	1.2353063e-08	782.0527510643005
361	-86.77682	132.52432	195.0415	-217.59297	312.25	-21.013363	47.228985	88.048645	-100.03096	1448000	-0.003940632	577.13074	0.0	-141.22256	0.21134302	-5.632639e-09	783.8267560005188
362	-106.1966	72.3625	-6.9780707	-196.03833	319.55554	-17.487034	41.75883	64.7896	-103.844376	1452000	-0.0034738816	656.9137	0.0	-423.29303	0.24792764	9.536743e-10	786.4943022727966
363	-141.66805	48.960617	-26.857111	-199.11028	304.83334	-42.466007	33.049313	40.686703	-87.136	1456000	-0.020705596	101.465546	0.0	-16.303848	0.23705663	-7.4356796e-09	788.7090332508087
364	-146.45901	50.68956	-68.900375	-219.18867	359.2	-40.8697	30.293982	33.37918	-87.34878	1460000	0.020386297	295.13043	0.0	-75.06006	0.23219797	9.983777e-09	790.6804840564728
365	-48.323795	159.27266	245.7942	-200.10406	311.36365	-31.803623	42.47938	92.853966	-100.55539	1464000	-0.0103866225	1383.3007	0.0	-753.15393	0.21603689	-9.98378e-10	792.3051991462708
366	-107.38457	133.98898	181.003	-293.08258	470.75	-15.23338	40.385983	90.42472	-83.38447	1468000	0.014244886	1158.5403	0.0	-703.316	0.23562402	1.26361845e-08	794.7563948631287
367	0.16054958	132.64119	178.92108	-233.96051	383.33334	-10.176937	34.205605	90.514366	-98.16004	1472000	-0.020076491	762.78156	0.0	-229.20354	0.20549959	9.745359e-09	796.9023330211639
368	-67.66784	146.02165	186.02959	-215.53366	404.75	-21.09106	38.733284	86.617584	-101.99086	1476000	-0.02423285	622.699	0.0	-227.6067	0.2288143	-8.46386e-09	798.6373770236969
369	-97.68627	150.21387	177.85252	-282.37982	448.85715	-25.808348	33.19519	79.658356	-85.24403	1480000	-0.0012223255	304.72772	0.0	-78.501076	0.2324889	-2.1010638e-09	800.7659492492676
370	-10.03211	169.22678	220.28828	-247.61945	505.4	-11.793342	31.408533	95.930954	-86.57829	1484000	0.0030494307	827.79346	0.0	-336.7702	0.22902888	-2.3692848e-09	803.166225194931
371	-49.094948	132.39207	216.91838	-234.14801	510.7143	-5.5122576	41.600063	85.33661	-87.04043	1488000	-0.008062153	833.9322	0.0	-390.49686	0.22163415	5.2005054e-09	806.1334500312805
372	-14.747734	80.803246	177.0981	-125.01921	440.5	-15.993535	27.835499	44.543922	-93.90275	1492000	-0.011427553	461.8083	0.0	-77.89025	0.23241979	1.1056661e-08	808.816997051239
373	78.97288	131.69507	207.35033	-153.45341	433.0	-1.6179736	33.84036	76.06679	-99.46699	1496000	0.006161669	1291.7	0.0	-530.1002	0.18843386	2.682209e-09	810.6139690876007
374	-36.817356	130.12639	165.07959	-204.08485	510.57144	-0.9492183	24.454882	70.957146	-96.77277	1500000	0.009763164	979.6019	0.0	-390.1427	0.22394997	-9.6708535e-09	812.712110042572
375	-30.74166	70.86675	150.89009	-111.62479	365.22223	-5.809579	25.729929	79.35804	-107.478096	1504000	0.008545866	553.30646	0.0	-209.5765	0.21265757	-3.8743018e-09	815.1059141159058
376	51.516388	114.92794	202.24342	-69.407135	498.57144	-8.234417	29.413065	92.713	-124.4727	1508000	-0.014133946	908.42505	0.0	-299.486	0.22641891	6.6906214e-09	817.3992660045624
377	97.0864	104.17574	198.09126	-64.36753	629.3333	8.130674	33.590515	104.81392	-92.69075	1512000	0.026641201	458.9723	0.0	-265.08694	0.21929362	2.786517e-09	820.2577500343323
378	63.525295	109.46867	193.35103	-69.92386	544.5714	5.3231783	23.187674	73.74084	-84.72924	1516000	-0.0078363195	408.40112	0.0	-79.41603	0.22681446	-4.738569e-09	822.3600010871887
379	68.99922	141.84222	260.21542	-197.16591	311.18182	13.439355	33.661823	85.38463	-116.14799	1520000	0.00081600714	1410.8018	0.0	-260.3944	0.18408084	4.4107438e-09	824.458123922348
380	74.04504	142.28038	215.30598	-175.29025	532.5714	7.779093	32.039196	86.46285	-93.77561	1524000	-0.002068945	251.89407	0.0	-71.88811	0.22421762	3.4868717e-09	827.4277219772339
381	-10.348776	96.08387	176.36082	-97.04507	619.0	-2.3810208	22.067156	83.25006	-100.94826	1528000	-0.012421114	106.97642	0.0	-37.798386	0.24125364	-9.6559525e-09	829.9278810024261
382	46.981358	109.27002	207.59009	-44.734734	614.3333	7.498054	22.601978	75.1024	-107.46878	1532000	-0.009650316	306.28998	0.0	-79.43222	0.2238616	3.814697e-09	832.6298780441284
383	31.717089	175.67816	238.19302	-186.75008	422.8889	-10.170805	32.333843	67.82613	-113.63341	1536000	-0.021547655	1423.9432	0.0	-807.53455	0.19734246	3.9935113e-09	834.6614079475403
384	-48.60792	128.13388	160.12718	-207.65471	627.3333	-7.3388615	34.080547	105.49601	-81.151695	1540000	0.01108776	533.16223	0.0	-395.02518	0.23569173	-6.9141386e-09	836.8081090450287
385	40.591465	134.22716	234.83925	-105.89336	371.8889	-4.080144	29.801008	65.549835	-124.2647	1544000	-0.009029251	1224.0183	0.0	-157.29169	0.20149076	6.258488e-09	838.596419095993
386	104.615456	104.20585	217.00175	-66.48261	557.5	6.6053286	29.379095	92.036995	-110.773	1548000	-0.0031649256	526.923	0.0	-183.21396	0.222089	-2.95043e-09	840.9515340328217
387	106.3223	90.028694	177.6798	-27.698923	552.0	13.291086	25.545769	92.529655	-78.766945	1552000	-0.007749768	299.1842	0.0	-52.598503	0.21654628	-8.702278e-09	843.5578279495239
388	-27.0435	27.543121	-2.5533426	-73.257774	824.75	-5.0886226	17.595512	62.861317	-28.40288	1556000	-0.011982253	126.64062	0.0	-60.217064	0.24111578	6.7055224e-09	846.212238073349
389	16.178616	220.64835	246.74632	-382.14618	346.0	10.249746	29.42011	94.094536	-95.094215	1560000	0.020754645	4221.9023	0.0	-2188.8367	0.19259307	3.3080576e-09	847.8914079666138
390	-29.711548	275.69543	217.74524	-561.93756	507.83334	2.3869596	32.198555	97.06216	-115.10361	1564000	0.019670978	2542.0454	0.0	-700.87006	0.22380099	-4.0084123e-09	850.6802310943604
391	1.6073577	172.85138	227.82121	-206.56679	626.2	1.3392241	29.452234	102.78587	-140.9146	1568000	-0.006100812	292.6044	0.0	-94.12957	0.22575521	-2.965331e-09	853.3178610801697
392	80.54925	189.50107	218.9055	-294.63126	684.4	10.715727	32.917236	96.914215	-133.50525	1572000	-0.007758812	570.2342	0.0	-159.50745	0.22030836	-4.1425228e-09	855.9991910457611
393	203.01321	21.383434	228.62396	175.17152	602.8	14.841969	24.988686	104.67543	-32.9734	1576000	-0.03086023	184.27625	0.0	-98.22382	0.22456531	4.0084123e-09	858.3459391593933
394	92.09304	145.50389	250.41605	-187.19801	445.0	27.303015	31.684864	108.414925	-90.171844	1580000	0.016034825	1711.3087	0.0	-673.4194	0.20242363	1.7881392e-09	860.4320192337036
395	155.29243	65.31213	213.85278	30.524559	746.2	13.139097	17.85237	81.78778	-24.37748	1584000	-0.036984503	178.10704	0.0	-112.13693	0.22364178	7.942319e-09	863.2464461326599
396	59.07525	222.17992	231.94002	-293.20407	463.57144	17.99324	35.749268	99.58249	-132.21048	1588000	0.011882667	740.57886	0.0	-212.06084	0.22163714	4.7832724e-09	865.8192980289459
397	120.00706	176.81412	246.83691	-282.2835	358.45456	19.416096	38.915993	92.76229	-145.37325	1592000	0.00403666	1093.9789	0.0	-275.40765	0.19836113	7.748604e-10	867.7974381446838
398	0.08929443	240.31895	247.32344	-328.23477	432.875	15.60559	40.80699	102.79788	-132.70981	1596000	-0.0001004003	839.6916	0.0	-280.3112	0.21754965	6.8992376e-09	869.7047390937805
399	56.072773	180.63391	211.52293	-262.16583	550.0	30.270836	44.358364	108.77733	-147.50021	1600000	-0.0058609843	2551.1958	0.0	-1831.7168	0.24396232	5.0216915e-09	872.0216810703278
400	213.6556	12.433028	231.69543	196.2735	565.0	22.33145	17.433342	96.04613	-72.45423	1604000	-0.0533506	348.26688	0.0	-275.22733	0.21119338	-2.2649764e-09	874.4829859733582
401	106.01741	183.5815	205.44861	-261.0223	564.2	22.743162	32.12848	98.755974	-147.80054	1608000	-0.008961644	339.44186	0.0	-142.92181	0.22483653	-2.1457671e-09	877.1041159629822
402	11.126899	185.85727	198.3988	-313.35	645.0	2.7893114	32.926437	98.77253	-149.80408	1612000	0.0016681694	874.055	0.0	-184.22464	0.23038036	-6.3478947e-09	879.8739650249481
403	163.8478	33.95167	213.62549	131.6288	722.75	22.140512	24.00286	90.41595	-18.408802	1616000	-0.024153642	282.83408	0.0	-189.70773	0.22952467	-6.0498713e-09	883.2930510044098
404	47.736107	120.41324	237.51636	-79.38675	708.0	5.3651395	22.598196	85.65274	-121.47813	1620000	-0.029703718	240.1029	0.0	-63.109135	0.22938019	-2.4288893e-09	886.4070599079132
405	28.411108	81.788826	186.90703	-45.099728	722.2	-1.4705005	22.114265	90.84272	-135.9727	1624000	-0.01400651	124.25335	0.0	-44.942505	0.23849738	8.493662e-09	888.9412651062012
406	137.38284	100.19215	219.14359	-34.08906	672.75	14.632388	24.978506	95.937164	-11.247874	1628000	-0.008793937	123.03403	0.0	-63.359947	0.23118299	1.4901191e-11	891.3862409591675
407	-90.88816	260.17392	223.40833	-537.5475	474.7143	1.0552957	32.922764	86.84364	-141.92944	1632000	0.02515105	2628.8628	0.0	-830.8684	0.20513812	-1.4454127e-09	893.4372279644012
408	-231.0492	208.58916	-49.96199	-534.1616	653.8	-14.07424	28.773306	41.197933	-152.28062	1636000	0.039513923	1642.7413	0.0	-561.395	0.23294452	4.9471853e-09	896.5486600399017
409	-108.8638	84.92702	-26.017023	-242.58034	777.25	-18.33869	29.223515	33.925426	-159.38272	1640000	-0.010798885	697.53296	0.0	-613.9135	0.2315484	-3.0696392e-09	899.7323000431061
410	4.489914	124.893394	219.43945	-88.97155	866.0	-2.3929734	20.374786	94.531494	-19.218512	1644000	-0.032320898	71.51706	0.0	-29.838621	0.23291293	-2.0712614e-09	902.6024470329285
411	-136.94049	139.23901	-26.457897	-368.4402	778.0	-11.652692	22.61625	42.280922	-159.3361	1648000	0.021724276	402.47775	0.0	-75.44865	0.22924984	5.185604e-09	905.5364301204681
412	-183.1502	288.76328	227.95079	-536.536	542.0	-12.456661	31.21288	92.84933	-152.41432	1652000	0.026225649	2219.577	0.0	-899.18243	0.21729106	1.4156105e-09	907.8791851997375
413	-144.10716	288.2476	146.84306	-623.58044	756.25	-5.41314	35.932068	99.98288	-165.76694	1656000	0.00949939	1634.2211	0.0	-365.55344	0.22766471	-1.3127924e-08	910.6334900856018
414	-205.35832	281.78845	176.12206	-545.1968	634.6	-15.724756	40.626854	94.41843	-169.02652	1660000	0.018136691	1586.8546	0.0	-253.1218	0.20626926	5.4836273e-09	914.3234851360321
415	-63.025032	20.182417	-31.40814	-84.54017	1000.0	-5.4728527	14.387811	62.58942	-16.596483	1664000	-0.043762933	73.246475	0.0	-43.71506	0.22958034	1.758337e-09	917.2672848701477
416	-203.76111	341.21588	238.06659	-662.06305	568.2	-15.929374	43.751743	95.66619	-174.39235	1668000	0.022296041	2205.6494	0.0	-293.8115	0.21457067	1.7583369e-09	919.5937399864197
417	-40.929173	27.137978	-9.070289	-83.273605	1000.0	0.75484055	13.628287	57.401752	-15.824195	1672000	-0.017661948	179.12915	0.0	-140.06943	0.22734272	-6.6459176e-09	923.337427854538
418	27.523163	198.28275	182.93994	-342.8764	669.4	-0.79081833	36.4661	94.85937	-179.69876	1676000	0.010286711	632.7824	0.0	-375.0431	0.19666284	3.2186507e-09	926.0080571174622
419	96.895485	102.059944	188.46939	-65.40822	696.8	11.672111	29.520203	97.57476	-179.17924	1680000	-0.0313777	319.32782	0.0	-182.0956	0.20974326	-3.248453e-09	929.1502261161804
420	164.79597	97.18126	250.90569	-62.728535	556.0	16.001377	34.237404	103.40995	-179.11073	1684000	-0.0072205653	557.0354	0.0	-338.3648	0.18990532	-7.048249e-09	931.2639811038971
421	67.48935	186.66415	203.72667	-323.56445	609.6667	15.951692	34.448414	109.96323	-177.17271	1688000	0.0075939847	777.1571	0.0	-548.9629	0.1946651	-3.6954881e-09	934.1038661003113
422	179.11763	74.44329	232.90619	0.36104047	515.5714	20.937082	27.66509	97.442	-178.59636	1692000	-0.019901391	479.52563	0.0	-356.2484	0.19212863	4.4703485e-10	936.650906085968
423	191.49014	28.928663	244.35132	159.12355	618.0	23.08593	25.865162	109.619576	-46.61048	1696000	0.004508394	100.21593	0.0	-45.59275	0.19940624	-1.0222196e-08	939.1876351833344
424	177.80008	86.715164	256.8581	-28.475012	472.14285	35.35553	24.667503	109.876785	-112.57657	1700000	-0.0064240564	505.06253	0.0	-266.59335	0.18486398	3.233552e-09	941.2599642276764
425	70.7284	290.8001	233.01956	-637.7368	507.85715	25.92587	34.791447	107.092995	-179.07045	1704000	0.027657297	2147.9487	0.0	-709.0608	0.18059564	1.2516974e-09	943.4359619617462
426	-102.31304	313.0143	203.51251	-605.59564	408.42856	5.9399033	49.848866	98.71038	-182.41919	1708000	0.022196235	4048.3047	0.0	-1965.189	0.16184661	-5.2452087e-09	945.4818580150604
427	170.9355	89.79462	225.94537	-46.288532	500.0	11.915958	32.39054	77.856125	-128.08182	1712000	-0.026758797	970.23627	0.0	-772.9286	0.19244808	-5.5283307e-09	947.4995949268341
428	146.64711	159.04605	255.6354	-270.31638	429.125	25.387838	37.587654	113.75756	-123.837364	1716000	0.006564737	776.67554	0.0	-489.85013	0.18316202	6.7353247e-09	949.4163858890533
429	53.45195	124.962494	244.2307	-62.825855	423.75	34.44555	21.721786	110.84722	-136.55089	1720000	0.009483583	2535.0295	0.0	-1447.6051	0.2010208	3.0845406e-09	951.2622940540314
430	42.705803	116.30085	183.764	-97.84947	533.0	10.547356	27.069525	71.80167	-185.11917	1724000	-0.009583928	1081.388	0.0	-368.3581	0.17778878	7.882714e-09	953.4864480495453
431	115.952576	116.4245	225.71263	-65.6489	424.875	4.742428	37.440067	85.06789	-178.20091	1728000	-0.037026994	1978.4917	0.0	-1066.5366	0.19490394	-1.7136335e-09	955.5494911670685
432	153.98386	88.27782	215.61508	-59.72491	505.42856	17.754995	22.139732	92.89666	-95.706635	1732000	0.003586955	645.1021	0.0	-272.79645	0.17131612	2.7418139e-09	957.9611320495605
433	130.66841	70.950165	195.8641	-21.521004	519.0	26.087063	21.029835	94.42195	-86.20901	1736000	0.0055698403	453.05194	0.0	-124.30774	0.17824854	1.9967556e-09	960.3235740661621
434	95.60182	135.98952	227.62695	-103.14369	464.0	20.001364	18.98763	71.37502	-115.22781	1740000	-0.011766072	989.1483	0.0	-130.88199	0.17703083	-3.6656858e-09	962.3533279895782
435	99.9995	207.24326	230.35274	-411.0712	425.625	13.323682	35.01676	87.648895	-185.96106	1744000	0.013953734	1658.7468	0.0	-843.87384	0.1624203	-1.1384487e-08	964.3867900371552
436	14.986877	180.16	262.5859	-340.08966	466.0	17.136118	36.13638	111.89671	-173.06161	1748000	0.00065691164	2370.484	0.0	-1036.9587	0.18754902	-4.5001505e-09	966.3145689964294
437	34.841713	131.33186	219.07697	-138.36984	391.25	6.659159	31.338152	88.84168	-127.23082	1752000	0.0017095897	1007.68774	0.0	-374.6539	0.18058062	-5.2005054e-09	968.3601791858673
438	141.88615	106.43604	229.51598	-54.313213	508.85715	16.071089	25.760475	84.38629	-121.82518	1756000	-0.00019863062	940.62427	0.0	-323.843	0.17253482	-1.952052e-09	970.50239610672
439	65.1738	154.4395	228.70558	-247.9942	345.9	18.31318	22.90619	86.64534	-97.14368	1760000	-0.010036984	1564.9412	0.0	-497.98944	0.16557598	9.074808e-09	972.2425820827484
440	136.43399	102.80863	214.06209	-33.134903	498.57144	23.146292	23.315456	82.12943	-98.609955	1764000	-0.0019285679	664.51544	0.0	-70.896255	0.16298859	-4.4852495e-09	974.196699142456
441	104.99146	114.91227	228.98553	-41.99231	497.85715	20.107756	22.928589	81.83959	-119.683426	1768000	0.0073757404	786.8364	0.0	-152.82709	0.16403002	6.7055224e-09	976.0108599662781
442	147.58781	109.4932	244.40428	-43.70069	446.14285	19.498661	17.27364	85.395096	-103.25693	1772000	-0.002813124	573.44745	0.0	-131.71858	0.17105582	-8.434057e-09	978.0946750640869
443	175.93443	103.95133	273.57602	-18.71742	395.0	25.611547	23.902325	103.920334	-134.17079	1776000	-0.021392765	558.3911	0.0	-271.7027	0.17740655	-5.90086e-09	979.9615490436554
444	100.996925	107.97574	227.96933	-41.24132	381.6	33.179703	23.607948	113.21411	-111.05124	1780000	0.0064292517	1091.9576	0.0	-571.4563	0.1834485	4.336238e-09	981.7307372093201
445	138.9157	125.72463	249.7508	-44.111816	385.1111	19.731304	27.724213	80.691666	-143.06294	1784000	-0.01972527	1085.2075	0.0	-164.50249	0.17647462	-5.140901e-09	983.4541940689087
446	188.25299	78.47151	236.70323	-17.399664	440.875	28.21882	22.759853	94.99791	-135.85182	1788000	-0.010974265	217.56235	0.0	-150.87088	0.18337315	-8.940697e-10	985.2796709537506
447	151.5393	111.90324	257.06885	-15.1795	402.1111	35.937187	22.024334	97.300705	-54.454617	1792000	-0.008308885	668.35846	0.0	-169.60811	0.18482903	4.4703485e-10	987.1938421726227
448	205.93352	98.45592	258.902	-68.839645	370.44446	27.305447	30.69602	94.622314	-150.6775	1796000	-0.011642141	1158.3356	0.0	-760.52826	0.1617487	-3.1590461e-09	989.0180351734161
449	121.70906	151.48907	261.55798	-199.47324	361.0	38.969913	26.245033	104.746765	-157.5684	1800000	-0.014156302	1019.9032	0.0	-526.54333	0.16996154	-2.2351765e-10	990.798397064209
450	167.6107	116.066414	254.54619	-62.651493	400.125	37.58918	22.702662	96.30416	-136.60493	1804000	-0.0037325574	289.87524	0.0	-120.11669	0.18020743	1.2665987e-08	992.6629109382629
451	134.4888	148.21638	251.7118	-210.01749	378.2	32.70341	35.70651	107.25954	-148.97835	1808000	0.0011610314	261.20184	0.0	-106.42695	0.17318656	4.6193596e-09	994.6103270053864
452	146.96136	104.47272	242.01299	-16.210077	369.0	30.280005	29.062172	100.10466	-136.67924	1812000	-0.014539246	927.1968	0.0	-272.6709	0.17065074	1.5497208e-09	996.4337840080261
453	202.06451	62.316765	242.61823	28.083754	364.44446	34.80509	22.883951	97.293915	-79.35842	1816000	-0.013704569	547.4215	0.0	-223.44806	0.16422278	1.7270446e-08	998.3391709327698
454	182.18234	101.318825	244.98128	-35.64785	364.0	43.108337	21.681675	118.78025	-118.96833	1820000	-0.007966391	379.8756	0.0	-131.06573	0.1603702	1.4975667e-08	1000.1361269950867
455	186.04657	99.11907	266.6341	-34.038227	355.6	43.514168	22.483225	91.78524	-119.11215	1824000	-0.021850066	451.3145	0.0	-119.7833	0.1634813	-1.2144446e-08	1001.9368629455566
456	125.9741	126.5251	256.75363	-42.824623	324.33334	36.893986	28.778328	108.987366	-144.78902	1828000	-0.0036163488	963.4039	0.0	-134.44928	0.15638372	5.2899125e-09	1003.7297050952911
457	93.35297	116.83818	264.64038	-30.053732	294.91666	27.881422	29.200745	91.73933	-143.25407	1832000	-0.01596033	1058.5206	0.0	-197.14865	0.16196102	-3.6209822e-09	1005.2357978820801
458	135.33278	149.42796	262.34244	-216.07465	310.18182	27.219223	30.246248	94.65852	-119.59342	1836000	0.0036337785	721.32117	0.0	-425.13757	0.15530454	8.8512895e-09	1007.0016129016876
459	133.36089	123.25604	264.04245	-58.266285	265.92856	38.622955	29.571507	85.70595	-133.73947	1840000	-0.0034330422	581.58344	0.0	-174.32346	0.15798984	1.1473895e-09	1008.5571508407593
460	133.27457	127.96799	274.50055	-24.38888	286.46155	41.3647	32.228024	96.55985	-125.39767	1844000	-0.006444378	457.18893	0.0	-113.34743	0.15299448	6.0498713e-09	1010.2318031787872
461	137.94957	118.97739	265.46048	-31.554173	271.92307	35.684174	29.375214	93.37861	-119.85894	1848000	-0.010605501	1023.1997	0.0	-163.78836	0.15044361	-1.0743737e-08	1011.7172038555145
462	102.18113	160.8555	267.1741	-241.23907	294.83334	42.71649	33.191204	119.30258	-147.61337	1852000	-0.0022323313	1343.9998	0.0	-599.3695	0.14354819	2.1308662e-09	1013.2355051040649
463	199.07213	116.07892	280.06558	-43.492657	342.2	36.03031	31.888037	115.28203	-173.85907	1856000	-0.005280413	853.9945	0.0	-403.77365	0.14188108	-1.2204051e-08	1014.7656280994415
464	101.71061	126.394646	262.6652	-57.567738	275.64285	42.646152	29.943287	84.10727	-134.22112	1860000	-0.012048571	1311.446	0.0	-625.2449	0.14121105	2.30968e-09	1016.142608165741
465	109.72095	133.60452	263.64246	-61.295513	295.6154	33.69676	33.491203	100.49813	-151.90456	1864000	0.004885994	670.5714	0.0	-162.74387	0.14745179	-1.0877845e-09	1017.684424161911
466	119.276245	135.85066	256.87424	-76.247116	344.45456	30.545496	31.856022	89.21271	-134.7796	1868000	-0.0062371553	359.85223	0.0	-180.50494	0.15491533	3.6507846e-09	1019.3631711006165
467	185.99658	118.35466	266.64966	-45.873585	332.16666	40.652233	32.431957	94.167206	-127.41108	1872000	0.0032334619	400.62747	0.0	-145.47275	0.13598716	-2.9355287e-09	1021.5009479522705
468	105.95041	136.24178	271.94528	-49.046616	293.3846	35.36888	35.65713	93.72085	-140.2242	1876000	-0.006771052	535.1583	0.0	-126.2028	0.14037138	1.6108157e-08	1023.1105620861053
469	60.20276	135.48457	279.39218	-209.66696	223.58824	20.952332	42.253674	91.40018	-137.61185	1880000	0.002226708	742.7505	0.0	-297.03973	0.14185229	9.790063e-09	1024.5682621002197
470	41.487076	108.778885	261.7923	-52.472298	235.0	18.94616	41.207455	81.34662	-131.49034	1884000	-0.00173546	1131.7577	0.0	-302.69943	0.1503399	-9.87947e-09	1025.9777190685272
471	87.949356	129.91507	278.8524	-39.444195	254.14285	19.846642	34.233692	87.715546	-147.8863	1888000	-0.0001011258	1065.5336	0.0	-105.863464	0.13098682	2.208352e-08	1027.6493470668793
472	90.38871	139.08171	278.56335	-89.75223	257.33334	22.914776	39.221813	87.345695	-149.10745	1892000	-0.0130406525	798.5791	0.0	-242.13329	0.13247104	2.3841856e-10	1029.2732090950012
473	64.16345	113.068825	263.24976	-75.85663	266.14285	25.61622	37.93742	85.5432	-119.00324	1896000	0.008390816	1414.937	0.0	-689.9221	0.11606215	7.897616e-09	1030.7217781543732
474	98.26599	135.44267	263.06177	-76.116394	267.7143	18.479786	30.798508	74.67821	-146.74223	1900000	-0.019084692	965.79224	0.0	-401.74405	0.13272095	-1.4305115e-09	1032.3574271202087
475	136.11043	135.40654	277.67746	-62.590733	305.16666	29.714994	37.165623	102.15835	-129.06906	1904000	-0.007002528	1482.1091	0.0	-467.2808	0.13244897	6.496906e-09	1033.9907310009003
476	61.601784	112.322784	250.88644	-41.991436	238.53334	29.226656	29.962292	107.68242	-119.00598	1908000	0.008408934	1167.2878	0.0	-214.49167	0.13829677	5.9604655e-11	1035.6169159412384
477	80.51198	112.30993	286.34213	-11.847027	251.66667	21.80609	32.335495	82.31596	-117.182785	1912000	0.001734083	828.71	0.0	-214.71423	0.13294643	-1.8328429e-09	1037.0501449108124
478	76.61004	107.78741	256.91684	-47.48787	278.2857	23.002165	33.44724	82.55616	-133.06694	1916000	0.0048275646	903.6581	0.0	-100.84738	0.13741367	2.2500752e-09	1038.9251971244812
479	105.57636	127.980736	270.2984	-47.607998	268.57144	22.504988	33.093258	82.77309	-136.49669	1920000	0.0027567325	781.62024	0.0	-256.68848	0.12667337	-1.2665986e-09	1040.6215779781342
480	101.55423	115.763794	265.9787	-28.370033	265.86667	26.297794	38.780636	87.87968	-150.46512	1924000	-0.00041979318	973.6793	0.0	-210.80281	0.12809788	1.0579825e-08	1042.1641199588776
481	97.187546	138.39294	270.7879	-59.284145	265.07144	25.19439	38.281734	88.101326	-136.00154	1928000	-0.0011001072	833.5939	0.0	-180.6684	0.12353854	3.3527612e-09	1043.6652672290802
482	115.454346	129.14348	263.80734	-37.84567	297.3846	29.50679	32.98459	84.71077	-124.03605	1932000	0.0064449757	790.6085	0.0	-116.09337	0.12196243	3.5762793e-10	1045.2074139118195
483	205.22093	96.45345	278.76413	0.09246598	341.36365	33.78707	26.539585	86.33877	-123.999535	1936000	-0.019823967	737.91705	0.0	-462.28018	0.11687052	1.7881392e-09	1046.8234758377075
484	25.902225	96.52167	217.97453	-94.23103	246.53334	33.519875	28.32615	96.86633	-90.775276	1940000	0.005661461	2302.5334	0.0	-1561.1724	0.12922323	1.21146435e-08	1048.4776630401611
485	94.08436	132.54678	251.16487	-75.95863	306.72726	9.401227	33.233097	83.46763	-135.56285	1944000	-0.008073188	1427.3398	0.0	-524.5778	0.11800265	2.3841857e-09	1050.3636462688446
486	94.830734	148.38455	256.26126	-217.99915	291.84616	26.499928	32.370296	99.44186	-131.32025	1948000	0.0068203434	1038.2976	0.0	-264.37158	0.12572381	-8.314848e-09	1051.9388461112976
487	54.155735	111.53764	267.40488	-36.703907	294.3846	27.074434	28.230015	85.269554	-114.97176	1952000	0.0041395957	1472.7491	0.0	-619.34546	0.12496261	5.0514934e-09	1053.4857959747314
488	110.91692	118.68324	250.81798	-23.222612	331.54544	13.752947	34.253178	91.649925	-131.95776	1956000	0.0045802076	962.67865	0.0	-419.971	0.114551425	-7.301568e-10	1055.1940290927887
489	23.340216	114.09708	232.22739	-225.36554	244.0	15.297963	36.925785	97.18022	-139.78835	1960000	-0.0034406767	944.0797	0.0	-418.89108	0.12599862	-4.6789648e-09	1056.7122039794922
490	118.81287	112.1166	251.55634	-33.564716	306.5	16.158476	38.133232	85.58129	-123.9161	1964000	-0.0063977907	973.7252	0.0	-687.67456	0.119662374	-3.7252903e-09	1058.4151060581207
491	150.89745	118.370865	254.14413	-29.99729	349.63635	28.246605	35.199623	99.646614	-117.37513	1968000	-0.02119833	880.4795	0.0	-297.20438	0.11719233	2.4884939e-09	1060.4250659942627
492	86.541595	120.26554	272.66052	-28.242588	297.9091	29.264717	28.958199	91.25502	-93.72832	1972000	0.00910633	415.25543	0.0	-233.8481	0.12382792	1.1920931e-10	1062.7087070941925
493	116.86488	150.52415	246.92137	-208.67387	328.3	25.815866	32.29868	94.57685	-119.72463	1976000	-0.0011420469	950.04565	0.0	-268.59247	0.11174863	-8.7916857e-10	1064.2950370311737
494	199.84476	80.29347	258.92133	10.855119	441.625	37.76171	23.096668	99.39216	-96.4493	1980000	0.0042065517	332.29944	0.0	-116.21727	0.109794624	-8.523465e-09	1066.3196940422058
495	155.29941	104.31287	235.78189	-8.785135	368.0	33.605095	27.869287	88.32436	-114.97816	1984000	-0.009769689	229.18839	0.0	-98.549324	0.112229876	-8.389354e-09	1068.3004820346832
496	169.01663	114.07183	249.12666	-37.333817	455.75	41.742958	21.811398	97.931404	-82.079704	1988000	-0.0064238394	585.3639	0.0	-340.2559	0.12278128	-1.2263655e-08	1070.9087479114532
497	162.46324	111.242065	241.34958	-39.207657	378.5	25.342676	29.25613	89.852325	-115.799484	1992000	-0.006078332	547.734	0.0	-438.8145	0.11335801	-6.1541794e-09	1072.908569097519
498	192.169	80.21645	254.96428	-12.3884325	442.625	39.043087	26.317783	98.46529	-76.71647	1996000	0.008406336	327.7803	0.0	-213.11813	0.111273505	2.2053719e-09	1075.1725959777832
499	104.16968	121.45481	249.62813	-48.074112	380.8	23.34434	33.620834	86.35412	-102.91672	2000000	-0.010866353	1782.3572	0.0	-824.75714	0.105204806	3.1739473e-09	1077.691742181778
