Epoch	AverageEpRet	StdEpRet	MaxEpRet	MinEpRet	EpLen	AverageVVals	StdVVals	MaxVVals	MinVVals	TotalEnvInteracts	LossPi	LossV	DeltaLossPi	DeltaLossV	Entropy	KL	Time
0	-188.80626	111.974335	41.16647	-492.18863	97.439026	0.17243949	0.048845332	0.2413263	-0.05117932	4000	0.0016329878	13672.744	0.0	-925.69434	1.3827212	0.0	2.9804537296295166
1	-208.35172	121.06883	1.2324022	-474.08582	92.0	-4.638337	0.3869734	-1.0429282	-5.2564573	8000	-0.0014152317	15549.641	0.0	-1013.5713	1.3841184	2.9802322e-10	5.9873738288879395
2	-177.28505	130.20854	103.35216	-474.9041	123.1875	-9.321039	0.46334207	-2.1855705	-9.608784	12000	-0.0032778971	8905.177	0.0	-289.99512	1.381892	-4.4703483e-10	9.904990911483765
3	-150.43933	99.36521	2.819382	-387.1387	95.87805	-11.83298	0.15589176	-9.16215	-11.933997	16000	-0.0018437613	7501.7	0.0	-325.6704	1.3803948	1.4901161e-10	13.1699059009552
4	-161.45209	117.78741	16.417149	-472.5127	105.35135	-14.288084	0.17235714	-12.489908	-14.365077	20000	-0.002007234	9112.11	0.0	-337.8662	1.3779273	7.748604e-10	16.36608099937439
5	-189.12848	93.688614	-68.30041	-425.93198	102.4359	-16.840101	0.08622573	-15.358281	-16.88255	24000	-0.004556958	8603.918	0.0	-454.89844	1.3753201	1.6093255e-09	19.40041184425354
6	-169.38672	104.01751	7.9175634	-520.9788	105.945946	-19.740765	0.06312932	-18.822325	-19.771597	28000	-0.0061767567	7398.514	0.0	-292.7544	1.3741525	-1.4603138e-09	22.45388698577881
7	-153.17554	95.70179	22.385164	-381.2175	105.97298	-22.12346	0.04973757	-21.124018	-22.146297	32000	-0.002186489	5465.449	0.0	-228.78516	1.3708783	1.847744e-09	25.52611994743347
8	-159.98125	101.09775	-25.53219	-520.48846	113.457146	-24.234413	0.15682092	-20.965916	-24.262695	36000	0.00075750327	5928.389	0.0	-220.14697	1.3684607	-4.4703483e-10	28.621367692947388
9	-149.5132	82.40697	-22.923723	-405.06644	109.583336	-26.327875	0.13903597	-20.144077	-26.344538	40000	-0.007318118	4466.246	0.0	-208.17285	1.3638909	-2.2351743e-09	31.682616710662842
10	-115.565994	73.27596	34.07771	-320.73483	106.0	-28.392962	0.07677136	-26.975405	-28.414814	44000	-0.00817681	3031.533	0.0	-86.89697	1.3628621	-3.5762787e-10	34.77923583984375
11	-154.54224	82.261345	9.951553	-382.6939	107.55556	-29.79624	0.12875281	-27.483486	-29.821226	48000	-0.00533647	4241.524	0.0	-185.30566	1.3524547	-4.0233136e-10	37.853739976882935
12	-137.09697	75.08108	-21.051172	-269.10553	113.08572	-31.797281	0.014767867	-31.190908	-31.806377	52000	-0.00494114	2810.2776	0.0	-118.55347	1.3477963	-7.4505807e-10	40.97292494773865
13	-121.673744	61.69927	-16.446512	-304.23007	108.666664	-33.472416	0.08612957	-31.4527	-33.486877	56000	-0.0110198995	2062.8179	0.0	-91.704346	1.3514628	-9.387732e-10	44.081384897232056
14	-122.524704	81.01478	1.7606744	-374.16528	106.91892	-34.96808	0.010975301	-34.73224	-34.975807	60000	-0.0010425209	3116.448	0.0	-83.45996	1.3397508	-1.9967556e-09	47.17314100265503
15	-131.69499	88.37607	44.0839	-375.31573	105.48649	-36.413948	0.055632383	-35.442436	-36.425705	64000	-0.0065545845	3339.3423	0.0	-142.92212	1.330198	5.960465e-11	50.27533483505249
16	-126.02395	74.15542	-17.568424	-421.4287	104.289474	-38.310608	0.039274007	-37.40507	-38.318092	68000	-0.008773185	2304.9736	0.0	-92.24536	1.3242977	-7.4505804e-11	53.34870386123657
17	-104.738335	62.90611	4.07936	-246.41167	117.47059	-39.905087	0.019184757	-39.537308	-39.91205	72000	-0.016971512	1559.469	0.0	-26.949951	1.3285158	4.4703484e-11	56.46796178817749
18	-149.9347	70.07665	-30.952198	-302.46307	117.117645	-40.814014	0.012834816	-40.54271	-40.820023	76000	-0.018060101	2641.1672	0.0	-123.187744	1.3149264	2.4586917e-09	59.62964200973511
19	-120.497375	68.13133	3.6834972	-309.1556	112.62857	-42.640892	0.042661134	-41.56302	-42.647816	80000	-0.0070921774	2183.1865	0.0	-58.18799	1.3081244	3.427267e-10	62.742263078689575
20	-142.19476	86.035416	6.777805	-347.67838	120.757576	-43.995228	0.010110765	-43.81099	-44.000736	84000	-0.018367665	2911.7017	0.0	-93.88574	1.2893443	5.364418e-10	65.90961575508118
21	-138.98016	90.78295	-1.4834371	-299.6723	131.7931	-45.67165	0.023952171	-44.966084	-45.678173	88000	-0.023598993	2189.9932	0.0	-46.58618	1.2801689	1.0728836e-09	69.10272574424744
22	-144.0547	78.12372	-16.216164	-305.4629	150.88461	-46.92344	0.00494812	-46.819977	-46.92784	92000	-0.0125948535	2003.0293	0.0	-29.389282	1.2663385	4.1723253e-10	72.34563779830933
23	-139.39111	82.912186	-2.133917	-284.5918	124.4375	-47.91521	0.14007401	-45.104786	-47.92826	96000	-0.008341178	2254.6003	0.0	-45.66211	1.2529734	5.960465e-11	75.52659678459167
24	-117.99787	85.62974	7.390716	-246.58179	175.90909	-49.074623	0.20846303	-48.034325	-49.147297	100000	-0.002490083	1956.5804	0.0	-269.70276	1.2664776	-1.4901161e-09	79.6189477443695
25	-143.8702	105.22713	48.08663	-422.29688	146.48148	-48.43426	5.2424607	33.949207	-49.237957	104000	0.022212682	3506.116	0.0	-193.64941	1.2366885	-1.013279e-09	82.88700079917908
26	-108.687416	100.776405	10.584033	-328.54605	218.71428	-50.135586	0.7938536	-36.67577	-50.35612	108000	0.0047798357	2369.7686	0.0	-65.65259	1.2680203	-5.9604643e-10	88.54117393493652
27	-148.66017	94.15125	-14.282899	-315.0588	171.73914	-49.048782	0.8001486	-21.932566	-49.115482	112000	0.011189412	1863.7037	0.0	-18.323853	1.2200099	2.8312205e-10	92.02177691459656
28	-95.90684	87.985176	67.52052	-238.76071	215.5	-49.507866	0.25721726	-47.750645	-49.61819	116000	0.0039005298	2300.7595	0.0	-53.440918	1.2363428	-7.4505807e-10	96.4233648777008
29	-121.448586	89.66595	-5.263054	-357.7296	157.8	-48.411076	0.11299936	-46.527622	-48.476143	120000	0.0034236421	2674.7183	0.0	-1.46875	1.2110727	2.9802322e-10	99.75009894371033
30	-108.94152	96.30214	16.783922	-322.0604	169.86957	-48.40714	0.36465257	-44.258175	-48.518032	124000	-0.008269465	2267.1006	0.0	-15.193115	1.2083528	-2.69711e-09	103.11577582359314
31	-90.95708	58.927162	-17.981052	-238.94098	158.92	-47.91285	0.02925862	-47.178196	-47.935207	128000	-0.007710776	1398.5922	0.0	-20.060425	1.2109754	-1.192093e-10	106.4272129535675
32	-84.17726	67.25839	0.25249627	-253.3297	170.65218	-46.949192	0.11763372	-43.66091	-46.98251	132000	-0.010900248	1714.9164	0.0	-20.345581	1.2126598	2.3692845e-09	109.79986095428467
33	-86.61929	72.623436	25.1915	-306.64413	151.65384	-45.962914	0.053450476	-44.589443	-45.98742	136000	-0.018183017	1637.7823	0.0	-7.2644043	1.2090976	-1.3262034e-09	113.10626792907715
34	-70.93285	68.05059	44.982487	-291.4941	181.22728	-45.01543	0.80829215	-40.399513	-45.3565	140000	-0.009176229	1730.9796	0.0	-297.54187	1.2297571	1.1175871e-09	117.12689685821533
35	-86.17028	79.91742	17.818066	-293.26437	146.11111	-37.56101	1.2182562	-29.85527	-39.79712	144000	-0.008523816	1725.6768	0.0	-103.28699	1.1937182	1.7881393e-09	120.4222457408905
36	-60.65809	50.39816	24.253876	-176.21854	193.15	-37.649868	4.0175333	-5.9434443	-44.24946	148000	-0.01087288	2268.1296	0.0	-382.74243	1.2236835	-1.1473894e-09	125.0808687210083
37	-84.87686	77.92715	20.679789	-271.34467	153.0	-19.067503	5.8352084	21.802256	-43.57526	152000	-0.020612061	1864.0806	0.0	-293.30542	1.2004753	-1.2367963e-09	128.39987778663635
38	-47.745693	42.692654	7.4932394	-198.71205	135.96552	-28.795946	7.8342896	-2.4435225	-44.93777	156000	0.0044570677	987.7666	0.0	-150.12103	1.197138	1.7881394e-10	131.6647937297821
39	-61.98554	65.21401	18.614517	-241.85478	134.2069	-27.04212	9.310924	-18.161493	-45.260857	160000	-0.03431677	1166.088	0.0	-67.55969	1.1860671	-1.5795231e-09	134.9060070514679
40	-35.259537	41.622253	29.210695	-132.60262	189.04762	-31.923662	11.125334	-18.031284	-45.943745	164000	-0.032825124	1021.38007	0.0	-142.49841	1.2066716	1.4603138e-09	139.3686957359314
41	-44.219414	42.14949	23.538633	-159.33968	153.13043	-22.056808	8.46142	-14.95464	-44.885616	168000	0.007322771	931.61566	0.0	-79.30121	1.1784633	-7.748604e-10	142.86496376991272
42	-24.055883	44.75916	44.043964	-128.5818	169.04347	-19.435015	9.436511	-9.849897	-45.19286	172000	-0.06235892	912.2908	0.0	-178.8039	1.1768243	1.0579825e-09	146.25604391098022
43	-38.277515	54.699734	72.98673	-178.67268	171.19048	-11.120917	15.854371	3.592332	-45.183235	176000	-0.03173386	1356.285	0.0	-95.6698	1.1732664	-2.5629998e-09	149.78334999084473
44	-35.101677	20.709034	6.330691	-68.90632	352.9	-21.625786	16.053541	4.0986776	-44.732616	180000	-0.022903645	1121.9327	0.0	-275.39978	1.210145	-5.2154064e-10	156.08025789260864
45	-30.214687	48.31015	61.832428	-132.21017	219.66667	-9.487358	13.235695	2.1739912	-41.348595	184000	-0.05655232	1016.0479	0.0	-48.661133	1.1469766	7.4505804e-11	160.91086387634277
46	-26.445772	45.798046	37.600597	-156.08224	217.0	-12.222513	15.524669	1.9772081	-44.118862	188000	-0.0054519577	926.4825	0.0	-123.68829	1.1254438	-1.1622906e-09	165.15796494483948
47	-67.68426	69.9534	13.815464	-226.21999	444.44446	-12.688354	14.775972	2.6766143	-44.973236	192000	-0.0005341213	1116.2577	0.0	-119.96069	1.1424851	-6.556511e-10	170.8430998325348
48	-117.22322	95.20235	16.982752	-276.44864	389.3	-8.814453	13.011804	8.046976	-45.180447	196000	-0.018494345	1581.1658	0.0	-402.646	1.1172711	7.4505804e-11	175.91898274421692
49	-116.82939	136.59665	17.924255	-412.87753	498.5	-21.874838	15.567431	-5.4843016	-46.359135	200000	-0.0056743277	1408.0377	0.0	-316.70947	1.1236554	-1.2516975e-09	181.71111488342285
50	-71.365486	69.76719	8.568108	-200.93002	325.75	-19.08702	19.426994	33.471	-46.501297	204000	-0.04148407	1103.7867	0.0	-154.69574	1.0852935	9.536744e-10	186.4005959033966
51	-176.40683	137.80681	14.861602	-345.3958	528.4286	-14.397216	14.229721	29.953564	-46.989258	208000	0.017891139	1787.2867	0.0	-249.71265	1.1108613	4.768372e-10	191.68667078018188
52	-84.22996	82.52229	19.012726	-203.02065	638.0	-23.314945	13.359747	-9.079755	-46.962982	212000	-0.040731315	922.7406	0.0	-195.77905	1.1076689	6.109476e-10	197.36065196990967
53	-50.1867	61.420517	40.888367	-182.25935	556.4286	-14.975772	10.155891	0.58151555	-46.931194	216000	-0.03492297	701.558	0.0	-72.84247	1.107397	2.682209e-10	203.28845596313477
54	-26.937378	61.31146	45.777435	-137.81357	661.5	-11.760501	10.9520445	13.242647	-46.240677	220000	-0.038690858	694.5892	0.0	-158.22443	1.1304699	-5.364418e-10	210.59718298912048
55	-71.26382	89.23255	24.538668	-250.56061	567.5	-11.524356	14.32424	0.060715795	-44.442383	224000	-0.023695912	1090.7565	0.0	-100.572205	1.1367954	9.387732e-10	217.34589886665344
56	-87.6463	44.71774	-16.27813	-153.52911	566.6667	-15.142994	11.722664	-0.22827137	-41.89744	228000	-0.02907817	1195.4618	0.0	-183.51453	1.1354436	-1.6540289e-09	224.13800382614136
57	-4.8243628	15.689572	24.69006	-27.563349	531.5714	-13.865909	14.126374	1.746389	-45.86416	232000	-0.043952253	655.9193	0.0	-140.47546	1.1361457	1.5944243e-09	230.52882981300354
58	-69.59317	60.16982	-19.447495	-227.3296	363.33334	-7.536867	14.653034	9.667498	-45.59177	236000	-0.021171624	1061.7229	0.0	-261.6933	1.1209375	1.2218953e-09	236.36679196357727
59	-69.52083	77.11975	0.13000643	-224.17857	515.8333	-24.95018	18.845987	9.759861	-47.10859	240000	0.0125655215	1150.9502	0.0	-238.16492	1.1409688	-1.0430813e-10	243.6442370414734
60	-47.857124	105.80169	41.794502	-291.10843	502.42856	-14.96115	17.892624	9.94831	-46.967052	244000	-0.010649861	1099.8326	0.0	-183.01605	1.1287507	4.4703484e-11	251.21317076683044
61	-48.545597	37.644867	-2.6286402	-95.05539	599.6667	-11.74544	17.933924	12.942569	-47.139374	248000	-0.023651168	615.66504	0.0	-71.717285	1.164572	-6.705523e-10	257.58163189888
62	-1.3213602	29.449411	31.946991	-58.836052	608.8333	-11.095396	17.868422	18.133812	-47.21276	252000	-0.054634325	378.5	0.0	-67.47333	1.1443033	1.1920929e-09	264.07273602485657
63	-23.628061	38.70527	45.923813	-72.65948	628.1667	-5.585615	19.730267	22.188465	-45.347157	256000	-0.02145167	749.40454	0.0	-181.544	1.1551278	-7.8976153e-10	271.18188285827637
64	-30.997356	35.884346	20.452663	-89.56001	702.4	-6.3932743	16.657099	19.98364	-44.132893	260000	-0.04443984	412.0578	0.0	-65.46701	1.146654	-4.1723253e-10	278.0226318836212
65	-43.976246	57.20432	16.105667	-114.81587	550.0	-6.8643837	13.514133	19.92723	-38.802963	264000	-0.04197285	611.0131	0.0	-200.53885	1.1224167	-5.662441e-10	284.1195750236511
66	-38.306267	111.77189	69.98374	-280.19156	438.8889	-5.2081904	24.413465	38.265373	-36.513115	268000	-0.018393736	1108.8668	0.0	-285.95825	1.0947928	-1.296401e-09	290.35574197769165
67	-38.714314	57.272224	28.551506	-150.13164	495.0	-7.740632	29.153557	38.798046	-49.525337	272000	0.0072458265	882.4209	0.0	-374.4452	1.1332594	-3.7252904e-10	296.8451588153839
68	-32.965813	74.102394	58.65865	-143.27675	754.75	-17.148415	18.872993	39.764496	-46.47006	276000	-0.06996627	468.75378	0.0	-157.73734	1.1485217	-3.1292438e-10	304.12302899360657
69	-23.463066	46.021645	55.19504	-56.90291	819.0	-7.3631577	17.547836	41.108196	-39.046738	280000	-0.009344853	356.49802	0.0	-51.048126	1.1376635	-4.4703483e-10	311.3313636779785
70	3.0786629	76.52429	52.867115	-163.8761	628.1667	2.4178555	21.300413	44.46984	-27.107061	284000	0.05605905	950.9956	0.0	-285.20398	1.085538	-1.2218953e-09	317.84665083885193
71	-25.855703	44.469498	36.469593	-79.89259	794.0	-2.513505	25.454348	47.011562	-40.117584	288000	0.027194599	288.81958	0.0	-131.73074	1.1428932	-1.5944243e-09	325.13089299201965
72	-4.837571	36.603394	50.257305	-63.393425	553.5714	-2.6662235	18.971336	42.967175	-31.86875	292000	0.010255455	396.0479	0.0	-36.53546	1.115349	-1.4901162e-11	331.69587087631226
73	13.689093	52.68496	60.093765	-75.63816	1000.0	-8.696576	15.498406	35.272522	-25.620687	296000	-0.018202469	299.75766	0.0	-109.40016	1.181831	-6.854534e-10	339.88884568214417
74	-8.717855	57.252434	65.43946	-111.86687	451.25	3.5821269	23.299402	45.66443	-31.70462	300000	0.009908266	955.03217	0.0	-261.10004	1.0893745	1.9818545e-09	346.1207847595215
75	21.570494	24.569698	67.20075	-10.16038	404.22223	-3.1987414	19.502188	37.968834	-31.753056	304000	-0.006953004	586.0725	0.0	-62.343384	1.1308811	8.046627e-10	351.425550699234
76	-14.145291	65.92628	51.50527	-206.54869	352.81818	2.1659982	21.49432	40.246887	-44.299183	308000	0.0017264638	780.8856	0.0	-154.74414	1.1265548	6.2584876e-10	356.40103483200073
77	3.3182464	46.90732	107.01752	-64.38801	499.375	-18.038769	24.525572	40.645542	-45.877148	312000	-0.041177843	750.3201	0.0	-178.36841	1.1545088	-8.493662e-10	362.200630903244
78	17.580185	55.52017	99.78436	-85.89089	388.5	-7.4950185	22.530504	44.402103	-37.728985	316000	0.03776271	583.8582	0.0	-102.29739	1.1777855	-1.6391277e-10	368.33611392974854
79	14.7710495	23.308607	61.28513	-33.383366	233.29411	3.3057387	23.838818	46.278343	-42.822975	320000	-0.03535454	601.25775	0.0	-205.08096	1.0815349	-4.4703484e-11	372.30194878578186
80	15.591505	28.279911	56.3255	-32.950813	390.375	-17.825573	26.471514	44.427708	-50.71651	324000	-0.034196127	874.277	0.0	-437.39258	1.1793481	-4.1723253e-10	378.5741467475891
81	12.448174	46.77338	74.225204	-63.715786	499.5	-2.5293567	17.918365	36.10714	-43.749798	328000	0.014226313	539.5139	0.0	-94.673615	1.1888876	7.748604e-10	384.02508187294006
82	1.6830245	33.46599	51.347195	-41.17298	385.1111	-5.98461	22.63797	40.281643	-46.93099	332000	-0.05163864	595.6793	0.0	-114.55206	1.0448958	-2.041459e-09	389.44391775131226
83	48.67222	49.74524	190.94185	-9.967831	302.0	-1.6460043	20.93754	42.752647	-47.671997	336000	-0.08343341	726.39233	0.0	-143.24976	1.0419873	1.4603138e-09	394.9242808818817
84	15.14899	24.388212	48.389103	-25.306818	329.16666	6.185517	18.993576	45.870556	-43.51807	340000	0.014380544	811.1911	0.0	-174.22565	1.093561	1.5348196e-09	400.00884890556335
85	19.67139	42.831783	86.95073	-60.513203	425.75	-7.7444973	20.964708	45.304726	-45.191105	344000	-0.0106054	566.15204	0.0	-93.86188	1.1203829	-1.1622906e-09	406.2118809223175
86	39.431526	45.059193	114.67727	-28.924055	559.7143	-5.2898135	17.535759	47.181664	-48.98966	348000	-0.02339347	346.34787	0.0	-119.09253	1.0904282	2.69711e-09	412.59479784965515
87	79.0654	35.801895	120.9325	22.486454	1000.0	-3.077836	12.961936	37.86847	-31.00724	352000	-0.073325284	241.74081	0.0	-126.81255	1.0854341	-1.758337e-09	419.738303899765
88	22.885237	23.228876	50.663944	-18.289248	683.4	5.695274	19.222843	48.23376	-41.074623	356000	-0.011273686	394.84384	0.0	-116.32254	1.0699236	3.1292438e-10	426.0030999183655
89	48.43057	38.3759	99.22184	2.7550697	644.5	5.469114	17.927492	47.61041	-50.66691	360000	-0.03865787	321.87122	0.0	-49.861755	1.1153408	-8.493662e-10	432.4464750289917
90	12.25898	39.95958	90.1095	-28.14635	553.8333	4.6500382	13.530994	44.634933	-47.778145	364000	-0.0422642	467.2164	0.0	-135.93979	1.0959908	3.2782554e-10	438.11113595962524
91	46.39451	47.65518	87.60861	-34.019863	845.75	-3.3204794	14.670218	30.363424	-45.440514	368000	-0.040065322	403.8889	0.0	-141.51993	1.1177325	2.4139881e-09	444.75861287117004
92	106.04919	29.847649	127.843025	55.379875	1000.0	1.4875021	13.064603	31.613302	-27.319538	372000	-0.04493122	130.52605	0.0	-54.364548	1.0968925	-1.1175871e-09	452.14763498306274
93	0.9902736	57.37735	102.98226	-78.03754	523.0	10.081636	17.768356	45.94318	-42.395145	376000	-0.017399773	944.8357	0.0	-404.72186	1.0385871	1.0877848e-09	457.56270480155945
94	57.212055	46.080826	122.78802	-17.209446	739.2	1.047473	14.935302	38.573788	-42.73583	380000	-0.06196218	340.14218	0.0	-110.61232	0.9795251	1.758337e-09	463.820081949234
95	63.534958	15.976533	87.09764	48.04847	1000.0	-0.623451	11.364005	37.647808	-29.684616	384000	-0.032452375	153.84372	0.0	-72.17627	1.0657051	-5.066395e-10	471.44106888771057
96	18.140482	76.02888	118.26603	-95.84921	630.0	6.5647125	12.047909	37.066025	-30.57776	388000	-0.012069994	541.78186	0.0	-112.00278	1.04728	7.0035455e-10	477.6015748977661
97	42.11746	88.32011	177.37405	-80.85372	608.1667	2.5184247	14.873128	37.396866	-43.379166	392000	-0.058017112	639.3389	0.0	-80.5459	1.0432848	1.1175871e-09	483.1030967235565
98	-2.130169	64.563095	98.18626	-89.33576	608.1667	2.7691045	13.244735	42.61635	-38.835255	396000	-0.023424288	410.502	0.0	-76.35339	1.027402	-2.2351743e-09	488.553729057312
99	31.440647	42.027313	79.60135	-35.98749	721.4	-1.5794747	12.392353	47.158962	-42.005928	400000	-0.03173873	292.41742	0.0	-48.815018	1.0663723	-7.0035455e-10	495.56201791763306
100	62.5511	34.97055	93.27466	4.310174	1000.0	-1.1684154	10.420946	45.625122	-32.382996	404000	-0.04543418	154.91502	0.0	-77.17775	0.97318363	3.4272671e-09	502.53752279281616
101	23.040167	75.74146	105.93309	-67.0772	754.6	7.180334	10.625582	45.31523	-20.508041	408000	0.00010223842	576.32837	0.0	-196.64255	0.9806425	2.1457671e-09	508.4697279930115
102	71.894516	61.134064	134.1782	-28.770573	863.25	2.7773383	13.611398	33.309547	-36.163433	412000	-0.031317238	228.32803	0.0	-60.826904	0.9937849	-7.0035455e-10	515.4858057498932
103	120.61635	18.06986	140.86372	92.02872	1000.0	6.1623163	10.926946	35.24691	-18.256405	416000	-0.02365008	129.436	0.0	-33.403084	0.9974475	-2.7120113e-09	522.0312089920044
104	104.50472	13.049214	120.01417	84.03316	1000.0	8.845198	9.608108	39.07396	-12.940618	420000	-0.030230414	76.391914	0.0	-11.06179	1.0312097	7.748604e-10	529.7106487751007
105	87.62566	30.03644	137.93561	61.903683	1000.0	6.8879504	10.12658	38.188435	-6.7110476	424000	-0.032624856	58.520283	0.0	-12.5117035	1.0531898	-3.5762787e-10	536.9708826541901
106	72.10696	84.99636	143.41139	-73.08126	863.75	7.8226137	10.252767	38.561996	-13.543892	428000	-0.01649691	270.63907	0.0	-48.32878	1.0417088	1.2069941e-09	543.3598210811615
107	117.700516	27.903494	160.44212	83.19022	1000.0	6.6769204	10.611002	47.347115	-11.626386	432000	-0.04432489	79.656815	0.0	-28.801933	1.0408381	-2.2351741e-10	549.8829367160797
108	100.10672	86.67985	156.07791	-49.531696	838.0	8.977393	15.330984	49.53221	-10.411608	436000	0.015052783	381.90872	0.0	-64.086975	1.019566	-1.9967556e-09	556.096296787262
109	88.0185	88.69106	177.04799	-39.240788	737.2	7.6861954	14.908447	53.66749	-13.372346	440000	0.0030257478	385.6898	0.0	-113.631226	1.0103685	-2.9802324e-11	562.0280828475952
110	134.50137	70.03596	201.40018	2.5268884	753.8	6.665613	18.188442	55.20819	-14.327076	444000	-0.018090034	516.66327	0.0	-190.06042	1.0002849	-2.1904707e-09	568.4021439552307
111	73.58598	65.75004	143.34177	-22.305351	704.0	11.56953	13.737563	48.102436	-8.922426	448000	-0.015299879	352.51373	0.0	-58.003784	0.94494265	-1.1622906e-09	573.4746639728546
112	35.373352	56.56403	145.29167	-27.056837	411.44446	13.030411	19.005926	54.8196	-44.848442	452000	-0.011881554	1035.6166	0.0	-575.3054	0.97354585	-9.387732e-10	578.3972108364105
113	59.137676	75.566895	136.27768	-40.035328	800.25	-1.0449595	12.437108	46.991173	-42.33212	456000	-0.015445242	432.41592	0.0	-91.92264	0.89194465	-2.041459e-09	584.2002499103546
114	68.91898	63.865227	160.7045	-24.970387	613.3333	5.5732584	20.932096	59.208538	-47.182648	460000	-0.023114415	514.6164	0.0	-68.58902	0.9010444	-5.9604643e-10	589.4947679042816
115	103.37085	57.689507	147.59616	4.162065	811.5	4.6444793	14.451226	53.418854	-31.797016	464000	-0.025898254	224.74767	0.0	-79.72531	0.94540465	-1.6689301e-09	594.8756847381592
116	24.140827	50.569702	117.85054	-35.754166	383.2	17.751245	21.828548	59.938957	-41.067207	468000	-0.033587635	1224.8438	0.0	-610.9531	0.960656	2.2500752e-09	599.8353219032288
117	112.58868	65.92215	204.08685	13.541805	662.1667	-2.8279867	16.163624	45.722992	-46.609512	472000	-0.08704292	556.03485	0.0	-217.22015	0.9121682	1.1920929e-09	605.1077499389648
118	66.932304	64.58557	148.44432	-13.826724	563.7143	3.182763	21.069115	55.497883	-46.748116	476000	0.008674661	592.9011	0.0	-146.61746	0.9057751	-2.0563602e-09	610.3926157951355
119	69.23484	73.87612	153.79018	-7.6725073	627.8333	5.418944	16.236917	58.850945	-51.421688	480000	-0.01361097	453.9173	0.0	-92.70709	0.9365855	-1.0877848e-09	615.8121399879456
120	65.80546	67.32904	149.59601	-20.298056	622.1667	-0.3874535	21.79698	58.381252	-56.502586	484000	-0.0046119606	634.7612	0.0	-202.87268	0.91899246	-2.2798776e-09	621.3058989048004
121	87.40362	68.53271	148.02017	-29.015484	821.75	2.2700431	16.040585	62.38859	-51.318184	488000	0.007345135	368.3907	0.0	-112.54823	0.90669024	-1.5199184e-09	627.3505098819733
122	100.256004	56.55182	146.59625	7.9398937	807.5	6.4573145	15.752355	62.514103	-37.6236	492000	-0.01898863	209.69186	0.0	-34.740723	0.93698204	-7.301569e-10	632.8341388702393
123	155.57132	24.398424	194.53563	130.14194	988.75	5.1450486	15.667993	60.446903	-44.950607	496000	-0.05350297	270.42044	0.0	-71.3736	0.8764596	1.8030405e-09	638.7614648342133
124	139.11325	18.351591	159.20819	118.51971	1000.0	9.377065	15.47522	63.162167	-3.5241194	500000	-0.056861795	34.311726	0.0	-7.147846	0.9009507	1.5795231e-09	645.1400818824768
125	113.81429	49.843235	152.10037	29.51989	833.75	12.260918	15.866402	63.30232	-36.704536	504000	-0.05740828	218.09862	0.0	-61.366455	0.9553332	-1.9371509e-09	650.9649858474731
126	103.13489	25.689817	143.46815	71.97694	1000.0	7.4360204	12.5706415	50.332195	-10.057918	508000	-0.05562042	56.91489	0.0	-18.420311	0.96601915	3.2037497e-09	657.8868248462677
127	106.17503	101.17039	234.96335	-69.73449	758.8	9.8753605	14.166931	60.179035	-39.1569	512000	-0.033529166	432.80164	0.0	-70.02902	0.9327516	2.2798776e-09	664.1407899856567
128	93.010635	7.7663217	101.82982	81.055664	1000.0	7.1459746	10.6596575	49.790855	-1.4340173	516000	-0.01339112	36.94773	0.0	-7.8110657	0.95347285	6.4074995e-10	671.3742210865021
129	112.19757	25.474741	141.83502	80.77593	1000.0	7.7232265	12.099116	63.532074	-0.4221028	520000	-0.06716466	40.435883	0.0	-4.6576195	0.9342477	-1.6987324e-09	677.4448719024658
130	95.73233	51.819157	157.21924	19.3467	831.0	8.650625	14.324803	63.468258	-20.111197	524000	-0.06383487	218.20949	0.0	-56.71495	0.9160663	-2.5331975e-10	684.0094559192657
131	91.79307	15.899976	112.34155	72.8147	1000.0	3.2996948	10.967892	53.582664	-3.8937767	528000	-0.018727798	57.26812	0.0	-13.219181	0.9333239	2.384186e-10	690.7367050647736
132	104.53279	22.866344	131.6072	77.138954	1000.0	5.684828	13.566094	64.72749	-3.1048748	532000	-0.048048604	51.00279	0.0	-6.2151184	0.9096617	2.384186e-10	697.9905710220337
133	100.62153	33.507095	141.83899	66.295204	1000.0	6.7214756	12.798613	64.06167	-2.6704748	536000	-0.041480195	85.86877	0.0	-14.816376	0.95324343	-5.2154064e-10	704.7361259460449
134	88.54286	45.112785	129.88263	13.408574	848.0	6.576936	13.606436	64.41686	-9.562151	540000	-0.027166588	200.00063	0.0	-18.48587	0.92453396	1.7881393e-09	711.3717896938324
135	100.03551	36.471317	143.91231	45.266266	1000.0	6.1307626	11.176572	61.359844	-3.6485763	544000	-0.034665875	37.29497	0.0	-6.949808	0.8946984	1.5646219e-09	717.8251008987427
136	125.83242	18.907892	153.35326	101.11912	1000.0	7.385501	13.575657	65.075226	-7.7561336	548000	-0.034676448	57.367874	0.0	-16.648037	0.8825068	-2.2649764e-09	723.313952922821
137	112.936966	15.656933	139.94373	101.670456	1000.0	6.917004	11.849304	53.58949	-0.884719	552000	-0.031969674	31.11506	0.0	-6.500063	0.87371016	1.0281801e-09	729.3795440196991
138	87.6893	55.924267	140.29758	-5.89007	826.5	9.358518	15.014052	65.664825	-2.18762	556000	-0.016872386	295.72778	0.0	-73.106	0.89509034	5.5134297e-10	735.570986032486
139	120.8244	5.050503	124.69478	112.20573	1000.0	4.488906	12.743648	52.957756	-2.884624	560000	-0.0002920072	41.207264	0.0	-17.650354	0.8682263	-7.8976153e-10	742.3382818698883
140	129.3738	19.930635	158.54112	103.67278	1000.0	8.286705	13.4040985	64.278885	-2.8104637	564000	-0.03065797	47.285046	0.0	-12.237881	0.8627366	-8.046627e-10	747.9165587425232
141	126.603226	22.405548	152.8322	93.79176	1000.0	8.201271	14.845605	67.56585	-2.0401545	568000	-0.06059726	35.078255	0.0	-6.0554504	0.86084944	-3.784895e-09	753.4370429515839
142	159.82794	58.175423	251.14017	92.122345	947.0	10.32019	16.246452	68.15025	-1.4341581	572000	-0.052261893	168.79726	0.0	-19.432068	0.86823404	7.0035455e-10	759.6670908927917
143	164.54497	56.21014	259.64487	118.5511	967.75	12.306425	13.95853	58.805164	2.332983	576000	-0.039799202	143.77866	0.0	-19.458359	0.84112257	1.1473894e-09	765.4429278373718
144	106.07837	77.3773	159.43005	-27.214056	806.25	14.755344	14.475088	69.949196	-25.690474	580000	-0.01811976	315.72345	0.0	-212.73022	0.791168	-1.0281801e-09	771.1157739162445
145	169.03879	31.412844	220.66675	139.68161	875.0	4.4299755	15.171756	55.067593	-33.656425	584000	-0.015043476	372.89917	0.0	-221.87698	0.7897823	-1.4603138e-09	776.5432438850403
146	76.21183	59.208576	138.51471	-16.246742	709.8	13.9670315	18.254839	71.19006	-32.275127	588000	-0.048501156	506.29126	0.0	-177.1289	0.8013569	-1.2814999e-09	781.9725570678711
147	132.50894	87.81478	265.07428	-11.949694	715.6	4.93178	19.152916	71.24442	-48.352135	592000	-0.028415537	452.364	0.0	-214.27908	0.79293334	-5.5134297e-10	786.6376979351044
148	193.02411	85.64774	258.87988	30.477451	562.6667	13.156147	20.605352	71.31373	-54.74892	596000	-0.093141645	580.9598	0.0	-148.69394	0.7498219	3.889203e-09	792.0196087360382
149	106.93148	88.8262	258.4074	-11.870159	755.2	20.24816	14.78928	62.89487	5.829813	600000	-0.056922488	510.43774	0.0	-174.95364	0.7591018	-3.0845404e-09	797.8309769630432
150	158.51463	104.13339	270.23553	-19.270777	729.4	14.949106	15.046416	70.80905	-0.974793	604000	-0.047143653	467.0788	0.0	-68.253235	0.7302773	2.0712614e-09	803.1941919326782
151	192.59709	101.90199	266.974	-35.78614	394.1111	20.087816	20.776459	73.21783	-48.806866	608000	-0.12422251	1136.7012	0.0	-355.00415	0.7845331	1.3709068e-09	807.8114368915558
152	183.391	89.90176	252.28133	-9.166222	558.4286	17.00742	24.197647	73.5937	-43.111767	612000	-0.099345066	687.58435	0.0	-96.808105	0.76576835	-5.632639e-09	812.4961218833923
153	164.5988	104.08043	286.47253	-16.56143	437.77777	27.78862	19.608873	73.64335	-42.929626	616000	-0.077323996	1066.0474	0.0	-377.3678	0.7337308	-7.4505804e-11	816.8832557201385
154	146.54814	118.74215	261.0836	-75.672966	385.8889	27.714949	23.205626	73.68662	-44.21564	620000	-0.1084083	1168.3207	0.0	-267.61902	0.8584339	5.9604643e-10	821.5079569816589
155	143.03403	118.72596	271.3144	-17.469463	479.875	15.202117	26.742073	73.3972	-39.876595	624000	-0.099013664	841.3209	0.0	-301.79913	0.72294605	6.4074995e-10	825.9375658035278
156	149.44695	114.79874	252.60071	-75.94455	427.77777	19.62638	19.589659	74.72633	-28.345789	628000	-0.11022367	1035.5917	0.0	-236.70667	0.8242335	1.0430813e-09	830.4949879646301
157	153.4769	134.61917	273.81558	-86.93474	436.1111	23.873512	18.52429	70.02334	-30.544277	632000	-0.08651529	1100.8849	0.0	-166.36047	0.86479676	9.0897084e-10	835.1278007030487
158	184.93913	76.36781	274.7754	51.72118	685.6	18.230368	17.919977	75.72608	-2.300085	636000	-0.057645768	383.74448	0.0	-85.2572	0.76099294	1.0728836e-09	840.1924819946289
159	177.35051	84.68785	276.42816	-0.98549503	442.85715	23.832674	18.75132	76.9208	-2.8747716	640000	-0.086765036	723.91785	0.0	-190.39758	0.8450422	1.2367963e-09	845.1254239082336
160	159.48566	123.17312	264.71805	-92.03083	425.22223	24.546663	18.080145	77.43691	0.42345572	644000	-0.12102134	914.9374	0.0	-90.26953	0.8800929	-1.6689301e-09	849.733393907547
161	149.27486	126.65105	273.2936	-69.86268	473.375	29.01854	20.272821	78.42359	-1.166527	648000	-0.054170582	951.1678	0.0	-139.02667	0.8780089	-2.2351741e-10	854.5711078643799
162	118.30997	113.40364	274.2514	-41.963352	467.5	20.787113	20.383442	79.5314	-3.505487	652000	-0.09449415	918.0111	0.0	-168.961	0.9072786	2.4139881e-09	859.5121138095856
163	161.84438	89.26599	279.19873	-4.078786	604.6667	12.8356495	21.444334	80.287384	-5.404932	656000	-0.09605977	438.352	0.0	-124.49112	0.9364876	-1.3113022e-09	865.8666968345642
164	152.03275	86.083176	260.84613	-14.230637	563.2857	19.768242	21.930069	80.583145	-4.7476745	660000	-0.091680005	480.0127	0.0	-41.991943	0.8938507	2.682209e-10	871.3530797958374
165	186.4999	90.634926	273.3023	4.2213507	606.0	26.910297	20.757465	80.21768	-5.5622263	664000	0.019000765	534.62177	0.0	-90.39395	0.78212875	-1.3262034e-09	876.3023700714111
166	186.25966	86.09023	280.97382	-40.546516	435.22223	26.392921	21.02214	82.06671	-5.9265823	668000	-0.09362317	662.1646	0.0	-111.681274	0.8610377	1.6093255e-09	881.1524388790131
167	162.80142	116.24037	285.57382	-43.092545	462.875	32.343594	19.122513	83.33159	-19.424208	672000	-0.032639947	1286.9635	0.0	-357.89685	0.83739537	8.493662e-10	886.3149609565735
168	204.17285	62.883068	271.021	46.17832	433.22223	22.050209	22.028101	77.611565	-36.76458	676000	-0.124522015	900.1694	0.0	-277.41797	0.8237578	2.3841857e-09	891.1243557929993
169	153.83298	137.69377	253.97028	-147.83444	453.125	28.869389	22.949825	83.56422	-38.005104	680000	-0.04138845	1853.1678	0.0	-912.3176	0.8549359	4.61936e-10	895.8530259132385
170	185.7844	102.81619	275.0458	-34.947956	378.3	32.929363	18.021025	82.83416	-17.959349	684000	-0.05926815	1091.592	0.0	-391.17712	0.8568628	-2.30968e-09	900.422563791275
171	145.73962	123.47197	266.85837	-57.96451	416.8889	26.277298	26.010004	81.07854	-30.414375	688000	-0.03274611	1482.1019	0.0	-361.53308	0.7873748	-1.9818545e-09	905.0130679607391
172	214.22612	72.707596	255.61229	0.23722132	373.0	18.552492	27.917564	73.176765	-32.200546	692000	-0.15144671	1397.6476	0.0	-677.04596	0.80672145	-8.940697e-11	909.3145668506622
173	164.64894	120.80942	271.6167	-41.580673	359.72726	35.770878	22.557932	81.66314	-15.498683	696000	-0.055657107	1712.5576	0.0	-615.2147	0.76944405	4.053116e-09	913.6122779846191
174	155.73575	113.42409	268.0669	-3.9678285	325.63635	34.24497	23.75046	84.17234	-11.62629	700000	-0.047805972	1480.5715	0.0	-864.1784	0.8092798	-8.9406965e-10	917.7894878387451
175	194.0779	94.63451	263.0047	-5.260532	327.72726	36.65497	23.87902	62.137497	-31.189177	704000	-0.07106959	673.97473	0.0	-150.57385	0.8080643	7.4505804e-11	922.2420098781586
176	208.88309	98.04835	285.42926	-43.15354	485.0	38.901573	28.275505	67.77193	-35.175774	708000	0.027669813	1145.9095	0.0	-389.56268	0.6633338	1.1324882e-09	926.6422190666199
177	200.72311	70.68878	267.71637	24.821877	392.1	36.576767	21.472483	63.327564	-16.14832	712000	-0.08027203	658.867	0.0	-76.65509	0.7901984	1.6242265e-09	930.9938678741455
178	150.7951	118.60872	255.3316	-29.530748	333.25	28.491247	25.720078	66.40477	-31.406866	716000	-0.07545593	1486.4309	0.0	-175.0664	0.8010237	2.3394824e-09	935.1096348762512
179	221.40112	44.519886	264.43976	106.46796	406.66666	29.07731	26.241062	63.088257	-20.253683	720000	-0.08509377	1012.43823	0.0	-296.6499	0.73121136	1.475215e-09	939.702348947525
180	201.45976	92.47783	281.80356	-2.723795	358.63635	41.985023	19.897	71.89982	-8.442024	724000	-0.11060523	1050.0007	0.0	-260.28772	0.79584193	1.4454127e-09	943.8680279254913
181	153.87704	115.56692	261.78223	-10.120893	339.54544	36.121803	24.416119	84.66289	-13.679268	728000	-0.027361376	1588.3297	0.0	-558.3856	0.78146034	-4.4703483e-10	947.9845087528229
182	182.01956	119.52084	270.99838	-93.34626	365.2	25.819496	27.01307	64.46375	-34.117474	732000	-0.015739558	1500.0326	0.0	-704.15753	0.7571588	5.364418e-10	952.1037728786469
183	161.95213	109.97849	257.38968	-43.337315	338.36365	38.35489	20.510702	76.83394	-25.389545	736000	-0.041111242	1048.7054	0.0	-304.81946	0.80707693	9.685754e-10	956.4802260398865
184	168.33757	98.93498	269.2038	-3.9622507	338.63635	36.42325	25.591215	74.334885	-34.06816	740000	-0.068398975	667.7753	0.0	-110.0022	0.80211276	-7.0035455e-10	960.6432068347931
185	154.34007	111.8379	255.02583	-2.8474708	362.36365	32.716106	28.90586	74.089424	-26.93818	744000	0.03419276	1079.555	0.0	-258.21948	0.7312728	1.7881393e-09	965.0353968143463
186	207.42953	79.089745	251.11058	-26.772285	386.3	37.009533	23.805252	74.15676	-54.86842	748000	-0.03319421	999.6503	0.0	-154.63135	0.82578295	-1.1473894e-09	969.3107628822327
187	222.55418	66.12775	266.5076	16.925749	345.0909	37.9571	24.266922	78.17683	-63.24347	752000	-0.076884165	864.2158	0.0	-529.0643	0.79191786	2.3394824e-09	973.5075678825378
188	156.94647	116.21868	260.29794	-47.30611	320.41666	51.75169	14.256522	87.35447	-9.882612	756000	-0.061016046	1898.476	0.0	-736.7875	0.8083087	-3.7252904e-10	977.726655960083
189	156.10092	116.814285	261.2733	-14.997506	325.08334	35.830524	21.855515	73.40028	-12.982431	760000	-0.00378587	1378.2063	0.0	-373.81708	0.8137334	-8.493662e-10	981.8903248310089
190	190.62273	110.92454	292.82574	-34.511078	310.91666	38.82958	23.907356	73.34177	-20.791006	764000	-0.017291933	834.7525	0.0	-204.78516	0.8106371	-9.0897084e-10	985.9252169132233
191	200.79427	92.11061	282.8079	-8.672743	325.58334	47.032757	21.295914	74.45702	-41.974026	768000	-0.09694048	566.04486	0.0	-89.38364	0.83319634	-4.4703483e-10	990.1058518886566
192	221.85728	60.069622	287.76965	46.463318	337.27274	50.058567	16.2412	74.50195	-20.147465	772000	-0.053487077	536.7126	0.0	-183.37183	0.7962666	7.301569e-10	994.3261029720306
193	252.77228	22.411606	293.17117	224.85739	340.72726	39.76821	26.72263	73.80098	-45.650703	776000	-0.010930762	648.74426	0.0	-465.78564	0.79105383	-1.3560056e-09	998.6495747566223
194	181.42561	109.16192	267.48828	-19.402033	330.0	53.28623	16.60786	86.507645	-5.353592	780000	-0.027546505	1369.6791	0.0	-423.08698	0.81264824	-8.493662e-10	1002.8284809589386
195	235.3293	23.442383	279.74054	187.69629	374.5	39.153633	24.371649	89.411194	-11.821911	784000	-0.03141833	579.5014	0.0	-195.47012	0.7350063	3.1292438e-10	1007.0902569293976
196	183.18639	109.20232	294.57114	-37.08941	306.23077	51.151875	19.184698	89.93263	-10.756453	788000	0.0096841715	885.2146	0.0	-281.52893	0.7848908	1.6093255e-09	1011.1548218727112
197	190.7003	108.369965	269.58365	-10.338774	323.75	44.547295	23.620506	81.61911	-24.468325	792000	0.030620007	769.04443	0.0	-91.75873	0.81648535	-1.6242265e-09	1015.3194868564606
198	194.57594	95.270706	257.62982	-15.162428	351.0	48.148964	15.855761	79.56756	-10.480826	796000	-0.071308926	921.9853	0.0	-291.4287	0.79558694	-7.599592e-10	1019.4818160533905
199	194.98567	120.98118	282.26852	-42.21004	320.33334	42.533287	24.720673	77.47999	-24.689085	800000	0.015240666	1087.805	0.0	-204.29431	0.790811	1.6391277e-10	1023.431468963623
200	218.0794	72.322556	270.8224	-6.627724	330.58334	45.591118	24.511473	78.22923	-15.546581	804000	-0.033718787	467.13324	0.0	-104.4653	0.79705507	8.940697e-11	1027.569062948227
201	105.57496	126.0016	281.1219	-50.70052	300.53845	46.1797	23.107674	83.86554	-17.601341	808000	0.0039634546	2809.652	0.0	-1174.3789	0.80627626	-6.556511e-10	1031.5338287353516
202	185.94081	115.11118	265.034	-34.323116	306.30768	32.532795	26.22989	74.27899	-38.25202	812000	0.00088589813	1264.1495	0.0	-359.48083	0.7723487	6.4074995e-10	1035.571937084198
203	205.72215	74.95675	286.8343	-15.148014	343.63635	42.198742	22.180525	76.910965	-19.978823	816000	-0.015889073	754.495	0.0	-199.05786	0.6909237	1.8775463e-09	1040.1649549007416
204	220.51836	63.999992	266.4822	46.138577	349.63635	43.51394	24.37121	78.70162	-17.806967	820000	0.015095858	1163.0507	0.0	-276.95154	0.69708294	-2.5480986e-09	1044.3158447742462
205	152.74786	130.50995	289.1057	-58.682667	295.84616	48.189243	15.865183	77.00992	-19.762102	824000	-0.051616333	1999.5731	0.0	-713.71545	0.84919775	7.748604e-10	1048.3177008628845
206	144.35582	127.5891	278.89865	-25.879889	309.0	35.753796	26.35376	76.74798	-36.12239	828000	-0.00021322882	1129.7762	0.0	-163.39722	0.82079893	1.4007091e-09	1052.694002866745
207	219.13316	77.65532	285.21878	-13.950989	357.63635	40.87632	19.57642	76.34042	-33.46372	832000	0.010114225	863.8861	0.0	-280.45813	0.77765197	-2.1755695e-09	1056.9422438144684
208	223.0212	68.44646	279.95078	18.378305	354.63635	48.073666	19.594395	78.49935	-36.91272	836000	-0.05530341	573.2494	0.0	-190.5527	0.79312253	-1.013279e-09	1061.2732038497925
209	212.09583	95.059006	273.6809	-7.9195642	328.08334	48.445488	21.012497	79.947014	-14.220512	840000	0.011819139	775.7656	0.0	-198.86212	0.8046402	2.7269125e-09	1065.419653892517
210	189.96587	93.828	268.86172	-13.179933	348.45456	49.850048	18.045746	87.59853	-25.750893	844000	-0.05287938	842.5797	0.0	-177.01086	0.8454142	2.1904707e-09	1069.5893218517303
211	178.42133	112.23325	270.4465	-21.012938	355.54544	37.403976	25.122334	79.64123	-27.980722	848000	-0.013180164	731.0426	0.0	-258.64737	0.82731116	9.536744e-10	1073.8751428127289
212	216.87947	64.734665	261.86777	28.698324	367.0	40.16266	23.500069	78.793396	-26.691494	852000	-0.10823118	525.7019	0.0	-247.26212	0.8487676	-2.384186e-10	1078.3493609428406
213	216.15723	79.75633	264.5792	-20.568117	364.9	44.277367	20.913778	81.56321	-25.72924	856000	-0.037433002	550.9094	0.0	-98.294495	0.8388844	-3.7550927e-09	1082.6311388015747
214	235.68767	35.262203	281.1258	157.83714	396.0	42.33918	23.454378	85.309494	-17.301975	860000	0.05884118	755.4054	0.0	-273.19626	0.77645653	1.0430813e-10	1086.9911496639252
215	248.7044	30.610292	281.3363	181.09451	433.44446	47.239063	17.684883	82.61752	6.7624583	864000	-0.11577093	257.54984	0.0	-100.862976	0.8406625	5.2154064e-10	1091.545096874237
216	222.68674	17.947132	248.11551	191.83414	443.0	47.523094	16.05216	82.92387	7.6837616	868000	-0.0025031324	223.2256	0.0	-72.71872	0.83525646	-9.834766e-10	1096.4075169563293
217	233.79112	26.372145	270.85544	189.83986	452.875	42.813892	19.819454	80.37934	4.4564095	872000	0.054957666	394.03067	0.0	-124.44153	0.8225653	-3.874302e-10	1101.1348910331726
218	214.78665	82.73263	267.13135	-26.397997	374.3	41.790497	19.592918	79.151886	-18.117817	876000	-0.04066088	463.84787	0.0	-152.19974	0.82226884	-1.1622906e-09	1105.4839808940887
219	216.18301	76.670746	269.88287	-6.911304	390.2	44.802483	20.546743	80.81759	-16.341734	880000	-0.009963472	287.28973	0.0	-45.34059	0.8353724	2.9802324e-11	1110.148997783661
220	186.50607	101.11228	262.43076	-33.489796	384.2	43.09775	19.502424	80.9903	-26.428009	884000	-0.022067908	1002.80975	0.0	-268.2517	0.795528	3.427267e-10	1114.6072299480438
221	193.5012	104.19815	270.99985	1.520985	352.36365	35.402885	23.214321	81.51597	-21.11045	888000	0.018263532	879.4218	0.0	-319.03766	0.8039034	5.5134297e-10	1118.7069239616394
222	137.06793	127.11443	269.008	-15.616517	325.27274	33.35421	25.752707	81.373795	-28.271011	892000	0.044264864	1415.0452	0.0	-474.05585	0.81404227	-1.4454127e-09	1122.9162030220032
223	157.2604	126.12774	261.6321	-81.33628	372.0	30.64455	23.511988	79.6325	-30.231495	896000	-0.013423065	1315.4785	0.0	-162.72046	0.7550887	-9.387732e-10	1127.2728109359741
224	191.54428	105.71675	290.03116	-14.58473	383.2	33.383347	21.361303	80.182304	-23.26743	900000	0.011496533	1065.0121	0.0	-132.5722	0.7311328	-2.399087e-09	1131.6233987808228
225	204.23509	96.29499	279.55493	-16.683746	349.18182	39.124516	25.83758	82.98095	-24.53747	904000	-0.04408394	959.0316	0.0	-237.12402	0.76281035	-2.2351743e-09	1135.7652139663696
226	198.38885	82.42942	271.43274	19.858744	358.18182	43.196934	19.523062	81.370605	-4.891898	908000	-0.041135848	704.98114	0.0	-285.44125	0.8017325	-6.109476e-10	1139.9859158992767
227	224.20499	69.62101	278.93076	14.809089	353.72726	48.199574	24.209631	87.5883	-16.167795	912000	0.046350006	1052.7562	0.0	-489.60156	0.7511987	-1.4901162e-11	1144.1596698760986
228	140.94847	141.90112	295.01083	-49.125492	307.15384	42.871532	22.996077	81.98562	-24.96353	916000	-0.008402241	1697.0253	0.0	-562.9945	0.7704888	1.1175871e-09	1148.2699599266052
229	171.35405	126.2139	278.2406	-96.18882	362.0909	35.625694	23.184944	77.33578	-25.867434	920000	-0.006441269	1043.1127	0.0	-287.13544	0.7897385	-1.6093255e-09	1152.463505744934
230	147.72662	141.55289	281.46246	-125.17223	374.44446	31.568092	25.273478	78.70357	-19.839727	924000	0.06984367	1725.3351	0.0	-757.3921	0.7337865	1.0877848e-09	1156.7409720420837
231	199.12897	109.27085	281.07117	-54.11112	347.27274	35.076565	19.29772	84.698425	-29.893583	928000	-0.15587088	906.40076	0.0	-307.75726	0.8042014	-2.220273e-09	1160.9632110595703
232	206.97864	90.06881	284.51666	3.9688876	330.0	46.268913	20.438475	78.86822	-29.06702	932000	-0.016048104	600.85706	0.0	-179.33606	0.7906465	-8.940697e-11	1165.0801510810852
233	245.47525	15.508807	271.924	212.52353	362.54544	47.637566	22.991175	83.00274	-28.680717	936000	-0.105069794	400.19748	0.0	-255.53445	0.7604405	1.7434358e-09	1169.419639825821
234	229.14793	63.322773	281.5633	40.53366	347.27274	52.789986	17.840542	85.40138	-3.686266	940000	0.00060233497	477.62387	0.0	-231.52501	0.82281166	-2.8461218e-09	1173.7038588523865
235	203.32639	85.66011	270.91684	-15.030266	409.33334	47.56739	19.713684	92.36687	-19.740274	944000	0.062346052	677.62976	0.0	-431.24152	0.6985067	2.1606683e-09	1177.9024357795715
236	258.87454	20.835228	310.2909	221.66197	327.72726	55.29682	14.269492	90.234764	-24.614502	948000	-0.09258437	189.84512	0.0	-57.265656	0.7479442	-1.0877848e-09	1182.0105080604553
237	197.13684	79.91885	264.2813	11.255613	317.58334	57.434845	11.853412	80.51229	-14.8842945	952000	-0.0053671272	936.386	0.0	-477.35873	0.80518186	-2.9355287e-09	1186.1308557987213
238	223.19208	66.866714	279.35495	22.90432	357.36365	50.104866	21.733892	92.65671	-33.04758	956000	0.033979297	559.667	0.0	-242.08603	0.7321345	1.2367963e-09	1190.2171320915222
239	219.03554	94.12995	281.74277	-0.17580229	332.16666	50.197506	18.956657	92.304924	-19.936897	960000	-0.057782177	680.2473	0.0	-158.00677	0.7936934	3.427267e-10	1194.4878928661346
240	226.06432	73.05925	286.39496	16.465385	344.45456	42.37317	26.704456	86.212395	-33.06589	964000	-0.0326782	927.35425	0.0	-322.85095	0.69452655	-5.960465e-11	1198.6504108905792
241	203.20474	101.91947	273.50458	-19.684061	313.9091	44.04425	22.812693	88.59744	-17.888638	968000	-0.026644561	1045.4843	0.0	-310.16382	0.73981285	-1.0877848e-09	1202.7547419071198
242	177.21771	125.64904	276.87033	-101.15608	352.0	41.255756	26.853249	86.03122	-33.1598	972000	0.012059007	928.0579	0.0	-403.18158	0.74748075	1.385808e-09	1206.7096829414368
243	214.80754	94.17139	292.0202	-10.18527	299.92307	54.228973	17.265146	91.45813	-34.088524	976000	-0.058310915	889.8044	0.0	-349.1245	0.75616735	-4.917383e-10	1210.7311148643494
244	201.87866	98.81544	269.94733	10.030126	292.23077	54.72883	20.46109	88.721855	-20.849375	980000	0.040943377	1018.15875	0.0	-213.32007	0.74414384	-1.937151e-10	1214.7562220096588
245	222.71725	90.42715	293.5713	4.461302	305.76923	56.613834	18.866503	86.09071	-12.825193	984000	0.00628889	686.63477	0.0	-139.75787	0.73328453	1.3262034e-09	1218.6986968517303
246	240.45107	23.366154	290.19412	188.0692	325.33334	52.89389	18.456812	88.8314	-14.13282	988000	-0.052804664	463.832	0.0	-105.31592	0.7387427	9.983778e-10	1222.7301678657532
247	144.9104	136.5203	286.48834	-34.4758	286.41666	47.29711	23.286293	90.37496	-32.544968	992000	0.0014344921	1493.3213	0.0	-667.2405	0.775183	3.6656858e-09	1226.825766801834
248	198.52074	107.151344	299.18317	-37.90011	344.81818	41.032436	25.182833	80.092735	-35.197502	996000	0.02801754	1257.144	0.0	-283.26837	0.68832237	-3.1292438e-10	1231.0090708732605
249	235.42258	36.179153	282.57657	170.30843	377.1	38.09819	22.984184	84.21202	-24.169704	1000000	0.005919709	753.6874	0.0	-198.05713	0.6967724	4.4703483e-10	1235.2730088233948
250	249.91153	27.148228	282.97726	194.82451	385.9	45.41535	23.039648	91.68411	-32.635277	1004000	-0.059641868	588.4863	0.0	-277.14926	0.6418695	-2.8312205e-10	1239.607656955719
251	192.23769	96.57328	261.7941	-36.80125	310.83334	55.495583	18.223782	90.88553	-0.8471464	1008000	-0.019696217	741.77826	0.0	-318.47256	0.82561755	5.811453e-10	1243.709862947464
252	214.7045	73.21372	280.17117	-4.81523	343.0909	51.33523	21.877789	83.77139	-15.641638	1012000	0.041155234	754.6216	0.0	-273.5202	0.71068174	-6.854534e-10	1247.8699357509613
253	257.17133	18.831696	280.38528	216.3666	320.75	55.650517	16.035622	84.20993	-2.2756948	1016000	-0.03748359	180.47269	0.0	-123.485535	0.7822745	-1.0728836e-09	1251.764313697815
254	189.74467	104.56623	280.19586	-9.563301	301.25	57.126408	19.487862	88.223755	-32.433384	1020000	0.027146464	1142.8312	0.0	-595.15405	0.76625454	3.5762787e-10	1255.75567984581
255	172.86264	116.47284	279.8321	-9.14477	357.72726	36.527016	31.763153	91.4487	-37.1119	1024000	0.0040354193	1649.162	0.0	-427.93872	0.6437236	2.220273e-09	1260.012265920639
256	221.85562	98.636314	306.63037	-13.637259	306.69232	46.632298	23.632479	79.98148	-36.513287	1028000	0.02760146	789.8365	0.0	-285.05325	0.7377131	3.1292438e-10	1263.9696230888367
257	171.58937	125.32109	285.74673	-23.915882	349.36365	47.014267	25.765799	86.3176	-36.589027	1032000	0.0344261	1094.6278	0.0	-410.44098	0.7149535	2.1010638e-09	1268.0176048278809
258	160.14215	125.387024	289.02957	-45.72919	322.91666	40.322266	32.159557	83.45854	-39.708958	1036000	0.015609125	1343.5006	0.0	-249.83496	0.69827235	-9.983778e-10	1271.985729932785
259	189.68018	118.554726	289.92883	-65.39029	328.16666	34.73636	29.507675	83.018776	-38.4151	1040000	0.002967593	2190.8945	0.0	-1105.8542	0.6802049	-2.30968e-09	1275.8451688289642
260	229.52435	64.42504	282.41406	26.085999	299.0	47.00009	22.654648	83.622574	-22.891031	1044000	-0.13891537	813.184	0.0	-502.3637	0.6988121	1.2218953e-09	1279.8362927436829
261	197.20578	94.91887	305.82925	16.128008	306.6154	51.905304	18.198547	94.097725	-3.2364254	1048000	-0.004744728	1088.3458	0.0	-154.00555	0.75722617	1.2367963e-09	1283.7407717704773
262	146.92245	112.75588	273.843	-16.35203	301.53845	44.45385	25.459051	86.74144	-31.291414	1052000	0.022364348	1443.3075	0.0	-490.28522	0.7168607	-1.3560056e-09	1287.867003917694
263	122.55087	138.11563	271.71487	-43.340214	311.16666	33.685677	31.888739	84.0322	-35.74924	1056000	0.015514984	1958.5463	0.0	-731.22644	0.72525305	-4.768372e-10	1291.766066789627
264	165.5932	115.2734	285.8089	-43.9593	346.27274	37.574764	22.862848	80.190834	-34.854343	1060000	0.08387492	1356.5537	0.0	-432.17572	0.68024474	-1.847744e-09	1295.7615900039673
265	152.8974	134.64346	293.01044	-49.951122	296.76923	39.853344	25.322165	87.88679	-37.261925	1064000	-0.07894406	1279.3629	0.0	-389.0739	0.80818295	-2.682209e-10	1299.7061488628387
266	169.87944	116.30261	290.09308	-18.977589	319.91666	36.72558	31.917307	91.921455	-38.37414	1068000	-0.00016301464	977.24774	0.0	-348.25287	0.8263683	-1.3411046e-09	1303.6397588253021
267	215.77481	66.23929	271.86536	26.668447	372.1	30.128944	32.398148	79.12184	-38.914948	1072000	-0.044896174	1150.9497	0.0	-609.3641	0.7452748	-1.2069941e-09	1307.8352959156036
268	231.27957	82.16541	294.67752	-3.7425346	388.9	46.18428	19.131933	85.588066	-37.351665	1076000	-0.060487445	758.4945	0.0	-296.2647	0.7959131	-1.0579825e-09	1312.1569647789001
269	200.96411	94.88264	278.88513	-2.4324694	340.0909	44.420288	24.54313	91.11215	-36.62397	1080000	0.014275845	974.19794	0.0	-210.43121	0.762541	1.4901161e-10	1316.2794208526611
270	248.58125	20.435226	298.82114	223.67497	358.9	45.646572	20.794115	89.31432	-35.557323	1084000	0.018117571	255.12473	0.0	-146.82602	0.7378334	2.5331975e-10	1320.7351989746094
271	243.17982	30.838455	285.50125	162.21437	350.63635	51.12879	17.704782	85.40773	-9.809323	1088000	-0.029251162	308.58957	0.0	-53.96408	0.764805	1.0430813e-09	1325.1096560955048
272	242.02582	35.184258	271.04736	133.59352	360.45456	49.756283	25.158995	91.728676	-31.737179	1092000	-0.05966173	561.55664	0.0	-180.0686	0.74540234	-5.960465e-11	1329.4153809547424
273	257.25095	25.97742	287.63956	210.399	352.27274	55.65807	22.515202	99.65456	-14.139741	1096000	0.08145078	262.2088	0.0	-155.8739	0.7223681	-8.791685e-10	1333.5426008701324
274	252.99506	20.786806	285.1278	224.10095	331.83334	57.62696	15.090197	89.30731	11.996369	1100000	-0.052087177	98.66624	0.0	-35.83183	0.79616934	-1.0877848e-09	1337.646360874176
275	235.177	81.032	283.05237	-24.83814	327.16666	59.12946	16.76653	93.59596	-17.26954	1104000	-0.018782074	411.4525	0.0	-216.74898	0.8155829	1.4901161e-10	1341.7186880111694
276	223.38634	71.00778	288.67303	14.360612	343.63635	38.379997	32.706944	93.22486	-49.336838	1108000	-0.016533975	969.8803	0.0	-260.0028	0.7429127	2.384186e-10	1345.7794947624207
277	168.11891	111.93282	275.54413	-39.030743	354.27274	42.347755	30.234613	96.990944	-52.245228	1112000	-0.036314704	1065.9298	0.0	-337.21918	0.7453011	8.3446505e-10	1350.0688240528107
278	204.30258	94.867134	276.54028	-11.452918	344.72726	26.638247	35.192215	92.901726	-59.99387	1116000	-0.04204617	1142.9009	0.0	-417.75507	0.72463816	-2.115965e-09	1354.1845409870148
279	223.09355	108.10748	301.37842	-112.49221	359.54544	52.364468	26.966534	105.43905	-28.803474	1120000	0.047832962	481.06073	0.0	-73.0361	0.7368191	-1.5497208e-09	1358.2960000038147
280	222.76825	114.288216	298.37094	-130.92697	341.45456	45.492485	26.922731	95.73638	-64.427864	1124000	-0.028836783	977.4948	0.0	-422.15167	0.72675866	-4.6491624e-09	1362.2927038669586
281	228.58401	48.817368	283.8083	144.34642	393.1	48.661964	27.51641	96.52987	-16.225685	1128000	0.0054101883	1504.9508	0.0	-517.4548	0.6712324	-5.9604643e-10	1366.7354729175568
282	212.72249	91.99301	274.45413	-34.089214	310.83334	45.55914	17.308142	89.05632	-37.863045	1132000	-0.044647593	1131.7726	0.0	-523.64636	0.78805625	1.4901161e-09	1370.915364742279
283	234.74193	21.818985	260.31433	176.13342	347.63635	51.287415	20.534369	97.482315	-11.744198	1136000	0.009658251	605.9043	0.0	-214.98386	0.7535534	-1.9967556e-09	1374.999934911728
284	208.24974	84.30959	260.9216	17.928217	309.91666	56.393215	14.31367	95.022316	-27.45538	1140000	-0.048019484	860.82825	0.0	-218.71515	0.84445035	2.6077032e-09	1379.1690669059753
285	266.075	23.255493	301.52322	210.0086	350.0909	49.96383	21.794317	91.698265	-32.831608	1144000	0.08251879	500.55655	0.0	-247.01709	0.67061764	1.937151e-10	1383.1676139831543
286	239.82085	61.863537	281.45578	40.899117	312.25	60.808018	16.904985	98.48545	-39.71934	1148000	-0.06397651	417.40967	0.0	-96.95178	0.7654001	-2.3841857e-09	1387.103589773178
287	253.45589	26.29005	285.8509	217.20264	319.41666	58.57406	20.837646	99.329704	-24.856647	1152000	-0.011333915	279.7464	0.0	-151.50456	0.69809425	7.8976153e-10	1391.152370929718
288	227.77863	66.58621	275.09607	19.306042	311.08334	61.428852	16.82765	102.25351	-31.111403	1156000	-0.0059960936	814.1891	0.0	-254.55322	0.7550446	1.296401e-09	1395.050256729126
289	217.08461	94.10963	286.9275	-0.577342	294.6154	57.60937	19.255726	101.06042	-31.505756	1160000	0.0016132134	682.9236	0.0	-141.84723	0.7380327	-7.8976153e-10	1398.9821407794952
290	175.22693	115.25626	277.7931	-3.947463	306.66666	51.16213	25.406239	102.58677	-41.092335	1164000	0.042087976	1069.6178	0.0	-366.40192	0.69771904	1.0281801e-09	1402.844200849533
291	227.2537	73.64792	280.68414	-14.791355	306.07693	40.750626	28.950977	91.08442	-37.14187	1168000	-0.08290013	1084.3813	0.0	-637.754	0.7341786	2.30968e-09	1406.8507359027863
292	242.39764	66.151	308.22855	32.60157	303.0	63.976337	16.481764	101.35503	-27.325003	1172000	-0.0035812785	482.75684	0.0	-93.04602	0.7026414	9.0897084e-10	1410.7321338653564
293	243.54729	61.748943	286.50497	44.419582	320.25	53.275383	22.392923	102.13663	-21.15255	1176000	-0.014975774	942.2647	0.0	-360.82098	0.61231315	1.8179417e-09	1414.8340768814087
294	203.76566	101.10071	295.16373	-15.616735	257.4	54.702858	22.731003	97.36794	-58.420452	1180000	-0.010369175	834.3671	0.0	-285.8462	0.71215767	5.811453e-10	1419.0180158615112
295	220.18623	89.6417	315.1246	4.331664	272.42856	65.9835	13.873009	101.87185	-43.54015	1184000	0.002374547	966.3	0.0	-424.7561	0.7225307	-6.2584876e-10	1422.891940832138
296	229.00818	94.952385	312.99106	-10.342226	277.2143	58.876423	22.658585	94.118065	-44.775944	1188000	-0.022802856	549.8774	0.0	-67.14938	0.69191325	3.874302e-10	1426.7608439922333
297	203.87987	101.52063	287.66687	0.9591988	281.07693	47.205208	28.301281	103.469986	-45.031574	1192000	0.014465042	989.36993	0.0	-141.52393	0.67980325	6.705523e-10	1430.5414278507233
298	221.85072	90.566605	311.83682	11.4739275	275.30768	53.285507	24.095905	100.78251	-41.613895	1196000	0.03733	1069.1503	0.0	-339.51892	0.67816454	5.9604643e-10	1434.3811597824097
299	272.7334	13.89734	301.13416	258.61624	308.58334	58.550762	25.432983	105.61091	-46.806995	1200000	0.078803495	656.3037	0.0	-359.81686	0.59904724	1.4007091e-09	1438.2302508354187
300	176.56581	111.319626	282.1554	-16.434511	244.8125	64.392494	18.20216	102.93399	-47.884136	1204000	-0.039437722	1649.7405	0.0	-650.34985	0.73851347	-1.1026859e-09	1441.8952839374542
301	195.13004	113.97357	299.5517	-21.279589	257.73334	51.21108	29.63448	105.31577	-52.184002	1208000	-0.014171862	1680.0679	0.0	-720.39716	0.70582837	-9.834766e-10	1445.6101257801056
302	218.6493	93.69902	300.47134	-5.295128	277.7143	55.488014	24.676805	101.81079	-47.17269	1212000	0.027196538	871.1919	0.0	-238.72394	0.7005596	-2.1010638e-09	1449.4418497085571
303	168.72633	115.09048	272.31607	1.8271065	248.64285	61.7613	25.102573	109.047226	-47.612255	1216000	0.04126701	1640.3811	0.0	-1075.4646	0.690927	1.4007091e-09	1453.1300988197327
304	168.4437	114.95992	300.71246	-1.5632565	241.13333	53.06871	25.422085	105.93716	-47.353443	1220000	0.045026243	1198.9855	0.0	-367.90704	0.70908594	-1.0877848e-09	1456.7852227687836
305	241.49731	65.99909	295.97595	34.704815	287.76923	48.19517	29.150455	91.878914	-48.71859	1224000	-0.03932675	1208.5023	0.0	-542.318	0.6795876	-2.115965e-09	1460.63001871109
306	201.99474	104.331566	292.59106	12.767875	264.33334	58.73561	26.941732	102.938576	-49.170033	1228000	-0.053455807	1144.1956	0.0	-425.93488	0.74226624	-3.7252904e-10	1464.36874294281
307	229.42896	74.07372	297.92703	38.50484	275.2857	57.95974	24.407547	98.16436	-35.274357	1232000	-0.04344355	987.90326	0.0	-356.73334	0.70373183	4.0233136e-10	1468.1677639484406
308	259.16678	24.829762	290.88956	207.32072	298.92307	60.373386	21.39245	94.27416	-10.375035	1236000	0.06847153	705.7842	0.0	-313.74332	0.6473141	-1.2069941e-09	1471.9942426681519
309	223.13063	72.53858	277.94492	55.257553	287.92307	62.58204	21.365583	111.02225	-8.874909	1240000	-0.06910099	1148.9413	0.0	-526.082	0.71964455	1.937151e-10	1475.8362329006195
310	236.46594	57.47722	276.96094	69.53435	326.0	56.494766	21.86981	91.959015	-1.6335267	1244000	0.030211326	735.9897	0.0	-217.961	0.67235416	3.5762787e-10	1479.8603110313416
311	248.72044	60.3455	298.31918	43.886765	277.2857	63.502922	16.632448	90.87937	-29.679964	1248000	-0.0012152224	404.38962	0.0	-70.92612	0.70994633	1.1026859e-09	1483.5824828147888
312	248.31087	60.79268	290.66687	42.848705	299.0	62.51644	19.554678	100.06571	-8.195432	1252000	-0.021516345	502.53287	0.0	-66.68344	0.76002526	-5.9604643e-10	1487.4320356845856
313	254.04842	26.189493	286.05347	175.82515	301.0	60.658375	19.654905	99.43165	-3.6133256	1256000	-0.042440098	327.05203	0.0	-84.910904	0.68307734	-6.556511e-10	1491.3445329666138
314	253.30273	23.362356	290.05026	198.55054	314.33334	59.435795	21.175488	97.053154	-2.230401	1260000	0.06207812	639.0777	0.0	-230.6825	0.7043548	-4.3213366e-10	1495.2807948589325
315	243.47029	50.163387	286.7207	77.91259	291.30768	64.19588	15.697827	104.558464	6.7855473	1264000	-0.08967059	365.45123	0.0	-98.58322	0.78389674	5.9604643e-10	1499.0685749053955
316	237.19357	81.60827	295.99432	43.173138	285.53845	64.42467	19.413227	104.9186	-39.36195	1268000	0.0050988933	639.7585	0.0	-155.10303	0.7342979	-1.7285346e-09	1502.9748227596283
317	256.87082	14.192918	274.94092	218.30713	316.41666	58.340843	23.084293	96.991135	-49.93406	1272000	-0.0680749	254.84425	0.0	-112.890045	0.78522754	-9.685754e-10	1506.9220249652863
318	247.24677	66.2329	306.49936	36.381763	302.15384	65.37636	20.662163	105.879616	-38.137157	1276000	0.033606984	402.3848	0.0	-106.62781	0.72121495	-9.834766e-10	1510.7835268974304
319	265.55804	19.179136	302.06003	227.50151	306.30768	62.67945	19.304558	101.18413	-27.553345	1280000	-0.042492535	335.1358	0.0	-245.49054	0.71804833	2.0861626e-10	1514.6436638832092
320	244.22038	55.06973	300.2516	57.12488	280.07144	68.340195	14.717357	102.446526	-34.810314	1284000	-0.037676826	492.84338	0.0	-354.07816	0.74406767	1.0877848e-09	1518.3817238807678
321	212.45607	86.93066	289.55075	34.072628	265.93332	62.91821	23.631378	109.36865	-42.66129	1288000	-0.010070832	925.0034	0.0	-248.52533	0.773933	-3.7252904e-10	1522.1655559539795
322	264.33524	20.733091	297.83676	232.56885	275.07144	58.654884	22.158363	96.51447	-27.810055	1292000	0.033834767	509.96643	0.0	-434.26172	0.7113246	-1.7434358e-09	1525.896845817566
323	255.15761	29.764763	294.4264	178.94644	323.25	64.781944	19.257828	106.12563	-7.982315	1296000	0.049364135	502.88174	0.0	-273.6095	0.6858811	-1.1771918e-09	1529.945767879486
324	259.17026	23.69937	287.34088	194.11497	331.25	65.89686	20.201828	110.53866	-26.090792	1300000	-0.021071361	579.5865	0.0	-281.0548	0.6798488	1.5944243e-09	1534.0181968212128
325	255.40048	62.389378	298.31644	39.30269	272.64285	59.205463	22.097609	107.9048	-40.90251	1304000	-0.034810722	711.3498	0.0	-281.77692	0.65557015	-1.7285346e-09	1537.7541818618774
326	251.90392	19.824465	280.65216	217.92287	276.5	71.70673	12.516577	110.937256	17.30516	1308000	-0.04931803	107.68119	0.0	-15.111382	0.7310128	-1.6391277e-10	1541.5465908050537
327	250.31755	54.038494	285.28452	60.609756	278.2857	67.48867	15.899848	110.4231	2.9762893	1312000	-0.024431158	573.1061	0.0	-154.09521	0.6607476	-3.2335519e-09	1545.2983810901642
328	252.61848	65.08214	296.69275	29.255156	271.7143	67.33485	22.214983	110.82302	-30.844284	1316000	0.04038121	613.5505	0.0	-240.95026	0.70775384	5.811453e-10	1549.0059447288513
329	241.10887	51.866955	313.00925	64.19026	251.66667	70.91158	13.80989	111.89931	-15.114719	1320000	-0.056093946	313.13376	0.0	-97.37096	0.70049953	9.23872e-10	1552.753586769104
330	273.31604	16.773767	294.39685	241.53616	264.73334	72.951866	15.129538	113.39159	-0.0916127	1324000	-0.010287351	143.38075	0.0	-78.95967	0.6829103	-1.0877848e-09	1556.4549849033356
331	234.6209	82.48603	296.97885	27.62716	260.8	74.20288	15.038413	113.38285	-49.375546	1328000	-0.046585135	676.7732	0.0	-312.36194	0.6308417	1.6093255e-09	1560.0316259860992
332	238.81229	76.456985	305.1713	41.836937	250.0	71.92028	15.835337	110.93494	-51.39166	1332000	0.004370238	701.10425	0.0	-90.85828	0.65922594	3.1292438e-10	1563.7114479541779
333	210.17531	100.16135	294.91187	15.035913	269.5	62.0801	26.216726	111.921135	-52.677933	1336000	0.007164058	1035.4856	0.0	-238.76007	0.6850919	-5.5134297e-10	1567.4321956634521
334	221.29877	93.93905	281.36002	0.44265172	234.375	61.61018	24.64647	108.8734	-54.989227	1340000	0.009858762	760.365	0.0	-193.11328	0.7064768	7.0035455e-10	1571.0429229736328
335	269.25107	21.48483	305.9831	229.80069	263.93332	64.24634	26.4331	106.06518	-55.33575	1344000	-0.038126953	768.04785	0.0	-469.75998	0.6410948	-2.8312205e-10	1574.6754658222198
336	254.76816	79.712204	310.90448	37.11728	248.125	79.08586	14.677966	110.700485	6.222107	1348000	-0.023114871	762.2761	0.0	-291.5442	0.65350604	-2.0861626e-10	1578.240257024765
337	205.86707	105.22754	307.84976	-6.8110414	231.64706	67.47273	21.608038	113.49136	-54.539345	1352000	-0.09213777	1631.581	0.0	-377.4513	0.6600021	4.4703483e-10	1581.843121767044
338	200.97531	116.16829	317.93143	6.4482975	231.64706	66.21684	26.93678	118.375015	-55.808975	1356000	-0.04483588	1479.7437	0.0	-281.51	0.646853	-2.7269125e-09	1585.3895888328552
339	204.15616	117.75749	294.68875	-22.855278	254.53334	54.04918	28.798811	112.122475	-53.08084	1360000	0.009130789	1505.7443	0.0	-323.87842	0.65561146	1.0728836e-09	1588.9513609409332
340	227.89294	96.87844	313.5913	14.537622	235.0	67.40675	26.600937	111.821236	-75.75253	1364000	-0.04585898	1159.3517	0.0	-197.62799	0.6424224	7.748604e-10	1592.4946670532227
341	208.59007	106.836334	305.80264	4.1583476	234.82353	64.32628	26.038677	113.29019	-58.66181	1368000	-0.01537798	1012.6547	0.0	-397.29333	0.70046794	-2.1904707e-09	1596.060693025589
342	255.61354	37.557697	306.82343	185.91562	306.53845	59.823254	30.769526	119.338005	-56.95398	1372000	0.035012443	1013.8638	0.0	-485.19397	0.6137626	-2.8312205e-10	1599.981286764145
343	240.58136	89.37539	300.43723	-4.068951	265.53333	64.81021	27.839924	120.00957	-56.5116	1376000	-0.041889377	728.1471	0.0	-222.71198	0.6097477	-2.5629998e-09	1603.7899279594421
344	269.28107	18.640821	294.0574	227.68085	259.33334	67.84988	17.764353	121.76145	-15.272052	1380000	-0.02787463	345.97455	0.0	-265.78113	0.65916324	1.5646219e-09	1607.3407497406006
345	260.299	62.903122	299.41687	35.7969	254.6	79.28133	16.213717	121.34811	-33.667633	1384000	0.017604971	502.70743	0.0	-127.21561	0.6445579	-4.4703484e-11	1610.998352766037
346	242.24365	65.42226	299.47192	23.583456	276.7143	66.70751	23.726624	121.1704	-59.30674	1388000	0.026837233	673.7941	0.0	-228.8294	0.67106134	1.5497208e-09	1614.745794057846
347	242.0073	79.59167	313.83502	-8.387561	272.92856	70.98659	21.212831	118.39216	-39.31874	1392000	-0.03288858	836.70013	0.0	-225.08557	0.66243774	-3.0398368e-09	1618.4729018211365
348	268.30878	25.872587	313.49686	217.54456	281.07144	64.83565	23.136038	118.75909	-24.454926	1396000	0.015946882	401.1262	0.0	-186.58481	0.59405977	9.23872e-10	1622.251338005066
349	264.8019	23.42028	308.5666	221.2017	273.35715	71.580826	22.365345	118.428345	-2.9056852	1400000	0.07239818	809.6837	0.0	-401.74896	0.5896406	-4.917383e-10	1625.9554460048676
350	244.26646	81.26674	308.47855	34.03191	244.625	74.064224	18.725578	117.05911	-52.965313	1404000	-0.023586338	845.1806	0.0	-384.69278	0.6655489	1.475215e-09	1629.4557559490204
351	237.00566	53.066116	275.76624	71.275955	319.0	60.190147	30.896704	112.79123	-19.937145	1408000	-0.023584656	491.76785	0.0	-112.57556	0.6431162	-3.1292438e-10	1633.511224746704
352	223.24521	87.532135	313.11652	1.7011997	260.46667	68.94364	25.522215	101.92931	-60.075184	1412000	0.0008920126	1047.6002	0.0	-388.9911	0.5688478	1.5497208e-09	1637.2560739517212
353	250.84052	61.047813	289.25128	20.397655	246.5625	61.841686	29.196268	101.93033	-45.212494	1416000	-0.008862208	733.70325	0.0	-525.28174	0.6600897	5.2154064e-10	1640.8022317886353
354	244.29036	66.027435	294.31503	14.980022	261.4	55.817722	40.07344	105.81867	-48.653423	1420000	-0.033131562	1131.0712	0.0	-398.96936	0.5729038	6.556511e-10	1644.4135828018188
355	234.56769	88.7732	299.0627	49.915382	251.46666	73.5988	22.596354	111.761406	7.9201775	1424000	-0.012141861	1432.4261	0.0	-511.88757	0.5881763	-7.8976153e-10	1648.0155110359192
356	195.75064	108.45279	294.90918	5.2178187	276.7143	61.829876	27.051193	104.2198	-49.569485	1428000	0.0022720275	1069.2058	0.0	-421.60107	0.64974815	5.811453e-10	1651.7677047252655
357	269.39865	36.637512	311.8976	148.56984	276.07144	45.52853	36.026897	101.89094	-58.198364	1432000	-0.011975752	1666.7152	0.0	-1277.0157	0.55177695	1.0430813e-09	1655.4684920310974
358	215.69553	96.57365	309.40616	12.759356	253.86667	78.16936	20.039072	114.92526	-57.932735	1436000	-0.003694578	1376.6157	0.0	-477.1869	0.5937809	1.385808e-09	1659.0828077793121
359	226.65509	90.623505	285.16626	3.0982237	228.88235	71.246864	15.624571	100.29834	-59.74871	1440000	-0.010393935	998.49854	0.0	-263.98022	0.6693506	-9.387732e-10	1662.5677618980408
360	252.59634	67.54475	300.20074	2.1544344	248.3125	68.037796	18.369513	98.51738	-17.328959	1444000	-0.0020395294	519.3241	0.0	-139.03018	0.6721036	1.3560056e-09	1666.1699318885803
361	221.71483	88.788284	310.9941	-25.831419	270.14285	64.61206	29.464737	107.326645	-39.928265	1448000	-0.03722039	1180.7207	0.0	-424.3343	0.6023119	-1.9371509e-09	1669.8442487716675
362	252.42537	62.94671	294.28607	24.370846	266.46667	64.08498	21.952353	94.52918	-58.511562	1452000	0.01231502	616.95306	0.0	-368.06824	0.62376076	-1.0430813e-10	1673.597524881363
363	246.19011	85.181725	324.76932	-56.193855	264.06668	74.63282	20.987959	111.98181	-2.532351	1456000	0.021072125	803.38635	0.0	-400.00385	0.63236797	1.475215e-09	1677.2621879577637
364	260.57828	71.82684	309.54752	1.1453156	261.0	73.94249	17.958677	114.04521	-38.763695	1460000	-0.07245043	646.5077	0.0	-208.79382	0.62886184	3.8295984e-09	1680.9078838825226
365	271.4424	20.150759	301.21802	234.5402	290.53845	70.39856	20.025528	114.67829	7.2448125	1464000	-0.06230987	241.21423	0.0	-83.43771	0.6924139	2.1755695e-09	1684.853747844696
366	245.71729	59.85906	290.801	37.92841	269.2143	72.52494	15.730125	113.81273	11.30201	1468000	-0.0047313757	478.4274	0.0	-58.94818	0.72430027	7.748604e-10	1688.616544008255
367	254.08846	56.184513	296.9749	64.18212	267.92856	69.7872	16.966652	107.05729	-56.00249	1472000	-0.046870004	391.6336	0.0	-97.92917	0.69078386	5.960465e-11	1692.3303668498993
368	259.0407	32.587563	306.20856	189.99988	274.35715	68.24738	23.971674	110.50658	-23.566532	1476000	-0.022241633	344.12354	0.0	-179.7504	0.6976687	2.1904707e-09	1696.0921547412872
369	257.07147	73.2716	316.91202	-4.5091624	256.53333	71.84345	23.278116	113.48783	-53.367046	1480000	-0.020591184	489.5851	0.0	-152.79608	0.6756937	1.0579825e-09	1699.79150390625
370	267.55988	27.949738	314.22073	220.10463	268.0	71.67328	22.575258	109.99849	-46.051853	1484000	-0.024937121	336.27264	0.0	-140.55476	0.6806708	-1.475215e-09	1703.6012139320374
371	263.23618	27.778313	305.988	200.14906	281.42856	69.671425	22.666586	110.298965	-7.287049	1488000	0.011492532	184.20288	0.0	-39.080536	0.6402348	1.6838312e-09	1707.4419949054718
372	246.0956	48.642883	302.25162	149.03345	360.72726	63.780266	25.66725	117.39777	-23.248762	1492000	0.096566625	1145.5175	0.0	-874.7149	0.5132071	-1.2516975e-09	1711.3955907821655
373	260.19202	16.47973	291.315	236.40825	266.14285	64.45827	19.698042	113.308304	-54.435406	1496000	-0.13291958	295.47195	0.0	-181.83252	0.7181673	-4.4703483e-10	1715.0506508350372
374	278.9281	17.434246	303.26224	250.9107	247.8125	76.27959	19.673727	124.67757	-6.891977	1500000	-0.012268137	193.26634	0.0	-121.31496	0.60739833	9.834766e-10	1718.6451530456543
375	276.84808	27.652214	318.26886	205.52342	277.7857	75.64699	23.738918	127.15599	-7.95652	1504000	0.0008619616	367.24963	0.0	-72.48877	0.628561	-3.6209822e-09	1722.3032529354095
376	246.77428	64.305504	288.55112	32.162693	269.5	71.34525	25.621632	118.61455	-53.887253	1508000	0.03791078	783.01715	0.0	-327.51138	0.5796704	-1.2814999e-09	1725.9341397285461
377	280.53345	25.339376	324.46628	236.92918	239.6875	79.576614	15.606889	124.46978	22.594755	1512000	-0.036548387	189.57994	0.0	-76.826126	0.60659146	2.3245812e-09	1729.4385957717896
378	242.40901	72.73849	297.08783	40.731686	283.2857	66.39003	30.124933	126.93883	-15.299629	1516000	-0.02656435	788.27094	0.0	-356.59082	0.57693076	1.5497208e-09	1733.0936980247498
379	256.39282	60.088722	304.18915	22.446018	228.11765	76.52972	16.915115	121.05005	-24.24702	1520000	0.009208963	433.978	0.0	-175.4798	0.6272032	1.6540289e-09	1736.5492689609528
380	267.91833	24.805141	306.77945	203.93437	235.05882	72.14592	32.527847	115.65544	-19.020653	1524000	-0.021613114	362.54803	0.0	-213.39206	0.6132797	-6.109476e-10	1740.0433909893036
381	212.58957	101.11334	288.4266	9.3287115	246.73334	68.26457	35.05867	119.139534	-46.183197	1528000	0.03873815	922.1745	0.0	-349.76312	0.5955381	1.7732382e-09	1743.5840368270874
382	276.46335	18.143902	299.6218	238.06606	224.125	65.584206	31.227112	107.770035	-35.15542	1532000	-0.009271289	1239.4437	0.0	-919.74786	0.5642785	2.1010638e-09	1747.0784299373627
383	280.46793	10.661507	294.37524	250.72931	235.05882	84.609406	15.545737	120.95177	38.228134	1536000	-0.057064846	88.444244	0.0	-23.775772	0.55865395	-3.3974648e-09	1750.5889778137207
384	262.36096	60.68295	313.61884	30.882298	230.41176	85.443016	17.679468	127.02545	-38.13402	1540000	-0.027196653	375.90637	0.0	-193.72502	0.5877007	1.7881394e-10	1754.0631999969482
385	209.21915	105.07078	294.33655	4.473722	212.16667	83.61776	20.10186	133.65257	-55.81392	1544000	-0.032965377	1753.7198	0.0	-498.99182	0.65861744	-6.556511e-10	1757.5326888561249
386	236.99762	76.9119	296.59125	-4.0794425	295.16666	52.796165	35.727913	108.21829	-62.90257	1548000	0.04741954	1244.6345	0.0	-491.3355	0.5074728	-4.5746567e-09	1761.354407787323
387	232.5855	78.57707	291.0053	15.474656	244.25	55.707672	34.359592	116.33802	-54.29414	1552000	-0.08554051	1369.6349	0.0	-777.4344	0.6289118	6.2584876e-10	1764.8875420093536
388	255.15001	68.316826	313.40417	22.058378	257.0	71.71875	22.487652	118.28649	-49.120182	1556000	0.025640974	692.6004	0.0	-172.73267	0.5829098	-1.3411046e-09	1768.4299609661102
389	234.1107	79.78555	304.54065	16.73832	315.08334	65.1228	27.121655	129.62234	-23.847303	1560000	0.051541813	723.97394	0.0	-392.8534	0.53853273	2.1010638e-09	1772.0333089828491
390	215.47192	74.102776	297.90054	68.425476	439.0	54.551327	25.777395	115.61448	-10.333224	1564000	0.056875113	1657.86	0.0	-1124.6797	0.5808444	-3.784895e-09	1776.252082824707
391	272.63535	17.700275	309.10916	248.00745	248.73334	56.888134	28.062239	117.29199	-44.53375	1568000	-0.12370663	885.61957	0.0	-666.7096	0.62653035	1.5348196e-09	1779.9059128761292
392	239.8586	72.19732	298.55307	-4.9606266	273.14285	67.1332	32.814514	128.15356	-52.60046	1572000	-0.018683631	693.9199	0.0	-275.56967	0.5966362	-1.1920929e-09	1783.690997838974
393	266.4329	14.451689	290.45248	237.09851	253.06667	68.27548	26.791784	120.58426	-40.792812	1576000	-0.07070648	526.0557	0.0	-409.03198	0.62035865	1.0579825e-09	1787.2913777828217
394	250.64024	55.54334	307.1674	78.17029	319.5	67.83334	27.013052	131.72452	-7.612488	1580000	0.035204522	811.6243	0.0	-491.96274	0.6000994	-1.4007091e-09	1791.2864699363708
395	249.63054	61.719105	316.2312	55.57079	267.7143	69.01336	28.371115	127.65099	-52.13185	1584000	-0.070620835	478.05334	0.0	-121.57977	0.629912	-2.4735927e-09	1794.9835319519043
396	250.26932	70.9554	304.61798	58.44264	307.69232	66.42689	29.073301	126.57234	-2.3043284	1588000	0.033948917	735.9344	0.0	-315.47394	0.5868717	1.6391277e-09	1798.706248998642
397	230.964	77.56045	293.23434	51.83341	305.76923	56.42017	34.68402	127.17621	-33.546703	1592000	-0.048962485	531.4356	0.0	-129.28043	0.6132988	1.0430813e-10	1802.7845659255981
398	255.50163	62.868935	294.22516	30.650372	251.13333	69.26811	26.488506	121.03592	-42.806023	1596000	-0.05993941	600.15784	0.0	-287.4876	0.6341778	2.2500752e-09	1806.3648357391357
399	251.24818	69.74057	310.31302	-1.970053	259.26666	73.089264	26.17191	124.32691	-10.027084	1600000	0.024552979	513.4157	0.0	-92.361725	0.6091024	-2.95043e-09	1810.0697400569916
400	261.62366	42.713223	293.25613	122.7619	307.07693	64.645775	28.089365	108.39885	-27.525747	1604000	-0.009344669	157.46663	0.0	-103.47919	0.6358817	2.3543836e-09	1813.959466934204
401	240.7002	75.57366	303.20575	33.10053	301.69232	65.20913	36.37404	127.27983	-47.828674	1608000	-0.009616242	528.5699	0.0	-241.12335	0.58365613	1.6540289e-09	1818.0019147396088
402	192.10033	107.49553	306.58545	-16.984043	350.81818	44.048466	38.590748	114.43623	-35.8389	1612000	-0.0428223	1130.0482	0.0	-586.50385	0.642873	-1.4901162e-11	1822.3408298492432
403	237.94656	81.47346	316.29108	10.858698	241.0	58.75119	32.774765	109.68913	-56.866867	1616000	-0.03005409	853.6103	0.0	-396.82895	0.6108146	-9.685754e-10	1825.9774537086487
404	260.846	38.30316	297.8331	144.08586	305.6154	58.317085	37.964058	110.10798	-29.102549	1620000	0.012816172	392.51633	0.0	-241.9833	0.6373111	2.0563602e-09	1829.8404068946838
405	227.4964	90.46868	308.0157	28.609846	228.94118	75.14963	21.365217	115.034355	-24.87511	1624000	-0.027080016	862.00494	0.0	-171.89325	0.6326679	4.61936e-10	1833.376130104065
406	254.04866	66.57662	297.83572	42.677544	254.66667	56.5396	36.991505	110.75812	-10.382396	1628000	0.0098972265	657.75165	0.0	-179.94308	0.5712086	-5.364418e-10	1837.129178762436
407	271.60287	19.450123	308.0771	234.42911	269.7143	73.65913	20.005203	110.36787	-39.122944	1632000	0.042752266	243.39961	0.0	-125.56005	0.57959765	-9.23872e-10	1840.7925827503204
408	215.90459	89.878746	308.08365	16.501486	387.2	47.8758	40.78746	123.273346	-47.722916	1636000	0.039178908	679.7579	0.0	-258.153	0.61767817	-1.0579825e-09	1845.3757908344269
409	227.46016	78.504715	288.55847	7.264055	226.86667	64.99473	27.218422	114.63118	-44.53161	1640000	-0.01671494	577.58673	0.0	-204.09683	0.60803163	4.768372e-10	1849.0356407165527
410	259.48074	70.112434	304.84183	-0.78444093	239.4375	73.55017	19.215736	118.05639	-27.796713	1644000	-0.009530942	394.0798	0.0	-125.22266	0.62356997	-1.3113022e-09	1852.631323814392
411	223.51561	102.07101	304.9402	-25.423779	290.30768	60.62945	38.556087	120.463036	-26.007399	1648000	-0.028559081	672.35724	0.0	-299.34348	0.6367565	-1.9073487e-09	1856.2880809307098
412	258.279	64.03062	310.0776	26.444986	254.73334	69.398384	21.964054	114.83012	-44.474075	1652000	-0.027100533	799.8348	0.0	-387.07224	0.65452695	8.642673e-10	1859.9670767784119
413	253.79007	39.665134	293.22998	126.95108	306.53845	58.053844	35.85436	132.69563	-35.439278	1656000	0.06870299	333.41278	0.0	-155.5976	0.59459484	1.9818545e-09	1864.0027267932892
414	257.71384	48.022747	311.60574	125.22868	331.3	47.1719	40.88434	128.1328	-29.776794	1660000	-0.0328424	188.82271	0.0	-43.550095	0.6445685	-5.5134297e-09	1868.0804028511047
415	271.76102	23.37558	318.73245	233.31229	253.86667	78.02462	18.138905	120.17758	-23.368143	1664000	-0.011067669	185.46753	0.0	-94.56994	0.5926392	-1.9669533e-09	1871.7578427791595
416	247.58484	89.07742	310.53656	-2.3633716	229.41176	81.14166	17.08082	127.705574	-30.650103	1668000	0.03625488	902.32074	0.0	-324.9994	0.6259633	7.301569e-10	1875.3282208442688
417	270.36203	19.657146	310.049	225.45963	237.5625	78.19978	17.26028	122.84769	-14.835573	1672000	-0.014751307	126.6895	0.0	-38.927567	0.66245735	-4.61936e-10	1878.9257848262787
418	256.8634	58.346355	295.64786	34.483116	228.70589	81.25486	17.05378	127.26027	-53.213924	1676000	-0.035728782	272.3166	0.0	-93.72368	0.63592273	1.9371509e-09	1882.4098858833313
419	247.17383	76.84584	319.2043	40.748318	225.64706	80.52074	20.633577	126.77951	-44.948635	1680000	-0.0048068697	428.67575	0.0	-205.70773	0.65324867	0.0	1885.850832939148
420	238.72719	73.1127	286.18326	23.936157	284.07144	62.83254	40.02039	122.082634	-41.400597	1684000	-0.0064128847	755.3029	0.0	-354.94693	0.6373715	-3.874302e-10	1889.804902791977
421	268.88617	18.690945	312.25363	241.02274	238.9375	78.13553	19.57255	122.35985	-13.417311	1688000	-0.04823191	298.06494	0.0	-183.26071	0.6011818	-1.7881393e-09	1893.347725868225
422	226.86263	89.60015	299.59366	-2.5382001	265.66666	74.47121	23.19003	122.36465	-58.34907	1692000	-0.013729685	1286.0537	0.0	-669.1296	0.55996084	8.791685e-10	1896.8558106422424
423	237.63686	93.64423	318.23718	21.52769	228.17647	76.64137	23.774933	121.113045	-61.54847	1696000	-0.013724178	991.7375	0.0	-189.5918	0.5663208	-6.109476e-10	1900.3588547706604
424	195.16475	112.65044	299.7905	18.847475	264.33334	51.11004	39.895878	122.39288	-60.64063	1700000	-0.018606443	1704.5168	0.0	-515.6526	0.60413516	-2.4735927e-09	1903.9769899845123
425	260.45065	48.05652	297.3118	100.136635	298.76923	55.449783	34.422794	115.88315	-48.532257	1704000	0.06102253	414.57788	0.0	-240.99648	0.6082634	2.4139881e-09	1907.9791388511658
426	220.62706	91.04303	306.16568	24.018393	289.92307	63.62599	37.290524	120.86983	-48.89106	1708000	-0.029566675	941.28815	0.0	-486.51398	0.6322775	3.5762786e-09	1911.984407901764
427	246.32002	84.15782	308.92868	0.8621717	229.88235	73.34346	25.41415	119.55504	-54.815865	1712000	0.01312313	471.51282	0.0	-182.06332	0.62964094	3.4272671e-09	1915.4884588718414
428	248.04086	82.040245	318.7215	18.565924	280.92856	64.60666	39.39005	135.45706	-61.754787	1716000	0.012591015	362.21188	0.0	-128.48366	0.650806	-1.5348196e-09	1919.5110557079315
429	254.57756	78.75785	320.91656	29.156918	282.14285	62.067467	39.233227	136.77943	-32.473724	1720000	0.020034805	700.8321	0.0	-242.7981	0.6086051	-1.2516975e-09	1923.324168920517
430	270.76935	14.075393	294.5689	234.50462	226.05882	81.45511	16.181007	136.03299	26.751936	1724000	0.083256826	107.988304	0.0	-49.239212	0.6326773	5.066395e-10	1926.8564767837524
431	251.55106	45.350056	315.08154	156.59123	387.6	58.4308	38.167164	130.97937	-1.2068039	1728000	0.11023073	464.18283	0.0	-345.67136	0.49081048	-1.5795231e-09	1930.4717988967896
432	191.88795	109.88432	297.58905	2.906557	264.26666	62.720543	39.849636	126.0901	-49.250603	1732000	-0.008430406	1280.7357	0.0	-522.4633	0.6717663	4.082918e-09	1935.2282917499542
433	245.48668	51.050026	294.5533	126.6789	396.0	34.02521	40.498825	112.30717	-55.893414	1736000	0.025365863	312.827	0.0	-160.99637	0.56819224	4.1723253e-10	1939.3557279109955
434	228.96094	77.26774	307.3716	52.251778	267.64285	64.94721	39.168537	126.516975	-56.36952	1740000	0.041945502	653.5553	0.0	-134.3476	0.6309287	4.6640634e-09	1942.9482958316803
435	276.78348	34.305046	305.61374	163.79149	305.46155	62.252617	35.224617	120.12271	-52.222397	1744000	0.05767835	826.53143	0.0	-637.73584	0.48200974	2.1457671e-09	1946.6804568767548
436	276.50644	23.392374	307.1788	210.08124	299.07693	64.56839	40.121204	126.39082	-13.686291	1748000	-0.07640493	460.22495	0.0	-90.56369	0.575474	-9.0897084e-10	1950.6950509548187
437	263.10388	53.801346	300.38632	54.44487	220.66667	81.688644	23.446482	128.43011	-0.017295241	1752000	-0.05759046	700.238	0.0	-342.1387	0.57771385	1.192093e-10	1954.2519459724426
438	256.37363	49.41968	299.10043	136.15898	398.8	49.82941	41.600605	137.30226	-6.2857704	1756000	0.0051718457	623.5224	0.0	-164.62491	0.5525881	-4.798174e-09	1958.663118839264
439	255.61328	72.13608	313.39142	56.49466	297.69232	62.40095	36.63742	135.35313	-12.423207	1760000	0.02860783	634.8852	0.0	-120.484314	0.59212667	2.3543836e-09	1962.5782918930054
440	264.2878	45.114536	311.34348	125.48987	296.3846	74.65428	18.577984	128.32281	-4.1324	1764000	-0.06138268	940.47736	0.0	-638.5049	0.60131174	-1.6540289e-09	1966.2727718353271
441	267.78104	41.36465	315.05103	130.21597	281.2143	63.337715	38.691273	127.70317	-13.942091	1768000	-0.04663686	277.76645	0.0	-108.38391	0.5649294	-1.4901161e-10	1969.9299838542938
442	227.61737	94.16711	299.30252	25.269995	286.15384	64.42589	40.980595	134.39743	-21.65004	1772000	-0.013025324	995.88715	0.0	-559.9647	0.5815234	-2.7269125e-09	1973.6216237545013
443	249.29346	51.25068	324.42883	54.780434	211.77777	71.85636	29.313759	116.913956	-42.217243	1776000	-0.044424314	612.3992	0.0	-339.68973	0.6149343	-2.1010638e-09	1977.1030840873718
444	272.65182	42.828876	311.7332	144.74146	295.46155	78.84077	21.585905	118.04594	-59.695366	1780000	-0.054565568	719.2725	0.0	-518.5082	0.6087891	-2.7865172e-09	1980.7817709445953
445	256.03784	64.83504	298.76974	56.6339	283.0	66.29634	36.185886	119.11118	-4.7050877	1784000	-0.044046022	593.1979	0.0	-176.46509	0.59657234	-1.4305115e-09	1984.3798978328705
446	263.8417	52.307	314.8023	106.514404	316.16666	62.722946	36.728268	122.42155	-7.273694	1788000	-0.007440151	302.9898	0.0	-74.20261	0.60167074	2.5629998e-09	1988.4470918178558
447	268.58078	17.73791	296.88394	241.89058	231.17647	81.49816	17.684917	118.25106	-13.72566	1792000	-0.039253395	196.53712	0.0	-38.70395	0.6337645	-7.1525574e-10	1991.9821808338165
448	247.75696	71.58783	305.30576	42.825214	222.23529	81.88928	20.058886	127.36566	15.9468155	1796000	-0.00013049436	754.77563	0.0	-221.88257	0.6029671	2.8014182e-09	1995.5099337100983
449	278.64325	16.374298	299.7416	246.24384	233.76471	76.539185	15.0708475	120.663414	8.825358	1800000	0.025450341	327.6105	0.0	-215.66946	0.55539626	1.013279e-09	1998.9988627433777
450	255.4141	54.531113	298.39035	50.42577	227.05882	83.67681	16.747509	124.10012	3.8929217	1804000	0.015077413	396.37445	0.0	-133.20544	0.5955677	3.7252904e-10	2002.506679058075
451	265.00943	39.057304	312.48837	146.36017	320.75	64.24782	38.758854	126.29478	-9.601233	1808000	0.044208493	415.20667	0.0	-147.17188	0.6171044	-2.2947788e-09	2006.5489988327026
452	255.4687	34.714184	298.55713	144.46582	272.92856	64.33848	39.481415	119.55086	-17.46516	1812000	-0.048555728	186.4494	0.0	-78.34418	0.62475806	4.917383e-10	2010.4294641017914
453	234.75916	95.17997	304.5896	11.738168	224.70589	79.7363	22.25954	123.48546	-55.44312	1816000	-0.05144153	794.3621	0.0	-356.72543	0.6118922	8.3446505e-10	2013.9459919929504
454	268.58252	39.326218	311.97183	156.90297	319.58334	60.357025	34.048447	121.17847	-14.251129	1820000	0.071997784	598.6495	0.0	-320.58667	0.56642354	-8.940697e-11	2017.6594598293304
455	232.24844	97.43009	315.8787	6.5069394	294.69232	59.688507	38.927654	124.37176	-49.877266	1824000	-0.043765724	599.2544	0.0	-193.03378	0.6172652	1.4901162e-11	2021.4988029003143
456	201.85748	93.88745	283.4309	31.18863	387.9	40.141064	39.812935	123.01595	-29.590395	1828000	-0.03386823	768.1837	0.0	-325.2943	0.57454306	-1.4901161e-10	2025.3985049724579
457	248.81432	91.14106	314.61102	-23.758495	226.35294	73.35213	29.459505	120.69952	-89.705574	1832000	0.010396003	603.33777	0.0	-188.68472	0.61500007	-1.9222497e-09	2028.9427399635315
458	271.37775	20.278011	314.93942	240.75406	228.35294	83.299614	19.016842	121.840805	-44.502277	1836000	-0.03885727	153.1309	0.0	-88.004974	0.59398246	8.642673e-10	2032.4715209007263
459	264.98837	39.399437	318.50272	152.28824	297.6154	64.81514	38.805164	122.73449	-8.817864	1840000	0.028511185	154.90526	0.0	-68.74394	0.6415674	-4.6491624e-09	2036.267818927765
460	270.26782	56.276283	313.32468	59.269913	228.82353	81.23223	20.192919	127.80904	-55.52943	1844000	-0.053408172	536.15045	0.0	-326.78937	0.5974303	-3.5762787e-10	2039.859855890274
461	272.561	14.311458	297.2575	244.21692	255.53334	81.50042	18.408688	124.935684	8.883181	1848000	0.05057471	233.98964	0.0	-79.99411	0.57638615	7.4505807e-10	2043.5597970485687
462	257.43854	63.730156	312.3157	24.159567	240.3125	80.88205	16.551363	122.68809	-22.58909	1852000	-0.029951287	519.43567	0.0	-92.973145	0.6346456	1.1175871e-09	2047.0828757286072
463	259.30856	39.0232	318.0316	140.6158	285.14285	64.49726	37.394855	121.85856	-20.465733	1856000	-0.058507178	98.10135	0.0	-32.211853	0.6543935	-2.2351741e-10	2051.0382168293
464	270.66324	20.304134	308.97784	243.96371	254.86667	74.86115	30.844128	122.49159	-52.30536	1860000	-0.007824846	675.13104	0.0	-575.866	0.60783833	9.834766e-10	2054.6017668247223
465	270.2476	43.503136	317.5358	140.64105	305.15384	80.67745	16.196484	122.39703	25.781658	1864000	0.09885162	1151.4197	0.0	-968.1868	0.49133956	6.705523e-10	2058.2007858753204
466	252.02753	59.16053	308.46896	35.985905	243.75	75.700836	23.415094	122.10705	8.863261	1868000	-0.06167227	512.91736	0.0	-205.15155	0.60768294	9.685754e-10	2061.849480867386
467	236.2636	79.55677	309.0059	14.159455	274.0	64.70128	36.595524	114.73075	-14.397753	1872000	-0.011890116	540.45276	0.0	-258.22003	0.629789	-2.9802322e-10	2065.9084248542786
468	267.53467	43.878323	300.64417	126.28747	303.23077	63.279034	35.013	111.48258	-4.701463	1876000	0.04512953	255.50957	0.0	-50.399445	0.5825555	2.5629998e-09	2069.7500269412994
469	238.52017	63.84316	297.74658	126.0931	475.0	41.232048	39.89774	111.41017	-15.19361	1880000	0.0018357243	362.90482	0.0	-155.80452	0.6069106	3.0249356e-09	2073.870126724243
470	241.67058	62.263973	299.4565	113.23546	395.4	41.719883	41.0957	110.944435	-4.5116673	1884000	-0.039896216	299.27008	0.0	-70.47844	0.6251294	3.6656858e-09	2078.1643419265747
471	254.08784	65.130035	318.18558	127.55295	379.9	45.39503	42.887295	121.265045	-3.762546	1888000	-0.0057069627	218.74632	0.0	-32.04059	0.5651187	9.834766e-10	2082.3690638542175
472	199.90303	106.22333	279.7499	-17.286835	289.0	45.116417	41.14024	125.635025	-29.711838	1892000	-0.01394344	1099.1943	0.0	-390.1198	0.6349801	2.861023e-09	2087.016548871994
473	234.88219	84.23871	310.99384	-21.290695	292.84616	53.197678	34.391605	112.34467	-37.66571	1896000	0.0017539861	609.03235	0.0	-143.59991	0.64094394	2.9057263e-09	2090.905389070511
474	270.31683	43.017464	310.3696	137.15471	303.23077	59.402245	37.87968	121.96489	-21.579153	1900000	-0.02050099	585.163	0.0	-441.3545	0.601156	4.3213366e-10	2094.7730448246
475	183.27386	121.70805	304.2899	-33.71203	212.93333	66.41306	36.372406	136.7864	-30.729237	1904000	-0.00052059325	1956.461	0.0	-912.90234	0.60889417	-5.9604643e-10	2098.4235289096832
476	264.33032	12.763172	288.13824	246.17612	242.1875	70.34192	19.64949	118.02506	-40.466198	1908000	0.013536406	271.76605	0.0	-172.60718	0.57747364	-1.192093e-10	2101.9657747745514
477	231.89877	95.790215	312.40182	-13.1317425	246.75	76.709564	25.17131	121.77519	-46.894318	1912000	0.03167073	1228.0073	0.0	-529.0559	0.50738454	-1.7881394e-10	2105.55003285408
478	269.643	17.491667	293.42984	237.87161	233.0	70.08267	27.455202	119.074234	-19.500416	1916000	-0.05304227	453.79605	0.0	-281.11926	0.6207409	-6.4074995e-10	2109.281337738037
479	246.61786	67.70336	310.7384	71.777855	217.625	78.87831	27.603968	122.68698	-3.544086	1920000	0.015790097	704.66754	0.0	-128.51752	0.5980521	-2.6375055e-09	2112.854449748993
480	259.01254	39.77344	290.61218	125.42329	281.35715	63.20069	35.181896	111.5723	-7.715024	1924000	-0.053844355	246.7904	0.0	-67.14903	0.59430593	-1.4901161e-09	2116.708724975586
481	270.221	16.959114	299.75488	241.81384	233.94118	80.46641	18.26629	123.61056	12.911661	1928000	-0.026035456	121.2411	0.0	-53.00374	0.56607723	3.218651e-09	2120.2385997772217
482	237.85645	75.51174	309.46823	33.973038	227.17647	84.21287	16.571445	122.42175	-4.101994	1932000	-0.03184216	785.2983	0.0	-213.52881	0.63771886	-2.682209e-10	2123.7311758995056
483	232.74596	87.37956	303.9598	17.806538	212.88889	78.44021	20.291212	125.853325	-35.496815	1936000	-0.017550053	1003.82227	0.0	-431.95435	0.62674385	2.1904707e-09	2127.1724627017975
484	260.96817	51.524384	293.86047	79.16237	278.5	62.30462	39.331764	131.00102	-21.891115	1940000	0.053311527	238.37312	0.0	-104.769165	0.58195734	1.385808e-09	2131.561760902405
485	194.12318	117.99869	302.9132	-16.979942	260.33334	59.875443	42.189987	136.24602	-38.2745	1944000	-0.032446258	1084.0702	0.0	-316.19037	0.6264029	-2.1904707e-09	2135.9027540683746
486	258.73135	65.16396	296.00348	22.405756	226.66667	66.79787	31.153753	112.264755	-28.367432	1948000	0.060419068	459.6359	0.0	-125.585724	0.5736772	0.0	2139.6007549762726
487	261.68988	37.438946	293.68173	138.06844	298.76923	59.727676	39.617516	128.06963	-29.81179	1952000	-0.045043662	370.34158	0.0	-196.6153	0.6145791	3.427267e-10	2143.4202167987823
488	276.0172	17.501743	308.9958	240.92822	232.58824	81.0706	19.123348	132.37453	-13.487491	1956000	-0.04535539	231.40807	0.0	-153.50653	0.57583565	6.705523e-10	2146.8917779922485
489	256.5739	78.39287	308.6826	44.604694	234.82353	85.86145	14.970973	134.92313	29.90608	1960000	-0.031185688	795.34955	0.0	-325.05386	0.6375866	-2.026558e-09	2150.4707288742065
490	259.74518	74.11168	303.55524	-17.846897	249.5	81.09517	18.490389	133.55708	-3.8914483	1964000	0.024841283	426.68463	0.0	-119.872894	0.6117748	9.685754e-10	2154.049036026001
491	270.63916	15.544875	300.39087	244.78546	253.26666	78.1147	18.636728	126.7447	-14.374112	1968000	0.011314178	249.25772	0.0	-176.3607	0.6524471	3.3825636e-09	2157.651864051819
492	208.82126	102.473724	291.1834	-5.9927745	224.41176	81.47508	15.74979	121.55556	6.925151	1972000	-0.017380152	1621.6212	0.0	-765.667	0.66905177	1.3262034e-09	2161.175662755966
493	244.01338	61.53551	303.1493	14.766338	234.70589	73.56985	19.383776	118.86434	-52.12929	1976000	0.032181192	190.21971	0.0	-67.70569	0.6449075	1.5497208e-09	2164.792270898819
494	280.12296	16.408611	310.0682	236.92874	250.86667	75.149086	19.60251	123.615456	-36.907883	1980000	-0.024173629	313.04428	0.0	-243.80777	0.6583551	-2.9802324e-11	2168.418630838394
495	274.64252	26.070532	323.7072	220.36974	241.25	81.84845	14.703481	119.88967	50.393948	1984000	-0.0058063488	101.349655	0.0	-19.720177	0.6495919	-1.1026859e-09	2172.086949825287
496	275.99368	16.337116	298.12006	249.5852	254.86667	78.78923	16.589289	125.512695	44.87995	1988000	0.028867299	53.463932	0.0	-13.927116	0.6750961	-1.8030405e-09	2175.7471590042114
497	271.51715	18.514381	302.69943	244.36531	237.3125	82.92117	14.34685	130.24225	59.70942	1992000	0.03761858	68.8046	0.0	-8.868782	0.63145846	1.7732382e-09	2179.3417699337006
498	268.94147	44.08258	312.102	142.90695	314.5	65.84913	34.899593	133.33118	-8.379073	1996000	0.11563971	189.00694	0.0	-71.23941	0.59456587	-1.9967556e-09	2183.250231742859
499	262.28687	61.73119	315.10422	44.383568	226.1875	81.91216	25.991707	127.7824	-10.276594	2000000	-0.024457783	592.196	0.0	-101.83545	0.5928241	-2.5629998e-09	2186.9318459033966
