Epoch	AverageEpRet	StdEpRet	MaxEpRet	MinEpRet	EpLen	AverageVVals	StdVVals	MaxVVals	MinVVals	TotalEnvInteracts	LossPi	LossV	DeltaLossPi	DeltaLossV	Entropy	KL	Time
0	-260.05637	143.91747	9.204243	-597.3622	88.454544	-0.08589023	0.035947524	0.12304154	-0.22965692	4000	0.012045751	25835.877	0.0	-1152.0303	1.3495145	2.2053719e-09	1.0157060623168945
1	-199.28506	109.35141	-60.941868	-404.3916	90.11628	-4.1086297	0.5223738	2.1516964	-4.640757	8000	0.0075768977	14817.98	0.0	-771.03467	1.358804	-1.7285348e-09	2.0204551219940186
2	-179.66545	114.27362	-48.78879	-489.6792	82.375	-7.956074	0.07450176	-7.292455	-8.076572	12000	0.005501196	12635.936	0.0	-533.63916	1.365681	8.940698e-11	3.040695905685425
3	-178.26677	95.01585	-13.593217	-442.92004	86.391304	-10.81867	0.23019749	-3.812538	-10.899675	16000	0.001832014	10729.184	0.0	-465.604	1.3698896	2.0563604e-09	4.07862401008606
4	-138.98878	58.329456	-24.554138	-303.2547	89.09091	-13.426657	0.739207	-1.8975478	-13.5297365	20000	-0.0028852597	4820.3037	0.0	-234.93823	1.3727036	-1.5199184e-09	5.076178073883057
5	-154.82262	98.557144	10.111049	-429.30786	91.52381	-15.374677	0.2824898	-11.845006	-15.43377	24000	-0.002618283	7717.522	0.0	-305.7815	1.3724129	1.2218953e-09	6.072442054748535
6	-175.03566	101.76886	-1.0630056	-474.0917	97.95	-17.595684	0.11273052	-13.436004	-17.626936	28000	-0.0059317425	8751.293	0.0	-352.04834	1.3700284	-9.536743e-10	7.078290939331055
7	-167.19286	84.345055	-25.439276	-368.37604	91.18604	-20.021473	0.05716241	-19.327908	-20.042315	32000	0.0020160042	7648.5127	0.0	-345.91333	1.3696043	1.0728837e-09	8.081255912780762
8	-145.89793	79.21564	-10.153498	-365.81378	90.65116	-22.452633	0.017733546	-21.849457	-22.46537	36000	-0.0016363189	5142.616	0.0	-222.19922	1.3683586	1.3709067e-09	9.0782470703125
9	-154.3978	105.98026	18.466595	-442.87088	91.209305	-24.453337	0.026850827	-23.75368	-24.46499	40000	0.004143521	6973.1357	0.0	-231.48389	1.3663106	4.4703463e-11	10.07995891571045
10	-139.38086	56.11055	-39.97235	-282.08267	97.15385	-26.496626	0.009988986	-26.391068	-26.507711	44000	-0.004035242	3413.394	0.0	-170.66748	1.3645687	2.3245812e-09	11.082701921463013
11	-124.71413	73.11194	36.485016	-349.3792	93.80488	-28.296425	0.16142045	-23.396954	-28.313063	48000	-0.004583031	3519.9194	0.0	-119.298706	1.365695	-4.023314e-10	12.106307029724121
12	-135.18912	76.19843	-45.27707	-368.5775	97.575	-29.84609	0.032683942	-28.83339	-29.855062	52000	-0.0014636721	3972.8438	0.0	-165.32166	1.3633435	-1.1026859e-09	13.157323837280273
13	-107.92556	59.56215	6.300442	-234.15994	124.34375	-31.630703	0.11716966	-30.995243	-31.67017	56000	-0.0027194172	2110.1382	0.0	-29.6521	1.3652289	1.0877848e-09	14.693259954452515
14	-130.43233	97.760284	59.194996	-395.1428	138.39285	-32.37531	0.19725342	-31.167912	-32.44873	60000	0.010226652	3785.7732	0.0	-38.21338	1.3611865	-5.5134297e-10	16.521262884140015
15	-111.90242	57.902824	13.810903	-242.94075	98.7	-33.307186	0.027331581	-32.19791	-33.321625	64000	-0.0060528517	1851.4138	0.0	-70.68414	1.355483	1.6838313e-09	17.52384090423584
16	-91.65835	53.71382	16.996283	-231.06673	102.789474	-34.56738	0.09423966	-33.1814	-34.589615	68000	-0.01345272	1574.6895	0.0	-19.072266	1.3527348	-5.5134297e-10	19.166380882263184
17	-111.39068	75.60535	-13.914525	-422.16443	100.128204	-35.29243	0.06639909	-34.13974	-35.309006	72000	0.009005159	2553.1362	0.0	-57.553406	1.3460119	1.1920929e-09	20.604458808898926
18	-110.968445	47.946556	-17.456135	-253.51425	103.710526	-36.479942	0.029017419	-35.8025	-36.490414	76000	-0.0075589838	1532.3938	0.0	-62.2771	1.3427863	2.7418137e-09	21.62728786468506
19	-111.80031	73.28012	16.650383	-334.34033	118.393936	-37.7708	0.053239167	-36.551483	-37.782608	80000	-0.009238049	1896.3406	0.0	-41.36609	1.3364136	5.2154064e-10	22.88057780265808
20	-103.11886	55.80483	20.079533	-257.0085	103.6579	-38.85805	0.040844068	-37.945297	-38.868828	84000	0.0025329075	1521.1555	0.0	-39.110107	1.3231945	7.897616e-10	23.917305946350098
21	-148.03911	74.10656	-36.529	-324.47437	115.36364	-39.928524	0.048437502	-38.11842	-39.937794	88000	0.00815542	2872.4155	0.0	-146.11621	1.3167069	-2.3841856e-10	25.280356884002686
22	-117.522514	64.65062	-42.930374	-251.69322	113.111115	-41.74969	0.90192854	-35.638412	-41.974304	92000	-0.007429309	1854.6906	0.0	-271.82513	1.3203573	3.129244e-10	26.79745388031006
23	-100.921875	70.77124	-4.523178	-250.61371	120.84375	-42.507736	3.0579288	16.254717	-42.80076	96000	-0.012696758	1840.4467	0.0	-70.27246	1.3082998	2.9802272e-11	27.84543490409851
24	-100.41546	72.86007	-21.619368	-312.38907	115.121216	-43.503937	0.3940928	-31.666576	-43.538803	100000	-0.005289443	1712.3636	0.0	-16.887878	1.2969241	-1.5050172e-09	28.897728204727173
25	-108.73104	72.76242	-0.26891845	-276.69803	120.666664	-44.0179	1.6337372	-12.809993	-44.170826	104000	0.01197638	1956.5754	0.0	-31.68988	1.2815192	4.3064357e-09	29.94929075241089
26	-98.07399	66.73131	-1.9510332	-287.79013	126.63333	-45.11163	0.34035128	-33.26188	-45.143085	108000	-0.01485946	1398.6998	0.0	-1.440918	1.2821388	1.4007091e-09	31.00904679298401
27	-120.2736	80.46665	-8.770454	-331.53622	127.566666	-45.259995	1.5133256	-9.023092	-45.349514	112000	-0.0094293095	2132.3289	0.0	-40.753113	1.263556	2.4586915e-09	32.078816175460815
28	-67.3272	62.948742	25.040989	-310.20645	137.59259	-46.270046	0.19408312	-41.440037	-46.300148	116000	-0.023675803	2001.4645	0.0	-43.825623	1.2654271	4.172325e-10	33.233601808547974
29	-119.99494	94.44411	-1.1749715	-299.44122	142.77777	-45.081345	0.22945927	-37.942997	-45.109837	120000	0.00028459355	2553.189	0.0	-20.802124	1.2425072	-3.2633543e-09	34.51858115196228
30	-83.6269	71.35486	9.086015	-339.9681	139.85185	-45.878414	0.011903492	-45.68483	-45.88318	124000	-0.011802334	1613.2678	0.0	-1.7894897	1.2298443	-1.2516974e-09	35.67069387435913
31	-101.96893	145.81776	56.63792	-541.3143	262.64285	-45.432556	0.63043255	-29.91636	-45.67475	128000	0.017378718	4086.0195	0.0	-382.59802	1.268722	1.0877848e-09	38.023996114730835
32	-115.12529	96.67633	1.0252106	-369.70996	157.32	-43.14225	1.6538771	-11.53012	-44.48716	132000	-0.0067286193	2344.068	0.0	-60.117737	1.2066947	-9.387732e-10	39.90034008026123
33	-93.47554	82.99931	4.9963007	-301.25705	173.59091	-44.995102	1.813665	-17.451197	-45.28035	136000	-0.0020030811	2047.9395	0.0	-23.14087	1.2006195	-2.9802322e-10	41.666544914245605
34	-100.30467	92.1198	46.23557	-255.51309	226.41176	-42.888638	5.2412715	13.078495	-44.90094	140000	-0.018968709	2638.0334	0.0	-82.4762	1.2191434	-1.5944243e-09	43.578469038009644
35	-123.9532	97.13686	-7.8019714	-324.21368	178.0	-41.62314	6.69936	12.186766	-44.04556	144000	-0.0067399256	2087.4297	0.0	-119.49158	1.1972922	-2.682209e-10	45.74371910095215
36	-69.086716	79.75693	44.29977	-272.61102	193.88235	-40.383274	8.078894	2.3244972	-43.990646	148000	-0.033456843	1986.8862	0.0	-445.02246	1.1834966	1.3709068e-09	47.13384985923767
37	-86.867676	58.042374	-0.35264912	-229.62613	287.30768	-21.295366	6.402638	7.704136	-38.32647	152000	-0.031986542	896.72375	0.0	-30.977234	1.2009459	-6.2584876e-10	49.19815802574158
38	-44.931927	50.697975	24.576921	-172.8561	217.9375	-20.097391	4.5730715	-4.421832	-37.77784	156000	-0.025355946	1287.0638	0.0	-31.819214	1.1838088	3.874302e-10	51.92727494239807
39	-85.549706	91.85973	40.00035	-275.4486	204.94737	-19.025183	4.002497	4.3793902	-41.450592	160000	-0.016595256	1895.7139	0.0	-240.56647	1.145745	-3.859401e-09	53.573952198028564
40	-78.997894	69.0784	42.69938	-192.19946	263.58334	-31.632938	6.902985	-4.094609	-43.509823	164000	-0.022796985	1454.4619	0.0	-171.68274	1.1951821	-1.9073485e-09	56.092501163482666
41	-80.284966	68.8888	7.0207696	-224.7421	248.13333	-21.129126	5.47917	-14.959806	-42.787266	168000	-0.043831512	1012.25574	0.0	-38.66104	1.1364275	-2.8312205e-10	57.64993691444397
42	-97.82623	94.2811	15.6456995	-260.8934	404.22223	-24.952381	7.189808	-18.560215	-43.6505	172000	0.0041946154	1562.3699	0.0	-112.60858	1.1720872	-3.248453e-09	60.23608994483948
43	-94.51862	108.332245	11.290765	-296.38965	333.27274	-23.02717	7.7815228	-14.10033	-43.19756	176000	0.00022817776	1720.8235	0.0	-95.55432	1.1858058	-1.1175871e-09	62.51472496986389
44	-87.72206	115.87673	14.034455	-429.5493	269.42856	-23.171288	6.571331	-0.7852038	-43.435608	180000	0.005228065	2088.008	0.0	-342.796	1.1233064	-1.4901161e-09	64.45163083076477
45	-73.98212	81.18515	62.848812	-289.5304	217.70589	-21.232403	7.111114	-17.326647	-44.71841	184000	-0.023493089	1331.485	0.0	-51.210876	1.1114979	-3.874302e-10	65.7182149887085
46	-72.18004	90.474625	34.380264	-236.29263	343.1111	-31.795761	10.93718	-15.393255	-45.304985	188000	0.0066079795	1941.7101	0.0	-119.95172	1.1509843	1.7881396e-10	67.9678270816803
47	-35.477516	100.904625	57.066814	-258.10138	380.0	-24.825363	10.4419155	-16.443008	-44.665867	192000	0.001958117	1768.0181	0.0	-178.23322	1.161552	-2.0861626e-10	70.02878594398499
48	-1.2878554	35.084187	35.64552	-73.83425	383.22223	-19.915575	10.096638	-14.543869	-43.477688	196000	-0.060287602	940.5331	0.0	-122.928314	1.1785502	-1.4454127e-09	72.16326475143433
49	-27.95463	56.37626	20.178133	-132.57092	675.0	-17.097734	6.939273	-11.385626	-35.707645	200000	-0.017838644	815.09357	0.0	-61.170807	1.2204666	7.3015693e-10	75.50434017181396
50	7.558404	33.040405	63.04497	-34.45595	526.4286	-12.747865	4.0937533	-9.740805	-28.360653	204000	-0.016229544	862.7002	0.0	-37.378082	1.2203071	8.3446505e-10	79.01405000686646
51	-6.3169966	48.904163	57.26897	-114.00797	246.53334	-9.943805	3.4328856	-7.3850727	-36.4387	208000	-0.04389997	1111.5206	0.0	-176.35663	1.1438773	-2.8312205e-10	81.16118216514587
52	-25.414684	27.199316	16.03196	-75.82444	269.9091	-15.178033	12.479826	-7.775049	-41.140182	212000	-0.021384455	743.69336	0.0	-96.46973	1.1897094	1.0430812e-10	83.42992091178894
53	-16.57771	53.126915	39.010372	-152.87103	316.7	-16.43637	12.582411	-4.871787	-39.786083	216000	-0.045380972	979.33386	0.0	-89.06241	1.1842451	3.2782554e-10	86.2612829208374
54	-30.66075	69.020386	59.50304	-189.94458	307.63635	-13.039255	11.726795	-3.8395429	-38.540314	220000	-0.03498571	1141.4248	0.0	-96.22189	1.1771989	5.2154064e-10	88.5865089893341
55	-14.793991	50.203667	41.467754	-151.58463	343.45456	-15.885002	14.444465	-3.0463204	-39.626842	224000	-0.01925451	807.2231	0.0	-50.10681	1.1870553	-1.8030406e-09	90.68608903884888
56	4.5590405	43.044834	65.459076	-77.57029	242.28572	-13.970077	13.455468	-1.4784839	-38.40756	228000	-0.046540268	942.14197	0.0	-118.57648	1.131331	5.662441e-10	92.82402110099792
57	-1.9014816	45.1511	73.296104	-67.42072	385.1111	-10.532953	13.3575945	1.7496779	-37.486362	232000	-0.012799492	825.1023	0.0	-144.53226	1.1944981	-1.8179417e-09	94.7281448841095
58	-19.39026	47.8599	55.89125	-91.14526	269.7857	-2.349195	13.444405	9.828386	-36.316143	236000	-0.04713378	769.64905	0.0	-110.21735	1.121808	-1.937151e-10	96.70131707191467
59	5.9461627	30.379562	47.351036	-45.617218	577.8333	-12.404617	13.785172	8.842253	-37.79056	240000	-0.08049318	1036.5374	0.0	-246.82077	1.1806972	-4.321337e-10	99.37662982940674
60	-15.060046	49.27405	71.1293	-114.78041	294.75	3.7024648	9.5689535	9.348318	-34.12866	244000	-0.021396764	993.5355	0.0	-222.75784	1.1287372	-1.2069941e-09	101.31515192985535
61	-37.2337	55.85634	31.741323	-142.95326	351.54544	-5.143419	14.362849	7.900408	-36.87394	248000	-0.016491167	930.413	0.0	-127.45892	1.1589973	-2.1755695e-09	103.15449094772339
62	-27.382166	43.91497	31.716702	-101.42513	509.7143	-9.841348	13.611042	5.876606	-38.535637	252000	-0.021379124	732.97864	0.0	-261.76718	1.1402962	2.5480986e-09	105.08650612831116
63	-31.014366	28.666475	9.158635	-77.8274	263.45456	-4.187582	12.682492	5.859392	-38.62684	256000	-0.06449765	803.4729	0.0	-121.016846	1.1236123	5.5134297e-10	107.71718788146973
64	-73.36025	107.481155	62.578724	-278.81177	528.1429	-9.193771	12.621854	3.365388	-39.470184	260000	0.0004470602	1087.5747	0.0	-122.092834	1.1255331	1.2367963e-09	109.95139908790588
65	-29.565617	52.20119	18.308659	-143.7891	510.0	-16.948174	12.273197	2.0432184	-39.874134	264000	-0.064105764	927.3762	0.0	-309.672	1.0762615	-1.1771917e-09	112.19586181640625
66	-92.61974	64.51296	4.1356974	-175.33047	600.3333	-1.1215308	10.761578	6.086975	-39.136513	268000	-0.029906765	851.7458	0.0	-210.02847	1.0882438	-1.7732382e-09	115.26097798347473
67	-155.85616	54.64887	-99.156395	-258.6462	430.5	-5.9222736	4.9587665	-1.186194	-37.52284	272000	-0.032075748	1186.0879	0.0	-352.6943	1.1056674	-2.7865172e-09	117.95246195793152
68	-41.28986	79.34883	53.636215	-187.35124	772.6	-18.963	3.6046407	-13.349405	-39.435585	276000	-0.057104625	817.9437	0.0	-98.05844	1.1493864	1.4901169e-10	120.84059309959412
69	-119.5103	100.013214	5.3015776	-210.76488	700.6	-13.612294	2.32483	-7.702149	-30.241953	280000	-0.02923073	1047.0076	0.0	-28.18872	1.0973735	2.2351743e-10	123.50923705101013
70	-139.5018	57.923176	-73.29791	-268.1855	441.75	-13.344437	1.1778649	-12.101475	-29.389454	284000	-0.05215629	1360.3483	0.0	-165.55884	1.07037	2.3543834e-09	126.06736493110657
71	-131.02792	82.74206	-3.012613	-253.12225	589.3333	-20.115011	2.95915	-16.569992	-39.55582	288000	-0.01891895	669.9657	0.0	-4.926361	1.0769192	2.4884939e-09	128.44080710411072
72	-214.79166	159.86859	-31.17725	-459.58063	807.75	-21.289915	3.0743966	-18.544342	-40.561874	292000	-0.01149486	727.9498	0.0	-16.827713	1.0767365	3.129244e-10	131.2500720024109
73	-105.92288	86.72175	15.608533	-214.98738	712.75	-21.34037	2.1420255	-19.331543	-38.628	296000	-0.040237203	713.70807	0.0	-49.19812	1.0856822	1.5348196e-09	133.82914805412292
74	-137.34947	61.825512	-32.59693	-193.12694	760.0	-18.75871	1.4180006	-16.51619	-32.103058	300000	-0.006490141	678.142	0.0	-5.533798	1.1006595	1.7881394e-09	136.3949978351593
75	-57.25254	71.0735	58.790363	-164.64758	689.0	-18.098156	1.1663251	-15.749262	-27.422432	304000	-0.026430365	732.6215	0.0	-119.93652	1.0842555	-1.0430812e-10	139.17143297195435
76	-5.5254226	26.51687	36.2759	-38.79348	740.0	-16.214806	6.570328	-8.387533	-40.585464	308000	-0.046640687	670.8146	0.0	-167.75471	1.1401427	-1.6540289e-09	141.9914529323578
77	-7.511763	72.3304	83.8005	-120.956726	727.4	-12.227288	10.860848	-2.4923995	-39.161877	312000	-0.042120688	801.2303	0.0	-112.04515	1.0387809	-9.23872e-10	144.74213886260986
78	-93.26004	81.10558	4.1770887	-232.36444	583.8333	-5.334036	4.7488203	3.5635114	-34.00334	316000	-0.028515173	1651.4575	0.0	-414.30737	1.0644166	-3.2782554e-09	146.91313695907593
79	38.080925	34.701263	73.441696	-11.4190855	1000.0	-18.734848	14.520319	0.0945819	-39.263184	320000	-0.062532544	585.0316	0.0	-330.91315	1.1170542	9.983778e-10	150.10124897956848
80	1.2610871	47.448887	77.34857	-57.935123	599.8	-2.8840735	10.824139	8.620033	-28.34842	324000	-0.026556639	625.7544	0.0	-42.46701	1.1292694	8.940697e-11	152.2015950679779
81	-13.289432	64.60885	74.94432	-107.1228	523.1429	-3.988136	11.613333	9.193372	-29.782166	328000	-0.03362134	727.89935	0.0	-168.89717	1.0665855	-7.8976153e-10	154.42207098007202
82	30.394363	61.216778	118.1392	-54.495716	1000.0	-11.628029	11.804874	10.150159	-38.072453	332000	-0.01238424	397.92316	0.0	-174.53783	1.072623	-4.1723253e-10	156.87348103523254
83	18.778107	66.361374	110.728935	-68.425476	640.3333	-0.12710205	8.9276085	11.203754	-23.349129	336000	-0.042532153	677.80536	0.0	-89.49929	1.0252236	-7.599592e-10	159.26207399368286
84	-29.824047	57.800484	37.7755	-140.76822	367.9	-6.9709435	15.562064	11.219902	-36.09537	340000	-0.04821454	704.1718	0.0	-127.69287	1.0249432	1.6391277e-09	161.1466519832611
85	12.683047	22.417484	47.431065	-13.7639	495.83334	-6.19183	12.755125	12.094546	-39.98605	344000	-0.032387555	585.5842	0.0	-84.66734	1.0672498	5.960465e-10	163.19918298721313
86	38.45933	80.41194	124.15937	-82.49007	646.5	-3.3448884	8.532853	13.24959	-31.582197	348000	-0.028534155	647.53125	0.0	-82.534805	0.974488	2.1010638e-09	165.65443801879883
87	81.07714	114.75421	181.60057	-113.8783	868.0	2.0001667	7.4326873	14.890099	-27.968224	352000	-0.043429367	617.9433	0.0	-192.75299	1.0374342	-7.8976153e-10	168.1393609046936
88	-22.5476	112.65514	133.18593	-145.82126	667.0	3.4593942	14.022342	17.8531	-39.123905	356000	-0.03201273	892.07935	0.0	-292.3817	1.0089977	1.4901164e-11	170.35841012001038
89	-15.848102	93.767	153.3295	-107.53561	576.5	-4.648694	19.440416	18.386171	-42.31625	360000	-0.09680671	406.87762	0.0	-58.761154	0.9961608	3.0845402e-09	172.70533895492554
90	17.84669	50.047512	75.63049	-74.62294	615.4	-5.3821526	23.414045	22.103516	-43.71794	364000	-0.03746868	694.19385	0.0	-244.44138	1.0308862	-1.6689301e-09	175.01393485069275
91	14.708295	49.477604	68.222404	-53.838703	649.3333	1.3644807	11.9984	18.72877	-38.49478	368000	-0.053218655	513.793	0.0	-67.03643	1.0435774	5.5134297e-10	177.8177969455719
92	-56.01967	126.30615	99.831635	-252.69107	776.0	2.3241231	12.023433	20.802122	-41.32394	372000	-0.023999218	1192.177	0.0	-345.3086	0.9909121	-4.902482e-09	180.66036891937256
93	-22.249702	39.848125	44.070637	-54.211285	868.25	-7.003117	16.325424	17.804956	-44.37012	376000	-0.07019762	229.25055	0.0	-28.57547	1.0660981	-6.705523e-10	183.30351185798645
94	-2.064951	95.47622	100.380585	-126.828545	906.0	0.026807647	7.9766526	16.991358	-40.40431	380000	-0.009507889	495.41513	0.0	-87.135666	1.0495225	-2.2500755e-09	186.13943004608154
95	39.083508	60.906307	105.932915	-45.006557	1000.0	-0.28020698	6.8626056	16.560013	-24.073076	384000	-0.04893794	141.2899	0.0	-39.98943	1.0413083	-1.4901136e-11	189.32588505744934
96	66.638435	46.644478	124.681694	10.698572	1000.0	2.527844	4.464487	17.352118	-22.841963	388000	-0.022710167	197.56046	0.0	-30.625744	1.0063541	-5.96046e-11	191.7452199459076
97	-15.891159	84.50737	45.18438	-160.38062	964.0	3.3167784	4.777216	16.747711	-7.114078	392000	-0.052413624	345.78635	0.0	-111.66567	1.0552233	2.1606685e-09	194.80612993240356
98	11.882217	48.68434	74.08983	-58.733765	1000.0	-4.237659	7.027753	18.629263	-36.825912	396000	-0.05448351	136.35828	0.0	-26.504839	1.02722	3.1590461e-09	198.0432369709015
99	-38.965096	77.311745	94.64602	-90.47308	875.5	-0.59598273	8.621664	18.497355	-12.100085	400000	0.012481568	429.01288	0.0	-45.45129	1.0515594	-1.7881396e-10	201.03522109985352
100	15.302794	57.90548	101.59862	-47.064613	1000.0	-5.9281554	8.577841	18.826017	-13.574973	404000	-0.016961237	179.26926	0.0	-53.877396	1.0592952	-9.536744e-10	203.7106409072876
101	63.991608	32.33138	116.06907	29.328901	1000.0	-0.3877893	5.5482035	19.689787	-9.4827175	408000	-0.058581565	153.41513	0.0	-26.295029	0.9760643	8.642673e-10	207.1651427745819
102	41.806786	94.92176	139.892	-111.019104	941.5	2.6864655	6.371421	20.147413	-6.8583856	412000	-0.020307027	281.467	0.0	-31.821548	0.9816869	-4.529953e-09	209.84829807281494
103	25.733877	67.584305	101.96373	-81.00957	896.0	2.2935688	8.392146	20.673067	-10.765888	416000	-0.018734507	190.42	0.0	-9.899391	0.99398875	6.109476e-10	213.05518984794617
104	66.027435	14.7972	81.595055	48.26998	1000.0	-0.18445398	7.791908	20.801111	-10.950552	420000	-0.037905544	114.56459	0.0	-36.846706	0.9581367	1.3262034e-09	216.5863208770752
105	76.098305	40.737762	133.79814	20.055737	1000.0	4.045223	6.513166	21.432447	-2.082559	424000	-0.043290883	92.66382	0.0	-7.872389	0.9179207	-1.2218953e-09	219.3396029472351
106	61.315968	74.841805	131.9616	-33.805077	763.4	4.9592524	8.262184	21.886946	-7.3539305	428000	-0.005791422	355.50525	0.0	-68.4043	0.9559091	-4.0233137e-09	221.732351064682
107	142.39655	56.260323	205.5414	36.786457	795.2	6.3937345	10.507186	22.493681	-19.194613	432000	-0.043046743	503.19904	0.0	-74.92287	0.9251379	4.4703485e-10	223.92932391166687
108	58.181778	97.33054	186.08022	-63.554047	582.25	8.615775	7.951547	24.073317	-9.366647	436000	-0.0028239982	647.0023	0.0	-75.09042	0.920984	2.1755695e-09	225.94407987594604
109	156.87016	47.58633	231.57256	101.94682	948.75	7.7009196	7.298946	24.29752	-6.866252	440000	-0.017533418	227.06618	0.0	-43.32527	0.89093643	3.3527612e-09	227.84197688102722
110	112.28248	51.397457	149.64537	23.99254	826.0	10.529891	9.017169	26.312954	-22.418297	444000	-0.036245346	250.25203	0.0	-71.73192	0.836915	3.5762793e-10	229.85971808433533
111	161.10078	74.785904	242.47069	27.460016	698.0	7.749662	12.369533	28.268496	-21.189117	448000	-0.03565289	540.59875	0.0	-90.32486	0.82101285	-4.768371e-10	231.72949481010437
112	186.96399	94.42238	254.40157	0.77197605	602.0	14.650741	9.604813	30.59588	-5.07076	452000	-0.10185923	708.7883	0.0	-139.32341	0.8326873	1.1473894e-09	234.0098159313202
113	163.63408	99.35376	293.93332	4.477534	673.4	18.787647	7.3662143	31.512897	-28.634197	456000	-0.023823528	467.6997	0.0	-18.85672	0.77818096	1.0728836e-09	236.09095191955566
114	179.80502	102.268585	271.18878	-8.331152	555.8	18.911207	8.731174	33.47222	-24.667505	460000	-0.062540054	612.2052	0.0	-44.44745	0.8408884	-1.92225e-09	238.33350110054016
115	163.725	121.8056	271.00677	-46.74175	383.5	21.529308	10.074332	34.5752	-17.792648	464000	-0.10011879	1801.7341	0.0	-381.92944	0.8596366	7.8976153e-10	240.13669681549072
116	157.3977	102.597626	255.2333	12.248452	412.875	22.958223	6.745054	33.994297	7.834518	468000	-0.072055936	723.20233	0.0	-120.20184	0.86599004	1.5050172e-09	241.79704689979553
117	116.45381	121.37677	259.2176	-18.462051	380.6	24.261477	9.153409	34.620266	-13.9874735	472000	-0.096458964	1214.4746	0.0	-116.09949	0.89181644	-1.5795232e-09	243.66699981689453
118	97.43101	138.41202	261.4438	-75.29269	342.0909	18.127613	13.495638	34.427666	-25.83158	476000	-0.09510678	1720.1951	0.0	-468.99878	0.9620266	-1.8924475e-09	245.22922897338867
119	83.332695	119.57788	247.95638	-46.253586	399.66666	11.549641	23.385363	35.62685	-47.487247	480000	-0.050607327	1482.3573	0.0	-387.48517	0.92386335	-1.0877848e-09	246.91863107681274
120	140.78743	119.943306	246.33025	-37.566803	371.1	17.322863	15.601829	35.8351	-31.085812	484000	-0.058216695	1247.175	0.0	-186.90833	0.8640167	1.7881391e-10	248.44788098335266
121	135.16092	115.14875	244.66559	-50.70307	425.25	-0.7139293	23.587524	37.515217	-46.491165	488000	-0.11678257	1642.5156	0.0	-652.36285	0.9091786	-3.8743025e-10	250.20963597297668
122	91.59866	125.43684	244.85457	-60.599964	389.55554	19.485468	12.662664	39.56003	-30.475096	492000	-0.085526206	1110.8179	0.0	-363.9458	0.98327196	2.0861624e-10	251.9296259880066
123	134.60959	116.04486	247.6962	-44.680065	429.0	14.422741	19.372517	41.10674	-39.44261	496000	-0.1250697	1070.1266	0.0	-155.27484	0.938359	1.7732382e-09	253.84468603134155
124	135.82227	112.07998	242.83041	-44.966347	491.85715	12.799597	18.810156	43.754932	-46.70843	500000	-0.06301117	1170.3163	0.0	-310.43967	0.9459356	-1.1473893e-09	255.77444100379944
125	222.42351	16.004837	253.17946	204.75554	551.3333	19.817122	17.324503	44.423077	-20.245941	504000	-0.12837239	353.799	0.0	-116.16284	0.90945125	-2.9206277e-09	257.99656796455383
126	156.99524	103.931816	251.39886	-30.391485	495.125	26.286129	14.401406	46.892498	-29.705463	508000	-0.119751796	1235.8254	0.0	-285.2417	0.9002447	2.2947788e-09	260.08994793891907
127	145.66994	101.650795	212.36867	-79.41876	556.0	20.255596	13.258978	48.332203	-4.3400655	512000	-0.10843374	582.3245	0.0	-115.07648	0.97101384	5.662441e-10	262.2847030162811
128	58.66099	99.44763	173.66656	-54.983494	633.1667	18.067883	13.961744	49.763023	-13.695584	516000	-0.034674767	1176.8252	0.0	-463.84982	0.987709	1.4901136e-11	264.6439220905304
129	148.5301	94.48657	214.09042	-61.102505	620.5	6.8799076	15.988221	48.940083	-42.941105	520000	-0.071322486	795.8913	0.0	-266.16116	0.948735	-2.5629998e-09	267.0280599594116
130	168.77228	30.208923	220.33302	143.4125	798.25	14.360442	15.452718	52.297264	-12.1591625	524000	-0.10719529	298.22772	0.0	-71.86072	0.9632981	4.768371e-10	269.3975908756256
131	50.166733	128.76433	191.0031	-84.425285	774.25	13.704384	14.92199	57.490875	-27.38745	528000	-0.034036145	926.22644	0.0	-362.55264	1.0057293	1.8179416e-09	272.0909390449524
132	147.19624	36.284847	201.73393	106.39098	896.75	5.6802	17.0731	54.914303	-21.635597	532000	-0.074537136	434.5614	0.0	-269.37668	0.9787252	1.5497208e-09	275.1104700565338
133	128.88994	110.3123	244.89276	-51.4319	735.0	11.056957	19.353456	60.096874	-12.661774	536000	-0.031381313	302.98688	0.0	-76.26439	0.9297179	-2.9802322e-10	277.4566071033478
134	-50.608154	51.94228	12.104118	-130.0527	743.5	8.621123	16.598455	61.203445	-27.001648	540000	0.023670636	920.4657	0.0	-639.34485	0.9951056	6.2584876e-10	279.7795920372009
135	9.981407	80.85121	142.18599	-77.24447	926.25	-4.7669735	17.088667	33.983532	-60.273876	544000	-0.027576264	357.22055	0.0	-109.20802	1.000578	1.0579826e-09	283.1462879180908
136	63.764473	120.03514	179.56573	-137.17996	845.5	0.07113171	17.410265	57.093098	-56.915474	548000	-0.058778483	563.9232	0.0	-204.77518	0.9875524	1.3411044e-10	285.8473958969116
137	63.74368	74.66375	151.24876	-19.960913	912.25	3.6715777	13.759491	61.87577	-26.898361	552000	-0.078848906	211.61809	0.0	-34.248455	1.0160894	2.577901e-09	288.76276898384094
138	138.0603	30.145325	178.65326	101.891975	818.0	8.720647	19.518923	66.641014	-48.831394	556000	-0.07103876	230.3476	0.0	-71.79298	0.9689636	7.748604e-10	291.15559697151184
139	172.38214	22.24608	201.51068	148.5411	665.2	14.974403	19.504665	71.33012	-9.564176	560000	-0.016927946	309.5633	0.0	-77.60501	0.9402131	1.7881392e-09	293.9922688007355
140	28.093697	146.50633	207.41148	-159.89668	707.0	16.212767	14.941282	74.481636	-9.86318	564000	0.0052086636	1151.492	0.0	-662.26886	1.0260321	1.8775463e-09	296.3940489292145
141	168.48592	86.11186	249.42612	-18.96567	499.7143	11.561203	21.826326	71.39241	-17.81743	568000	-0.010104966	793.97754	0.0	-366.84222	0.9272288	6.556512e-10	298.37416410446167
142	149.94377	89.631584	239.65262	-1.2750055	455.0	28.88889	18.2344	74.70978	-31.56094	572000	-0.029893633	817.43823	0.0	-108.117035	0.90753865	-5.960465e-10	300.2580108642578
143	112.36026	132.58475	247.38918	-88.46111	399.66666	23.206274	19.295076	74.15279	-10.873999	576000	0.0038789231	1404.2313	0.0	-458.86987	0.9064718	-1.4603139e-09	301.9377450942993
144	143.20778	115.52986	225.91481	-61.733562	435.5	29.53112	18.32433	71.73614	-18.64153	580000	-0.006983433	880.2716	0.0	-279.52948	0.8708591	-4.768371e-10	303.6615860462189
145	94.31259	145.96355	265.1916	-106.66585	368.77777	14.334618	25.06902	68.406	-42.113514	584000	0.016042609	1290.2393	0.0	-278.70764	0.8808505	2.7567149e-09	305.3269889354706
146	29.70165	108.11374	201.23521	-106.82009	361.5	16.798782	31.723166	76.83877	-42.35809	588000	0.055040292	2398.8381	0.0	-966.6351	0.8365998	1.5199184e-09	306.8800358772278
147	174.18593	102.4173	274.4166	-58.53383	328.18182	12.004572	28.178661	64.151436	-54.684437	592000	-0.061273344	1659.8208	0.0	-812.8028	0.8015586	1.5199185e-09	308.43018412590027
148	99.262505	126.71069	273.09366	-74.721245	308.36365	35.274155	19.092403	72.80107	-40.88346	596000	0.00063860416	1794.9924	0.0	-516.8479	0.81068885	-4.4703483e-10	309.830552816391
149	76.190895	120.80418	292.35422	-62.6335	277.23077	15.545642	26.408371	68.87699	-53.3182	600000	-0.033535846	1389.2646	0.0	-169.3335	0.8951745	-1.1920929e-09	311.1872248649597
150	91.66658	139.87013	293.21045	-66.376785	288.53845	16.744072	29.937857	74.1251	-49.7146	604000	-0.024724275	1441.739	0.0	-289.21112	0.8383033	-1.4156104e-09	312.69911003112793
151	60.56705	123.72155	298.5282	-77.9369	271.07144	27.037724	29.88072	76.083115	-59.12529	608000	0.025360633	2451.7778	0.0	-980.51355	0.83618855	7.7486034e-10	314.23550605773926
152	90.77237	123.94292	300.07938	-23.320782	252.33333	15.394026	32.095627	78.374016	-51.120663	612000	-0.019488433	1474.7175	0.0	-216.87488	0.8681239	2.6077032e-09	315.5381441116333
153	109.60852	124.96894	283.1867	-30.893679	251.4	15.53899	34.727886	76.494644	-62.435753	616000	-0.02660156	1410.2297	0.0	-331.78522	0.8724075	1.5348196e-09	316.8824510574341
154	101.11463	132.84636	295.69916	-38.253014	267.35715	24.005217	32.778027	81.11683	-66.18941	620000	-0.045957364	1387.5381	0.0	-199.53186	0.81322354	4.0233132e-09	318.2636260986328
155	132.4369	125.43187	267.29285	-53.55303	290.3846	25.027895	33.357555	81.442856	-64.37079	624000	0.0017910362	1745.7153	0.0	-312.01526	0.8172002	-1.6987324e-09	319.60940980911255
156	174.14067	96.79622	265.16592	-10.607121	353.7	35.40427	20.187078	80.38329	-45.520226	628000	-0.025454268	1251.477	0.0	-254.33789	0.7899649	-2.3990872e-09	321.2019920349121
157	126.90952	123.95912	251.53943	-50.05832	300.25	36.143234	21.331627	79.22082	-70.394646	632000	-0.007940618	1688.7133	0.0	-189.38168	0.8204812	4.917383e-10	322.73827481269836
158	172.58492	105.051765	259.73807	-14.273305	361.0	28.203077	29.516827	85.054794	-67.94759	636000	-0.049811155	1010.5099	0.0	-279.55463	0.7841119	1.7881394e-10	324.27045798301697
159	138.86914	121.20981	249.07425	-40.857105	341.27274	40.209053	20.51242	85.47392	-63.075428	640000	-0.026460906	1330.6909	0.0	-332.85373	0.81437564	5.364418e-10	325.87559700012207
160	132.79834	141.13577	273.7978	-144.3482	325.0	29.319347	25.228561	83.02161	-68.10744	644000	0.021017712	2048.6333	0.0	-697.60815	0.8142186	4.4703352e-11	327.28253507614136
161	136.49855	124.13467	279.5084	-46.616837	348.4	26.201056	24.2262	77.5921	-57.09902	648000	-0.021600746	1163.3567	0.0	-197.9512	0.8608428	2.2351743e-10	328.8371648788452
162	118.059975	142.43303	287.55997	-56.42693	311.91666	26.937223	24.79067	75.34927	-67.28503	652000	-0.08287533	1285.6245	0.0	-202.93552	0.86976004	-3.1292438e-10	330.35897302627563
163	80.63077	160.91684	282.52277	-211.47382	358.2	24.248383	33.021904	82.41065	-71.29029	656000	0.08560838	2695.9087	0.0	-1402.2385	0.82636464	7.8976153e-10	332.02525186538696
164	144.32358	114.34003	250.04822	-95.44728	471.125	10.687349	38.304306	74.83972	-78.32037	660000	-0.113421544	1893.6614	0.0	-985.00006	0.7710482	1.4007091e-09	334.03128576278687
165	135.7984	132.72314	260.69345	-72.37811	376.0	27.853497	20.216837	64.8414	-75.85975	664000	-0.12984432	1429.3472	0.0	-508.94333	0.8680958	-1.7881394e-10	335.5956208705902
166	113.89433	121.51719	272.8615	-56.175392	362.9	31.878746	19.477457	75.66898	-51.503494	668000	-0.043831855	1620.2563	0.0	-531.98364	0.87629986	3.5762787e-10	337.1676609516144
167	158.9245	127.17389	252.28075	-108.59423	403.66666	20.66949	23.158867	65.32959	-63.32831	672000	-0.0619997	975.83966	0.0	-204.92177	0.8806335	-6.2584876e-10	338.96772480010986
168	152.35342	117.99647	249.03058	-29.665741	391.4	33.136494	20.877253	74.38251	-57.2155	676000	-0.04410148	1218.0579	0.0	-231.26776	0.88578194	-1.5199184e-09	340.6600079536438
169	193.2733	74.24881	250.16742	4.180219	435.875	32.386868	19.89591	73.30209	-12.215423	680000	-0.0417087	670.4289	0.0	-359.33228	0.878829	1.1175871e-09	342.458379983902
170	196.58755	89.749084	265.13464	-30.786585	465.0	34.052742	21.56129	75.70749	-26.947487	684000	-0.0028113164	789.2954	0.0	-189.16066	0.8333324	5.8114535e-10	344.3543779850006
171	161.98578	108.43815	245.73428	-29.93451	464.875	32.428513	18.876953	81.03878	-28.183187	688000	-0.08700317	988.5925	0.0	-265.87857	0.9017016	-9.685754e-10	346.34536504745483
172	166.71777	93.76061	263.69144	-49.443047	502.2857	21.867332	23.736904	73.63548	-27.868929	692000	-0.010269252	630.1345	0.0	-102.70884	0.89552283	5.5134297e-10	348.45069098472595
173	224.46347	30.65892	263.74048	178.34695	472.875	28.701424	22.762152	74.91215	-23.16576	696000	-0.09068723	279.07718	0.0	-140.6789	0.8583646	1.5944243e-09	350.3806691169739
174	136.22523	119.30423	270.72446	-78.00272	466.875	32.99904	20.385721	82.143684	-13.543161	700000	-0.015678614	1097.4235	0.0	-405.2533	0.93094015	1.2069941e-09	352.5258090496063
175	153.11458	113.4645	252.0959	-39.078285	484.0	28.607988	27.285574	79.515236	-29.78151	704000	0.07340293	882.463	0.0	-159.88445	0.8318282	-4.768371e-10	354.64620184898376
176	91.04923	133.0946	284.63144	-61.41912	387.33334	22.80238	20.127172	63.080303	-42.22327	708000	-0.054434896	1237.3677	0.0	-419.03918	0.89973867	-2.0265578e-09	356.4475769996643
177	229.6191	18.063705	252.26314	192.65894	446.0	17.888344	33.125763	72.98746	-45.126102	712000	0.00805521	789.22815	0.0	-560.4304	0.8167231	-2.533197e-10	358.44998002052307
178	218.54437	29.912102	270.98157	161.05106	460.0	32.202526	23.113724	80.528656	-32.393177	716000	0.0035277181	364.37686	0.0	-77.29467	0.83123755	-1.3262034e-09	360.23133397102356
179	181.19632	110.90728	281.62527	-41.366917	384.7	38.82555	17.241213	80.69161	-27.931053	720000	-0.04768219	941.39624	0.0	-340.3604	0.8347937	-2.682209e-10	361.90647315979004
180	126.093475	122.93096	268.86075	-32.388992	357.66666	26.463089	27.938595	73.72448	-37.638206	724000	0.0034231879	1024.49	0.0	-106.64111	0.8531576	4.61936e-10	363.51740980148315
181	235.47632	36.40365	277.55814	169.71072	397.33334	34.949757	24.828907	73.124504	-46.35387	728000	0.01706051	739.60364	0.0	-298.42114	0.77811915	1.013279e-09	365.1860809326172
182	151.2041	121.42485	297.8435	-57.962646	327.0	37.843266	20.589407	88.57289	-13.57767	732000	-0.023111299	1251.2207	0.0	-352.04745	0.8834518	-2.3245812e-09	366.7735288143158
183	199.58028	107.70346	269.56668	-41.355465	332.27274	45.824055	20.864414	80.21233	-35.859352	736000	-0.019476902	594.17505	0.0	-129.36354	0.8371529	9.834767e-10	368.29327392578125
184	191.13501	107.76749	272.1773	-27.967575	308.83334	50.735275	19.569338	83.41989	-40.102158	740000	0.0041494565	1128.2557	0.0	-185.78558	0.81179893	-8.940715e-11	369.8882429599762
185	224.98557	78.41843	276.40524	-1.3262758	345.7	45.2565	23.257431	80.83349	-43.69523	744000	0.06434555	528.1314	0.0	-90.92421	0.82788897	1.2665987e-09	371.5316250324249
186	127.402016	136.18283	280.73907	-85.10502	297.30768	38.533695	27.91879	75.75769	-42.956486	748000	0.03587813	2418.6772	0.0	-966.12463	0.79321694	-2.2351743e-09	372.9651749134064
187	146.5086	129.7256	251.17503	-108.342415	323.81818	33.049034	28.066038	68.54958	-79.89775	752000	-0.09128073	1227.976	0.0	-298.958	0.7603303	-8.642673e-10	374.60010981559753
188	170.25697	110.31952	282.29404	-9.394091	291.69232	39.211014	26.01514	80.440575	-79.68361	756000	-0.03375583	1968.1615	0.0	-456.74628	0.8094182	-2.0116568e-09	376.1411201953888
189	219.35156	99.01739	301.03375	-24.3971	299.15384	40.200806	26.62754	80.7252	-69.45314	760000	0.0033915937	1005.0507	0.0	-335.1176	0.74591815	2.667308e-09	377.6682200431824
190	153.25737	109.0059	264.3254	-5.5836987	324.72726	53.911602	17.03955	83.26833	-26.600096	764000	0.011797667	1854.7836	0.0	-568.93207	0.7690476	-2.4139881e-09	379.2052991390228
191	200.99216	114.51128	287.09238	-24.369116	297.46155	36.307316	23.029755	75.28041	-83.10145	768000	-0.046589155	1327.8171	0.0	-470.65598	0.81333953	4.068017e-09	380.67236280441284
192	203.68521	76.384544	275.66333	56.679523	369.6	41.792572	29.287199	78.309456	-75.22117	772000	0.04880497	1245.5009	0.0	-527.69055	0.6813246	-2.3245812e-09	382.40864086151123
193	175.86343	107.01455	271.78214	-5.440483	283.92307	55.23849	16.700552	81.28402	-87.54325	776000	-0.06637463	1189.719	0.0	-351.50366	0.7858343	5.8412555e-09	383.8909718990326
194	179.54869	118.790535	277.6269	-45.17978	299.81818	39.659344	22.381886	75.528015	-84.33362	780000	0.006950658	1611.9841	0.0	-277.88715	0.70838296	-1.475215e-09	385.4558880329132
195	232.3692	65.42087	281.99628	27.151455	314.5	42.799194	19.579422	79.891914	-68.090515	784000	-0.103254385	1029.773	0.0	-348.24692	0.77837944	-2.4139881e-09	387.0769498348236
196	210.42152	104.12844	268.91025	-11.452616	339.0	52.962227	18.106354	84.63594	-55.120766	788000	-0.032670703	1123.0564	0.0	-485.709	0.7533965	1.4007091e-09	388.55788707733154
197	227.72421	76.22336	291.77484	4.888456	346.7	42.23528	21.553282	80.75941	-17.454365	792000	-0.013192272	585.1422	0.0	-138.43762	0.78052175	-1.2516976e-09	390.1587610244751
198	188.17816	109.62717	291.499	-23.110273	321.0	54.44892	17.427158	84.055046	-17.702229	796000	-0.015320316	1178.645	0.0	-313.33908	0.7902509	-1.5795231e-09	391.6450369358063
199	192.93712	101.06219	285.05582	-12.769759	311.0	45.494602	24.205692	84.94212	-41.44002	800000	-0.02896953	968.3752	0.0	-159.99545	0.7961973	1.8924475e-09	393.0975148677826
200	209.66982	99.4127	294.11914	-27.187836	321.9091	46.900887	21.556273	84.48191	-53.613773	804000	-0.049545333	925.2929	0.0	-297.1141	0.82437253	-1.4752151e-09	394.50492811203003
201	255.78267	25.35548	310.4698	211.95564	335.54544	49.48826	19.469528	78.4798	-42.278408	808000	-0.06039942	338.77136	0.0	-164.2848	0.78047943	6.705523e-10	396.075119972229
202	154.55614	112.44797	262.58444	-14.312905	344.54544	52.91344	17.899757	82.8098	-19.713457	812000	0.014346713	1846.5077	0.0	-1078.2217	0.8116528	1.2069941e-09	397.53395199775696
203	203.09273	89.16659	280.5788	21.574045	351.7	32.768955	32.889328	75.2144	-84.55852	816000	-0.06626687	1004.4618	0.0	-366.29065	0.83669245	6.407499e-10	399.0330431461334
204	234.41891	11.678591	264.1682	220.60109	378.55554	47.552917	19.946793	77.89904	-44.736706	820000	0.050277084	234.73997	0.0	-65.40332	0.8005086	-5.51343e-10	400.6540219783783
205	213.45586	85.79114	285.3191	-32.995335	390.6	44.570797	20.823511	83.139946	-40.28518	824000	0.0056339838	817.47534	0.0	-324.96674	0.7715868	1.4454127e-09	402.27501916885376
206	161.34038	109.80609	252.85995	-31.624992	359.8	32.31937	31.004883	79.16807	-48.417187	828000	-0.0061967876	1445.4424	0.0	-641.4999	0.79967827	-8.642673e-10	403.8068790435791
207	194.42686	111.92696	295.02423	-22.758633	319.08334	30.650646	27.238922	74.159775	-51.96855	832000	-0.07633568	1285.2046	0.0	-506.05865	0.8059796	-7.3015693e-10	405.2311019897461
208	161.59195	117.17675	275.94473	-39.5977	356.8	43.95399	25.220543	86.16922	-48.119877	836000	0.062837005	1275.1111	0.0	-438.81235	0.768186	2.4139881e-09	406.87220907211304
209	224.65746	64.68779	285.26718	33.173923	342.9091	34.622986	30.836021	84.67044	-54.931362	840000	-0.0069556125	796.202	0.0	-439.79092	0.72100043	5.066395e-10	408.32815289497375
210	155.52046	127.16579	269.56335	-55.133907	316.45456	41.946445	27.165396	84.51961	-53.104347	844000	0.009248268	1121.8414	0.0	-396.14145	0.79901654	4.36604e-09	409.89494585990906
211	248.41866	15.032544	273.17953	215.6518	311.91666	47.19553	22.847176	86.07028	-36.858032	848000	-0.09708931	609.74316	0.0	-477.06772	0.7945049	-4.4703463e-11	411.3839159011841
212	193.32039	102.89922	295.07764	-10.464213	288.15384	59.206974	15.591524	87.92694	-34.351776	852000	0.008338347	1178.7897	0.0	-444.0312	0.8174514	2.0861626e-09	412.7948520183563
213	190.39333	92.569916	257.71017	-15.485074	344.36365	45.295578	24.79478	80.166245	-53.777454	856000	0.0351784	730.373	0.0	-195.6245	0.7301146	9.536743e-10	414.21020698547363
214	213.67229	81.43585	282.76205	19.722971	291.0	40.008434	27.194828	95.314545	-69.75397	860000	-0.06719399	1093.0182	0.0	-379.3108	0.7502355	2.384186e-10	415.61283016204834
215	175.4597	118.73836	310.37848	-48.544548	282.92307	57.488533	20.930527	87.65508	-56.973995	864000	0.005492961	1257.9675	0.0	-547.6312	0.7415291	2.6524067e-09	417.0216841697693
216	128.3514	118.27627	280.77512	-21.534071	287.6154	45.736656	23.171152	83.32901	-68.57609	868000	0.016059004	2037.4463	0.0	-978.84546	0.8142632	2.6375053e-09	418.3865418434143
217	176.37341	118.98524	276.65228	-41.232334	274.14285	31.225454	38.55899	80.799255	-99.02384	872000	-0.01642628	1969.4795	0.0	-861.8955	0.79691696	-3.0696392e-09	419.7693600654602
218	139.2672	118.44144	265.18372	-1.2035064	259.46155	47.00944	25.007256	84.51617	-65.72098	876000	0.023571173	1802.5205	0.0	-528.41144	0.7612398	2.5033953e-09	421.070858001709
219	244.60979	66.81399	297.55423	12.603756	280.92856	39.119225	30.361359	78.9295	-96.275955	880000	-0.06536786	1545.395	0.0	-1051.6904	0.7116606	5.5134297e-10	422.3894600868225
220	154.11923	122.79004	296.43158	-18.330791	260.86667	62.041546	19.411518	91.37185	-85.650635	884000	0.02500141	2611.329	0.0	-874.00165	0.74567604	2.6524067e-09	423.72311997413635
221	143.65918	121.44932	273.03418	-21.32976	241.125	43.05081	24.763231	78.63809	-96.48741	888000	0.008398131	1913.9225	0.0	-500.62604	0.7708464	3.1292435e-10	425.0454931259155
222	195.33296	101.377556	280.29092	-3.8127532	301.41666	40.40053	29.14327	79.89399	-98.10999	892000	0.076225705	1210.3394	0.0	-273.6714	0.6795837	1.0430813e-09	426.45585083961487
223	156.4066	114.01422	295.84836	3.4586856	244.125	45.785225	26.679201	89.74131	-79.30301	896000	-0.04647	1267.0264	0.0	-204.48181	0.7243195	8.046627e-10	427.7298319339752
224	118.21312	132.22307	293.45	-45.38757	274.57144	39.876553	31.588217	80.91471	-99.640686	900000	0.005372065	1720.718	0.0	-529.43994	0.72559154	-4.61936e-10	429.23873019218445
225	150.95757	125.77677	295.2234	-15.376285	263.7857	23.194412	37.6114	78.79316	-92.6983	904000	-0.07274534	1649.8691	0.0	-420.8064	0.67535007	-1.6391276e-09	430.612322807312
226	128.58076	128.16884	282.5331	-36.034534	269.5	39.397743	32.23326	83.96763	-89.421036	908000	0.012113104	1575.5444	0.0	-346.10767	0.7634748	-1.1920928e-10	431.9570689201355
227	137.4317	118.708595	282.06476	-28.148737	259.46667	41.59287	36.267788	96.584854	-92.02467	912000	-0.045775995	1369.027	0.0	-238.04053	0.7532363	-4.5895576e-09	433.2904601097107
228	155.97008	125.963875	294.89432	-64.18401	317.41666	32.089153	34.641766	86.62777	-102.6931	916000	-0.04086922	1792.5302	0.0	-540.9811	0.69006	-5.662441e-10	434.7496430873871
229	181.40924	114.764854	279.77103	-17.36382	305.08334	34.59871	30.943342	81.50866	-102.80419	920000	0.0072867633	1156.7692	0.0	-301.12744	0.7075347	2.4586915e-09	436.08558797836304
230	168.73267	141.67801	304.66333	-71.04892	262.14285	46.087982	26.256021	92.66514	-88.91865	924000	-0.03869518	1249.9438	0.0	-320.48257	0.7645056	5.364418e-10	437.3822298049927
231	118.09477	139.93086	301.87384	-44.746044	260.2857	36.969013	36.542694	84.22357	-95.56914	928000	-0.03223507	986.045	0.0	-159.8312	0.82563496	-1.5795231e-09	438.6800310611725
232	179.7142	136.87772	311.1278	-54.594837	275.30768	35.964203	39.45402	94.333954	-101.97353	932000	0.015512221	1466.8073	0.0	-285.42923	0.7700563	-8.642674e-10	440.10567593574524
233	192.73921	106.970184	305.46002	-0.12065285	293.0	45.314453	31.709099	92.76607	-88.87953	936000	-0.032391816	988.5654	0.0	-144.97794	0.71260726	2.5331975e-10	441.4768090248108
234	133.57109	143.97388	287.9094	-50.72763	272.7857	44.140472	37.301697	94.888466	-99.65165	940000	-0.036537714	1386.9866	0.0	-377.80933	0.8178765	-9.983778e-10	442.8264129161835
235	182.36067	116.35249	297.08954	-33.713226	306.91666	36.59857	37.687225	87.12018	-101.80506	944000	-0.016910102	850.84863	0.0	-178.77715	0.79079247	-3.2931566e-09	444.3143949508667
236	194.7651	125.98564	306.54044	-12.177574	275.6154	49.065456	34.15734	93.41494	-98.61496	948000	0.000987947	925.3514	0.0	-191.1583	0.7219255	3.8146974e-09	445.7278401851654
237	185.56238	111.31173	267.19308	-22.423351	317.58334	46.38715	26.170256	84.97496	-94.98285	952000	0.026244264	1060.0021	0.0	-234.29117	0.7240745	-7.8976153e-10	447.29713702201843
238	183.59212	100.930405	261.13983	-13.474724	328.16666	34.03704	35.32241	90.73111	-100.61471	956000	-0.10919048	1012.6571	0.0	-315.51685	0.77719164	-6.705522e-10	448.77899289131165
239	174.4809	132.47774	287.70453	-52.162067	305.5	41.484028	34.617054	86.2907	-97.53993	960000	-0.006525576	1512.4944	0.0	-664.1601	0.8226192	-1.5497208e-09	450.18177700042725
240	229.71947	81.56984	298.08502	-14.793287	322.9091	34.252644	34.86731	86.27676	-99.99615	964000	0.0019778796	1050.6035	0.0	-634.4599	0.75306976	-1.3113022e-09	451.60157799720764
241	228.4106	78.80656	275.7596	-16.48591	305.27274	58.26192	20.282406	100.47931	-26.761488	968000	-0.03412261	943.7358	0.0	-281.99762	0.81487966	-1.296401e-09	453.1091170310974
242	185.68172	103.2797	266.4751	7.310169	285.08334	43.65279	25.887375	85.118515	-84.32544	972000	-0.019720137	1113.4004	0.0	-208.2691	0.8145139	-1.4454127e-09	454.4771659374237
243	224.70654	87.944565	288.85678	20.139103	274.76923	46.342163	27.941494	90.55874	-97.31682	976000	0.023066068	714.7036	0.0	-420.63135	0.789299	-1.3709068e-09	455.8648211956024
244	202.09653	105.58034	299.5985	2.837669	281.07693	56.689945	23.203178	97.17246	-61.5793	980000	-0.010577649	1257.154	0.0	-393.94452	0.8064543	4.4703485e-10	457.23546719551086
245	174.24619	112.61193	274.55615	2.9796934	271.92856	45.557255	27.259737	87.08658	-88.334496	984000	-0.011329796	1340.5493	0.0	-249.51056	0.7698293	-3.129244e-10	458.5720748901367
246	189.2269	107.587616	290.19333	-9.862713	252.06667	47.649715	27.666115	83.755875	-61.599735	988000	-6.486848e-05	965.0467	0.0	-262.1073	0.76279163	5.811453e-10	459.85508704185486
247	213.02852	96.89132	287.48215	-18.791512	301.41666	47.956375	33.00467	94.848335	-63.67131	992000	0.07063522	1161.125	0.0	-322.97604	0.7055656	-1.6540289e-09	461.2635700702667
248	235.53494	62.621174	294.85468	19.684679	275.57144	61.68524	21.087772	96.33007	-58.37817	996000	-0.017674651	484.36444	0.0	-71.45228	0.73399353	2.6077032e-09	462.5955140590668
249	188.49802	116.02408	280.7007	-34.117527	292.30768	57.056805	25.474636	96.790054	-60.737656	1000000	0.027147554	1302.5327	0.0	-400.94342	0.67499375	-1.013279e-09	463.95065784454346
250	179.5673	118.032295	284.07703	-23.16126	288.92307	35.440617	37.34628	92.55185	-62.25916	1004000	-0.011103403	1551.9343	0.0	-470.9932	0.7206869	2.6375055e-09	465.3172869682312
251	214.73524	110.165764	293.48483	-52.906143	291.46155	58.4069	22.87798	92.86757	-68.549965	1008000	-0.005484745	961.4681	0.0	-253.25757	0.7449031	-1.7136335e-09	466.66042494773865
252	181.53249	114.67847	296.20456	-33.737022	268.2857	48.14227	32.07299	84.15316	-66.59699	1012000	-0.009512939	1092.5673	0.0	-170.62646	0.725468	3.0398368e-09	467.9655010700226
253	221.88988	82.94445	296.76987	20.19348	278.7857	50.881767	26.772541	85.981224	-48.23034	1016000	0.011269065	957.458	0.0	-256.27463	0.7326182	2.2351743e-10	469.29020714759827
254	143.13727	133.415	294.98105	-47.05609	260.7857	46.427605	30.384636	86.1622	-70.66404	1020000	-0.045348216	1441.1364	0.0	-441.50494	0.74266994	-1.0430813e-10	470.52475786209106
255	219.67142	92.27622	284.6946	-29.13409	272.57144	57.15314	26.05703	86.32362	-72.83413	1024000	0.0032346994	875.67224	0.0	-195.00542	0.7230669	-7.1525574e-10	471.83633494377136
256	140.52998	124.26404	276.49475	-43.07986	281.76923	43.911625	32.883137	93.08498	-70.1608	1028000	-0.013889873	1264.1997	0.0	-335.0394	0.8162189	-1.385808e-09	473.1548309326172
257	167.77773	117.68178	279.66013	-31.350336	300.66666	46.496357	31.68752	85.42239	-70.37472	1032000	0.05235086	913.6019	0.0	-358.8665	0.7554848	3.2484533e-09	474.508670091629
258	238.47011	37.73484	265.293	125.24192	328.63635	40.397667	27.190355	85.06122	-75.448296	1036000	-0.03962035	1012.169	0.0	-550.40076	0.790849	7.1525574e-10	476.12328004837036
259	215.8015	71.14662	256.20642	-16.45251	307.5	55.514507	21.370026	97.80907	-77.08181	1040000	-0.051570497	339.0772	0.0	-98.42398	0.8016783	-1.3709068e-09	477.6066789627075
260	261.93185	16.918457	290.12488	229.14969	320.0	57.812325	20.608751	101.10701	6.971849	1044000	-0.016253293	162.29904	0.0	-70.6082	0.79479074	-1.6391277e-09	478.9870159626007
261	235.36171	78.43914	291.64703	-4.2705255	331.54544	61.67595	18.74792	102.14882	-63.89905	1048000	-0.05686299	523.5925	0.0	-276.65747	0.7873242	-8.493662e-10	480.4714889526367
262	227.82571	75.82455	279.79852	10.938078	367.6	50.676453	28.419765	103.27121	-71.75158	1052000	-0.0058944076	766.53253	0.0	-257.3085	0.7780672	3.0845402e-09	482.0420160293579
263	188.86938	106.67247	291.826	-4.7871914	330.72726	46.581802	27.062918	92.10009	-66.02845	1056000	-0.0028871763	842.52075	0.0	-231.45517	0.8266969	9.536743e-10	483.6389100551605
264	261.09802	13.690009	283.47855	236.17288	370.5	39.55069	29.079815	88.8277	-62.177795	1060000	-0.012528742	687.60144	0.0	-396.0347	0.7647109	9.983778e-10	485.19677805900574
265	255.88364	16.914785	280.22458	228.70166	345.6	56.79303	17.783457	90.63557	23.431744	1064000	-0.011624582	442.03253	0.0	-157.9324	0.8012012	1.2516976e-09	486.8422181606293
266	248.86821	20.616915	284.30545	216.11845	334.45456	49.33689	19.696205	87.81538	-14.823649	1068000	-0.06679582	263.83862	0.0	-167.2704	0.8000942	1.6540289e-09	488.3230450153351
267	220.12285	76.26438	272.2363	10.312386	347.36365	58.202766	19.193422	91.81054	0.44239247	1072000	0.05145822	947.43945	0.0	-430.304	0.7640358	8.642673e-10	489.9357089996338
268	205.17058	111.91965	288.69894	-89.0341	317.41666	50.50728	22.015266	94.388115	-43.133556	1076000	0.045618694	867.8395	0.0	-323.86282	0.7974479	-3.8743018e-09	491.40797185897827
269	215.3365	92.82023	290.63687	0.75386256	300.66666	57.545815	20.843996	97.43841	-7.65201	1080000	-0.02289798	957.2026	0.0	-421.8679	0.8068429	-4.261732e-09	492.8144989013672
270	211.46072	98.2674	286.36954	4.8254995	278.7857	50.884773	30.055244	89.29376	-59.566677	1084000	-0.037134454	1173.93	0.0	-402.34973	0.77484727	1.3262033e-09	494.2179501056671
271	201.587	101.26012	284.062	-27.404179	264.92856	53.87661	27.225464	94.35514	-42.711502	1088000	0.03290405	833.2918	0.0	-160.67516	0.7823467	1.3560056e-09	495.5877709388733
272	183.34033	106.2533	274.41302	-30.503462	263.35715	59.946915	24.26574	95.47883	-79.678894	1092000	-0.007890869	855.6872	0.0	-214.0783	0.80735207	2.1159647e-09	496.93069982528687
273	211.7175	95.79378	289.4042	15.330139	275.7857	52.776054	29.039719	99.18669	-89.59343	1096000	-0.03329599	757.2749	0.0	-167.63164	0.7687099	3.874303e-10	498.2971930503845
274	168.10994	121.80565	295.76456	-19.943546	275.69232	49.713905	31.151468	94.249275	-87.48824	1100000	0.021399816	1232.8325	0.0	-338.74982	0.7956923	-7.7486034e-10	499.6915259361267
275	240.09709	58.65079	285.02695	37.175552	278.2143	55.053974	22.83856	88.40931	-66.76842	1104000	-0.014873192	837.8273	0.0	-392.27695	0.7856827	-1.92225e-09	501.0195081233978
276	193.47002	117.863266	318.69772	-36.993797	293.5	63.435543	19.426397	99.37267	-75.776375	1108000	-0.029663324	1293.763	0.0	-727.8036	0.78187287	-1.9073487e-09	502.4175510406494
277	247.5211	78.44445	301.10233	-17.067245	294.30768	59.262062	25.560013	88.26342	-60.77255	1112000	-0.00012978911	365.38525	0.0	-93.946976	0.7147746	-1.9967556e-09	503.833251953125
278	251.72192	22.852175	273.0635	183.46313	300.41666	56.873695	25.47868	93.02486	-59.49792	1116000	-0.033989016	387.11514	0.0	-309.24683	0.81011724	6.109475e-10	505.20477080345154
279	181.4891	115.77466	273.58307	-53.62298	296.72726	60.884327	19.09814	94.74544	-50.29444	1120000	0.040429793	1674.6489	0.0	-832.2178	0.7582395	7.748604e-10	506.54729104042053
280	177.71825	127.85398	307.92593	-14.072684	304.66666	40.8176	34.940506	90.13348	-79.21171	1124000	-0.09679554	881.9696	0.0	-214.46213	0.8113736	-1.4752151e-09	507.98885798454285
281	227.55962	80.77668	295.42975	-4.1435494	324.72726	38.81319	37.26205	92.81413	-72.301346	1128000	0.021991722	806.00073	0.0	-540.0897	0.7551995	6.705523e-10	509.5311689376831
282	245.6146	33.78069	284.64417	181.5418	361.0	55.447113	26.282026	96.51563	-31.396938	1132000	0.039250746	660.28186	0.0	-242.82234	0.7259829	-3.874302e-10	511.04621386528015
283	188.05109	99.12762	297.75458	-22.311474	321.72726	43.993958	25.562944	88.58979	-79.21526	1136000	-0.07304734	732.4686	0.0	-158.70772	0.77729356	-1.1473894e-09	512.494528055191
284	166.33784	119.75028	297.62234	-37.474102	346.72726	39.365234	27.566153	89.13785	-76.10921	1140000	0.005282957	1121.0183	0.0	-326.35062	0.7738557	-1.6391277e-10	514.1026940345764
285	175.92625	106.967636	297.4908	-30.850508	359.6	36.965336	28.385971	89.95603	-70.23642	1144000	0.046003252	1004.8707	0.0	-298.0766	0.79314566	-9.387732e-10	515.7653930187225
286	246.61221	27.293976	284.40216	201.4645	366.1	35.516644	28.772787	89.96718	-51.675724	1148000	-0.033645503	543.6177	0.0	-342.53674	0.7407427	1.4603139e-09	517.3679797649384
287	210.97218	78.34025	287.88968	-7.775407	338.54544	49.413483	24.32884	102.21092	-80.26444	1152000	-0.069992416	507.60956	0.0	-136.81253	0.75539887	1.4305115e-09	518.8454859256744
288	236.59505	75.06181	285.74078	-3.4922965	316.75	59.356403	20.348663	91.80143	-49.809467	1156000	-0.008470319	420.38843	0.0	-216.49	0.7648095	-3.6209822e-09	520.2875559329987
289	237.8941	63.263863	285.8954	33.83292	294.33334	58.4706	22.785793	95.64807	-51.95377	1160000	-0.027531225	564.6542	0.0	-344.79977	0.7756696	-2.9802316e-10	521.5997779369354
290	240.50092	67.97165	296.38925	27.197208	297.16666	58.19834	23.359646	93.37257	-26.258627	1164000	0.025227593	487.42404	0.0	-148.42926	0.7649142	-2.9057265e-09	522.9650239944458
291	241.4366	60.06483	297.40567	52.86972	302.58334	60.70573	18.6019	99.35429	-25.235577	1168000	-0.06891991	438.62448	0.0	-52.681946	0.7441659	-2.682209e-10	524.3450870513916
292	260.60495	19.949888	300.23648	231.40445	294.63635	61.701077	17.07111	93.841034	-38.604984	1172000	0.053087875	446.1372	0.0	-256.74008	0.6711288	1.847744e-09	525.7546179294586
293	255.33493	21.83233	304.68423	220.75885	281.85715	65.25744	15.631411	91.905914	0.7621071	1176000	-0.095715724	153.42169	0.0	-77.00313	0.7099027	2.115965e-09	527.0615499019623
294	242.3232	73.35213	307.62466	-10.699609	271.7143	73.31125	15.220351	100.19375	-60.962296	1180000	0.02737739	611.1457	0.0	-145.59636	0.69454163	5.215406e-10	528.4289469718933
295	246.68666	63.391403	299.30972	33.68217	263.0	65.641045	15.629045	95.40747	-49.808353	1184000	0.0810909	732.9183	0.0	-189.03575	0.6717657	9.536743e-10	529.7512238025665
296	258.40793	20.740362	291.25107	216.93375	271.15384	69.65482	14.529018	94.5127	18.12673	1188000	-0.06587747	124.78573	0.0	-46.54898	0.71255934	-9.536743e-10	531.0746121406555
297	203.4459	102.64264	296.65668	27.40062	250.4	69.13417	15.981532	96.9445	-30.757114	1192000	-0.05126948	1401.987	0.0	-321.66275	0.74243474	9.23872e-10	532.3410341739655
298	253.14671	58.932304	292.36008	36.588757	248.06667	56.58296	24.034807	100.77246	-26.448149	1196000	0.020716697	957.82605	0.0	-730.5882	0.7090938	1.2367964e-09	533.6587619781494
299	220.37283	89.72129	294.61304	0.7769874	287.69232	69.809296	19.464207	95.291695	-68.81587	1200000	0.008088633	959.22986	0.0	-406.4049	0.6470829	2.8312208e-10	535.0193271636963
300	223.00743	101.22606	308.07742	0.26112646	251.73334	59.98275	16.383904	100.52689	-7.0904098	1204000	-0.023816751	1068.6145	0.0	-308.0175	0.7647038	1.66893e-09	536.3309578895569
301	252.64977	56.767445	289.40805	57.815056	267.7857	66.06669	19.953802	102.53044	-67.69819	1208000	-0.0036011394	399.39337	0.0	-134.47101	0.7066207	1.9967554e-09	537.6124761104584
302	212.1235	103.34911	296.10263	0.8115192	261.53333	66.437195	20.282629	103.18121	-58.967224	1212000	-0.034167722	839.57227	0.0	-303.76392	0.7640823	-3.1292438e-10	538.9011600017548
303	242.83646	79.03817	295.60635	-24.815014	294.0	61.786415	25.916397	101.54599	-75.43803	1216000	0.037932564	548.61206	0.0	-263.81396	0.71156865	2.1606683e-09	540.298182964325
304	208.24925	93.820175	283.20322	-8.317429	286.07693	53.937927	28.365486	101.576775	-102.46525	1220000	-0.14204079	509.95868	0.0	-174.98535	0.7624868	-1.0430812e-10	541.7241911888123
305	229.76875	72.941	302.83154	18.832987	326.0	57.151485	21.097363	98.370804	-31.956709	1224000	0.0028740596	930.7924	0.0	-332.20032	0.71006083	-2.4139881e-09	543.1609518527985
306	214.63203	92.1202	297.87854	28.001732	320.0909	52.68824	25.262747	99.94167	-100.59461	1228000	-0.062167093	612.35864	0.0	-128.18063	0.8088401	-4.768372e-10	544.7564351558685
307	175.6381	94.10355	261.62924	-9.664803	368.9	39.57065	29.251915	94.34066	-101.60646	1232000	0.001144778	529.6278	0.0	-334.8143	0.7352905	-5.9604655e-11	546.4012498855591
308	230.16689	70.89878	292.87683	19.495161	322.54544	49.129444	33.675613	99.59915	-50.447956	1236000	-0.002440665	405.86	0.0	-241.00648	0.8044834	1.8179417e-09	547.8373558521271
309	242.2325	19.355244	290.3939	209.19104	327.75	53.100735	18.153543	106.04713	-75.00318	1240000	-0.13642187	208.54102	0.0	-150.74365	0.8391777	-1.8179416e-09	549.3229470252991
310	252.12268	19.240799	293.76575	219.92838	359.4	58.78611	21.069899	105.438965	-18.774714	1244000	0.011562276	391.938	0.0	-175.34706	0.7943796	2.115965e-09	550.9160380363464
311	247.09091	24.296753	276.06815	193.17194	358.3	54.922173	17.526695	102.63826	24.168951	1248000	-0.0069511747	109.62909	0.0	-20.156734	0.8452235	1.6540289e-09	552.4218871593475
312	248.69858	18.358665	278.07498	221.47975	355.7	55.315163	17.931782	103.76229	25.71003	1252000	-0.024663858	94.41878	0.0	-21.308113	0.8453462	-1.9371509e-09	554.0019080638885
313	243.8293	22.74051	279.4075	199.67813	342.2	54.197193	18.2139	103.86074	26.54274	1256000	0.017289562	88.15584	0.0	-27.25283	0.8545938	2.5779008e-09	555.5436608791351
314	246.45029	22.29167	292.8879	220.60448	339.54544	58.226776	18.037199	103.088554	26.3233	1260000	0.011176578	97.23189	0.0	-24.723257	0.8127643	1.8924475e-09	557.0349018573761
315	265.6536	19.326435	293.35638	225.27966	299.83334	61.329273	18.734219	101.93077	29.890354	1264000	0.10403575	85.90314	0.0	-40.310307	0.783106	2.503395e-09	558.4385869503021
316	239.53172	68.36359	296.75964	26.738989	296.33334	67.93022	16.239021	101.834305	32.25241	1268000	0.06120647	495.46414	0.0	-101.01402	0.76443386	-1.937151e-10	559.8345448970795
317	246.22856	71.14591	287.52597	18.31925	291.33334	63.38802	18.248766	98.446014	-83.53271	1272000	0.029260138	415.07925	0.0	-218.9418	0.7596469	5.8114524e-10	561.2194409370422
318	233.81218	77.663536	298.94574	41.77046	263.2143	66.253044	15.27073	98.41632	-49.16022	1276000	-0.025354434	685.1581	0.0	-184.55014	0.74505407	2.98023e-11	562.5202429294586
319	206.59598	91.107994	288.6308	40.155453	287.53845	56.807438	23.31042	101.22095	-52.006226	1280000	0.0067261867	1450.5703	0.0	-605.718	0.73134047	1.0579825e-09	563.9085221290588
320	176.95215	117.41223	293.37643	-28.877693	236.0	58.692703	24.08447	96.85031	-84.46279	1284000	-0.048191488	1495.6074	0.0	-505.2303	0.7655823	-3.4868717e-09	565.1760008335114
321	248.45291	58.672253	288.86322	48.794792	259.7857	48.24071	34.91402	98.42823	-87.81251	1288000	-0.010345601	1145.1508	0.0	-868.52893	0.69517905	1.0877848e-09	566.567155122757
322	207.49683	89.01158	275.10614	29.782574	263.14285	69.22518	19.333733	103.242226	-77.05821	1292000	-0.013713591	1481.8396	0.0	-499.72305	0.6649879	2.5480986e-09	567.9689891338348
323	253.78038	32.253586	284.9107	155.04001	283.23077	65.51369	16.72516	93.90123	-18.56651	1296000	0.14973855	838.0471	0.0	-432.75903	0.6162798	-4.798174e-09	569.3322880268097
324	211.42323	107.56441	298.32462	-1.3881283	241.6875	67.77731	19.903557	99.87259	-72.42581	1300000	-0.02806377	1554.5376	0.0	-294.70758	0.6770554	-8.493662e-10	570.5525457859039
325	158.99332	105.25944	282.30148	-6.958407	242.75	60.847603	23.904535	98.6035	-85.04613	1304000	0.024083748	1725.947	0.0	-788.88806	0.6863154	-3.5762787e-10	571.9208800792694
326	184.3565	118.28285	289.5438	17.470251	230.375	47.496155	36.195312	91.13983	-73.71402	1308000	-0.013494028	1426.9838	0.0	-377.5261	0.6784805	1.5944244e-09	573.149377822876
327	160.0596	117.46058	281.77457	-14.599364	224.29411	49.30317	35.571022	99.890884	-89.29324	1312000	-0.02675303	1298.0625	0.0	-367.22937	0.70247686	1.2964011e-09	574.3672437667847
328	205.85988	98.08045	284.56155	24.452526	231.9375	59.620808	24.768656	94.23632	-88.05867	1316000	0.01921308	1046.182	0.0	-224.05501	0.65888405	1.6540289e-09	575.6488349437714
329	216.8521	99.53047	287.13885	-12.448106	232.8	64.012726	26.53885	95.65276	-85.19964	1320000	0.036842942	825.65924	0.0	-260.4696	0.66189593	1.3113022e-09	576.8819999694824
330	242.94852	87.239174	309.28323	7.0783615	246.66667	60.4065	30.253311	100.22104	-81.16576	1324000	-0.03434977	744.0834	0.0	-440.92627	0.6705245	1.7136336e-09	578.1001970767975
331	186.30104	111.71984	283.68207	5.795716	249.13333	69.629906	26.07531	103.369705	-89.05183	1328000	-0.046614755	1421.9774	0.0	-399.48184	0.7264739	-5.0663945e-10	579.3951377868652
332	243.31953	52.247925	282.98526	56.280724	254.13333	59.266792	21.795809	87.68492	-79.46209	1332000	-0.026079454	717.92163	0.0	-491.2312	0.71126175	2.2798776e-09	580.8042750358582
333	259.78494	14.666061	284.1274	228.64368	268.07144	69.3559	15.672839	97.874115	-8.714942	1336000	0.013740797	177.29346	0.0	-111.53069	0.72027314	-2.0861624e-10	582.1695609092712
334	271.78064	17.27607	300.08026	240.18791	272.92307	74.23138	13.600016	116.78513	-1.4915078	1340000	-0.015323131	107.79636	0.0	-39.14276	0.70379484	7.599592e-10	583.5080380439758
335	253.57501	26.86142	307.4265	190.00574	296.23077	73.59758	12.725105	104.19801	28.686457	1344000	0.04507543	438.3834	0.0	-198.55887	0.72247475	-2.0116566e-09	584.9022920131683
336	242.37975	59.146927	285.90057	43.535656	277.0	68.75546	13.199647	98.770355	-27.366884	1348000	-0.019975208	441.77206	0.0	-203.9495	0.74136204	-1.1324882e-09	586.264408826828
337	270.09543	17.735735	303.72668	233.30722	284.58334	66.74129	20.32792	99.641945	-24.388887	1352000	0.0651989	282.58246	0.0	-160.21722	0.6985875	2.9206275e-09	587.6191990375519
338	225.83452	89.26136	289.54288	26.017315	286.75	69.29477	14.71204	99.56871	-19.666533	1356000	-0.0033488255	1051.2275	0.0	-471.8109	0.74317324	-3.8445e-09	588.9483230113983
339	261.80225	21.38507	297.61966	222.03093	281.53845	59.591766	16.177296	98.12335	-5.20047	1360000	-0.051209725	361.87912	0.0	-295.74353	0.7629757	1.4454127e-09	590.2950639724731
340	251.51175	31.20334	300.99323	188.19385	292.23077	69.24775	16.855467	114.40812	-40.68148	1364000	-0.037821326	296.91187	0.0	-107.773766	0.71620667	2.2053719e-09	591.7328379154205
341	242.5636	58.917194	280.46024	52.478447	292.66666	63.10677	20.774052	97.48486	-41.977516	1368000	-0.058107715	705.04553	0.0	-295.46292	0.77311087	2.3841856e-10	593.0603528022766
342	245.03703	67.342415	306.10434	30.65931	279.23077	68.199936	14.726465	99.27646	10.337662	1372000	0.010061882	483.32465	0.0	-98.21272	0.7626271	1.0877848e-09	594.4511430263519
343	263.20132	20.318586	299.50912	216.7301	292.69232	63.336414	15.775491	96.18595	-0.6655367	1376000	0.032701943	238.87634	0.0	-71.493286	0.72726583	7.897616e-10	595.7876009941101
344	229.60287	90.86358	296.40488	-8.585808	286.84616	67.11045	16.49427	95.88438	-60.662666	1380000	-0.031018332	670.84326	0.0	-275.93103	0.74657845	7.4505807e-10	597.1701557636261
345	257.59015	21.734798	297.21335	222.29083	284.46155	62.64837	16.72132	96.781685	5.7696466	1384000	0.032823343	155.7309	0.0	-97.96195	0.7379101	3.72529e-10	598.5533239841461
346	243.67213	64.01205	288.4407	30.234245	294.76923	68.08278	16.410181	97.27193	-87.21557	1388000	-0.037568495	482.35114	0.0	-154.65013	0.7129046	2.861023e-09	599.9552578926086
347	264.06958	21.856789	301.33517	224.3428	298.83334	61.692974	18.587492	95.91931	-11.203392	1392000	0.01907321	245.85507	0.0	-176.24316	0.74295294	3.039837e-09	601.2923140525818
348	270.08688	15.332502	295.4315	240.62013	288.23077	70.76537	13.40271	97.37412	38.727848	1396000	-0.06255783	73.99124	0.0	-19.211761	0.72816765	1.6987323e-09	602.6899437904358
349	221.58391	92.549515	294.88956	39.21474	267.0	71.83165	13.676997	98.44369	37.699406	1400000	-0.0033865608	1257.3994	0.0	-241.95874	0.74740994	6.8545336e-10	604.0135300159454
350	253.84113	34.144733	293.60263	184.87392	322.45456	56.5442	20.492817	93.81057	-26.072681	1404000	0.01948263	493.5476	0.0	-196.69939	0.64337146	-6.109476e-10	605.5453550815582
351	241.10995	53.985786	292.21866	70.07565	268.15384	65.131035	15.182835	95.66101	1.4545085	1408000	0.001829298	508.23126	0.0	-107.16909	0.6851734	-2.0712614e-09	606.9203910827637
352	223.16866	82.110855	288.88806	34.907585	311.08334	65.94022	16.399088	94.62708	5.6827416	1412000	-0.0048574996	1432.9514	0.0	-537.4042	0.6392994	-4.172325e-10	608.4058928489685
353	221.25212	81.785355	305.63602	41.309612	272.16666	53.935337	24.377682	95.4791	-89.01537	1416000	0.0011687959	958.8124	0.0	-557.2735	0.6310112	-2.7120113e-09	609.7997689247131
354	227.1356	69.20725	287.64206	50.394043	262.07144	59.407707	22.204952	96.45916	-46.207626	1420000	-0.09964611	1004.2478	0.0	-381.1658	0.64793146	-1.9818545e-09	611.0967078208923
355	235.70074	73.66734	316.05762	48.16391	253.86667	66.25778	17.939995	94.34923	-4.0162263	1424000	0.0018024732	667.73376	0.0	-193.63908	0.6927092	1.4901161e-09	612.3848960399628
356	235.27278	78.07309	292.27982	47.16378	262.7857	66.69646	17.545282	97.06352	3.4134016	1428000	0.0048764367	767.1445	0.0	-144.53687	0.70630527	2.0861624e-10	613.7014429569244
357	258.99765	17.786829	302.89557	231.39973	261.53333	63.126476	20.764864	97.9228	-32.749046	1432000	-0.030870637	359.3982	0.0	-278.59094	0.67306256	-2.2649767e-09	614.9800419807434
358	228.14738	80.53967	299.2397	49.685776	277.25	67.364395	22.591637	103.335434	-45.42824	1436000	0.07146184	932.7863	0.0	-527.9154	0.6654645	-5.2154064e-10	616.3145980834961
359	246.5922	67.374306	288.5509	36.61974	265.18182	48.95271	36.015022	95.20476	-56.09761	1440000	-0.041149087	465.66766	0.0	-182.37115	0.6508133	1.1920931e-10	617.7091438770294
360	254.61351	50.770416	284.47827	72.48734	263.2	72.60131	14.013453	98.231926	-32.516026	1444000	-0.06356055	252.81442	0.0	-90.68909	0.7074034	-2.786517e-09	619.0275180339813
361	272.0112	22.416395	305.6372	227.76755	280.64285	70.083435	17.63857	105.33621	-34.159405	1448000	-0.045169566	295.2016	0.0	-214.99785	0.7163166	-1.6391277e-10	620.3403840065002
362	259.082	21.654144	295.60687	221.7237	301.76923	69.71355	14.063842	104.428	7.5899873	1452000	0.005737598	242.0875	0.0	-61.646465	0.66528463	-2.026558e-09	621.6582429409027
363	263.1595	33.067184	310.4349	173.60237	301.76923	67.42089	16.135689	96.740616	13.154832	1456000	0.047453832	381.6681	0.0	-88.032455	0.6702518	-1.3262034e-09	623.0086479187012
364	269.72098	19.88173	302.4856	231.2859	281.6154	69.53828	14.880655	111.28531	-31.269552	1460000	-0.13831371	149.79459	0.0	-74.78427	0.7365687	-1.1026859e-09	624.3687419891357
365	236.3861	85.48305	286.56705	28.035894	264.2857	72.52543	12.860622	99.57265	12.544518	1464000	-0.0382248	971.44604	0.0	-355.39325	0.7740755	-2.8908254e-09	625.6517210006714
366	249.42845	59.216434	289.41855	43.349293	276.7857	69.46295	15.019172	98.612274	-2.5507028	1468000	-0.009471539	450.04565	0.0	-137.22052	0.7154852	-2.0861624e-10	626.9552071094513
367	251.00478	74.4335	309.50055	7.167239	280.69232	66.96145	16.719479	95.303314	-96.6913	1472000	-0.016541485	568.8054	0.0	-127.08107	0.71136653	6.2584876e-10	628.2791109085083
368	266.67783	22.160944	300.71448	228.78964	277.5	69.81618	12.3940325	96.313324	42.599464	1476000	0.021713816	73.47676	0.0	-15.6271	0.73542917	1.6391277e-10	629.6096589565277
369	227.82243	85.151665	287.29227	12.403667	261.85715	70.78415	16.292887	96.85541	-59.53979	1480000	-0.0007776276	625.876	0.0	-400.96643	0.7238993	-3.904104e-09	630.8801519870758
370	270.11118	23.442175	310.33694	232.12675	269.07144	70.04009	15.2895355	95.9367	-25.825695	1484000	-0.08093744	121.96813	0.0	-79.886635	0.7343755	-6.258487e-10	632.2279300689697
371	251.31761	56.34004	304.3938	56.501194	273.2857	72.33141	12.988049	98.320206	8.939185	1488000	0.019758496	474.4838	0.0	-80.405396	0.7028041	1.3411046e-09	633.5046968460083
372	233.67656	79.96901	291.25076	26.880276	264.46667	69.82413	13.153792	98.37388	-2.5432372	1492000	-0.038002856	769.15466	0.0	-99.25374	0.72028035	1.5795232e-09	634.8208038806915
373	243.12363	88.66947	312.14243	23.24415	252.6	66.196815	15.701052	95.15194	-30.100132	1496000	-0.019874513	734.36615	0.0	-254.31961	0.7045485	-4.23193e-09	636.1009261608124
374	243.28206	54.402958	296.3926	55.48013	263.35715	68.2444	16.333843	95.55476	-55.24169	1500000	-0.031947136	341.88513	0.0	-132.42224	0.71462923	-5.9604643e-10	637.3804428577423
375	270.56412	22.486	312.87866	209.2106	278.85715	73.49981	15.755559	96.78089	-38.50291	1504000	-0.07142751	146.86954	0.0	-88.77789	0.7263265	-1.4305115e-09	638.6789519786835
376	276.71707	15.411227	299.20752	242.97295	266.07144	72.82175	14.777155	96.99603	21.462399	1508000	0.05889648	103.58475	0.0	-58.460922	0.6903298	-1.1473894e-09	639.9879379272461
377	267.5301	9.707262	281.03607	253.839	272.2857	74.68396	12.074812	98.84079	50.954945	1512000	-0.029874938	49.309578	0.0	-6.869665	0.72684145	-1.4901158e-10	641.3473718166351
378	264.61554	17.020775	308.1349	240.3063	268.2143	74.57999	12.079582	98.769295	46.773636	1516000	-0.027305704	55.86447	0.0	-8.406107	0.7179508	1.8030406e-09	642.6364550590515
379	244.30064	70.71347	300.42862	8.428496	274.35715	70.856544	16.200665	99.19419	-2.9195638	1520000	-0.0006012507	588.60693	0.0	-171.54039	0.7091643	1.7583369e-09	643.9503891468048
380	255.16667	64.00474	300.1819	31.02555	264.0	68.63678	19.524239	96.375114	-77.40118	1524000	-0.057761256	351.96088	0.0	-142.87408	0.6851229	-2.5629996e-09	645.2654690742493
381	235.43913	75.70763	295.2036	62.231934	272.53845	70.409584	17.075342	97.51786	-49.36707	1528000	0.011193551	794.7627	0.0	-244.80391	0.7004692	-9.834766e-10	646.5483911037445
382	245.36752	58.236095	297.16284	52.772453	287.76923	63.229755	23.963005	96.622185	-24.718307	1532000	0.053385824	584.1228	0.0	-218.39342	0.6650517	-1.3262033e-09	648.1230528354645
383	255.43102	53.701572	290.7308	67.00773	274.2143	68.719795	18.634058	109.7078	-61.99233	1536000	-0.123036444	565.61237	0.0	-133.06197	0.6924472	-2.5182962e-09	649.42152094841
384	271.6548	18.540648	300.94742	239.64026	271.0	70.413635	14.231354	98.107704	-32.782448	1540000	-0.021804024	124.03377	0.0	-69.003716	0.6934401	-2.2500752e-09	650.7054529190063
385	266.75607	18.995817	289.04843	232.9153	285.91666	74.11681	14.26041	99.01106	-8.066194	1544000	0.042011585	122.57396	0.0	-59.55504	0.7042508	2.3841856e-10	652.0226309299469
386	238.07628	78.74227	295.52084	49.662632	259.35715	72.0358	13.127447	97.62611	-12.322089	1548000	-0.03455469	737.38525	0.0	-134.28558	0.7463478	-1.6391277e-10	653.2973239421844
387	263.10794	16.533278	289.68158	232.42072	268.75	63.70432	19.184248	94.87851	-71.20706	1552000	0.02907148	216.92493	0.0	-117.50601	0.6515577	1.2367963e-09	654.7443590164185
388	253.30249	33.078148	293.1434	155.36198	288.53845	66.17339	23.244469	95.730705	-41.598396	1556000	-0.073810756	431.74164	0.0	-103.28521	0.68725055	-1.4901136e-11	656.1332168579102
389	248.45435	57.60242	288.7854	45.298115	271.64285	69.898384	15.399773	94.896225	-43.643147	1560000	-0.01623232	315.1641	0.0	-143.4456	0.7365437	1.6391277e-10	657.3998727798462
390	248.75485	67.59518	296.18472	45.15016	289.6154	70.44012	16.435055	98.26747	-16.324192	1564000	0.040993094	932.55493	0.0	-648.66797	0.6366205	9.983778e-10	658.6840107440948
391	264.58145	21.665894	311.64005	238.27191	266.18182	64.04987	20.617485	100.47396	-3.5041769	1568000	0.03393273	580.6998	0.0	-427.64578	0.63721836	3.6507846e-09	660.1765720844269
392	250.94075	58.095924	299.4699	51.37552	269.7143	68.13173	17.106192	99.38574	-12.943282	1572000	-0.046734422	506.61798	0.0	-162.39719	0.7108054	7.599592e-10	661.457447052002
393	238.1727	77.9755	292.28055	34.068672	255.0	70.53488	14.342946	97.03144	-78.785515	1576000	-0.019673567	674.95245	0.0	-280.95184	0.7444829	-2.1904707e-09	662.7565598487854
394	271.3371	22.79509	301.6726	217.45229	273.6154	63.98008	24.941961	98.946495	-33.91542	1580000	0.04355341	584.2451	0.0	-437.53458	0.6516739	2.2053719e-09	664.0889728069305
395	254.42906	63.8373	293.53302	29.84891	260.07144	70.17754	20.123934	99.61499	-52.479946	1584000	-0.15014353	550.724	0.0	-419.76288	0.67155015	-9.983778e-10	665.3595690727234
396	230.25432	87.77485	287.81268	-20.736452	249.8	73.74147	17.936996	104.830894	-25.46751	1588000	-0.022272676	636.78217	0.0	-240.84471	0.708318	-1.9967556e-09	666.6127359867096
397	246.91159	69.342735	298.77045	14.167195	276.07693	65.4587	22.79554	99.74454	-81.18268	1592000	0.04472571	552.67816	0.0	-142.7135	0.629374	2.6077034e-09	667.8930840492249
398	265.21228	22.577291	304.96393	227.46364	259.7857	74.779	13.138044	100.45121	4.963835	1596000	-0.03210042	101.24413	0.0	-29.241024	0.68445337	-1.8775463e-09	669.1789109706879
399	270.3156	18.342323	307.02225	231.67125	264.0	72.928566	14.55092	100.02078	-6.823188	1600000	-0.040106747	114.81679	0.0	-60.69986	0.6824222	8.940697e-10	670.4856960773468
400	239.38278	85.99205	307.50998	25.034285	247.93333	76.7158	14.0709	101.87583	31.092949	1604000	-0.0008336678	913.8427	0.0	-463.29935	0.6658067	1.2516975e-09	671.8131358623505
401	225.28857	101.20678	296.93195	-12.056434	252.06667	68.18733	27.482542	98.071785	-43.54594	1608000	0.016725603	1299.5592	0.0	-688.14514	0.64859134	1.341105e-10	673.1181609630585
402	242.68492	83.55575	290.71808	-4.3250365	247.5625	63.69453	24.584702	97.107605	-77.01861	1612000	-0.07611195	675.0612	0.0	-389.81274	0.64404976	1.4007092e-09	674.408035993576
403	264.0729	20.558012	296.21045	224.64905	293.41666	61.080254	28.29411	107.18648	-65.69595	1616000	0.058442093	582.9895	0.0	-374.91458	0.63267803	1.0430813e-09	675.6954109668732
404	267.55707	17.466833	297.04785	243.24405	249.42857	68.82054	19.919498	97.79434	-20.523542	1620000	-0.053718347	345.62125	0.0	-105.88001	0.66162044	-9.536743e-10	676.9494159221649
405	251.1422	59.443523	301.69592	45.286053	262.0	75.373566	12.624697	99.44502	19.13053	1624000	0.0139887445	301.71048	0.0	-57.550854	0.66318905	1.7434358e-09	678.2537620067596
406	255.00523	68.446526	296.37943	16.54186	270.85715	70.47597	17.03305	100.61075	-46.309704	1628000	-0.04790933	519.44415	0.0	-100.48983	0.625937	1.9967556e-09	679.526743888855
407	212.82658	99.39345	283.4634	20.072971	239.57143	71.35295	15.125211	98.4921	-43.48565	1632000	0.0213524	1439.047	0.0	-591.38684	0.66694057	1.8030406e-09	680.845447063446
408	252.32042	62.50787	302.47418	46.630264	267.85715	53.037453	32.364075	97.25874	-105.64829	1636000	-0.004253799	1346.8964	0.0	-797.1979	0.6368325	-3.3229588e-09	682.1325309276581
409	250.65584	70.70959	296.79608	12.518503	270.14285	70.82708	17.649488	98.39575	-74.291504	1640000	0.009319648	538.814	0.0	-76.35173	0.66497684	-4.7683724e-10	683.3894670009613
410	251.48695	64.67592	302.08743	21.329214	250.8	73.63612	15.613579	101.226234	7.149341	1644000	0.008533233	578.9244	0.0	-176.83017	0.6372149	4.2617323e-09	684.6813409328461
411	241.28362	86.25469	318.16238	32.93633	250.42857	73.38256	16.042698	100.55278	-83.70068	1648000	-0.01920065	855.97144	0.0	-326.0063	0.62015736	5.662441e-10	685.9627499580383
412	240.04837	83.79307	299.73145	15.043103	243.93333	72.737625	16.325066	100.1424	14.973284	1652000	0.014665388	816.4154	0.0	-148.09195	0.664845	5.215406e-10	687.2610368728638
413	224.94443	98.44106	298.68475	19.735172	240.8125	70.961235	17.320915	99.58793	-37.700237	1656000	-0.03176126	998.17114	0.0	-90.305145	0.6428722	3.1292435e-10	688.5176610946655
414	280.7653	18.752003	309.3442	246.85878	260.2857	71.855	14.564799	98.028	-7.6689043	1660000	0.025767546	186.25485	0.0	-129.97885	0.63390934	2.9802327e-10	689.7857298851013
415	216.96075	97.3082	305.3642	30.41327	224.8125	78.53669	15.436477	101.94947	-56.309338	1664000	-0.011989125	1257.6133	0.0	-374.0704	0.67645246	-1.0579824e-09	691.0013689994812
416	209.72868	107.30985	298.24002	24.748344	236.26666	67.845184	22.491758	100.21626	-100.15067	1668000	-0.027539618	1500.0509	0.0	-282.0873	0.6474148	-1.9967556e-09	692.2704730033875
417	274.8774	19.131252	299.19702	229.568	262.57144	62.653484	18.080587	97.2977	-68.77247	1672000	-0.061038963	457.4392	0.0	-355.75067	0.62482274	-7.4505807e-10	693.5226650238037
418	253.05995	63.960747	295.8985	30.985209	253.07143	77.45565	14.219823	101.59508	28.902327	1676000	0.013654947	476.6793	0.0	-63.191914	0.6819911	1.7285348e-09	694.8402168750763
419	257.35724	56.78955	313.60217	86.21194	340.63635	58.94903	28.09315	99.903755	-25.17748	1680000	0.023823455	396.35153	0.0	-189.17589	0.55206937	-1.1920925e-10	696.3183100223541
420	193.63756	123.89961	311.7328	-23.408848	239.3125	72.568924	18.891453	101.47691	-78.45743	1684000	-0.041032165	1910.8969	0.0	-1135.3344	0.6845657	-1.3709068e-09	697.5899610519409
421	233.3135	83.33683	300.744	29.17733	257.14285	43.60721	43.679306	99.68943	-73.369194	1688000	0.04370392	1439.691	0.0	-916.4333	0.6754484	3.3229588e-09	698.8621690273285
422	258.90784	65.19769	306.18915	37.49547	263.14285	70.795044	19.461203	100.46442	-14.043255	1692000	-0.0061931014	377.83615	0.0	-32.43548	0.6640208	-1.4454127e-09	700.171637058258
423	247.69315	63.128796	294.7089	29.733059	260.7857	68.037796	20.688711	100.86242	-73.17783	1696000	-0.07841884	419.48187	0.0	-65.74766	0.68999344	1.6391277e-10	701.4794111251831
424	253.52542	69.74778	299.77136	9.043365	266.57144	69.75675	20.274235	100.00448	-20.801107	1700000	0.037300006	382.37494	0.0	-126.178	0.6846031	1.2069941e-09	702.7800378799438
425	263.27243	20.425797	289.88574	216.4852	278.0	74.732666	14.8740635	101.842415	-8.896219	1704000	0.0003293045	86.286446	0.0	-36.72042	0.647025	2.041459e-09	704.1601760387421
426	243.55908	79.94054	298.06458	-22.399595	282.84616	71.55039	14.147374	99.05424	-34.286316	1708000	-0.03767591	491.08276	0.0	-145.27722	0.69816554	-7.45058e-10	705.4536211490631
427	263.30115	15.906124	283.92746	226.3943	274.07693	69.407745	15.988808	98.94754	10.106814	1712000	-0.04332803	103.54657	0.0	-44.892357	0.71265304	1.5497208e-09	706.758306980133
428	256.27887	76.876366	309.5263	-16.727385	275.42856	70.30442	19.326914	99.062805	-45.253914	1716000	-0.0022828057	358.22253	0.0	-83.52861	0.67644143	1.0579825e-09	708.0900549888611
429	232.42076	86.35069	299.34253	16.408707	264.2143	71.398445	13.000925	99.64534	-0.76433736	1720000	-0.049577903	756.88727	0.0	-125.22312	0.7083458	1.5944243e-09	709.3969540596008
430	227.86952	80.81588	306.52008	20.7685	254.78572	67.13784	16.016169	97.405754	-84.24737	1724000	-0.012809196	678.735	0.0	-264.4448	0.6901206	-4.4703485e-10	710.6839880943298
431	257.73593	36.598557	302.94003	168.10399	318.75	61.067047	22.07267	96.43038	-68.433495	1728000	0.06516598	907.55756	0.0	-381.12735	0.61728096	2.1755695e-09	712.0684728622437
432	237.28401	86.070244	308.78925	27.318735	259.0	66.75029	17.750631	122.96136	-67.30048	1732000	-0.068439856	753.7452	0.0	-178.77231	0.70733654	1.3560058e-09	713.384104013443
433	261.5692	32.55313	297.34207	163.46613	298.69232	72.97305	17.592855	105.69998	-60.51836	1736000	0.08368382	418.28143	0.0	-246.84708	0.62231445	-9.834766e-10	714.9179427623749
434	243.55563	64.93171	289.9561	16.374266	267.0	64.71935	19.323595	104.29362	-77.38532	1740000	-0.07739741	652.12463	0.0	-416.39807	0.6650176	4.2021275e-09	716.2375559806824
435	258.9394	20.286583	299.34598	234.16022	271.7143	69.60093	15.1813965	96.88631	12.013191	1744000	0.012206173	129.13037	0.0	-82.85586	0.6732341	1.117587e-09	717.5287880897522
436	257.7924	27.415245	302.9535	174.50151	275.64285	71.98944	18.441347	97.23374	-31.409077	1748000	0.035519715	384.53842	0.0	-152.8675	0.6830013	-3.8743017e-10	718.8847889900208
437	244.27107	52.895615	286.95245	62.66467	261.7143	71.090744	13.43821	97.237434	10.392119	1752000	-0.014938846	361.66302	0.0	-243.00223	0.7477159	-1.296401e-09	720.2397429943085
438	246.5231	66.161674	295.84174	20.740963	262.14285	66.88646	19.88372	97.2245	-31.625095	1756000	0.014155669	587.45605	0.0	-237.6413	0.66616297	1.0430813e-09	721.4965651035309
439	238.92879	84.94175	307.5905	25.457684	256.66666	69.82635	16.958916	103.80784	-71.35643	1760000	-0.028068509	949.6466	0.0	-235.12598	0.6737093	1.2665987e-09	722.800803899765
440	254.45456	65.56194	305.33154	28.734756	270.07144	67.42064	18.22147	93.40084	-68.73905	1764000	-0.10537474	513.2949	0.0	-186.98721	0.64973575	-6.1094757e-10	724.0866169929504
441	274.56784	17.305279	297.80127	247.55597	268.5	72.56278	14.696879	96.598434	-50.00187	1768000	0.045730636	139.33708	0.0	-59.663677	0.6222528	1.7881396e-10	725.3511641025543
442	233.12015	85.10403	298.0891	21.795872	261.46667	72.51863	18.900143	98.16774	-12.450296	1772000	0.013043348	1390.4309	0.0	-500.8827	0.66874194	1.8328428e-09	726.6118149757385
443	263.4697	20.323458	293.1231	222.27165	262.7857	65.482475	22.740294	96.78333	-58.417564	1776000	-0.070937976	485.7542	0.0	-425.05658	0.64904416	-3.0696392e-09	727.8826200962067
444	217.79768	90.30482	310.25372	11.208606	296.92307	67.321815	20.961403	99.10057	-28.62759	1780000	-0.007898744	1123.1158	0.0	-785.7728	0.6620023	3.6209822e-09	729.3790099620819
445	262.9161	38.872665	307.84286	178.9528	311.75	58.533775	29.538832	98.817085	-39.566647	1784000	0.039318044	839.4647	0.0	-457.89346	0.55258405	-4.6193593e-10	730.7253329753876
446	219.06346	110.54542	309.02094	-28.100634	243.4	71.21028	17.367521	97.7573	-57.90034	1788000	-0.043568425	1105.731	0.0	-714.31396	0.64187807	-2.3841857e-09	731.9683699607849
447	212.57443	105.19903	299.06372	-1.0170101	252.14285	64.43182	33.474545	116.102615	-83.61467	1792000	0.025295895	794.9276	0.0	-224.35571	0.6211544	-1.7881396e-10	733.2386379241943
448	213.59315	96.47794	290.59793	-5.745364	318.75	48.16256	32.309704	103.66558	-80.08305	1796000	-0.012102533	779.187	0.0	-389.85974	0.6172112	-2.98023e-11	734.7134139537811
449	216.83797	96.76005	298.71976	9.871843	243.21428	62.675648	26.657482	102.05188	-73.530815	1800000	-0.013839991	1019.4533	0.0	-121.82172	0.6120624	1.1324882e-09	736.0034132003784
450	271.15677	20.823282	308.72345	236.23898	290.92307	58.22575	31.092287	98.48641	-68.993225	1804000	-0.08806884	757.7903	0.0	-522.5707	0.57939655	2.2500752e-09	737.2744648456573
451	268.1604	16.227037	292.63858	239.83182	263.92856	70.63824	16.229065	99.4955	-34.002647	1808000	0.084744245	143.56583	0.0	-75.104485	0.6319668	2.69711e-09	738.570720911026
452	231.118	91.71455	299.92294	-36.921307	244.6875	76.92511	13.568735	106.03673	25.288595	1812000	0.033444453	970.1903	0.0	-515.1307	0.6192662	-1.1622905e-09	739.8045978546143
453	266.60394	22.594492	301.4184	231.67651	253.42857	72.098175	15.388952	99.0447	4.6422358	1816000	0.02030642	183.20834	0.0	-124.13567	0.63173985	-2.9802327e-10	741.0678958892822
454	248.29488	62.70233	293.12393	26.04601	250.73334	75.232	15.131673	100.13348	9.1769705	1820000	-0.018964145	599.0774	0.0	-143.9182	0.6058854	8.34465e-10	742.3109309673309
455	259.75455	60.70875	310.72372	41.297863	253.66667	75.720665	13.653522	102.88478	-20.339264	1824000	0.0065938924	468.55603	0.0	-56.38433	0.6514636	-1.192093e-09	743.5680301189423
456	281.12466	23.620045	324.88297	237.69647	251.73334	76.05191	13.625685	101.38767	45.39729	1828000	0.06156092	120.96713	0.0	-61.466106	0.63275003	1.1771917e-09	744.793741941452
457	274.99942	22.42359	306.362	237.71712	267.85715	79.34773	16.637846	107.642555	-11.671469	1832000	0.020644624	373.52756	0.0	-168.40146	0.56517255	-2.1457673e-09	746.1281230449677
458	252.77249	53.83895	296.4249	64.431755	251.8	76.98083	14.927529	103.80022	-21.57548	1836000	-0.10695658	417.6433	0.0	-94.84421	0.65577894	1.2516975e-09	747.3940010070801
459	261.2613	62.734047	318.34845	45.089912	254.92857	76.26153	15.613223	102.91309	-37.369934	1840000	-0.05517806	475.79456	0.0	-150.88173	0.5978936	-2.533198e-10	748.6284790039062
460	257.02414	30.441303	307.28375	192.75787	265.14285	73.16809	18.448675	103.270966	-16.844437	1844000	0.06678961	343.39645	0.0	-110.14445	0.64513195	4.0233133e-10	749.8946731090546
461	257.68124	57.215538	296.7466	52.925503	245.6	73.32198	18.448288	103.25772	-62.286068	1848000	-0.11423931	603.30963	0.0	-363.00162	0.6419543	8.791685e-10	751.1502947807312
462	242.11436	90.98281	314.74503	6.5309577	236.66667	77.628204	15.60167	103.77507	-57.671112	1852000	0.009244591	834.8123	0.0	-380.80252	0.64967644	-1.2069941e-09	752.3908150196075
463	268.2852	20.874027	308.8164	239.94728	254.06667	76.92314	15.577405	107.102005	1.3424478	1856000	-0.005462624	157.9627	0.0	-102.166824	0.6514927	-7.301569e-10	753.6414098739624
464	263.46902	20.832998	307.33755	215.36467	258.26666	79.31919	15.111356	106.38526	5.7903233	1860000	-0.0055817943	208.59604	0.0	-91.12446	0.63666636	-2.384186e-10	754.9374711513519
465	227.1929	110.86499	312.58295	-27.54179	233.4375	74.79741	18.008982	104.64246	-81.45975	1864000	0.008855337	1206.4357	0.0	-169.50949	0.67045105	2.7120115e-09	756.1817178726196
466	257.22842	29.664558	298.5078	177.65247	268.57144	64.712326	24.250938	103.31108	-64.81345	1868000	-0.04719661	386.48172	0.0	-143.77792	0.62863576	-1.3411044e-09	757.5102899074554
467	253.92142	55.33314	304.9438	60.933884	257.73334	76.82925	15.623669	103.47342	16.539618	1872000	-0.009931793	456.53525	0.0	-198.73856	0.6493454	1.1324882e-09	758.7789180278778
468	264.81396	22.552443	300.71304	225.01054	250.86667	74.194954	15.287714	103.929054	-0.63117	1876000	0.014037406	172.43979	0.0	-114.13014	0.6353221	1.1026859e-09	760.0690379142761
469	259.96487	25.051422	299.3591	205.11908	249.64285	75.81323	19.627588	104.96156	-8.860142	1880000	0.075765036	441.67078	0.0	-302.42322	0.6292021	-7.45058e-10	761.3433938026428
470	249.71367	61.46198	307.15417	37.10562	251.33333	75.74544	16.834318	111.85259	-35.988766	1884000	-0.032746382	426.2338	0.0	-111.42384	0.6447234	-1.5348196e-09	762.6089050769806
471	257.16617	63.258316	308.62216	37.427155	252.8	73.12285	18.495123	102.514946	-32.091084	1888000	-0.036718942	499.69452	0.0	-240.3128	0.6125649	5.2154064e-10	763.8978109359741
472	217.8454	79.559654	283.3036	-10.932148	320.54544	72.37181	16.141884	104.61131	-50.566936	1892000	0.03405288	1299.7662	0.0	-807.11145	0.6406356	-1.4901164e-11	765.3075339794159
473	265.74	13.470174	299.67682	242.97264	262.7143	69.48527	15.830756	99.554634	-20.125454	1896000	-0.01309794	155.12573	0.0	-92.73305	0.6421144	-2.7269125e-09	766.5512840747833
474	249.57639	63.523457	301.17816	44.62817	273.07144	71.332214	20.745924	101.95066	-23.898964	1900000	-0.031578165	734.59155	0.0	-211.76065	0.60727924	-1.7583369e-09	767.9414649009705
475	240.30101	67.10083	288.54495	25.418095	264.41666	62.75542	22.595972	99.26768	-69.41667	1904000	0.00937894	728.8443	0.0	-112.83623	0.64167273	-4.4703463e-11	769.5048809051514
476	262.07773	27.107668	298.83826	195.54318	288.36365	58.37453	25.296394	100.196815	-62.084328	1908000	-0.013857648	399.6169	0.0	-64.55051	0.5912895	1.4603138e-09	771.1652109622955
477	256.22018	69.44639	310.86676	17.027445	258.2143	66.486115	17.516216	99.36937	-70.0505	1912000	-0.029468335	476.76135	0.0	-54.421444	0.7003938	2.4884939e-09	772.4354498386383
478	211.46175	90.96012	301.4403	30.293158	271.64285	66.03654	23.918676	100.9613	-62.10396	1916000	0.026244238	1298.999	0.0	-497.21613	0.67282474	3.9339065e-09	773.8757319450378
479	220.90848	89.9064	290.07843	26.82476	257.86667	62.429436	25.74288	100.098015	-88.491806	1920000	-0.028057951	1011.41205	0.0	-275.0578	0.6696664	-4.61936e-10	775.1537978649139
480	262.91354	67.79129	313.58273	24.824345	265.7857	63.50024	21.26485	99.03835	-73.30523	1924000	-0.05043609	562.1492	0.0	-197.8411	0.6568569	1.8179417e-09	776.4678800106049
481	243.76218	65.66148	297.1398	15.506075	260.53333	66.50939	23.490585	100.62794	-80.80439	1928000	0.013238236	373.42047	0.0	-182.82408	0.6466648	1.0579826e-09	777.7733199596405
482	227.8272	98.08632	298.85965	17.822226	327.18182	61.373833	30.661917	113.33187	-86.267204	1932000	0.048942633	755.4571	0.0	-372.94168	0.6095513	-7.4505846e-11	779.2485127449036
483	238.83615	76.339935	289.34912	-23.42181	259.85715	63.79899	20.853642	101.32308	-89.76794	1936000	-0.05093778	568.10016	0.0	-213.6995	0.6759465	4.7683724e-10	780.532726764679
484	277.06967	16.857412	311.01434	251.68356	252.4	75.37475	14.513973	101.023346	12.902419	1940000	0.038570352	71.45784	0.0	-26.157534	0.66181874	-5.0663945e-10	781.8618898391724
485	259.73077	27.826385	305.33685	222.70268	269.5	76.985725	13.422826	102.42054	44.73265	1944000	-0.052293062	57.117775	0.0	-16.362476	0.6673614	-7.897616e-10	783.2155821323395
486	261.24796	55.386158	300.0554	59.656174	250.33333	74.72483	15.628304	102.332985	-3.50004	1948000	-0.03506752	424.1342	0.0	-89.64807	0.6806629	-2.115965e-09	784.5897030830383
487	255.0374	59.3029	303.64893	44.566803	248.53334	76.78462	13.318096	101.6648	30.387754	1952000	0.040403754	550.87646	0.0	-96.81145	0.66326654	2.577901e-09	785.9364528656006
488	266.41266	15.821973	299.98135	240.8356	241.06667	76.277016	13.122317	102.250946	46.72212	1956000	-0.05845862	71.06861	0.0	-18.752054	0.6936306	-1.1473894e-09	787.3075249195099
489	233.61465	91.244415	308.68204	32.198036	235.1875	79.96725	14.815323	103.27953	-53.354397	1960000	0.02047873	1047.7073	0.0	-268.9098	0.62868476	-2.4288893e-09	788.5687310695648
490	261.86493	70.08879	307.8658	-2.4508824	242.0625	74.97614	17.277315	102.95375	-69.284035	1964000	0.0026483238	517.9247	0.0	-132.94005	0.5633716	-2.0861624e-10	789.7953989505768
491	277.1676	12.101051	296.60825	250.99171	239.0	82.60049	12.774751	103.67839	29.136084	1968000	0.011633184	71.04289	0.0	-19.082832	0.62757665	2.2649764e-09	791.0373010635376
492	257.18997	52.23652	297.02997	57.847572	228.35294	84.03325	13.571071	110.36394	-9.903212	1972000	-0.02458068	458.1445	0.0	-111.65512	0.5859058	2.2500752e-09	792.2576539516449
493	207.31984	105.613365	295.49023	9.735861	230.625	81.05434	17.432833	105.84797	-15.135788	1976000	0.010263823	1465.8094	0.0	-655.1059	0.59538007	-1.3411039e-10	793.486897945404
494	180.74847	124.88449	306.14426	-19.44973	206.38889	63.650158	32.49601	104.55387	-106.49354	1980000	-0.029705726	1441.252	0.0	-448.60367	0.59617853	-8.046628e-10	794.7033638954163
495	249.64346	60.01951	304.73602	25.494165	226.3125	70.59197	27.494972	105.36745	-69.87722	1984000	0.016169801	1198.612	0.0	-984.465	0.61125606	-2.5331975e-10	795.9327819347382
496	235.88457	96.41858	317.40503	-11.034101	230.375	69.2803	32.783802	116.37578	-80.87363	1988000	0.040478658	2055.0154	0.0	-1168.0188	0.6051692	1.8328429e-09	797.1133139133453
497	226.60951	89.7158	300.92648	26.071342	227.17647	74.914246	17.3481	104.27933	-32.574978	1992000	-0.031507984	946.39545	0.0	-299.2339	0.5836907	1.5497208e-09	798.3156790733337
498	214.16182	106.95029	291.67825	-60.721058	301.33334	59.876106	32.402157	104.379036	-38.60319	1996000	0.0121012125	1489.4567	0.0	-954.7222	0.50127167	-1.1175871e-09	800.1991209983826
499	245.77864	86.01573	315.47723	10.203237	244.5625	62.19804	34.89189	105.62023	-95.84486	2000000	-0.07073167	1222.3212	0.0	-434.69025	0.56524503	6.407499e-10	801.5125949382782
