Epoch	AverageEpRet	StdEpRet	MaxEpRet	MinEpRet	EpLen	AverageVVals	StdVVals	MaxVVals	MinVVals	TotalEnvInteracts	LossPi	LossV	DeltaLossPi	DeltaLossV	Entropy	KL	Time
0	-177.74257	112.773506	27.695673	-477.72644	92.0	0.27383375	0.051978987	0.61369294	0.010772869	4000	0.0032558967	13047.245	0.0	-849.4951	1.3830547	-2.384186e-10	2.9452900886535645
1	-195.1782	116.88561	-80.58009	-465.44452	92.25581	-4.1861587	0.632833	0.6651678	-5.045593	8000	0.0019265761	13644.908	0.0	-949.6035	1.3832968	3.5762787e-10	5.948600769042969
2	-164.51187	107.63158	-1.7333437	-478.55048	87.888885	-9.043425	0.43159634	-2.5177002	-9.186061	12000	0.0017563386	10283.539	0.0	-493.46777	1.382787	4.1723253e-10	8.943707942962646
3	-151.31216	101.461555	23.911526	-409.7311	91.34884	-12.090524	0.17738433	-9.751896	-12.1667	16000	-0.0022367493	8388.834	0.0	-339.44043	1.3824365	-2.0861626e-09	11.933893918991089
4	-148.07524	78.89124	12.730775	-394.85413	86.847824	-14.595769	0.16794363	-12.279878	-14.653598	20000	-0.001000644	6482.7363	0.0	-308.31982	1.3822942	-5.364418e-10	14.915585041046143
5	-155.82097	99.57504	10.269257	-452.348	87.888885	-17.012997	0.043333404	-16.323816	-17.04399	24000	-0.0012008131	7706.071	0.0	-350.23584	1.3811839	-1.2069941e-09	17.904396057128906
6	-158.50392	83.61717	33.799484	-352.8039	124.5625	-19.512344	0.26604018	-18.046215	-19.605757	28000	0.0028970637	5567.712	0.0	-177.21436	1.3803235	1.4007091e-09	21.646944999694824
7	-117.47656	57.813766	21.64481	-312.70923	90.22727	-21.476583	0.04127256	-19.155485	-21.498003	32000	-0.00032247018	3027.9512	0.0	-150.89062	1.3798708	7.0035455e-10	24.64241099357605
8	-156.29485	75.39568	-21.918924	-360.90134	91.093025	-23.224047	0.37727636	-15.443297	-23.265322	36000	-0.0034434549	5496.996	0.0	-291.12744	1.3747023	8.791685e-10	27.621543884277344
9	-138.73897	72.62124	-4.551715	-315.72345	96.12195	-25.660603	0.039203197	-24.816317	-25.676254	40000	-0.0031816205	4119.807	0.0	-194.39502	1.3765175	1.5944243e-09	30.624755859375
10	-142.8368	71.666084	22.130196	-334.04117	96.48781	-27.736712	0.033903923	-27.142944	-27.751541	44000	-0.0041884137	4158.5107	0.0	-210.1958	1.3733042	5.364418e-10	33.63158988952637
11	-162.84605	86.17337	-33.248917	-367.01944	99.975	-29.887495	0.072785355	-28.589716	-29.903194	48000	-0.005783961	5345.108	0.0	-265.67578	1.3658309	-2.2351741e-10	36.65194296836853
12	-151.35281	85.944565	2.6664255	-376.14038	99.95	-32.31355	0.063910805	-31.445797	-32.329254	52000	0.0016099431	5099.1665	0.0	-224.66748	1.3625125	-1.0877848e-09	39.667712926864624
13	-128.08969	50.04148	-34.43102	-270.26367	94.02381	-34.59475	0.012158982	-33.92029	-34.601486	56000	-0.00035628604	2317.8748	0.0	-122.283936	1.3659619	1.1175871e-09	42.6800320148468
14	-131.57672	65.53992	-9.272152	-280.66937	97.36364	-36.297085	0.11739051	-35.461163	-36.33002	60000	-4.1696072e-05	2834.809	0.0	-52.842285	1.367777	-8.3446505e-10	46.13784098625183
15	-130.32605	68.85508	11.466117	-304.96753	96.95122	-37.490242	0.019123064	-37.104202	-37.49799	64000	-0.0040316544	2718.0068	0.0	-105.29736	1.3617637	7.0035455e-10	49.14333891868591
16	-136.05498	78.97731	-24.45493	-350.9952	98.0	-39.101288	0.023018876	-38.533203	-39.109222	68000	-0.0068333223	3378.171	0.0	-107.42114	1.3574246	9.0897084e-10	52.16006398200989
17	-152.12196	106.00854	5.490037	-466.66342	103.97369	-40.778233	0.057440247	-39.818348	-40.791485	72000	0.0067291134	5670.408	0.0	-197.43896	1.351905	-8.940697e-11	55.17945599555969
18	-122.719406	56.099678	-32.260994	-277.45724	96.85366	-43.054142	0.040295772	-42.36229	-43.061913	76000	-0.008017448	1913.5448	0.0	-71.32007	1.3513534	-3.874302e-10	58.19036912918091
19	-127.53694	69.51288	13.90543	-322.79092	107.13513	-44.51195	0.023816373	-44.068176	-44.51885	80000	-0.0054539517	2312.794	0.0	-58.76123	1.3474597	-3.5762787e-10	61.2625470161438
20	-119.216995	63.594	14.485763	-298.48096	101.871796	-45.810455	0.09123237	-43.81864	-45.822575	84000	-0.0014948595	2015.9285	0.0	-45.28723	1.3416637	5.364418e-10	64.33323907852173
21	-148.4223	101.02796	-5.8583794	-459.32007	114.70588	-46.989777	0.01510751	-46.686634	-46.99499	88000	0.0018297798	3532.3127	0.0	-94.76416	1.3385447	-7.301569e-10	67.40661287307739
22	-124.499916	86.07688	45.27525	-308.43604	115.5	-48.663933	0.088783585	-46.950344	-48.677044	92000	0.0039342567	2503.3306	0.0	-41.46826	1.32967	4.1723253e-10	70.49688601493835
23	-121.12026	52.79489	-50.819946	-278.73376	107.08108	-49.847614	0.0038910694	-49.80758	-49.85135	96000	-0.01919371	1061.648	0.0	-26.783081	1.3196821	1.6838312e-09	73.54365992546082
24	-118.44023	96.27829	37.416435	-411.05847	128.53334	-50.80018	0.023834368	-50.42357	-50.806225	100000	-0.0108902	2453.8555	0.0	-12.106201	1.3198813	4.61936e-10	76.68429803848267
25	-125.36977	105.45307	-0.9422004	-364.65082	120.8125	-51.458263	0.033647332	-50.871094	-51.46514	104000	-0.0071324254	3197.1333	0.0	-23.60376	1.3047732	9.536744e-10	79.76993799209595
26	-122.57208	66.36039	-33.148735	-261.72748	120.84849	-52.36542	0.029050756	-51.861206	-52.370743	108000	-0.022531113	1602.3362	0.0	-9.651978	1.2959588	4.4703483e-10	82.85857892036438
27	-96.21092	71.3105	-4.740261	-312.5794	130.9	-52.991295	0.00942924	-52.714474	-52.995064	112000	-0.01830445	1650.103	0.0	-4.506836	1.2858832	1.1324882e-09	85.9888551235199
28	-140.38762	88.4049	30.036888	-323.9416	123.19355	-52.621155	0.022247469	-52.127327	-52.626484	116000	-0.018571027	2214.7905	0.0	-38.294678	1.2671669	-5.066395e-10	89.09912085533142
29	-94.51694	68.730705	37.16072	-274.27133	142.92592	-53.777798	0.015779004	-53.462086	-53.782562	120000	-0.027329551	1563.0416	0.0	-13.209839	1.2638454	-1.4901161e-09	92.27063083648682
30	-129.0385	94.417	26.252943	-288.40747	201.52632	-52.975845	0.4463987	-50.97785	-53.141865	124000	-0.0055096224	2400.4084	0.0	-335.25928	1.2667011	5.662441e-10	96.36526274681091
31	-131.3172	81.476845	-17.386137	-374.33215	156.68	-52.47955	0.9378813	-33.95347	-52.74198	128000	-0.012830956	2002.1388	0.0	-19.185547	1.2369224	-1.7732382e-09	99.61820483207703
32	-137.93959	122.56484	47.264812	-519.7485	173.27272	-52.80418	1.7544159	-12.9495945	-53.04039	132000	0.012296845	3453.682	0.0	-30.611572	1.2187898	-1.013279e-09	102.98931193351746
33	-137.60982	86.28124	-52.293045	-344.91986	210.05263	-53.405212	0.22336031	-46.25455	-53.484196	136000	0.0008497181	2145.4731	0.0	-13.430908	1.2219678	1.4454127e-09	107.30907011032104
34	-119.11739	88.5652	21.899181	-297.8069	184.71428	-52.920177	0.07689317	-51.947803	-52.944206	140000	-0.008223423	1619.6179	0.0	-11.75647	1.200318	5.960465e-11	110.69144892692566
35	-135.58638	85.97775	-20.815187	-341.04883	177.09091	-51.749725	5.223719	32.097233	-52.16828	144000	0.003891831	2041.8328	0.0	-95.56287	1.194344	9.387732e-10	114.03234577178955
36	-145.20901	120.56081	27.42289	-371.00528	233.47058	-52.04797	0.4711803	-48.705627	-52.23153	148000	0.004279494	2376.0474	0.0	-245.23364	1.2128801	6.2584876e-10	118.88604807853699
37	-62.479874	55.783566	8.04286	-205.62656	254.46666	-44.767784	10.509298	21.766504	-51.82996	152000	-0.026675843	1806.8712	0.0	-673.65454	1.2243109	2.9802322e-10	123.80664801597595
38	-88.07884	93.213264	30.638762	-307.19583	211.44444	-23.835546	3.1354976	-16.767387	-37.69297	156000	-0.0013013118	1668.4852	0.0	-141.87683	1.2035007	2.8461218e-09	128.25088477134705
39	-148.16281	96.44642	-14.385923	-362.9555	230.11765	-30.475506	5.75519	3.693253	-49.467148	160000	0.02594414	3040.5645	0.0	-442.62305	1.1873864	7.8976153e-10	132.52654790878296
40	-92.44814	79.33462	47.88554	-267.28418	195.6	-41.277115	4.2531257	-33.51352	-51.80505	164000	0.011555167	2260.5193	0.0	-172.64966	1.18803	1.3411046e-09	136.21364498138428
41	-114.36154	107.00703	36.636463	-349.88358	175.5	-36.98822	5.605232	-26.991884	-51.502644	168000	-0.0156103	2663.4116	0.0	-109.11133	1.1925557	-3.5762787e-10	139.66391396522522
42	-91.72314	82.60194	16.845304	-244.47841	204.05263	-40.249718	6.4224477	-33.280235	-52.553764	172000	-0.011190636	1639.1031	0.0	-85.59204	1.1885056	-1.8030405e-09	143.18465399742126
43	-42.44894	70.724815	54.695824	-179.85895	318.83334	-41.62073	8.324219	-32.504135	-52.548244	176000	-0.045153048	2371.6262	0.0	-609.53625	1.237698	5.364418e-10	148.41295194625854
44	-85.64699	81.978615	1.4986845	-309.08365	225.47058	-28.066034	2.3198233	-25.559488	-49.496983	180000	-0.011643133	1828.8035	0.0	-140.50586	1.2130243	7.1525574e-10	152.73951697349548
45	-78.75524	74.43385	23.899536	-270.74506	163.45833	-27.146679	6.573391	-23.40772	-50.4016	184000	0.00025635384	1796.577	0.0	-112.2511	1.1821389	1.1622906e-09	156.05209803581238
46	-55.65836	56.2884	24.758585	-205.4985	152.6923	-32.11685	9.833457	-24.036903	-51.493156	188000	-0.045396768	1001.0153	0.0	-53.064148	1.174507	-1.8179417e-09	159.33699107170105
47	-47.269527	62.6666	53.394997	-219.31421	165.04347	-26.025084	8.943414	-20.540955	-51.514927	192000	-0.023973124	1342.2847	0.0	-86.13733	1.1928337	8.1956386e-10	162.66708612442017
48	-34.998062	73.63137	37.492382	-263.18698	320.58334	-33.81927	13.322439	-16.480368	-51.465282	196000	-0.02345705	1807.3074	0.0	-528.1343	1.2215225	6.4074995e-10	168.02606010437012
49	-42.267212	59.258324	29.914238	-195.7305	189.90475	-11.817412	17.472067	11.457201	-50.017296	200000	-0.005233725	1014.563	0.0	-214.35095	1.1737859	1.296401e-09	172.23575401306152
50	-35.21171	70.98139	61.69273	-233.11255	207.0	-19.665695	17.97494	-1.1496611	-50.613792	204000	-0.020092415	1632.8717	0.0	-189.68762	1.1781297	-2.3692845e-09	176.46260690689087
51	-28.295652	62.271263	33.149097	-165.91808	320.66666	-19.282242	16.246647	2.2976534	-48.915623	208000	-0.046792045	1141.1006	0.0	-127.65784	1.2118465	-3.1292438e-10	181.88561487197876
52	-86.32169	100.76439	19.164421	-305.7394	318.66666	-12.206991	17.048515	6.385911	-49.597443	212000	0.017288588	1765.3391	0.0	-236.70764	1.1788129	-3.1292438e-10	187.00289106369019
53	-79.36392	85.32641	12.96215	-239.14934	340.22223	-21.200008	20.084938	3.1345992	-51.476215	216000	-0.013768461	1827.8328	0.0	-205.29578	1.1751114	-2.1010638e-09	193.27612900733948
54	-33.710808	24.3761	18.2934	-61.520092	527.7143	-20.702105	15.025458	1.4664041	-51.03152	220000	-0.031117389	767.5582	0.0	-163.10315	1.1830297	-3.5762787e-10	200.23353910446167
55	-69.02232	83.33189	30.171099	-241.32198	391.9	-13.846475	18.834011	4.0683537	-48.910656	224000	0.0443377	1357.6161	0.0	-319.78406	1.1529456	-7.8976153e-10	205.81520295143127
56	-74.03011	83.52589	8.237099	-250.04369	420.22223	-13.806019	11.175991	1.8374052	-49.36945	228000	-0.017903285	1055.1349	0.0	-210.29382	1.1435837	-5.364418e-10	212.2092080116272
57	-94.13338	75.04582	7.320168	-227.2105	390.9	-16.401909	18.909523	2.2175333	-51.596283	232000	0.027833993	1302.501	0.0	-144.48059	1.1120855	-7.748604e-10	217.85284900665283
58	-57.537685	24.503492	-27.121346	-93.46196	971.75	-32.0969	13.814665	0.062128305	-51.830032	236000	-0.029267468	1284.0061	0.0	-563.0545	1.1274668	1.4603138e-09	224.8983359336853
59	-51.738903	61.59013	0.32608238	-196.10913	410.25	-0.8359833	7.2177978	8.498766	-42.655407	240000	-0.03983726	824.5111	0.0	-183.50726	1.1274475	-1.9222497e-09	230.52028107643127
60	-82.32826	65.889366	-20.870974	-178.51434	525.4286	-18.540607	12.480213	1.5115792	-50.48488	244000	0.013307224	1269.2198	0.0	-83.25818	1.1048708	8.940697e-11	237.02482104301453
61	-61.751186	61.436634	32.187317	-160.99634	637.8333	-15.233883	9.69199	0.3599224	-44.775135	248000	-0.028822413	632.6933	0.0	-140.62299	1.147307	-2.0861626e-10	243.63734984397888
62	-63.05414	62.01313	21.58511	-194.16318	454.14285	-8.349008	19.894598	30.028929	-49.709415	252000	-0.0065790457	983.8196	0.0	-249.55542	1.1221404	-3.0398368e-09	249.43909788131714
63	-47.505573	49.073925	11.397677	-162.10374	327.58334	-9.565652	15.085444	26.556074	-43.339092	256000	-0.00996155	902.531	0.0	-110.35162	1.0964234	6.2584876e-10	254.74992489814758
64	-42.61792	51.721527	49.222946	-135.60146	389.5	-15.421279	17.69822	22.98982	-49.19235	260000	0.036653355	863.78564	0.0	-152.79987	1.1112813	7.301569e-10	260.0874559879303
65	-32.187492	63.766144	55.929554	-136.84763	476.42856	-16.479969	16.1669	32.648666	-42.898712	264000	-0.03063839	937.41943	0.0	-183.50507	1.1498219	4.61936e-10	266.1615180969238
66	2.799405	36.14715	55.2642	-72.01809	359.72726	-4.262765	23.25025	47.503193	-45.2296	268000	0.0048309243	548.3569	0.0	-93.65759	1.1351345	5.662441e-10	271.7977318763733
67	-21.307457	29.260736	26.805746	-69.18027	433.875	-6.340852	16.405258	36.77218	-42.77749	272000	-0.019967694	494.00702	0.0	-38.130554	1.1503583	9.536744e-10	277.40726494789124
68	20.816748	25.192627	61.102497	-27.578972	324.18182	-5.7634687	21.089369	42.906555	-42.20777	276000	0.0005291159	512.58936	0.0	-72.8179	1.1532897	1.2069941e-09	282.9963309764862
69	-1.9822184	21.513361	35.176685	-47.711384	233.05882	8.248073	23.642942	45.942825	-49.16073	280000	-0.0043917205	827.8355	0.0	-399.1165	1.121963	-5.364418e-10	287.4292209148407
70	23.950369	31.443811	65.63954	-27.94434	389.875	-16.306877	19.315481	35.013336	-50.670574	284000	-0.060549777	661.5303	0.0	-271.40485	1.2031459	7.301569e-10	293.56161308288574
71	-3.9466069	25.448648	35.658188	-55.835934	231.64285	5.3565116	25.223526	47.677666	-49.36515	288000	0.0012590091	931.98114	0.0	-365.99487	1.1326511	7.8976153e-10	298.77877712249756
72	-17.855257	33.023632	24.145891	-73.88431	663.8	-12.733846	13.648621	31.51207	-47.707737	292000	-0.058644146	504.4829	0.0	-182.43683	1.2046221	9.0897084e-10	305.9562509059906
73	2.1915991	30.585667	56.506126	-54.506065	293.23077	2.9455242	23.352163	46.003445	-50.047146	296000	0.003673801	677.27563	0.0	-204.89969	1.1486714	9.23872e-10	311.3914518356323
74	7.5219316	30.712831	48.527115	-66.42964	330.63635	-3.3322577	19.537647	43.218502	-50.662422	300000	-0.029974423	413.72812	0.0	-15.35968	1.1580285	8.1956386e-10	317.2063579559326
75	8.515935	29.786953	52.72706	-40.997402	554.7143	-9.063545	18.562458	38.284756	-50.770214	304000	-0.03568063	447.69287	0.0	-49.97711	1.1671853	8.940697e-11	323.3341979980469
76	-6.734903	61.861156	40.81945	-136.61842	643.3333	-2.8410664	17.395842	44.14687	-50.431385	308000	-0.046086565	492.68466	0.0	-26.534393	1.2031535	-1.0728836e-09	330.06010389328003
77	17.59637	33.8086	64.46328	-39.040268	727.0	-4.002577	18.648285	45.03507	-48.321194	312000	-0.057715464	452.09106	0.0	-113.88107	1.1757896	-4.917383e-10	337.0675458908081
78	30.491768	32.774124	65.37148	-17.3783	787.25	-7.3307295	20.884039	48.43788	-46.889534	316000	-0.028967915	252.6407	0.0	-44.37851	1.2040555	-5.960465e-11	344.4372589588165
79	-11.8318	35.57279	47.972126	-72.43916	346.6	11.846576	23.176874	47.974567	-48.683147	320000	-0.014101824	1120.9038	0.0	-401.45013	1.0955781	1.4901161e-09	349.5242078304291
80	12.464045	47.652348	83.133	-56.366016	755.4	-9.685767	18.025648	40.056225	-49.530533	324000	-0.02842739	436.87482	0.0	-73.18378	1.1800168	1.2218953e-09	356.9618990421295
81	-2.589149	37.985962	65.94366	-62.087032	505.42856	1.4412143	18.242142	44.64089	-44.912514	328000	0.009553684	440.309	0.0	-61.19644	1.1328708	1.4901161e-10	362.8619110584259
82	38.19648	22.956747	58.521942	-5.5445924	676.4	-7.7066593	15.087146	40.21622	-47.51636	332000	-0.042992145	314.21017	0.0	-83.68323	1.1765581	2.682209e-10	369.35072112083435
83	56.87699	9.806372	65.16595	40.33133	1000.0	-7.4803843	17.64499	45.815178	-42.1144	336000	-0.051341794	326.43088	0.0	-135.30743	1.1919456	1.3560056e-09	376.5813901424408
84	47.989285	32.921944	72.25136	-8.657359	1000.0	5.459353	20.67471	48.288807	-34.851925	340000	-0.0039842958	190.04408	0.0	-56.666016	1.203163	7.748604e-10	384.68463110923767
85	21.173609	44.642765	84.633255	-32.815475	608.8	0.051057618	19.92438	43.66912	-46.55406	344000	-0.002352109	387.79517	0.0	-23.189667	1.1819798	-1.4603138e-09	390.8515980243683
86	53.38481	53.76149	131.21834	-9.97152	628.8333	-1.6122876	20.8719	45.974205	-46.321266	348000	-0.012652663	553.82056	0.0	-69.640686	1.1508143	-1.1026859e-09	397.4637849330902
87	20.499071	49.991695	119.234055	-52.718292	399.0	6.6967483	17.281212	45.154423	-43.926327	352000	0.010021656	758.3674	0.0	-229.36261	1.1213396	2.4288893e-09	402.9539089202881
88	25.053308	57.568935	109.03731	-43.021343	472.42856	-2.2282472	17.640247	44.844112	-48.082207	356000	-0.0035053438	639.2375	0.0	-96.287476	1.1424922	6.109476e-10	409.2052249908447
89	44.383553	53.550735	114.424995	-45.539616	559.2857	1.392481	19.334166	47.455193	-49.633106	360000	-0.0035449597	594.5563	0.0	-64.033264	1.1381831	-1.9818545e-09	415.6705479621887
90	39.83769	41.815086	105.05028	-10.488582	559.2857	1.3366446	18.911697	46.70846	-51.009335	364000	-0.007656693	382.83124	0.0	-28.732239	1.092469	-1.7881394e-10	421.7585868835449
91	151.93924	59.353115	249.79953	90.88158	848.0	-2.305365	13.618087	44.538956	-49.626904	368000	-0.084518686	615.604	0.0	-321.84964	1.1001463	-7.748604e-10	427.56758403778076
92	63.056484	43.64127	124.320564	12.8964615	557.5714	13.473382	20.408234	48.32881	-23.012573	372000	-0.050876137	434.2218	0.0	-120.91394	0.9441697	-3.218651e-09	432.9424819946289
93	51.654484	65.81963	131.62982	-54.853626	599.1667	6.7453885	17.472729	47.85576	-41.092716	376000	-0.026898878	387.5373	0.0	-63.071198	1.0294096	-2.2351741e-10	438.10347390174866
94	33.217503	55.973686	131.54436	-26.732922	514.8333	6.5505176	16.144072	47.734097	-48.297844	380000	-0.022605408	491.80432	0.0	-38.46881	1.1120046	-2.4884939e-09	443.8704378604889
95	71.7613	52.35962	125.129166	-4.472507	720.2	0.94179225	16.70306	46.704914	-48.411423	384000	-0.061530977	319.8485	0.0	-53.443542	1.1122538	-1.0430813e-10	449.2388150691986
96	84.87132	65.3272	154.28871	-21.309156	830.75	1.1501323	17.740488	47.584015	-46.186058	388000	-0.02014676	263.5032	0.0	-37.943283	1.0268373	8.940697e-11	454.6521520614624
97	59.169373	61.47223	150.07495	-24.470522	642.0	9.260409	17.472315	48.14417	-47.892414	392000	-0.01525449	420.0488	0.0	-63.985474	1.079225	2.682209e-10	460.837699174881
98	54.75775	56.112293	142.30096	-4.498907	545.0	5.9765086	15.220963	47.4884	-49.14413	396000	-0.0053463564	440.56918	0.0	-41.555237	1.0709821	-3.427267e-10	466.4270689487457
99	107.52151	20.050442	131.33951	85.36445	1000.0	1.3391548	12.381324	47.400146	-48.29176	400000	-0.028081665	145.71259	0.0	-56.499504	0.9777951	1.4156103e-09	472.46011900901794
100	88.34453	63.95216	145.11847	-20.225967	829.5	6.3343573	16.551516	49.382145	-44.695286	404000	-0.019894833	305.7571	0.0	-28.77768	1.0561054	1.5646219e-09	478.2544720172882
101	39.433064	62.0034	137.70181	-23.984768	629.2	8.667111	13.347804	46.532616	-50.251072	408000	-0.027505266	393.53885	0.0	-30.240906	1.0607573	1.5199184e-09	483.8070740699768
102	53.21528	43.86943	97.582535	-19.519539	837.0	4.4174337	12.040495	47.35848	-50.56829	412000	-0.050146006	207.33443	0.0	-20.101501	1.0843563	-4.4703483e-10	490.7733371257782
103	71.14563	33.661556	103.13139	12.674227	730.0	5.2055283	12.509095	47.159283	-36.360504	416000	-0.011854743	209.83263	0.0	-21.352585	1.0643184	-1.0430813e-10	496.8517498970032
104	57.736115	50.90716	130.89517	7.139166	661.4	7.1925774	14.415277	48.392757	-48.71142	420000	-0.023335112	445.51962	0.0	-37.626648	1.0330973	1.8924475e-09	503.1991398334503
105	78.755135	36.754696	109.430855	15.948886	851.0	3.753485	15.169609	48.280945	-49.24886	424000	0.0026045525	173.10829	0.0	-16.5457	1.0618708	-1.0877848e-09	510.4839069843292
106	36.21704	60.81881	100.866714	-62.884388	830.0	5.6455026	12.907622	47.37588	-38.268845	428000	-0.014513528	249.17825	0.0	-35.255844	1.0822968	2.8163194e-09	517.3421051502228
107	54.56858	72.73561	134.52571	-36.78644	759.4	4.733004	12.236747	47.901688	-51.767883	432000	0.002581728	548.25006	0.0	-55.618927	1.0522481	5.9604643e-10	523.2508637905121
108	94.72597	15.787847	117.23561	78.5625	1000.0	2.509375	12.496591	46.681618	-42.442566	436000	-0.009484595	106.110634	0.0	-29.744064	1.0692296	-3.7252904e-10	530.2743811607361
109	104.716736	47.44587	147.41849	25.675852	1000.0	5.9070206	11.951499	48.04173	-16.544209	440000	-0.019041985	102.89175	0.0	-6.556328	1.0657554	-4.1723253e-10	536.7242958545685
110	90.59491	36.710297	138.16855	43.136887	833.75	7.768449	12.780483	50.35259	-11.874879	444000	-0.023237582	232.0532	0.0	-26.151733	1.0201058	-1.1324882e-09	543.0462720394135
111	71.532364	42.842392	112.957726	0.4307476	730.8	8.619521	14.374646	50.382328	-47.62438	448000	-0.021459414	301.82056	0.0	-41.38199	1.0219747	-7.4505804e-11	549.0745117664337
112	98.450455	80.07194	174.9029	-32.312927	836.0	4.637585	15.685178	51.010956	-52.081604	452000	-0.030766493	290.89978	0.0	-28.500977	1.030152	9.685754e-10	554.7953219413757
113	140.9061	28.052433	162.94125	93.546715	862.75	6.04904	15.849652	52.816837	-35.656887	456000	-0.06590314	273.52777	0.0	-57.80899	0.9956521	7.0035455e-10	560.2928059101105
114	67.85385	87.65412	155.94485	-53.552147	748.6	10.602347	19.364777	53.000797	-53.23949	460000	-0.045056812	626.2273	0.0	-180.98386	1.0118625	1.1920929e-09	565.6824510097504
115	149.8713	19.62194	180.52553	130.18034	1000.0	6.9968505	14.828584	53.797863	-42.628796	464000	-0.011445962	143.6064	0.0	-55.27028	1.0199224	-3.4421683e-09	571.6088678836823
116	124.22727	17.722864	142.9337	104.00869	1000.0	8.388068	16.364038	54.11876	-39.733173	468000	-0.03326083	46.758785	0.0	-15.095423	1.0118651	1.8775463e-09	577.5133218765259
117	80.82583	90.07843	175.97894	-36.401867	685.2	12.048709	19.273647	54.884216	-12.5521555	472000	-0.001255009	555.749	0.0	-167.9703	0.9729879	3.3676624e-09	582.4334409236908
118	128.37523	20.458189	150.55608	107.78687	1000.0	3.1990328	12.934703	55.29352	-2.6470852	476000	0.00226945	128.26236	0.0	-87.81328	0.9966001	3.0994416e-09	587.9056959152222
119	135.37418	17.437408	165.55968	124.491936	1000.0	8.071163	17.10746	56.040966	-20.366001	480000	-0.051142983	59.57995	0.0	-9.667324	0.9671863	-7.748604e-10	593.8220229148865
120	91.17362	80.63386	161.96017	-30.45202	687.4	13.510286	20.276371	56.10426	-49.87132	484000	-0.0041948357	573.5443	0.0	-121.53232	0.9716133	1.2069941e-09	599.2545731067657
121	80.39483	82.30924	221.95036	-5.320449	510.57144	12.33718	17.682499	55.3782	-53.594097	488000	-0.025866305	763.9384	0.0	-187.60046	0.9484449	-3.2782554e-10	604.1359407901764
122	73.825294	78.78541	198.5726	-11.916104	454.7143	6.165626	19.75475	54.6262	-57.245922	492000	-0.039632056	661.9072	0.0	-169.18845	0.9171963	2.1606683e-09	608.9435820579529
123	73.38777	72.77118	150.66025	-40.997604	695.2	5.6266584	17.95899	52.69487	-57.506165	496000	-0.08174262	396.12738	0.0	-98.45041	0.9178434	-8.493662e-10	614.19016289711
124	87.26725	57.6102	180.31213	22.060474	611.1667	7.95052	18.563858	53.55102	-54.764874	500000	-0.046225123	461.34897	0.0	-55.843323	0.9234451	-1.8924475e-09	619.063234090805
125	61.306362	71.13878	201.19827	-21.253391	495.0	8.532378	21.571325	56.759686	-53.8574	504000	-0.0075960783	530.9623	0.0	-154.16364	0.9425107	-1.6093255e-09	623.8653497695923
126	126.93123	12.504708	145.80496	114.21145	1000.0	2.0807657	12.398988	53.690613	-48.765434	508000	-0.043683276	193.22806	0.0	-147.85938	0.9311723	1.013279e-09	629.432235956192
127	136.58372	30.19935	186.8994	108.59871	1000.0	7.4475546	16.271431	57.68799	-6.9468694	512000	-0.01780748	58.5784	0.0	-13.015057	0.8904005	4.3064357e-09	636.2059400081635
128	103.81653	78.55134	165.82297	-28.480158	797.0	9.635654	17.814058	59.799957	-21.097694	516000	-0.0121562155	331.47482	0.0	-97.5708	0.9089302	7.4505807e-10	642.2366909980774
129	44.386517	85.80095	193.16846	-49.630535	570.4286	9.474162	19.203682	58.547436	-60.063988	520000	-0.012671267	879.5703	0.0	-335.95062	0.91920185	-1.5497208e-09	646.7756478786469
130	114.615875	42.23508	186.87837	82.89935	1000.0	-0.75518435	16.047112	59.487396	-59.758408	524000	-0.052083746	258.60828	0.0	-201.15823	0.90910745	7.8976153e-10	652.7953219413757
131	64.66621	39.491932	92.95604	-3.3709993	807.0	6.0394053	13.242183	52.02977	-21.05984	528000	-0.037959475	199.03221	0.0	-30.28865	0.9182737	2.026558e-09	658.1290240287781
132	73.89263	63.150665	181.1084	17.748735	1000.0	4.72911	14.393929	59.853954	-22.462994	532000	-0.07521526	171.29526	0.0	-40.397522	0.94302833	1.6987324e-09	663.50648188591
133	128.80753	23.370415	158.30289	103.79425	1000.0	5.2365	14.625864	59.7048	-6.6238284	536000	-0.02242094	69.87055	0.0	-9.87244	0.9073909	-1.2069941e-09	669.8311901092529
134	130.9455	22.937712	153.53374	101.76977	951.0	8.7205105	16.542189	60.662037	-2.7346346	540000	-0.09058993	202.54028	0.0	-17.35112	0.8927729	2.9057263e-09	675.7301049232483
135	118.71277	25.860987	152.55981	79.81017	990.25	8.928309	13.615535	60.388386	-5.297389	544000	-0.09541224	188.76613	0.0	-24.657364	0.89191663	3.0398368e-09	681.3819508552551
136	73.05334	60.80866	158.72441	-12.727098	1000.0	6.8290615	13.588564	61.030373	-18.187906	548000	-0.054721083	64.93374	0.0	-18.337559	0.8743628	-3.144145e-09	688.0054657459259
137	39.12915	47.59614	96.66826	-27.801851	844.75	6.3187428	14.310016	58.56308	-7.8209486	552000	-0.032193854	274.05948	0.0	-60.988037	1.0104569	4.768372e-10	694.5663537979126
138	61.596245	39.63587	102.77693	-3.3358884	1000.0	0.37240717	14.045136	52.972866	-20.001444	556000	-0.01992306	108.44791	0.0	-12.2992935	0.9595841	-3.0696392e-09	701.1009140014648
139	98.3799	35.593674	142.67668	45.74694	1000.0	1.6835614	13.765542	52.71435	-10.451496	560000	-0.051369723	80.75196	0.0	-15.188072	0.95333856	-4.902482e-09	707.9819760322571
140	103.26663	4.9458013	108.17308	96.18182	1000.0	5.1325665	13.193069	53.47439	-3.266323	564000	-0.03572767	52.223736	0.0	-7.0100937	0.9451717	-3.2782554e-10	714.3257310390472
141	45.310707	52.909683	88.16976	-43.008354	853.75	7.094705	14.031835	55.711823	-2.3366597	568000	-0.015656386	213.79123	0.0	-25.860016	0.9823916	-2.1755695e-09	720.965117931366
142	113.620514	14.060613	132.29912	92.75265	1000.0	3.6503215	14.165042	55.527805	-5.19234	572000	-0.019985879	63.970592	0.0	-16.734661	0.9419038	-4.4703483e-10	727.2612128257751
143	114.7189	6.1433454	123.715706	106.36431	1000.0	5.5937266	14.640541	58.494843	-3.5221913	576000	-0.04121814	36.12941	0.0	-8.1584835	0.93391436	1.5348196e-09	733.2964489459991
144	110.74596	2.0702477	112.87981	107.74653	1000.0	6.0311575	12.916554	57.238247	-0.52301013	580000	-0.058089934	28.327206	0.0	-6.5447063	0.9668032	1.9669533e-09	739.9592728614807
145	58.653027	97.38573	205.82207	-40.502365	637.1667	11.577441	17.307583	60.91268	-17.831055	584000	0.005675686	977.2072	0.0	-242.2987	0.920641	2.0712614e-09	745.5056037902832
146	66.93027	59.33615	124.23686	-22.49311	679.8	2.918542	18.98927	61.880314	-54.712303	588000	-0.0041219923	293.7249	0.0	-34.41208	0.9311958	1.0281801e-09	750.7208240032196
147	64.26381	66.078354	132.7673	-26.424168	727.4	4.9570246	18.07598	60.40467	-55.956814	592000	-0.02312516	359.584	0.0	-26.973236	0.9745075	-1.6689301e-09	756.8262369632721
148	65.62169	69.61418	148.1076	-41.93996	719.6	8.704819	21.498371	63.56645	-57.04338	596000	-0.0013232128	531.2964	0.0	-153.27753	0.95559424	-1.937151e-10	762.1481108665466
149	117.52171	9.501201	133.1366	109.567055	1000.0	-0.002102234	15.327191	58.42844	-52.272717	600000	-0.043271337	74.68856	0.0	-50.38861	0.9394482	1.1920929e-09	767.6077299118042
150	129.07208	7.7803984	141.88702	121.54928	1000.0	4.846002	16.173079	59.870518	-49.9518	604000	-0.05915544	36.581985	0.0	-15.992729	0.9703413	-2.384186e-10	773.386265039444
151	127.42512	8.516464	137.80264	114.09026	1000.0	6.7555547	17.965992	65.3019	-48.548244	608000	-0.020147545	36.572445	0.0	-16.444572	0.8901196	-6.556511e-10	778.8694689273834
152	66.93938	72.35935	144.83301	-35.82781	710.0	11.150461	17.808105	64.84812	-9.933976	612000	0.014177658	567.1627	0.0	-171.92773	0.9495228	1.4156103e-09	784.5123379230499
153	128.28816	23.073227	162.9726	104.84931	1000.0	2.5316656	16.651987	66.23881	-55.13103	616000	-0.06199573	91.363106	0.0	-48.461815	0.95616287	-6.854534e-10	790.086049079895
154	114.2105	18.038443	128.8897	83.3201	1000.0	7.447633	16.322084	65.662506	-2.311544	620000	-0.071481176	26.567677	0.0	-6.8405113	0.87098867	-4.4703483e-10	795.4655869007111
155	47.282738	63.853634	97.19067	-62.39896	830.75	8.636545	17.084396	66.83868	-8.942181	624000	-0.0134100225	389.28848	0.0	-126.416565	0.959948	1.1175871e-09	801.8592479228973
156	114.26558	83.48028	216.81795	-25.34692	620.6	4.685506	19.95596	65.51913	-54.371758	628000	-0.12021482	668.3886	0.0	-230.81271	0.8803085	-2.9802322e-10	807.9951629638672
157	63.72699	68.13497	154.78827	-46.262608	783.2	8.882945	15.21824	61.22522	-21.51775	632000	-0.077637166	400.6255	0.0	-105.44006	0.93011224	9.685754e-10	813.8296618461609
158	100.573494	48.973923	160.93137	29.00194	877.5	6.6953273	15.506588	66.28257	-24.663294	636000	-0.13606568	205.23027	0.0	-52.864502	0.95713013	1.0877848e-09	819.8868670463562
159	30.452173	71.036156	86.29577	-90.14447	1000.0	4.117244	14.730199	64.70836	-6.516655	640000	-0.057990808	106.10419	0.0	-32.350418	1.0022649	-1.3560056e-09	827.0644879341125
160	43.91652	67.55036	100.3294	-66.99076	1000.0	1.913362	13.835662	51.89657	-9.036159	644000	-0.021623844	76.11533	0.0	-25.40166	0.9700051	-2.0116568e-09	834.2554800510406
161	60.33084	50.877476	119.3614	-20.902231	1000.0	1.5020579	14.733156	66.83169	-10.254812	648000	-0.07842128	80.35559	0.0	-8.36644	0.8422404	-8.046627e-10	839.9228239059448
162	9.117556	90.24342	102.12382	-92.654045	926.5	2.829622	15.98451	64.84904	-9.868233	652000	-0.016039647	245.91139	0.0	-37.323975	1.0217859	-8.642673e-10	847.3860790729523
163	13.253715	100.77062	131.33937	-108.12585	1000.0	-1.8549055	17.26127	66.78671	-14.066933	656000	-0.07765736	75.41985	0.0	-17.145035	0.96763086	1.952052e-09	853.8468849658966
164	33.368202	74.829056	128.34581	-52.84855	832.25	-3.8479927	15.691269	61.74985	-16.149313	660000	-0.030844575	161.41135	0.0	-26.158646	1.0300974	-7.4505804e-11	860.2800047397614
165	85.99988	27.894314	118.43807	53.22733	1000.0	0.39827007	13.502964	65.17534	-16.712877	664000	-0.023340661	71.65206	0.0	-38.969963	0.88751507	5.066395e-10	866.6969468593597
166	58.639374	77.45308	163.05725	-36.84354	737.8	4.7694063	18.50425	66.210976	-15.518894	668000	-0.03584495	465.50803	0.0	-97.40381	0.98126376	2.2798776e-09	872.4046688079834
167	100.37147	73.3881	173.48982	-31.917215	725.6	3.540282	15.171362	57.646683	-10.298732	672000	-0.08802312	513.3497	0.0	-93.362915	0.7870069	1.5944243e-09	878.1497719287872
168	80.201294	70.43173	177.58524	-19.843647	641.3333	9.245731	17.182316	63.322792	-10.818265	676000	-0.041164935	418.64145	0.0	-50.487213	0.94315124	-8.493662e-10	883.2621369361877
169	65.60538	72.819016	128.70724	-52.887882	722.4	6.710062	16.41979	62.496227	-12.764707	680000	0.011179287	381.6941	0.0	-77.00098	0.9037279	-9.983778e-10	888.2288808822632
170	94.27965	46.969986	126.48975	13.634067	839.25	4.2330265	14.800942	55.562325	-13.227139	684000	-0.044042174	132.73914	0.0	-38.865135	0.97485137	-6.2584876e-10	893.7511658668518
171	100.8267	20.963442	126.431435	76.797455	1000.0	5.5085273	16.574005	64.13702	-11.678845	688000	-0.053702384	56.22731	0.0	-28.488764	0.8296233	1.2814999e-09	899.7457869052887
172	40.998993	81.820045	127.735985	-97.90534	645.5	9.130463	16.527586	63.226673	-7.7246375	692000	0.014337134	618.38605	0.0	-160.78143	0.9747463	1.2367963e-09	905.7658739089966
173	31.553465	73.994286	125.0157	-51.27555	799.5	-0.19031495	17.065956	62.31448	-29.616638	696000	-0.0012310379	276.61172	0.0	-16.117615	0.9931884	-2.667308e-09	912.0094058513641
174	96.78363	94.683815	205.38759	-66.80384	600.3333	5.973117	19.916498	66.64835	-33.890186	700000	-0.07475976	680.54254	0.0	-125.6698	0.92086464	3.0845404e-09	917.5115840435028
175	37.08403	100.78952	144.82893	-120.39654	939.0	4.9546757	17.952166	63.72045	-50.824245	704000	-0.03747872	260.0175	0.0	-89.513245	0.8981132	1.8179417e-09	924.048425912857
176	8.419975	86.57837	140.98087	-127.01963	669.6	0.6167872	21.266426	71.89322	-53.957176	708000	-0.009967166	585.32574	0.0	-126.013824	0.9995441	-5.9604643e-10	929.7099559307098
177	74.12764	58.16634	133.04678	-21.862862	832.5	4.0151577	16.788218	66.88872	-54.15364	712000	-0.03519714	156.43771	0.0	-18.90892	0.89788735	-5.364418e-10	935.8905699253082
178	33.317944	90.26583	154.1706	-68.58655	941.75	-0.5252085	18.97204	63.853035	-40.75173	716000	-0.100834854	259.10327	0.0	-86.215515	0.9518962	1.7881394e-10	942.3820338249207
179	111.89075	19.702377	140.02719	85.115295	1000.0	9.462279	13.366605	65.01362	-13.744034	720000	-0.050224185	72.89195	0.0	-36.29285	0.9642838	9.685754e-10	949.1184141635895
180	28.468206	67.85976	131.77779	-63.801414	648.3333	7.732665	19.588837	69.651344	-16.931803	724000	-0.05452446	733.3334	0.0	-193.65588	0.96958154	-5.066395e-10	955.9176030158997
181	41.186516	57.861755	111.765465	-32.70391	1000.0	-3.2319565	16.611664	59.959686	-21.570799	728000	-0.065901674	155.91716	0.0	-79.69749	0.9694572	1.9967556e-09	963.2193291187286
182	-4.095084	53.185406	83.007065	-54.267685	1000.0	-1.7638326	16.767715	63.00973	-17.2629	732000	-0.05356609	87.86332	0.0	-32.2727	1.0295848	1.5497208e-09	969.6856789588928
183	-5.7288733	37.48395	49.38393	-55.453747	1000.0	-6.0609517	14.849568	50.981735	-17.646938	736000	-0.04224373	59.040287	0.0	-5.352436	1.0278642	-5.960465e-11	977.5168108940125
184	22.890347	108.25199	203.7639	-101.24387	708.6	-0.56541306	19.270012	58.340733	-58.07576	740000	-0.055126924	664.6624	0.0	-170.44748	0.9576205	2.5182962e-09	984.7092399597168
185	79.86664	11.625283	90.107864	61.799667	1000.0	-3.2230473	15.786637	61.010563	-28.893095	744000	-0.017731624	140.19652	0.0	-96.9752	0.9516613	4.917383e-10	991.4874179363251
186	56.887905	48.288456	126.24589	9.934876	1000.0	1.4855549	14.397658	52.486732	-13.676639	748000	-0.005689391	88.498955	0.0	-9.109535	0.98810816	1.3411044e-10	999.000391960144
187	29.117453	95.56536	169.87631	-114.35956	638.6667	7.088262	19.973377	59.08343	-42.678684	752000	0.004011608	843.94745	0.0	-281.3573	0.9895955	3.7252904e-10	1005.092768907547
188	41.01869	91.99275	151.29257	-68.6894	552.5	0.63463587	21.633785	58.258266	-46.950687	756000	-0.036549803	734.40765	0.0	-91.59888	0.9507438	3.218651e-09	1009.7837018966675
189	43.07382	65.314354	125.96509	-43.452274	711.8	1.3202006	18.341825	55.54884	-32.05938	760000	0.03566156	413.8055	0.0	-52.505157	0.9839275	-1.4901162e-11	1016.3457880020142
190	157.15875	34.786404	202.77087	116.883965	815.75	1.0417888	16.562239	55.53217	-41.49924	764000	-0.08063458	415.7209	0.0	-151.63232	0.90256643	-3.3527612e-09	1022.4275939464569
191	74.83765	89.511795	213.5386	-41.762386	610.8333	11.505561	17.172867	56.952152	-51.108665	768000	-0.047506366	783.8067	0.0	-218.69678	0.80277276	-2.3841857e-09	1028.483609199524
192	89.34899	77.95511	160.85092	-36.37359	879.75	8.739394	15.008051	54.940266	-23.43583	772000	-0.0061032944	320.13403	0.0	-102.478134	0.9817725	2.2947788e-09	1034.3758311271667
193	80.85962	72.94849	138.00766	-40.50936	844.0	6.2676706	16.852205	56.591866	-34.324768	776000	0.018676745	235.81932	0.0	-72.39102	0.9831869	-3.2037497e-09	1040.6876747608185
194	125.13977	29.402565	167.02429	84.99127	937.0	6.2885213	17.37876	58.24044	-27.162169	780000	-0.04567117	193.91286	0.0	-36.805862	0.80851614	-2.3543836e-09	1046.732717037201
195	49.86412	68.98338	134.11774	-28.51899	621.1667	7.5806923	17.49626	58.588	-28.95397	784000	0.059294015	559.97565	0.0	-187.8157	0.94798166	-6.109476e-10	1051.7430338859558
196	137.66806	55.215687	211.77882	39.731773	651.6667	3.0108454	19.888327	59.425385	-61.92002	788000	-0.11193288	654.35126	0.0	-318.4909	0.8922534	-1.8328429e-09	1056.7839419841766
197	70.956436	63.088337	111.32888	-38.214367	807.25	10.843761	15.154821	57.909863	-29.289942	792000	0.015164528	289.05185	0.0	-118.72389	1.0041893	-1.6838312e-09	1062.271264076233
198	44.260166	75.06028	124.94596	-41.069206	638.3333	9.534281	19.914755	59.970455	-37.03531	796000	0.051886477	659.9716	0.0	-182.12512	0.97383106	-1.1175871e-09	1067.797208070755
199	73.944336	64.93567	127.42823	-31.70159	823.25	1.562449	18.206377	60.11633	-45.997875	800000	0.008369082	225.88942	0.0	-76.495056	0.94645107	5.364418e-10	1073.1764359474182
200	128.79002	14.495859	147.99835	114.58191	1000.0	1.4198865	15.742926	60.663303	-27.535501	804000	-0.032253094	106.59497	0.0	-77.468216	0.9970441	-1.2516975e-09	1079.379891872406
201	83.937515	91.7486	198.16997	-61.631287	621.6667	12.474549	21.358446	64.08078	-40.793896	808000	-0.015349047	696.2855	0.0	-240.41983	0.9729871	-9.0897084e-10	1084.4079179763794
202	119.81753	67.24292	188.85878	-9.014372	723.0	5.2076583	18.34172	65.4985	-49.160076	812000	-0.09719345	442.26736	0.0	-163.12936	0.96194994	-3.695488e-09	1089.7212591171265
203	89.64826	81.95235	191.11102	-41.709175	642.0	10.936459	20.765617	67.10735	-43.256737	816000	-0.03660135	661.20337	0.0	-163.13818	0.8937745	-4.4703484e-11	1095.0132081508636
204	42.024548	62.52509	132.0472	-36.44582	540.4286	9.528633	21.014069	65.049675	-35.800163	820000	0.036283344	528.30975	0.0	-114.16058	0.96445227	5.3048135e-09	1099.96417593956
205	88.316826	64.83234	149.12167	-26.498194	678.8	3.2835631	17.098705	64.73729	-50.209145	824000	0.0041326997	311.16028	0.0	-60.579147	0.94208205	-1.0430813e-10	1104.9756319522858
206	102.13199	96.47206	230.83832	-45.52379	629.8333	9.416085	21.9167	68.39482	-31.478256	828000	-0.050881367	558.77637	0.0	-113.38107	0.88692415	-1.0877848e-09	1109.92449593544
207	88.29014	77.048645	187.35373	-25.220406	660.3333	6.325934	16.544405	68.366875	-44.884106	832000	-0.0148955425	552.3468	0.0	-162.69543	0.8388651	1.192093e-10	1115.0820500850677
208	35.75731	91.935974	164.42888	-49.544582	503.33334	4.8691034	17.694296	65.639015	-50.2153	836000	0.013322863	667.6576	0.0	-71.17145	0.9202113	-9.983778e-10	1119.7460780143738
209	104.63066	68.83596	153.22307	-31.856915	759.6	2.3489559	18.099926	68.321144	-53.950256	840000	-0.057870977	401.23074	0.0	-96.05521	0.91719806	-1.3411046e-09	1125.4717168807983
210	11.738955	104.69478	154.50665	-84.05488	610.0	4.8386717	19.391453	69.72699	-50.5727	844000	0.00702394	658.5672	0.0	-153.58884	0.9405797	9.834766e-10	1130.330549955368
211	121.57158	58.260532	191.1826	16.294968	720.6	5.152492	22.221586	70.80179	-58.065575	848000	-0.06795039	435.67056	0.0	-159.75208	0.91953635	-7.748604e-10	1135.0429797172546
212	111.961685	92.45139	220.2179	-59.05309	770.8	9.009577	20.89558	70.54155	-55.14331	852000	-0.071962826	267.50626	0.0	-105.060745	0.87720865	-2.6524067e-09	1140.6862578392029
213	98.01947	77.613785	201.55937	-16.742205	645.6667	9.238391	22.258734	68.81679	-53.025826	856000	-0.09258554	652.4348	0.0	-331.60187	0.83009547	1.0430813e-09	1146.263923883438
214	119.44681	22.140905	137.43373	81.52232	1000.0	8.620717	16.075626	67.48589	-30.412643	860000	-0.0151407	174.57414	0.0	-121.01713	0.9465852	-2.861023e-09	1151.704673051834
215	65.83008	59.709187	133.25102	-5.552734	625.8333	8.344169	21.629002	69.48141	-29.73008	864000	-0.003104536	478.83133	0.0	-166.18317	0.9517117	-4.053116e-09	1156.9361488819122
216	107.147736	81.768	192.47249	-36.230537	614.1667	3.0037613	21.210808	69.87849	-36.40291	868000	-0.08731817	579.307	0.0	-125.52142	0.8450754	3.9935113e-09	1162.401338815689
217	73.1362	81.467674	192.42967	-52.169567	604.1667	13.005453	21.281439	70.529526	-27.99872	872000	-0.0049471464	519.0322	0.0	-146.96823	0.8469884	1.5944243e-09	1167.6729350090027
218	15.293399	65.0625	114.90456	-53.02449	537.6667	1.362727	20.201094	66.591324	-53.54962	876000	0.0072614034	656.82446	0.0	-201.60751	0.9091886	-3.427267e-10	1173.6704330444336
219	133.16705	86.56195	212.01413	-34.197384	609.0	-0.3331848	23.116894	68.99523	-58.43428	880000	-0.1380893	902.1978	0.0	-482.4775	0.8393973	1.8030405e-09	1179.1581168174744
220	123.20909	32.914337	174.08034	86.989426	858.25	9.2418165	20.744091	67.82109	-52.099255	884000	-0.06834746	313.58273	0.0	-146.0348	0.8987111	-2.4437905e-09	1185.4978969097137
221	65.637695	49.58026	120.408295	-13.478892	812.0	8.601773	16.660398	70.210045	-14.686248	888000	-0.015425802	251.6543	0.0	-111.46806	0.88211507	-1.4454127e-09	1192.2658197879791
222	75.22135	69.9118	183.00568	-8.728562	553.8571	5.833717	20.00584	67.74808	-30.797407	892000	-0.11412681	558.5066	0.0	-74.54306	0.8798398	2.5629998e-09	1197.8534729480743
223	109.286156	69.11561	230.80276	15.807146	749.8	6.0114374	18.560349	67.67015	-31.676476	896000	-0.03645246	272.71417	0.0	-38.073395	0.8993689	2.4586917e-09	1203.8300259113312
224	55.218117	60.577248	134.528	-44.281315	689.0	7.2974925	18.385561	69.20618	-28.564123	900000	-0.005999872	284.40802	0.0	-58.676865	0.8955934	1.5348196e-09	1210.0463259220123
225	42.09963	95.89984	202.67574	-78.0712	569.6667	2.7487304	20.2216	65.46764	-34.970936	904000	-0.017841863	778.25073	0.0	-178.54584	0.95370513	-1.5050173e-09	1216.4018597602844
226	43.518456	104.98879	206.09267	-62.061787	848.75	0.24750988	17.856497	64.58567	-33.646255	908000	-0.101609744	221.42151	0.0	-59.308533	0.96478885	-1.4454127e-09	1224.9272561073303
227	120.46155	50.582916	172.29066	51.89295	811.25	4.328506	18.030085	66.509926	-34.525635	912000	-0.11341793	419.45242	0.0	-87.718475	0.93197024	-1.3411044e-10	1232.101037979126
228	3.8175259	53.148083	88.74046	-44.642708	874.5	2.8483355	17.383678	64.75201	-22.903053	916000	0.012885248	269.27374	0.0	-66.73247	0.9837323	2.3543836e-09	1239.3001091480255
229	-11.865437	27.857746	31.858086	-38.250984	1000.0	-6.732356	18.314116	61.290195	-24.306662	920000	-0.020186042	80.999405	0.0	-40.526405	1.0336357	1.1771918e-09	1246.360778093338
230	-35.237545	84.48852	64.70356	-175.07082	789.6	-0.82731944	20.559263	60.839394	-49.188595	924000	0.036713224	468.0026	0.0	-128.98349	0.91438705	4.783273e-09	1252.6695849895477
231	78.58775	69.88713	182.87932	10.789073	841.75	-7.338549	23.674562	62.165054	-38.838726	928000	-0.10704358	285.86215	0.0	-129.71454	0.91284215	-7.8976153e-10	1258.6880509853363
232	50.278725	60.414005	106.45904	-50.464893	846.0	3.4045815	18.394876	61.68756	-34.31652	932000	-0.012332026	230.70557	0.0	-55.02072	0.94888604	-2.384186e-10	1264.5672678947449
233	124.90141	73.66894	206.37259	1.2875285	606.0	0.48127234	21.49874	61.48843	-36.44707	936000	-0.074868016	794.8497	0.0	-252.43427	0.8407057	-5.066395e-10	1270.1652081012726
234	36.319244	63.622025	94.98069	-65.40075	751.4	6.7968497	15.952572	61.206245	-28.27777	940000	0.015347454	381.13452	0.0	-104.49072	0.8860074	1.8924475e-09	1276.3767700195312
235	53.29008	84.48477	183.39186	-43.120056	682.2	0.7639893	20.805298	61.68375	-56.733276	944000	-0.034581225	447.15088	0.0	-109.78146	0.91458887	9.0897084e-10	1282.0610270500183
236	50.00224	79.4886	172.67865	-53.08751	542.6667	7.3263984	18.38574	61.99667	-36.48888	948000	-0.039286237	468.48822	0.0	-96.84094	0.91425556	-1.4901161e-09	1288.145210981369
237	29.281338	102.44995	193.4034	-105.496864	533.8571	-1.0262989	22.6423	62.258724	-43.873405	952000	-0.008692978	756.9205	0.0	-71.13873	0.8557609	1.1771918e-09	1293.66828083992
238	103.84666	13.312874	117.26787	87.98109	1000.0	3.7243128	14.658799	62.54681	-26.930067	956000	0.007666342	82.13214	0.0	-47.56738	0.92372113	7.599592e-10	1299.8162739276886
239	68.97133	93.50149	183.15474	-47.95407	602.3333	6.682157	19.749598	62.94213	-42.495728	960000	-0.101718806	560.6691	0.0	-100.61719	0.9205584	-8.046627e-10	1305.9145228862762
240	119.48158	48.970234	182.91745	48.864178	768.2	6.9443293	17.471394	62.35804	-34.21826	964000	-0.12058945	263.6268	0.0	-78.32417	0.8866584	-1.2814999e-09	1312.158728837967
241	108.007355	25.449684	146.84076	78.466125	1000.0	7.165778	13.411759	62.312485	-15.033394	968000	-0.00358975	51.338955	0.0	-26.362692	0.9209259	-1.6540289e-09	1319.2409038543701
242	101.39636	6.1796684	109.48164	94.788994	1000.0	8.303008	13.408601	62.722836	-43.98217	972000	-0.06498185	35.178173	0.0	-13.780767	0.8307382	-1.3411046e-09	1325.566279888153
243	60.893288	70.90304	126.67196	-39.670403	746.2	7.774396	17.478977	63.07671	-21.39642	976000	0.020705985	411.49472	0.0	-122.97519	0.9838213	2.0861626e-10	1331.1450459957123
244	62.324993	75.98969	186.16621	-38.853992	605.3333	9.9278145	20.696	67.17912	-47.709282	980000	-0.004226602	578.67816	0.0	-138.74432	0.89841187	3.859401e-09	1336.7286579608917
245	62.423054	63.097748	124.279175	-39.47342	709.8	0.81246597	18.713839	60.377197	-49.42086	984000	0.017270599	386.3461	0.0	-160.20091	0.98917353	-1.758337e-09	1342.4616787433624
246	115.25081	20.647608	136.6616	81.84597	1000.0	4.1938114	13.821791	58.991653	-48.77061	988000	-0.054831292	59.427547	0.0	-35.258804	0.867968	-2.5480986e-09	1349.2765130996704
247	121.81543	47.68537	174.59325	33.286884	731.4	8.595791	19.30721	65.63008	-41.96652	992000	-0.07635527	383.86942	0.0	-117.63272	0.97609067	6.556511e-10	1355.0783050060272
248	120.89003	17.281384	141.03993	103.03351	1000.0	7.304048	14.129038	64.70371	-22.924261	996000	0.018605439	35.875	0.0	-23.282574	0.9563818	4.634261e-09	1361.6680121421814
249	63.224407	82.537384	165.26573	-59.316048	666.3333	8.650198	18.25301	68.77095	-38.15106	1000000	-0.0045003374	699.1826	0.0	-335.64624	0.9348679	-1.937151e-10	1367.4013781547546
250	57.45514	78.3623	150.10016	-64.34037	709.2	3.7963846	17.218086	61.144394	-43.873753	1004000	0.02355611	339.9893	0.0	-109.46051	0.9115401	-1.937151e-10	1372.7789978981018
251	119.86246	8.333624	129.36742	106.93995	1000.0	4.830754	14.896498	67.99299	-35.695255	1008000	-0.04860536	70.79873	0.0	-53.72796	0.9591736	-2.1904707e-09	1378.898738861084
252	65.5092	61.064556	116.871704	-15.234372	716.8	8.555275	20.202353	68.84087	-48.21719	1012000	0.023795856	356.3147	0.0	-104.97218	0.99447215	-2.682209e-10	1384.6125519275665
253	100.32424	47.508476	141.0376	19.422712	817.0	7.8384485	15.630284	67.756805	-32.86482	1016000	-0.04431213	176.77473	0.0	-29.122986	0.9339643	2.0712614e-09	1390.4755058288574
254	145.04143	100.27902	243.67464	-32.484695	475.0	7.9015365	23.436872	71.5077	-51.741108	1020000	-0.13981076	954.71576	0.0	-321.7649	0.85896784	8.493662e-10	1395.5648651123047
255	143.80214	66.36193	228.90685	27.525545	649.0	13.984039	21.6691	74.09298	-48.550766	1024000	-0.10453534	628.2397	0.0	-318.9928	0.90634435	-3.1292438e-10	1401.2057437896729
256	90.10365	68.448204	156.51921	-24.379864	821.75	13.061966	18.515162	73.95951	-31.90503	1028000	-0.006469772	344.10477	0.0	-115.2899	0.89540964	-6.854534e-10	1406.866072177887
257	69.29393	59.368313	115.70406	-32.627987	802.0	7.60938	15.765065	71.487175	-39.832924	1032000	0.0217503	318.81174	0.0	-62.362335	0.927807	7.599592e-10	1413.125081062317
258	133.51247	47.097	194.05257	93.88985	762.8	6.8275256	16.854204	74.5608	-29.860498	1036000	-0.12095697	245.48877	0.0	-89.54234	0.8317214	-7.301569e-10	1418.4654569625854
259	145.00636	12.6247015	162.30704	128.26157	1000.0	10.862377	15.173066	72.358475	-20.948288	1040000	0.021511074	89.90652	0.0	-75.17765	0.84934735	-7.8976153e-10	1424.4584300518036
260	51.505436	103.42982	237.5967	-61.703945	493.85715	18.11389	22.298552	77.499756	-45.09806	1044000	0.019460412	1276.8419	0.0	-441.63995	0.87638223	-1.4007091e-09	1430.2160031795502
261	104.88194	57.730465	154.0501	10.280836	817.25	4.411682	15.1938	71.179955	-39.20126	1048000	0.013188833	210.45348	0.0	-36.015076	0.93041456	-2.1606683e-09	1436.071142911911
262	69.77201	92.44089	198.90477	-62.528057	528.8571	9.677013	20.979666	72.248955	-49.87417	1052000	-0.029654603	877.8255	0.0	-223.73267	0.82921183	1.6689301e-09	1441.4167459011078
263	112.22951	14.910458	137.77203	100.13508	1000.0	6.513635	12.665947	57.707623	-48.068665	1056000	-0.03141199	98.016556	0.0	-69.891464	0.9262458	-1.3560056e-09	1448.3096787929535
264	72.78318	102.30325	206.61363	-51.335564	560.2857	14.447265	20.937607	68.42985	-48.424023	1060000	-0.022236664	1019.50305	0.0	-392.25116	0.8986918	5.662441e-10	1453.4377160072327
265	140.3339	18.446833	160.0851	110.128334	1000.0	5.909339	17.943245	73.11308	-32.507942	1064000	-0.013584651	89.7591	0.0	-67.147385	0.98039925	-1.8179417e-09	1459.3088319301605
266	97.39675	80.73237	210.32654	-17.914303	639.0	11.966314	19.520687	72.48955	-46.98338	1068000	-0.05333192	425.14163	0.0	-92.13016	0.86866564	2.9057263e-09	1465.0461068153381
267	47.648754	73.705795	128.45853	-43.764362	643.3333	4.147485	22.177502	66.94375	-47.429432	1072000	0.024652166	354.818	0.0	-110.65582	0.89642256	-1.1175871e-09	1470.8878238201141
268	158.10721	33.958897	206.38313	102.08099	760.0	-3.024062	25.90425	65.40172	-59.4787	1076000	-0.13641086	872.4926	0.0	-633.49634	0.83370054	-3.412366e-09	1476.7450139522552
269	41.281113	74.91166	126.75959	-40.060215	636.3333	17.819887	18.527006	70.06392	-46.90839	1080000	0.04728912	823.39	0.0	-438.4095	0.8998186	-1.1920929e-09	1482.3705620765686
270	132.28442	16.970514	147.75041	103.8245	1000.0	6.5388985	18.457802	72.95389	-46.859035	1084000	-0.034099527	40.361706	0.0	-15.654448	0.90771407	9.834766e-10	1488.4676668643951
271	136.99944	12.463916	155.61021	120.54064	1000.0	7.3080077	17.09359	71.02127	-5.9074516	1088000	-0.010857859	31.606297	0.0	-15.919151	1.0076516	2.0712614e-09	1494.331288099289
272	123.74832	12.624314	137.43217	103.11954	1000.0	8.1772	16.452393	72.648964	-31.99536	1092000	-0.029750604	27.340748	0.0	-9.0259075	0.9782115	-2.2351743e-09	1500.2406809329987
273	117.22166	68.38719	222.34673	8.076569	760.4	9.654662	19.24443	70.084854	-48.114914	1096000	-0.077920526	335.1455	0.0	-43.28833	0.9272897	-1.7285346e-09	1505.8706278800964
274	123.32193	15.887322	139.45973	98.97355	1000.0	6.496489	13.599584	62.81195	-7.337248	1100000	-0.058055755	32.33692	0.0	-17.225023	1.0028795	2.9951335e-09	1512.3478229045868
275	56.0839	69.888435	138.80453	-28.90397	685.6	10.532605	17.782825	71.13804	-33.922966	1104000	0.027369037	457.21732	0.0	-143.745	0.8446274	-1.4901162e-11	1518.4136729240417
276	67.91558	66.1811	129.74231	-28.267128	708.2	4.262636	17.42837	66.60806	-36.43784	1108000	0.0026800921	449.0369	0.0	-221.6357	0.94932103	1.8626451e-09	1524.186712026596
277	46.777534	87.24499	176.30527	-54.046318	513.4286	7.2862105	22.128965	66.6772	-48.987953	1112000	-0.026618348	889.2309	0.0	-218.61926	0.9176165	-4.917383e-10	1529.2493379116058
278	81.081345	79.36598	155.94785	-42.247223	823.75	4.7093263	16.68514	64.135414	-41.41829	1116000	0.025596675	386.7075	0.0	-178.62918	0.8944278	1.013279e-09	1535.1627237796783
279	49.043243	80.837166	119.490875	-64.39152	712.6	7.4770365	18.518814	68.423874	-42.37986	1120000	0.012340467	479.35925	0.0	-206.57791	0.91314924	-2.0861626e-10	1541.1410629749298
280	82.86263	74.506	171.6238	-20.227322	659.1667	1.1415396	18.838009	65.604836	-45.926777	1124000	-0.06551684	533.86456	0.0	-119.93997	0.9613149	-1.7285346e-09	1546.6060869693756
281	146.24785	32.20754	199.0451	114.84669	858.5	6.6215205	18.015255	66.388885	-40.31509	1128000	-0.10114993	218.00716	0.0	-60.87451	0.9441676	-2.1606683e-09	1552.6116080284119
282	117.955956	17.140207	147.34172	104.17936	1000.0	8.908423	14.565921	67.40065	-37.1037	1132000	-0.011738268	57.49042	0.0	-36.83288	0.8815574	2.8312206e-09	1559.3424141407013
283	71.231255	78.57514	147.99086	-60.184906	812.5	8.9002905	17.551168	65.58097	-40.121937	1136000	-0.00079902745	319.40125	0.0	-71.59334	0.85820556	-9.834766e-10	1564.9812769889832
284	44.4091	93.46782	210.41537	-52.095337	485.7143	11.810231	18.36284	66.457954	-48.271034	1140000	0.006972456	917.81915	0.0	-317.72864	0.9353873	2.0861626e-10	1571.2706859111786
285	76.58988	87.94189	221.73888	-15.531902	602.1667	6.391805	21.670282	66.59598	-51.641457	1144000	-0.024473168	420.67157	0.0	-79.2941	0.90786016	2.9802324e-11	1576.5186829566956
286	137.84177	9.454818	153.4812	128.11739	1000.0	5.1915216	15.444053	66.3741	-39.66542	1148000	-0.011168415	139.18716	0.0	-103.48717	0.94332975	-2.026558e-09	1582.2319638729095
287	135.59384	31.992136	183.94304	94.81193	860.25	9.4290285	18.493279	67.632195	-51.54837	1152000	-0.12102944	249.23105	0.0	-126.07871	0.9141202	4.2915342e-09	1587.975929737091
288	148.91043	31.626928	203.34476	126.51947	844.75	11.134793	16.349894	67.528145	-36.514854	1156000	-0.093420275	155.84145	0.0	-7.840805	0.90818673	4.1723253e-10	1594.0556600093842
289	132.59889	16.464344	158.46104	113.44305	1000.0	10.706333	14.368133	69.51719	-39.648132	1160000	-0.019647943	47.817062	0.0	-15.043575	0.8142714	-1.192093e-10	1600.5621509552002
290	125.31749	69.9783	203.23395	0.2819019	654.2	12.218431	17.978912	68.220955	-40.99234	1164000	-0.120535284	404.20758	0.0	-86.16962	0.86525804	3.0398368e-09	1606.9842858314514
291	109.1518	81.65685	188.54219	-13.042851	564.5	12.915455	16.942556	67.56136	-38.83197	1168000	-0.058545295	552.54877	0.0	-111.97223	0.86722064	-9.685754e-10	1612.592495918274
292	116.53174	18.971004	148.817	100.98982	1000.0	6.9594526	15.0758505	67.171104	-57.494507	1172000	-0.037899863	63.365604	0.0	-36.34498	0.9639384	2.7120113e-09	1619.0050039291382
293	104.76893	73.18263	207.58943	-2.1779485	660.1667	11.360041	19.089855	67.7286	-36.48847	1176000	-0.06000547	422.6791	0.0	-70.59598	0.9373765	-2.2351741e-10	1624.9995579719543
294	54.599457	84.447876	146.69469	-39.78965	626.6667	13.326649	16.467997	66.61732	-43.667297	1180000	0.024763845	645.6039	0.0	-240.06088	0.9577922	3.874302e-10	1630.693167924881
295	96.54486	82.996574	209.7816	-28.239685	659.3333	5.0949087	17.544756	62.91109	-51.53915	1184000	-0.026714412	557.0014	0.0	-152.43048	0.87788177	-2.9802322e-10	1636.344022989273
296	139.5737	40.710148	202.05289	89.29833	851.5	5.7838073	20.322807	64.19054	-60.79486	1188000	-0.08362217	241.52448	0.0	-121.236176	0.98101765	5.662441e-10	1643.097286939621
297	53.54461	79.27982	124.724144	-55.13029	709.0	9.908486	17.981577	65.866745	-42.258877	1192000	0.04582053	427.004	0.0	-125.5195	0.99631494	-1.7881394e-10	1649.1403160095215
298	147.49823	39.039825	213.46587	114.190155	852.0	6.042779	15.8357935	65.77528	-50.671658	1196000	-0.08721149	253.37698	0.0	-178.15796	0.91009057	9.23872e-10	1655.098650932312
299	76.18338	57.5361	121.42999	-21.721544	824.75	8.253657	18.442379	66.18118	-53.549206	1200000	-0.04509125	184.46982	0.0	-52.80107	0.8769559	2.8908254e-09	1660.7963919639587
300	49.989662	75.26073	127.95137	-45.550175	750.0	8.060219	17.830667	65.99829	-40.273243	1204000	-0.0033579192	430.61792	0.0	-120.198975	0.94487476	5.066395e-10	1667.7697229385376
301	79.49128	69.72482	135.27412	-39.8313	821.5	2.3233688	17.581549	62.128082	-47.17682	1208000	0.025212085	367.62634	0.0	-97.7056	0.8866493	-1.296401e-09	1674.1889889240265
302	132.09386	3.5253854	137.19296	128.3858	1000.0	2.8855252	15.029239	63.558567	-41.776295	1212000	-0.02004354	119.181335	0.0	-88.82504	0.9496283	3.1292438e-10	1680.812293767929
303	60.33098	86.883	189.00777	-39.89698	631.0	14.348089	20.778662	63.71204	-49.3212	1216000	-0.03992072	866.372	0.0	-490.48462	0.84060717	7.1525574e-10	1686.6591138839722
304	132.2201	49.485153	211.66269	88.038185	850.75	7.2986274	17.346529	64.94229	-53.720425	1220000	-0.11259234	208.31989	0.0	-67.30974	0.93628913	-1.0281801e-09	1692.846783876419
305	88.56775	56.045326	129.47191	-8.051806	839.0	7.4313445	17.501875	64.82156	-44.68372	1224000	-0.013943945	171.98656	0.0	-24.618317	0.9779568	4.9471853e-09	1699.4195110797882
306	148.45888	56.322823	242.2575	93.60392	919.75	7.6016273	17.255033	65.2057	-44.55846	1228000	-0.095494546	192.41255	0.0	-41.536026	0.8933256	-4.1425228e-09	1705.2179028987885
307	51.5352	76.26385	145.66577	-64.348434	735.6	12.392699	18.450275	65.69776	-42.460392	1232000	0.006218341	487.25284	0.0	-143.01752	0.79200023	-5.5134297e-10	1711.7128818035126
308	99.45197	80.914444	224.27634	-26.725723	726.0	3.6277452	18.934898	64.82728	-58.391087	1236000	-0.048319556	397.17975	0.0	-85.39664	0.86752635	-1.1622906e-09	1717.4954900741577
309	111.26042	22.040102	139.95262	84.08396	1000.0	4.4748936	15.533443	65.63393	-45.137775	1240000	-0.012060409	57.14953	0.0	-35.686142	0.91812277	2.041459e-09	1723.610069990158
310	17.228846	64.02753	110.51301	-42.834587	561.5	7.411633	20.589018	66.18852	-54.668354	1244000	0.043866273	636.0779	0.0	-197.8511	0.92968845	-1.1324882e-09	1729.0087599754333
311	113.80448	27.287079	147.95612	85.61189	1000.0	1.4917417	14.384694	64.80973	-23.534542	1248000	-0.028867519	89.85774	0.0	-62.63826	0.928926	2.2351741e-10	1735.887354850769
312	130.99353	26.639067	169.10013	96.78508	879.0	6.4891944	18.835876	65.78299	-51.286644	1252000	-0.096735016	179.40906	0.0	-89.18014	0.89105445	-1.4901161e-10	1741.7416887283325
313	59.127563	104.79102	218.29561	-60.36206	644.8333	10.84683	20.50291	66.23032	-59.98454	1256000	-0.017742874	851.6481	0.0	-445.14212	0.8885733	1.6093255e-09	1746.8865489959717
314	136.208	103.471245	219.66324	-55.01213	432.0	8.854824	23.147238	66.4096	-57.9214	1260000	-0.13309808	1027.3865	0.0	-377.79547	0.7577452	-2.7865172e-09	1751.829251050949
315	79.951164	112.66627	198.00723	-77.087074	576.8333	14.627681	17.77336	67.61685	-40.032387	1264000	-0.02551175	779.0193	0.0	-318.5578	0.7797473	-2.3841857e-09	1757.6001720428467
316	135.18102	15.71722	152.38985	116.7384	1000.0	16.131863	18.116734	63.429245	-45.832973	1268000	0.008735668	486.78812	0.0	-438.62747	0.9223686	4.917383e-10	1764.578411102295
317	66.81993	64.09673	113.912094	-42.341652	843.5	8.619018	16.40344	67.868164	-42.2707	1272000	0.002812785	214.99461	0.0	-50.809937	0.9648951	3.7252904e-10	1771.7861597537994
318	125.23375	22.135952	145.71593	87.991554	1000.0	3.7455738	15.543245	67.61544	-37.424606	1276000	-0.021301823	73.26307	0.0	-51.638184	0.9606838	-5.00679e-09	1777.7516169548035
319	79.53138	86.24766	217.02132	-32.105236	637.0	9.265691	19.901709	68.53322	-43.387226	1280000	-0.029861426	491.8807	0.0	-97.2944	0.9277754	-5.5134297e-10	1784.6990520954132
320	105.8265	82.96228	200.31555	-20.60793	572.1667	7.950125	20.468222	67.72782	-56.107227	1284000	-0.08351042	537.1238	0.0	-212.0192	0.8914506	-1.0877848e-09	1790.1181650161743
321	66.17919	65.864494	140.07008	-30.122978	722.6	12.463802	20.789759	68.08578	-50.77841	1288000	0.012893759	367.00256	0.0	-180.92673	0.93584853	2.2351743e-09	1795.9642808437347
322	52.36847	83.857	149.04881	-40.90595	654.1667	6.945961	20.878426	67.60031	-48.471695	1292000	0.06872444	385.92438	0.0	-174.9191	0.94949824	-1.8924475e-09	1802.0703938007355
323	57.60834	90.08382	219.46991	-36.216892	488.14285	-1.4706177	29.30524	68.59759	-63.60645	1296000	-0.02723816	810.02295	0.0	-308.7513	0.8642626	-1.1026859e-09	1807.1917719841003
324	66.23689	62.832176	137.94775	-19.445698	711.8	-0.5953716	27.598274	68.85605	-66.403915	1300000	0.0017392628	440.46765	0.0	-309.99475	0.948179	-3.874302e-10	1812.2181770801544
325	138.9253	36.158867	201.22209	114.98839	845.5	5.024807	20.623789	63.98689	-62.39102	1304000	-0.019456076	344.32468	0.0	-246.58716	0.78949267	-1.0430813e-09	1817.7708940505981
326	145.13994	31.432186	198.2948	120.06916	848.25	10.119996	14.557729	62.079105	-39.45999	1308000	-0.12310382	152.9565	0.0	-37.99621	0.9292549	2.592802e-09	1823.820780992508
327	43.44816	87.048164	116.250946	-103.13038	734.4	14.944133	15.944028	67.087494	-23.278214	1312000	0.01074962	751.47437	0.0	-333.8901	0.91379523	-1.0728836e-09	1829.7419829368591
328	32.802773	65.49142	115.25757	-36.67604	602.6	4.9918504	18.78047	65.34422	-52.36322	1316000	0.046452	441.94867	0.0	-106.64249	0.95009375	-6.4074995e-10	1835.3715121746063
329	112.687645	66.55371	213.36044	5.0199943	777.4	-0.33379212	21.45094	67.667885	-54.52657	1320000	-0.07172222	436.20746	0.0	-148.10095	0.90399426	-7.8976153e-10	1840.5422368049622
330	60.960827	68.08649	153.46558	-18.263058	561.3333	9.562557	17.724403	67.25291	-39.567844	1324000	0.0030680294	625.07153	0.0	-307.09842	0.94772756	1.758337e-09	1846.2826900482178
331	139.23933	58.73216	239.86688	93.89576	850.75	1.1250284	16.695166	62.99912	-53.923267	1328000	-0.091518335	389.9174	0.0	-257.74835	0.9597438	-1.0728836e-09	1853.1690878868103
332	74.30906	77.10702	139.11105	-57.13066	821.0	7.72091	17.847391	65.30598	-53.721798	1332000	0.031150123	349.01193	0.0	-134.77803	0.92696655	1.9222497e-09	1859.41672706604
333	101.9915	13.06829	119.42628	88.41433	1000.0	4.537842	15.484712	66.95751	-49.317265	1336000	-0.06555694	54.71948	0.0	-23.251354	0.97447616	4.917383e-10	1867.0051000118256
334	72.3757	57.98028	120.180824	-26.820097	826.25	6.5546045	16.967339	66.24283	-50.034653	1340000	0.016778696	139.97923	0.0	-18.294632	0.8267514	-4.768372e-10	1873.8087458610535
335	111.38724	23.43401	137.97661	75.85161	1000.0	5.777751	13.965285	65.85586	-32.36687	1344000	-0.049152385	22.761078	0.0	-4.421129	0.99717	-2.1606683e-09	1880.8138868808746
336	114.13194	99.37477	211.54208	-63.078377	625.2	5.9787526	18.29159	65.43298	-58.75991	1348000	-0.09600572	473.7056	0.0	-131.36697	0.93289673	-2.3841857e-09	1886.4351558685303
337	141.25136	52.008133	213.57037	79.67702	775.6	10.4405775	17.489138	65.984665	-38.879436	1352000	-0.118362375	309.24985	0.0	-144.52599	0.832992	-2.1606683e-09	1891.8364207744598
338	89.744385	71.6982	209.46939	-7.2158422	737.2	14.218258	17.429165	67.60849	-41.91473	1356000	-0.07022246	305.0488	0.0	-109.45932	0.9198248	8.642673e-10	1898.8664429187775
339	126.249756	52.970707	202.94156	72.51238	789.8	12.597059	15.603272	63.115543	-40.097538	1360000	-0.08555557	245.05832	0.0	-82.53998	0.8638813	-1.3411046e-09	1905.3154277801514
340	95.04614	63.47718	157.98026	-10.498096	829.75	6.716367	16.97636	66.31715	-21.002378	1364000	0.016183948	171.7107	0.0	-64.79868	0.95210487	2.5629998e-09	1911.4164760112762
341	51.35138	68.46318	125.79012	-42.715538	708.0	7.8871922	18.304747	66.66703	-31.679287	1368000	0.044530284	423.78323	0.0	-169.30891	0.9699768	4.1723253e-10	1917.974797964096
342	83.82795	89.82829	189.14699	-82.62449	757.0	6.893847	15.604322	58.183582	-64.86898	1372000	-0.07616081	443.64172	0.0	-121.58319	0.9715018	-1.2218953e-09	1924.2810609340668
343	69.82707	57.33172	126.3769	-2.7775605	720.4	4.899877	19.41774	65.30345	-49.49001	1376000	-0.015747208	226.46356	0.0	-33.112778	0.9393807	8.493662e-10	1930.2617058753967
344	94.725586	88.44872	212.58354	-43.96048	650.5	7.0180964	18.057974	66.015434	-64.217285	1380000	-0.04768861	400.79822	0.0	-63.52823	0.9694255	-5.7965517e-09	1936.1694557666779
345	142.27084	29.263214	185.89905	95.17535	789.2	9.42195	17.03624	65.380264	-42.182224	1384000	-0.07053943	152.12238	0.0	-53.16278	0.88158935	1.2814999e-09	1941.747642993927
346	150.10953	75.58623	196.88249	-29.159597	531.0	14.09105	21.865108	67.062744	-62.09766	1388000	-0.13709782	684.9367	0.0	-279.3602	0.8754796	2.8759242e-09	1946.8538870811462
347	51.74462	86.668564	139.05428	-71.04088	742.6	21.639317	17.816175	67.68255	-4.9778447	1392000	0.010982511	923.16266	0.0	-667.2291	0.98772377	-3.5762787e-10	1953.0866770744324
348	113.156586	40.474857	175.69568	71.86426	844.75	6.348091	15.030172	67.272896	-34.07335	1396000	-0.092124104	97.76649	0.0	-36.461914	0.93597573	1.5646219e-09	1959.9648969173431
349	65.704155	75.32825	181.3981	-41.282337	607.2	10.472	15.592757	62.74528	-54.6122	1400000	-0.04304214	494.64352	0.0	-139.38217	0.88819647	-5.364418e-10	1965.7508018016815
350	146.40883	40.364704	215.0894	102.63793	746.0	9.541229	15.88395	66.74936	-46.10328	1404000	-0.16920708	192.7135	0.0	-49.135147	0.9077296	3.7252904e-10	1971.0120100975037
351	135.68636	46.59622	212.77063	88.40675	848.0	9.753634	15.926382	66.13045	-5.4752817	1408000	-0.112486616	106.1306	0.0	-42.48893	0.9409493	-1.5795231e-09	1977.2700219154358
352	77.00972	79.759926	157.65654	-55.125393	821.5	12.17568	16.850882	67.68744	-12.228262	1412000	0.028774444	347.9557	0.0	-74.51987	0.9926527	1.5050173e-09	1983.3885021209717
353	125.34523	46.081165	202.93842	82.806656	859.25	6.5633082	14.264275	67.10012	-13.40013	1416000	-0.108683065	135.35559	0.0	-28.19271	0.89910626	-6.705523e-10	1989.826179742813
354	115.126785	14.646896	135.81335	95.035225	1000.0	7.527774	14.321812	66.7829	-0.49070537	1420000	-0.051409807	13.598512	0.0	-2.9948778	0.92672646	-1.9222497e-09	1995.9276411533356
355	97.784904	49.272865	128.43185	12.549465	815.0	9.430618	16.480347	67.3342	-31.46137	1424000	0.02086612	198.63669	0.0	-40.14438	0.98951954	-1.4901161e-10	2001.9069828987122
356	80.82899	63.80188	129.31909	-28.508919	821.75	7.6324873	17.205439	66.20728	-53.02552	1428000	0.0068449206	282.38828	0.0	-88.008575	0.89035696	1.8179417e-09	2008.1067037582397
357	91.66031	89.20653	198.23988	-72.41636	766.0	5.864948	19.09943	66.21282	-60.354874	1432000	-0.0722799	371.01526	0.0	-168.0817	0.94934994	-1.5646219e-09	2013.5053057670593
358	119.25022	16.34194	142.2336	97.64346	1000.0	5.892867	15.767892	65.286705	-46.321465	1436000	-0.04898127	29.965681	0.0	-12.942928	0.91933435	1.4305115e-09	2020.2107467651367
359	143.9725	52.753212	231.46341	97.80427	850.75	9.655896	16.183823	68.09498	-45.36373	1440000	-0.12435806	119.21697	0.0	-17.97876	0.90660673	-1.1771918e-09	2026.7435369491577
360	144.66049	65.0729	250.03735	76.68301	829.5	12.55299	17.088118	71.916176	-43.007442	1444000	-0.11925494	102.33568	0.0	-29.655525	0.91301495	2.1010638e-09	2032.984736919403
361	65.282555	62.071033	124.25809	-17.660824	730.6	10.306028	17.11984	68.91918	-3.965503	1448000	0.042734317	457.93146	0.0	-136.41489	0.9523093	-3.4868717e-09	2039.3293828964233
362	116.43343	81.15198	213.24898	-25.39332	741.6	5.2181044	20.386223	67.56277	-62.271805	1452000	-0.06170152	394.87427	0.0	-201.33092	0.8034612	-2.9802324e-11	2044.8956978321075
363	73.458176	49.441696	116.195984	-10.479244	808.5	9.006662	14.675025	66.73757	-14.509603	1456000	-0.022291882	151.05368	0.0	-39.669807	0.85137093	1.0430813e-10	2051.540454864502
364	140.15782	51.133343	226.9897	95.23505	818.75	7.204073	15.116675	66.980064	-9.546564	1460000	-0.09070696	199.84897	0.0	-112.19217	0.9055819	5.275011e-09	2057.7675347328186
365	73.486824	110.89039	222.7338	-45.732006	499.5	19.334164	20.435194	68.00245	-23.35519	1464000	0.0027810025	1309.9686	0.0	-585.77423	0.8809239	-1.8179417e-09	2063.006054878235
366	62.42702	50.24479	112.64868	0.5364807	710.8	5.8200006	17.769346	66.691795	-37.870705	1468000	0.0014877779	298.60736	0.0	-119.57376	0.8738368	2.384186e-10	2069.877547979355
367	148.72429	58.747528	238.95943	83.479904	758.8	4.1874337	20.857164	67.48329	-49.30604	1472000	-0.073614806	408.58188	0.0	-244.50754	0.91721207	-7.1525574e-10	2075.455335855484
368	61.277153	65.47761	144.4719	-24.33025	706.6	13.04225	18.578966	68.47106	-50.77546	1476000	0.046225723	366.19464	0.0	-200.99217	0.8538982	2.7567149e-09	2081.9557650089264
369	63.52343	105.5741	186.55779	-58.094242	433.0	2.2802486	20.082346	59.068916	-61.261585	1480000	-0.02942117	888.93854	0.0	-149.177	0.84320045	1.6391277e-10	2087.1550669670105
370	150.70003	52.813553	214.98882	71.76324	729.0	9.704459	16.641302	67.44724	-45.89791	1484000	-0.026161507	445.02145	0.0	-227.94746	0.6952741	-2.6077032e-09	2093.118660926819
371	93.85339	103.11829	247.83398	-73.80802	624.5	11.956357	18.796707	68.029175	-48.51057	1488000	-0.028307594	836.1605	0.0	-273.44348	0.9090345	3.1888485e-09	2098.7956941127777
372	87.560326	99.56981	225.93533	-52.040096	619.5	11.644499	17.999243	67.779236	-57.33368	1492000	-0.013152784	617.52954	0.0	-136.35104	0.83808225	5.811453e-10	2104.215526819229
373	107.56384	65.83819	197.26071	-6.853422	623.2	6.8726554	18.689249	66.34166	-70.67256	1496000	-0.07670672	521.0746	0.0	-208.82513	0.88704336	2.0116568e-09	2109.369523048401
374	108.541016	103.47073	214.83221	-91.57807	534.5714	12.602373	19.220287	67.014725	-68.973366	1500000	-0.08380072	521.884	0.0	-106.75415	0.8850067	7.4505807e-10	2114.4427478313446
375	64.11517	72.91841	134.92305	-54.838593	847.25	7.5398993	16.790413	67.994385	-67.69972	1504000	-0.042127836	233.67896	0.0	-34.872757	0.86484945	1.4901161e-10	2120.5280089378357
376	84.90373	38.120247	115.989655	20.148298	809.75	4.2460313	16.635393	67.40262	-10.270012	1508000	-0.008372691	146.99176	0.0	-126.44512	0.92443776	-2.9802324e-11	2127.0296881198883
377	102.95053	70.264626	151.54573	-18.440561	832.0	-2.0216227	24.508942	67.055466	-56.63619	1512000	0.0014642441	666.0393	0.0	-532.2489	0.92896414	-2.2798776e-09	2133.377009868622
378	83.40432	56.13956	132.3954	-10.904784	808.75	6.9353824	14.664079	66.57904	-29.90536	1516000	0.021133965	204.27577	0.0	-64.91098	0.92127746	3.322959e-09	2139.1947479248047
379	140.50133	42.808155	214.3136	109.442345	931.75	13.348014	18.903069	63.90714	-9.881044	1520000	0.047353707	145.9138	0.0	-59.228363	0.8040031	3.054738e-09	2145.550053834915
380	97.907196	97.14007	229.95422	-35.929825	573.8333	9.112327	18.617258	65.611786	-68.249306	1524000	-0.09255755	723.12976	0.0	-147.9223	0.89524144	1.3411046e-09	2151.1234159469604
381	55.957695	74.912315	123.70501	-53.874832	761.2	10.892442	16.820166	66.221	-67.77207	1528000	0.023684364	483.64703	0.0	-150.54819	0.8935425	1.2516975e-09	2156.498659849167
382	70.26297	65.74461	115.56271	-43.280087	822.0	3.1874728	17.524485	65.1136	-65.64209	1532000	-0.00422117	228.87904	0.0	-99.08577	0.9516205	2.8908254e-09	2162.0677609443665
383	152.72325	37.101856	200.46126	100.67289	810.75	4.9899735	17.90917	65.41513	-71.64706	1536000	-0.10966196	341.2943	0.0	-138.91582	0.77255416	-8.642673e-10	2168.9543759822845
384	69.1967	61.92402	131.92525	-30.469574	886.75	8.948265	15.243374	66.996605	-27.331007	1540000	-0.000978709	257.69504	0.0	-86.119965	0.9581646	-4.5895576e-09	2175.416450023651
385	125.27028	32.436855	178.61317	91.09147	909.75	6.3600626	15.537219	63.733055	-18.211126	1544000	-0.08399696	142.68616	0.0	-52.25566	0.94892067	-2.1606683e-09	2181.834419965744
386	96.99615	63.984062	176.90837	-18.367136	771.2	4.7737107	21.845642	65.42979	-59.167633	1548000	-0.08975737	455.48248	0.0	-273.3414	0.8913274	4.127622e-09	2187.8266491889954
387	45.117714	117.31639	183.01466	-84.38779	794.5	10.130779	15.867586	65.05266	-32.101494	1552000	0.018545188	731.41754	0.0	-420.4489	0.86836684	-2.220273e-09	2194.148211956024
388	94.35772	28.484943	122.19729	56.58939	1000.0	2.5859623	17.014233	63.85834	-29.407516	1556000	-0.008889576	97.62467	0.0	-60.879868	0.8953562	1.7732382e-09	2201.021691799164
389	96.16769	97.29164	237.87155	-30.98737	636.3333	8.928426	18.494959	65.571686	-56.56428	1560000	-0.06760865	578.9313	0.0	-178.43161	0.88717455	-3.3825636e-09	2206.810961961746
390	73.58296	63.811752	132.97137	-10.44583	729.0	8.197193	17.607954	64.965454	-54.77999	1564000	0.008282795	362.5514	0.0	-135.2525	0.91152126	9.685754e-10	2212.8393359184265
391	115.619255	12.367375	129.78812	99.45025	1000.0	4.781044	15.168332	64.87512	-52.970806	1568000	0.016922161	67.55097	0.0	-48.817886	0.87676865	-1.1026859e-09	2219.7462759017944
392	94.18136	87.54363	184.7484	-72.77966	763.8	2.0733535	24.50695	64.61691	-56.862362	1572000	-0.07874846	596.4387	0.0	-232.28076	0.90006053	1.2665987e-09	2226.173194885254
393	108.19516	35.920624	162.42538	68.94078	849.5	8.833909	15.237316	60.615665	-38.17198	1576000	-0.11576094	117.008934	0.0	-41.002304	0.84852016	-5.5134297e-10	2232.463711977005
394	33.213425	67.395515	123.22788	-49.455353	611.4	9.72191	17.026606	65.21144	-38.94699	1580000	0.029530995	510.0737	0.0	-208.18542	0.8448789	-1.6391277e-09	2237.798816919327
395	124.296844	32.32528	176.39339	88.80834	843.25	2.9995694	14.859307	64.356514	-41.844074	1584000	-0.11362335	141.03705	0.0	-93.09758	0.91271347	1.4603138e-09	2243.9694859981537
396	93.756516	52.2206	163.90424	2.3943741	759.0	10.319891	16.710825	65.48307	-61.16052	1588000	-0.076644994	242.64134	0.0	-29.618195	0.8928239	3.8295984e-09	2249.8449659347534
397	116.64779	10.938602	131.09767	101.84796	1000.0	5.571674	13.919363	65.370094	-20.841087	1592000	-0.057303987	25.520359	0.0	-12.548608	0.9333288	2.0563602e-09	2256.523328065872
398	119.27667	16.281025	143.09117	97.3	1000.0	9.208079	15.169817	65.20477	-26.214344	1596000	-0.035268266	38.087147	0.0	-18.76692	0.8710514	-4.127622e-09	2262.630441904068
399	101.68809	83.509056	159.96652	-60.448475	746.8	11.385245	18.740295	66.132774	-7.4443035	1600000	-0.013270831	338.06253	0.0	-121.761536	0.8838754	-8.642673e-10	2268.4597339630127
400	81.14631	103.08361	196.29742	-72.58587	529.8333	3.5966563	22.592365	65.896355	-56.713455	1604000	-0.026172578	737.63995	0.0	-206.04572	0.8549448	-1.4305115e-09	2274.0053629875183
401	107.834984	70.556435	161.18527	-31.16993	729.0	5.330489	19.656755	63.309692	-38.033203	1608000	-0.056204155	121.85234	0.0	-23.536484	0.87740296	-1.3411044e-10	2279.482524871826
402	83.30856	79.89956	149.70186	-37.451935	618.6	8.914003	23.464012	67.63172	-41.36535	1612000	-0.019251922	469.40482	0.0	-277.25882	0.90582365	-7.4505807e-10	2284.9333488941193
403	44.024445	91.55299	161.75577	-64.723434	643.1667	8.832506	20.356222	67.79564	-40.71408	1616000	0.032461822	422.0028	0.0	-137.84567	0.9087441	8.642673e-10	2289.9374539852142
404	97.944725	113.05738	241.27751	-70.8356	660.3333	9.830781	20.338127	67.79323	-19.684933	1620000	-0.0058167977	557.7707	0.0	-343.58817	0.89361817	-6.705523e-10	2294.7822608947754
405	109.08818	86.53266	194.40245	-41.304253	527.5714	-0.22885925	27.960407	68.23915	-48.004665	1624000	-0.10759553	590.7779	0.0	-333.01077	0.85729384	-2.0563602e-09	2299.9203441143036
406	51.56155	116.07276	193.98366	-78.20433	538.8333	12.960509	21.073748	69.260544	-43.04624	1628000	0.013353115	655.2844	0.0	-223.39636	0.89078665	-1.2367963e-09	2305.224089860916
407	102.303185	112.63247	227.7154	-73.12631	569.2857	6.4254274	24.25982	67.07994	-63.470703	1632000	-0.03659856	625.7734	0.0	-170.73389	0.7745286	9.0897084e-10	2310.535557985306
408	86.51538	84.66028	172.98386	-28.198353	547.6667	12.78306	21.210897	69.66695	-44.188366	1636000	-0.012241122	567.18774	0.0	-240.1756	0.88116026	2.8014182e-09	2316.351336956024
409	92.9869	8.672166	101.02728	79.58355	1000.0	3.7656631	16.529509	52.64735	-60.036545	1640000	-0.015060532	277.27762	0.0	-231.56113	0.8697438	-4.2170285e-09	2321.757653951645
410	131.10765	80.04853	241.06581	2.5294077	545.8333	12.253403	19.667183	70.19208	-47.965393	1644000	-0.08559085	446.72318	0.0	-196.44807	0.76324254	-6.4074995e-10	2327.2890889644623
411	126.93247	18.465027	145.4613	97.04089	1000.0	8.5715275	15.310327	70.41005	0.15432608	1648000	-0.036356814	9.221002	0.0	-5.0063815	0.88562703	-5.8561564e-09	2333.5056710243225
412	53.182774	109.060295	188.34088	-77.56496	505.2857	18.580517	19.085022	67.523834	-15.264732	1652000	-0.011219774	1293.1339	0.0	-826.31714	0.81413645	5.5134297e-10	2338.6436738967896
413	144.48206	23.790253	185.71103	113.46883	749.0	6.888344	19.072268	65.5906	-74.84868	1656000	-0.07294859	294.2438	0.0	-181.63582	0.83893776	3.6358834e-09	2344.322954893112
414	73.0221	99.216385	183.6669	-85.69207	496.875	17.975695	19.062088	71.092804	-41.11367	1660000	0.001519074	957.66565	0.0	-295.9605	0.7504231	2.2798776e-09	2349.9427478313446
415	122.6177	104.857056	225.35666	-41.532772	497.7143	4.965605	23.328234	67.21815	-47.316498	1664000	-0.0390025	791.29956	0.0	-267.4652	0.79274863	0.0	2354.9425621032715
416	100.68945	88.036736	208.40005	-40.76115	578.5	11.415217	21.192204	70.283775	-56.553352	1668000	-0.016423458	339.41895	0.0	-142.0907	0.8241859	1.2367963e-09	2359.856873035431
417	63.793827	88.6718	137.15622	-87.813446	824.5	10.663799	16.637564	68.615654	-35.459793	1672000	0.03110331	480.69623	0.0	-195.19476	0.78977793	6.556511e-10	2365.7363951206207
418	122.52877	96.38342	223.14992	-33.888004	561.1429	14.621348	19.449265	70.25424	-66.08806	1676000	-0.046386678	655.3473	0.0	-138.7724	0.7756752	1.4901161e-09	2371.48211312294
419	175.09338	38.7381	209.0886	115.62296	601.4	13.245076	17.098291	69.54118	-10.889616	1680000	-0.08031646	291.99026	0.0	-206.7995	0.7939939	3.5017729e-09	2377.158966064453
420	84.34202	68.608	166.06262	-11.4965	646.0	15.9889	21.531292	72.1611	-71.236015	1684000	-0.030430723	550.1044	0.0	-231.71274	0.7848247	1.847744e-09	2382.720504760742
421	107.0747	100.873405	228.5372	-27.817778	631.0	12.846493	19.402966	71.37156	-77.636086	1688000	-0.046550207	655.2684	0.0	-82.066895	0.8105777	-2.026558e-09	2388.2095460891724
422	101.60232	79.61574	207.1104	-9.390553	655.6667	9.68817	19.978968	69.63358	-78.097275	1692000	-0.02219263	433.71	0.0	-40.68817	0.8361614	-2.1904707e-09	2393.4091699123383
423	92.63769	103.23185	234.73291	-28.369852	662.6	13.842254	18.824646	69.791916	-75.82832	1696000	-0.0007913024	788.3269	0.0	-302.9441	0.7486507	2.7567149e-09	2398.3535408973694
424	91.06911	88.30136	218.52916	-36.83576	487.25	11.818248	24.491583	68.76838	-76.6642	1700000	-0.096882336	563.9366	0.0	-145.4361	0.6968074	9.834766e-10	2403.5427157878876
425	52.679398	84.09433	151.59459	-46.00752	641.1667	0.27615967	21.237675	67.55162	-74.59344	1704000	0.0099624405	809.636	0.0	-356.43488	0.8719296	-5.9604643e-10	2409.0642790794373
426	46.954296	81.286156	135.67906	-48.168724	640.3333	4.015803	20.235867	67.42976	-80.56531	1708000	0.019482706	604.3333	0.0	-102.06952	0.8763707	4.0233137e-09	2414.2283329963684
427	108.94441	64.48027	200.68686	1.8084753	727.6	3.1100287	18.248737	64.58874	-57.731907	1712000	-0.065917246	349.18512	0.0	-202.8741	0.8049351	-2.7865172e-09	2419.845682859421
428	120.833664	74.13998	233.48056	1.393609	732.6	7.229574	17.790125	66.26103	-81.17385	1716000	-0.07854361	295.90744	0.0	-72.09999	0.8548391	8.493662e-10	2425.1531319618225
429	105.72154	68.34635	191.01431	-18.54409	754.0	13.079279	19.878965	66.73126	-39.990395	1720000	0.0026145275	326.09286	0.0	-147.89093	0.8511762	1.0728836e-09	2431.3261041641235
430	148.48398	41.578114	215.75363	106.13026	854.5	6.74637	16.292002	64.36853	-57.450893	1724000	-0.12585971	104.273705	0.0	-41.819992	0.8849519	-1.013279e-09	2436.754688024521
431	65.33556	71.73718	117.02561	-58.078434	858.25	12.252953	16.557243	66.32409	-46.50161	1728000	-0.009398248	391.2662	0.0	-169.02881	0.9058032	-1.6540289e-09	2442.506098985672
432	94.63551	65.26399	177.04279	-23.089237	755.4	8.398713	17.9402	65.27896	-76.4997	1732000	-0.04853972	291.80338	0.0	-115.98479	0.8266846	1.385808e-09	2448.309314966202
433	8.592495	69.172386	116.37995	-61.88469	566.5	7.171101	21.009836	66.22063	-46.15	1736000	0.035658717	1014.7887	0.0	-462.6599	0.8516354	1.3262034e-09	2453.4353280067444
434	68.81427	107.92989	202.03116	-48.548386	496.0	5.44177	23.913618	63.511444	-81.244156	1740000	-0.049011257	1021.49	0.0	-244.51843	0.8446463	8.1956386e-10	2458.4514689445496
435	104.1491	17.338095	122.605125	75.69987	1000.0	2.1102734	13.962949	56.30052	-29.76445	1744000	-0.023872413	108.8786	0.0	-78.07254	0.8985327	-2.2500752e-09	2464.5530428886414
436	114.69364	87.90007	208.98695	-39.908867	635.4	7.2764745	17.898956	62.42611	-80.70253	1748000	-0.095683	639.717	0.0	-302.08392	0.8365065	9.834766e-10	2470.77547287941
437	57.033813	112.20348	205.39	-57.990337	516.3333	11.015519	17.27003	63.27538	-56.498764	1752000	-0.018122863	874.04944	0.0	-233.27539	0.8727932	-3.248453e-09	2476.9129588603973
438	98.47638	45.0848	174.6286	59.458706	877.25	7.339962	19.651731	60.57336	-38.15581	1756000	-0.013711965	236.2126	0.0	-160.67908	0.77646035	2.8312206e-09	2482.8466041088104
439	68.90047	57.07598	114.812675	-26.4701	866.5	7.016045	14.234027	62.171227	-61.600784	1760000	-0.03168128	211.45026	0.0	-67.81065	0.89712256	-4.4703484e-11	2489.0988490581512
440	84.5665	58.52991	173.703	-7.801002	762.2	6.8582196	17.116385	61.01028	-51.88355	1764000	-0.050936364	262.47906	0.0	-49.83835	0.81143224	-4.1723253e-10	2495.5400881767273
441	80.53934	7.2461576	87.59715	68.55845	1000.0	1.4235624	13.359198	60.57004	-29.755585	1768000	-0.007599083	72.57474	0.0	-42.426548	0.93487686	-8.1956386e-10	2502.2285549640656
442	62.905266	97.57167	176.80785	-70.64728	694.8	8.248498	14.815236	57.064564	-59.391373	1772000	0.016883397	708.5425	0.0	-194.89087	0.78384477	1.5795231e-09	2508.1250438690186
443	104.37944	87.32605	237.18095	-35.88531	769.4	5.083504	15.311162	60.38154	-55.403084	1776000	-0.050835636	364.1317	0.0	-128.41164	0.8900206	2.9802324e-11	2514.2483348846436
444	138.51921	26.80263	166.85051	94.913216	879.25	8.251446	17.79668	60.899933	-32.112835	1780000	-0.070779346	149.57103	0.0	-62.239273	0.8974964	-1.0430813e-09	2520.6743879318237
445	51.92923	79.86565	121.16533	-78.9004	859.5	5.943651	15.785807	61.675777	-63.485798	1784000	-0.015274149	273.9662	0.0	-56.53366	0.91160846	1.7732382e-09	2527.1293470859528
446	110.34845	70.90361	203.89412	-15.479464	749.4	8.499593	17.547024	61.37013	-50.92314	1788000	-0.039842926	368.46753	0.0	-110.75308	0.89131486	4.3213366e-10	2533.0831820964813
447	98.53265	82.86747	180.02919	-57.409885	784.2	7.0253615	17.585373	62.178173	-70.872696	1792000	-0.009229224	372.65848	0.0	-122.79065	0.8956145	1.2814999e-09	2539.568118095398
448	150.03197	48.890137	210.43562	77.45643	721.6	13.627439	15.514291	62.224846	-24.728556	1796000	-0.08272992	257.36902	0.0	-51.707535	0.7879305	3.6209822e-09	2545.6171038150787
449	85.97797	109.08891	219.62682	-91.011765	626.0	13.556102	17.899317	63.349808	-71.87607	1800000	-0.055341586	722.9007	0.0	-222.37274	0.85229176	9.387732e-10	2551.015555858612
450	72.232666	57.322193	114.930855	-26.453348	829.5	10.417974	17.506199	62.7364	-57.870014	1804000	0.005284131	408.027	0.0	-139.43842	0.8763096	-2.682209e-10	2557.151015996933
451	65.961655	65.121254	143.2108	-18.603746	730.8	5.8865557	17.39093	61.87395	-76.33931	1808000	0.011545356	249.06947	0.0	-22.819199	0.8824011	1.6838312e-09	2562.624258041382
452	109.82119	81.1194	190.55966	-44.633595	730.4	2.7715592	21.570532	62.718918	-80.61699	1812000	-0.07777499	599.32776	0.0	-262.31454	0.6187214	9.685754e-10	2569.625781059265
453	107.4431	89.71926	203.73512	-45.62058	609.2	13.580162	21.62753	62.857655	-73.02215	1816000	0.014125751	448.9479	0.0	-141.42474	0.64637995	-2.2351743e-09	2575.3653168678284
454	112.18147	92.869934	219.40195	-39.61998	604.6	5.0772266	19.524204	63.18768	-54.204277	1820000	-0.06238733	391.4925	0.0	-82.07025	0.82431805	3.5613774e-09	2581.273323059082
455	43.967834	61.592674	120.56663	-25.485332	642.0	10.607586	17.20499	64.08886	-68.144394	1824000	0.04839094	644.60474	0.0	-274.68588	0.86294645	-1.6391277e-09	2586.977443933487
456	119.712456	82.190674	209.69398	-41.83353	653.6667	5.06816	19.225342	58.232967	-78.61007	1828000	-0.0830941	623.2534	0.0	-263.37128	0.8110293	4.1723253e-10	2593.001113176346
457	102.777115	111.74142	214.61856	-54.7358	544.7143	6.5913997	22.062477	63.763897	-72.82288	1832000	-0.048741437	928.61426	0.0	-341.67462	0.78912354	1.0728836e-09	2598.042391061783
458	53.354572	96.60881	196.4123	-43.285664	496.7143	18.608126	22.617123	64.23266	-76.09831	1836000	0.06548292	1003.4252	0.0	-419.8051	0.67190415	-3.5911798e-09	2603.8885209560394
459	53.23524	86.04423	175.47635	-51.59954	607.5	1.5263598	20.562428	55.33504	-44.07093	1840000	0.0014797149	533.01794	0.0	-242.41519	0.843786	2.0116568e-09	2609.829864025116
460	76.85284	109.69034	211.81004	-86.09615	655.1667	5.050256	21.089691	63.52737	-80.13342	1844000	-0.046139356	920.5758	0.0	-289.9527	0.8949877	1.7881394e-10	2615.7412109375
461	91.94112	60.79111	144.61996	-23.64374	773.8	7.0830917	18.663502	62.03972	-74.21038	1848000	-0.07070127	328.05298	0.0	-141.74301	0.8360779	-4.336238e-09	2622.3562438488007
462	114.90488	51.165382	199.81944	66.28244	865.75	8.532359	12.958574	56.677826	-42.252254	1852000	-0.044275828	211.89328	0.0	-120.067825	0.8187209	-2.8312206e-09	2629.0847849845886
463	70.843864	48.933693	104.54719	-13.360898	810.25	7.419733	16.954844	64.33119	-74.84487	1856000	-0.044288915	147.45416	0.0	-84.65112	0.87673414	-1.3709068e-09	2635.072911977768
464	109.13561	108.212814	232.0892	-46.522736	545.5714	8.343655	17.634275	63.143574	-59.22348	1860000	-0.06373544	800.78876	0.0	-224.79028	0.8156018	1.5795231e-09	2641.122038125992
465	74.06925	106.37442	196.95755	-83.3292	611.0	10.36806	18.03702	64.04158	-59.5632	1864000	0.01435868	651.11273	0.0	-293.94193	0.8486435	-1.1324882e-09	2646.516357898712
466	147.26929	43.168976	201.07877	102.999	767.0	11.910756	16.807861	62.659924	-79.3613	1868000	-0.09806196	173.52948	0.0	-102.65233	0.8660547	3.9339065e-09	2652.430641889572
467	41.75076	69.76001	114.54597	-67.34464	771.4	9.106546	18.789911	63.639957	-64.48119	1872000	0.007858699	387.1614	0.0	-228.72784	0.84301704	-2.9802322e-10	2658.3146159648895
468	79.86091	81.02034	168.7206	-70.735634	713.6	3.986783	20.169252	61.54669	-52.660595	1876000	-0.04257251	446.38864	0.0	-206.71507	0.8216509	2.30968e-09	2664.550266981125
469	35.87234	71.86824	119.333496	-63.24916	726.6	5.180217	16.67455	60.78045	-48.17055	1880000	0.042041887	419.42316	0.0	-162.11758	0.7671158	-4.3213366e-10	2670.439535856247
470	102.12297	23.081598	127.11862	65.24199	1000.0	-0.12173743	15.773824	61.840622	-52.52279	1884000	0.0042632073	173.36104	0.0	-144.97705	0.7872126	-4.9322844e-09	2676.958000898361
471	118.10614	23.603315	146.98584	86.97565	870.0	8.432278	13.993644	61.20323	-31.771118	1888000	-0.07283122	96.32781	0.0	-60.07553	0.82966334	-1.192093e-10	2683.1133110523224
472	17.242558	98.12805	182.59207	-78.47689	408.875	10.731871	17.104307	62.96244	-75.41196	1892000	-0.025439817	1193.7405	0.0	-472.64246	0.850756	-2.6077032e-09	2689.008605003357
473	71.578865	107.14304	207.7655	-66.97394	542.0	1.7280366	19.558338	60.54336	-78.248695	1896000	-0.07049018	506.0833	0.0	-252.28806	0.80994	-2.4288893e-09	2694.4761850833893
474	8.229007	86.81601	128.4258	-120.16265	644.8	10.595122	17.960121	58.06766	-49.07218	1900000	0.020233413	1065.4808	0.0	-682.93274	0.8388686	7.1525574e-10	2700.4039800167084
475	41.85636	88.839485	155.91447	-63.587925	617.6667	-2.2904956	20.876118	54.24848	-88.404724	1904000	-0.041390087	365.30136	0.0	-72.534546	0.8234579	1.1175871e-09	2706.4747598171234
476	104.16693	20.505117	129.66461	83.481895	847.75	3.6055102	18.661747	61.456932	-82.01669	1908000	-0.06861724	328.21	0.0	-248.72586	0.7937614	7.793307e-09	2712.3127188682556
477	68.83805	97.17659	194.30638	-70.85773	637.3333	11.974125	16.776632	57.48273	-73.0646	1912000	-0.03307887	669.94525	0.0	-245.57901	0.8347575	2.0861626e-10	2717.703850030899
478	59.537292	84.19735	173.06723	-59.74725	591.8333	11.22097	23.158184	60.626003	-61.90882	1916000	0.037222505	741.0799	0.0	-311.24634	0.72031057	-5.9604643e-10	2723.0951619148254
479	79.80426	94.33374	189.7332	-89.334724	625.8333	9.104707	18.991974	58.037045	-62.285645	1920000	-0.073781185	455.68106	0.0	-160.49463	0.8149294	1.5944243e-09	2728.44771194458
480	53.80513	88.460365	115.89965	-98.557785	868.75	2.7874367	14.945755	56.477257	-62.130608	1924000	0.0039774165	273.97177	0.0	-62.203796	0.86079645	3.7699937e-09	2735.3533368110657
481	69.93847	79.73008	177.77852	-65.55715	696.0	2.1895142	16.189848	57.611965	-90.62532	1928000	-0.11800307	383.2788	0.0	-96.73422	0.8271736	-2.8014182e-09	2741.191755056381
482	63.458096	78.782394	154.79013	-45.97887	630.8333	7.522582	17.18537	57.3911	-43.356518	1932000	-0.05611289	348.95923	0.0	-133.51726	0.8381429	1.5646219e-09	2746.864910840988
483	68.30249	121.1662	178.26767	-155.56514	747.0	-3.4784696	22.237541	53.159706	-60.467052	1936000	-0.035387672	796.0658	0.0	-416.55435	0.75883687	1.6093255e-09	2752.502904176712
484	79.47154	76.18916	186.00635	-50.9422	736.4	4.9123006	20.384714	58.441753	-87.76693	1940000	-0.04345426	396.41534	0.0	-148.68427	0.83004653	9.0897084e-10	2759.458636045456
485	86.98189	47.19396	166.79471	46.377018	861.0	4.7263055	17.430403	58.209023	-39.75592	1944000	-0.064256094	168.16495	0.0	-93.62568	0.8557372	-1.5199184e-09	2765.5330560207367
486	81.38382	40.847958	150.21512	43.019196	951.25	5.790229	13.869158	57.32639	-52.294502	1948000	-0.06242106	196.38321	0.0	-87.82085	0.82455516	1.4007091e-09	2771.74352478981
487	78.29776	47.69994	150.70554	16.929512	888.0	8.38676	14.311012	58.818214	-7.8927712	1952000	-0.12327984	96.642395	0.0	-43.14181	0.90049523	-1.7285346e-09	2779.080496788025
488	8.731207	79.10234	144.25404	-49.845253	754.5	-0.3860719	16.694508	57.536175	-16.91179	1956000	-0.02194955	428.85843	0.0	-181.64925	0.9226365	1.952052e-09	2785.5412089824677
489	84.907104	62.76716	192.07207	37.28974	891.75	-0.38011867	14.890107	50.135345	-31.075087	1960000	-0.048291657	221.23027	0.0	-151.19806	0.90516657	3.7252904e-10	2792.9362099170685
490	52.443153	84.14221	134.00648	-88.60784	798.25	9.501652	11.52951	49.373867	-18.6306	1964000	-0.038386323	368.36218	0.0	-128.39835	0.9130612	-2.30968e-09	2800.5914239883423
491	19.114504	67.196884	125.717606	-43.216427	1000.0	-7.7415385	20.848326	56.805416	-37.095047	1968000	0.027507031	121.66117	0.0	-74.13474	0.8794233	2.220273e-09	2808.5250701904297
492	14.198759	89.20931	151.0233	-66.05354	714.6	5.746582	15.963542	51.068752	-44.3914	1972000	-0.016802039	688.23267	0.0	-303.1672	0.90473604	-5.364418e-10	2815.1310160160065
493	63.34541	87.7374	120.252914	-88.37362	864.0	-0.4411923	18.012274	51.8329	-51.85606	1976000	-0.03339177	346.72324	0.0	-149.67746	0.8638811	-1.1920929e-09	2820.9875688552856
494	94.66973	25.515455	133.98602	63.61009	1000.0	5.42524	13.419801	54.03485	-22.473299	1980000	-0.008158915	36.94197	0.0	-7.7976246	0.8448273	-4.4703483e-10	2827.7565870285034
495	44.06501	81.16007	129.92569	-63.763535	795.6	5.424137	16.338861	54.66117	-70.57097	1984000	0.0045905956	317.3174	0.0	-132.69107	0.82436866	-1.6540289e-09	2834.7285640239716
496	70.10733	60.613705	128.5846	-31.152435	1000.0	1.4544246	14.42935	56.85681	-34.206947	1988000	-0.016840862	81.60136	0.0	-53.13007	0.851608	6.854534e-10	2840.4016909599304
497	32.479076	99.83452	188.86868	-88.3016	607.0	13.794836	15.646515	56.04165	-78.29871	1992000	-0.015663223	680.3801	0.0	-211.90594	0.78958	3.516674e-09	2845.81236410141
498	105.428894	71.08976	204.07996	-11.063048	689.6	1.5223761	20.33922	56.714264	-72.14632	1996000	-0.060133915	293.23758	0.0	-111.842865	0.8183989	1.4603138e-09	2852.4960141181946
499	82.49045	91.3775	154.66695	-91.335236	698.2	10.134988	16.803986	57.057373	-32.220932	2000000	-0.06381053	369.1073	0.0	-46.99695	0.8300153	-2.0861626e-10	2858.161635160446
