Epoch	AverageEpRet	StdEpRet	MaxEpRet	MinEpRet	EpLen	AverageVVals	StdVVals	MaxVVals	MinVVals	TotalEnvInteracts	LossPi	LossV	DeltaLossPi	DeltaLossV	Entropy	KL	Time
0	-191.37694	97.23839	37.027725	-407.88443	91.37209	-0.15363099	0.026601706	0.00952803	-0.22358193	4000	0.00020639348	13710.01	0.0	-922.31445	1.3786317	-1.3113022e-09	2.9636659622192383
1	-194.46025	117.495865	-14.38136	-472.08655	90.454544	-4.562476	0.7882464	3.4786298	-5.5397096	8000	-0.0013880448	14010.284	0.0	-876.38965	1.3788381	-6.854534e-10	5.951653003692627
2	-168.14944	113.53808	69.82253	-434.80637	115.911766	-8.85823	0.6797758	1.1487212	-9.249157	12000	0.0024295016	8623.491	0.0	-297.2119	1.3794825	-1.3411046e-09	9.507480144500732
3	-195.36021	125.42616	-6.0721197	-549.6349	90.545456	-11.458955	0.4207052	-1.4835397	-11.57818	16000	0.0037483945	13119.876	0.0	-525.5615	1.3789707	-2.682209e-10	12.523596048355103
4	-200.02675	117.64923	-13.174645	-536.5181	95.29269	-14.505506	0.15296276	-11.316934	-14.55855	20000	-0.00017183185	12634.65	0.0	-565.6797	1.3789936	1.847744e-09	15.548983097076416
5	-194.58344	115.49447	-21.470102	-449.94336	92.72093	-17.552567	0.91815877	-0.13537648	-17.632324	24000	0.004189129	12027.438	0.0	-535.4844	1.3789066	1.1622906e-09	18.574759006500244
6	-215.70126	127.98068	-74.0762	-537.9416	93.35714	-20.51168	0.10203802	-18.442785	-20.54066	28000	0.0013385684	13780.831	0.0	-555.2373	1.3793012	-2.9802324e-11	21.58600616455078
7	-202.62506	110.8847	-34.972904	-437.3479	92.37209	-23.480955	0.034782276	-22.042791	-23.495186	32000	0.0010855751	10872.545	0.0	-447.6006	1.3794438	1.4901161e-10	24.61640191078186
8	-166.91672	91.3653	-52.830597	-401.0939	94.309525	-26.153688	0.012688094	-25.808203	-26.164837	36000	-0.00012482976	6310.7534	0.0	-260.8457	1.3793634	7.1525574e-10	27.630041122436523
9	-206.43796	107.88292	-39.173347	-482.7662	92.95238	-28.210745	0.43580055	-19.463657	-28.24634	40000	0.0011207968	9999.874	0.0	-408.51172	1.3796788	0.0	30.647332906723022
10	-186.67647	119.18138	37.006474	-478.36682	92.09524	-30.759937	0.07121404	-29.563948	-30.77452	44000	-3.717494e-05	8794.48	0.0	-292.96387	1.3796474	1.6391277e-09	33.664968967437744
11	-153.78499	94.88885	-21.959251	-460.36584	98.025	-32.985867	0.10806894	-28.364927	-32.99722	48000	0.00028581423	5177.101	0.0	-162.69092	1.3797809	-1.0728836e-09	36.737656116485596
12	-190.92549	101.68764	-62.632717	-502.2371	99.05	-34.68867	0.004625392	-34.650936	-34.694057	52000	0.001936446	6984.0635	0.0	-263.35498	1.3797588	9.834766e-10	39.760109186172485
13	-188.97208	108.32273	36.16613	-391.2272	96.91428	-36.78695	0.14892414	-35.39267	-36.821	56000	-0.0030722045	6508.96	0.0	-145.854	1.380087	9.834766e-10	43.06944704055786
14	-186.92786	127.71704	15.005825	-486.34808	93.07143	-38.439037	0.6460182	-24.4093	-38.480164	60000	-0.0015534969	8560.929	0.0	-274.90723	1.3798381	5.066395e-10	46.08121919631958
15	-162.53345	93.2529	12.763882	-427.72104	92.34884	-40.674915	0.023480345	-40.005154	-40.680454	64000	-0.002327576	4664.0166	0.0	-160.22705	1.3799886	2.9802322e-10	49.09596800804138
16	-169.09041	106.47111	-42.341694	-457.4326	88.17778	-42.45843	0.0031278713	-42.414227	-42.46216	68000	-0.0028151243	5639.7993	0.0	-203.26953	1.3798605	-1.192093e-10	52.10731101036072
17	-218.76016	122.515	-37.749084	-511.63388	99.475	-44.43454	0.06827275	-43.17482	-44.445984	72000	-0.0014179127	8992.054	0.0	-330.69434	1.3797351	7.748604e-10	55.14693903923035
18	-185.75012	106.976494	-50.317665	-462.28354	94.92857	-46.96329	0.070360795	-45.082977	-46.970585	76000	0.0008855467	6217.205	0.0	-223.83594	1.3799256	1.013279e-09	58.20938014984131
19	-155.7576	110.56322	12.300895	-468.40952	94.40476	-49.10675	0.056818042	-47.71747	-49.113747	80000	0.0011480622	5035.158	0.0	-114.95801	1.3800913	1.1324882e-09	61.2363600730896
20	-163.49074	100.88358	1.0155189	-457.98093	102.48718	-50.678658	0.06538257	-49.283325	-50.685112	84000	-0.001164278	4288.08	0.0	-100.311035	1.3799452	-7.1525574e-10	64.30416417121887
21	-185.24861	91.65698	-61.847202	-393.8099	94.809525	-52.144726	0.015497569	-51.67289	-52.147575	88000	-0.0023045298	4233.1157	0.0	-158.05786	1.3798604	2.9802322e-10	67.32274103164673
22	-195.51251	134.05692	-40.17901	-581.0733	96.756096	-53.97902	0.122705944	-52.005802	-53.991257	92000	-0.00353696	7429.457	0.0	-207.88867	1.3797855	1.013279e-09	70.35587906837463
23	-143.16678	85.57499	10.915842	-375.3937	87.155556	-56.132565	0.033155408	-55.091534	-56.13672	96000	-0.0026071116	2675.0327	0.0	-39.177002	1.380074	1.2218953e-09	73.37654900550842
24	-174.47917	109.185135	56.075005	-418.61163	92.53488	-57.156727	0.027144846	-56.642433	-57.16136	100000	-0.0028604323	5007.1914	0.0	-118.4209	1.3799235	-1.013279e-09	76.39946413040161
25	-157.82285	79.21432	-42.04285	-330.8234	91.325584	-58.795067	0.025319489	-57.866932	-58.798206	104000	-0.004053622	2768.354	0.0	-87.809326	1.3799859	-1.1324882e-09	79.43793416023254
26	-146.71953	105.66405	49.85521	-524.0237	94.64286	-60.278713	0.045600362	-58.74317	-60.282806	108000	0.00014556981	3655.8452	0.0	-36.795654	1.3801155	2.9802322e-10	82.47237300872803
27	-174.59245	109.09905	-20.417063	-485.8337	94.09524	-61.24435	0.704342	-46.542866	-61.281784	112000	-0.0035055203	4185.864	0.0	-113.1687	1.3795953	5.662441e-10	85.49010515213013
28	-139.57312	93.39251	14.676651	-403.8949	95.87805	-62.899727	0.052372877	-61.936695	-62.90564	116000	-0.002441934	2945.4624	0.0	-19.015625	1.3798592	5.066395e-10	88.52079010009766
29	-154.49637	119.13839	17.082006	-483.03003	96.65854	-63.67581	0.08910359	-61.8931	-63.685833	120000	-0.005987023	4685.228	0.0	-52.168457	1.3796724	1.6689301e-09	91.54132795333862
30	-158.89825	106.057045	-32.23056	-486.70123	91.16279	-64.84854	0.020948373	-64.29976	-64.85061	124000	-0.0059891003	3577.2705	0.0	-55.467773	1.3797375	3.5762787e-10	94.60461807250977
31	-200.13406	102.49605	-22.46951	-479.6427	98.85	-66.11877	0.077407815	-63.640408	-66.12472	128000	-0.001332564	4338.803	0.0	-160.17041	1.3790324	7.4505807e-10	97.66412115097046
32	-161.7363	94.764046	21.133875	-448.46182	97.575	-68.25727	0.02394083	-67.670685	-68.259415	132000	-0.0002464927	2741.7043	0.0	-49.572266	1.3793608	-8.9406965e-10	100.70668411254883
33	-175.07968	107.17451	-46.53464	-522.1651	100.82051	-69.55153	0.003981553	-69.37737	-69.55232	136000	-0.003945189	3227.7756	0.0	-51.648438	1.3787978	-1.4901161e-10	103.73741388320923
34	-186.52647	110.752304	5.2294316	-431.30566	102.97369	-70.8243	0.056030393	-69.51827	-70.82944	140000	-0.0010145849	3911.3738	0.0	-86.70801	1.3788774	1.0430813e-09	106.81304621696472
35	-155.76875	92.64582	76.503944	-375.78186	119.333336	-72.47717	0.038997423	-72.186295	-72.48698	144000	-0.0034379724	3054.681	0.0	-33.661865	1.3796375	5.364418e-10	110.72129106521606
36	-187.62321	103.94177	13.084353	-382.2412	99.225	-72.34087	0.06815649	-70.73125	-72.348885	148000	-0.0034695126	3906.7205	0.0	-78.14404	1.3787203	-1.4901161e-10	114.03584694862366
37	-145.68115	79.10982	-12.583037	-355.54266	99.2	-73.87753	0.17536226	-70.58125	-73.89262	152000	-0.004961637	2187.191	0.0	-3.0336914	1.3786304	-2.384186e-10	117.37744212150574
38	-204.88205	114.80368	-61.97532	-481.51434	93.47619	-74.040535	1.7015138	-28.23366	-74.177505	156000	-0.0031443397	4473.292	0.0	-186.06299	1.3776442	8.9406965e-10	120.43714594841003
39	-184.15324	122.21467	12.61509	-528.7367	97.48781	-76.38061	0.09622189	-73.35968	-76.38731	160000	-0.007980769	4260.8687	0.0	-51.995117	1.3779366	-2.9802324e-11	123.49717092514038
40	-156.60623	87.97204	-49.690666	-483.4721	98.875	-77.84763	0.002127119	-77.76848	-77.84863	164000	-0.004408424	2355.9287	0.0	-4.106201	1.3781941	-8.940697e-11	126.54085612297058
41	-159.76752	95.773575	3.4624634	-434.71448	92.5814	-78.30422	0.010662567	-78.07018	-78.306015	168000	-0.0057225754	2784.7922	0.0	-11.042725	1.3776301	1.3113022e-09	129.5569989681244
42	-193.16779	130.11841	-54.691338	-533.17395	98.95	-78.95541	0.03265737	-77.97612	-78.95864	172000	-0.005749153	5248.218	0.0	-60.5791	1.3772833	-6.556511e-10	132.58360195159912
43	-162.22107	90.4059	-17.029005	-427.77087	98.7	-80.48973	0.30271897	-68.56802	-80.50193	176000	-0.0020673745	2423.5996	0.0	-7.362549	1.3772548	1.7881393e-09	135.61841416358948
44	-150.86096	101.3258	-10.213397	-463.75574	90.09091	-81.11428	0.07045923	-79.06085	-81.119774	180000	-0.00010067773	3229.1924	0.0	-3.2285156	1.3775216	-2.0861626e-10	138.63619422912598
45	-153.91443	114.35326	-19.752892	-466.03952	104.13158	-81.45565	0.21913859	-77.22418	-81.47413	184000	-0.009748963	3322.722	0.0	-1.6743164	1.3771098	6.2584876e-10	141.68074822425842
46	-155.79373	95.9002	-10.552477	-460.5461	99.175	-81.4474	0.0025970044	-81.4013	-81.448456	188000	-0.004955527	2582.1216	0.0	-0.24780273	1.3770318	2.0861626e-10	144.72062301635742
47	-164.43867	98.922295	3.1951518	-436.89865	105.83784	-81.547966	0.002644419	-81.39692	-81.54884	192000	-0.008155973	2616.315	0.0	-0.37182617	1.3769087	-9.536744e-10	147.7687530517578
48	-134.41707	85.51359	14.701971	-314.58456	99.6	-81.68355	0.032527458	-80.50559	-81.6859	196000	-0.008516781	2496.976	0.0	-15.693359	1.3771541	-6.556511e-10	150.80236291885376
49	-164.27373	91.09185	-4.605693	-353.43314	103.52631	-80.823875	0.098287985	-78.3696	-80.82944	200000	-0.0070159053	2645.745	0.0	-0.7233887	1.376464	-1.0430813e-09	153.92014503479004
50	-175.61598	104.50548	20.368216	-405.86533	96.70731	-80.890144	0.010327578	-80.66648	-80.89181	204000	-0.008228794	3528.3655	0.0	-35.350098	1.3756037	1.0728836e-09	157.00773000717163
51	-160.95505	99.80302	-49.364185	-437.03845	102.48718	-82.23966	0.07757271	-79.24251	-82.24554	208000	-0.005425257	2763.9092	0.0	-4.1311035	1.3758574	-9.834766e-10	160.06792497634888
52	-196.98659	117.52732	-53.869415	-503.56992	104.1579	-82.75353	0.0025853848	-82.712036	-82.754135	212000	-0.004500847	3958.023	0.0	-76.84009	1.3752017	8.642673e-10	163.10653591156006
53	-173.14832	105.63034	34.57328	-391.78772	97.775	-84.81223	0.01952123	-84.32408	-84.81386	216000	-0.0052458975	2935.264	0.0	-7.0473633	1.3746266	1.0430813e-09	166.12817311286926
54	-199.16214	100.96078	-68.867294	-550.26385	102.68421	-85.56669	0.009477448	-85.2118	-85.56749	220000	-0.0029259948	2559.573	0.0	-32.850098	1.3742062	-1.6093255e-09	169.15548396110535
55	-135.71315	70.39885	-12.156408	-343.73184	96.97561	-86.96961	0.00841013	-86.60924	-86.97032	224000	-0.006644614	1738.5739	0.0	-23.47168	1.3758992	1.7881394e-10	172.19700622558594
56	-138.90933	82.27406	16.318602	-387.23248	95.68293	-85.865906	0.0073516797	-85.56891	-85.866554	228000	-0.0063305236	2118.9956	0.0	-28.627686	1.3751104	-2.9802322e-10	175.24344611167908
57	-130.92786	75.72567	-21.437757	-397.26947	98.05	-84.47084	0.008934453	-84.24631	-84.47172	232000	-0.005590103	1803.8877	0.0	-34.19043	1.3751484	-1.1026859e-09	178.37421917915344
58	-147.46623	90.58002	-6.636955	-428.63556	94.0	-82.929794	0.09579003	-80.888916	-82.9358	236000	-0.0035202813	2153.0996	0.0	-7.3571777	1.3736967	1.1026859e-09	181.40401005744934
59	-131.45853	78.471596	-19.74633	-351.70862	96.07317	-82.2175	0.020205341	-81.46892	-82.219124	240000	-0.009998764	1857.4115	0.0	-32.97583	1.374809	-6.556511e-10	184.43710589408875
60	-122.74972	80.80716	-0.007934096	-401.7065	98.65	-80.70341	0.004371409	-80.55256	-80.70419	244000	-0.006163446	2530.4375	0.0	-65.1499	1.374944	-3.427267e-10	187.4979269504547
61	-163.62274	100.29378	21.586418	-386.0433	101.64103	-78.36135	2.2103221	-38.852524	-78.516815	248000	-0.0032163544	2974.656	0.0	-53.67041	1.3735695	2.5331975e-10	190.5450050830841
62	-146.69832	72.86027	-24.815926	-389.88544	101.10256	-79.56603	0.0013745407	-79.524216	-79.56628	252000	-0.0067144125	1802.9541	0.0	-1.1280518	1.373892	7.1525574e-10	193.6055450439453
63	-141.46231	95.91869	-33.723667	-537.22	103.289474	-79.34408	0.014834017	-78.61135	-79.34481	256000	-0.004281305	2670.9512	0.0	-11.505615	1.3740274	-2.384186e-10	196.6673469543457
64	-144.74997	83.07833	-13.011281	-370.69724	97.675	-78.39589	0.0057284604	-78.31366	-78.39666	260000	-0.006265554	2166.5452	0.0	-1.151123	1.3724405	-2.4139881e-09	199.70462107658386
65	-173.8893	115.96603	67.244446	-377.96994	131.4	-78.001724	0.14773314	-76.55506	-78.04312	264000	-0.003589843	3964.968	0.0	-964.6963	1.3747716	-1.9073487e-09	203.2790012359619
66	-158.45888	85.62746	-26.450624	-331.92175	102.051285	-77.87167	0.8729622	-59.039677	-78.11913	268000	-5.7471574e-05	2240.4497	0.0	-16.9917	1.3724656	-1.9371509e-09	206.3902280330658
67	-157.15678	90.853584	-22.92546	-459.14575	96.70731	-78.71553	1.9810513	-40.68764	-78.8927	272000	-0.0017128234	2337.6492	0.0	-47.796143	1.3716472	-3.874302e-10	209.42232704162598
68	-156.27556	78.222374	-41.078896	-369.75748	98.9	-80.01305	0.3742155	-68.568085	-80.045105	276000	-0.0077385535	1785.1764	0.0	-13.704834	1.3723795	1.013279e-09	212.53021907806396
69	-170.29494	95.70963	37.219795	-351.00912	93.54762	-80.93255	0.3034959	-71.42716	-80.95377	280000	-0.009388897	2465.3193	0.0	-52.249023	1.3709309	3.874302e-10	215.5497109889984
70	-144.94708	89.713394	11.973064	-381.4887	99.925	-83.135895	0.21565907	-78.25086	-83.15774	284000	-0.0047548935	2545.2095	0.0	-6.815918	1.371647	2.9802324e-11	218.60966420173645
71	-146.98703	95.49008	21.03095	-426.57956	105.83784	-82.1226	4.1051817	1.6075506	-82.48184	288000	-0.00305331	2971.4822	0.0	-87.9436	1.3720303	1.8179417e-09	221.68237018585205
72	-138.04642	84.38251	-7.802834	-374.80508	96.21951	-81.49323	3.139784	42.539474	-81.612495	292000	-0.00961036	1899.487	0.0	-29.032837	1.3712803	-8.3446505e-10	224.71258187294006
73	-139.72124	79.58487	-32.283226	-353.9784	100.92308	-80.33511	0.05677387	-78.12197	-80.338806	296000	-0.0073488494	1572.0408	0.0	-9.711792	1.3717029	-1.4603138e-09	227.74745297431946
74	-151.03128	84.812004	9.75352	-349.94577	96.14634	-79.268295	0.03433363	-77.54843	-79.272285	300000	-0.0035372444	1951.2545	0.0	-8.203491	1.3703698	-9.834766e-10	230.79112005233765
75	-144.60875	81.59899	-29.369387	-465.30032	101.46154	-80.15602	0.007102376	-79.874626	-80.15787	304000	-0.008837189	1648.4365	0.0	-4.553589	1.3705099	-1.4901161e-10	233.84614205360413
76	-137.31107	91.13307	30.309818	-523.39154	98.575	-79.43169	0.9209396	-53.05253	-79.499275	308000	-0.0066280253	2564.3064	0.0	-21.829102	1.37031	3.427267e-10	236.88074398040771
77	-164.37997	76.89774	-69.04674	-397.6731	99.025	-78.39825	0.06155358	-76.04749	-78.401665	312000	-0.010654234	1707.6294	0.0	-34.135376	1.3691674	-2.682209e-10	239.93866515159607
78	-155.50388	76.56013	-12.591308	-376.88455	104.60526	-80.284515	0.8045231	-56.032055	-80.33882	316000	-0.002415411	2131.1455	0.0	-1.2441406	1.3702534	4.4703483e-10	242.9793779850006
79	-135.15704	80.95316	32.94316	-390.44574	94.11905	-80.24581	0.06616633	-78.1688	-80.2505	320000	-0.008695444	2098.8647	0.0	-12.899414	1.3696762	-1.4901161e-10	246.01489686965942
80	-134.6282	61.61815	-23.355862	-294.93704	98.45	-78.98044	0.21266861	-73.62162	-78.99494	324000	-0.013999018	1385.0385	0.0	-32.091553	1.3677961	2.0861626e-10	249.06355214118958
81	-148.7162	77.406364	-40.97473	-337.8852	98.625	-76.92164	0.085366614	-73.806465	-76.92675	328000	-0.00498642	1639.3962	0.0	-4.0300293	1.368144	7.1525574e-10	252.10850310325623
82	-156.2157	89.84444	2.0063243	-357.82065	102.17949	-77.46279	0.5419795	-64.03561	-77.5003	332000	-0.0026602563	2652.73	0.0	-21.840576	1.368321	-4.4703484e-11	255.1771399974823
83	-154.85562	93.417305	-11.10883	-399.84967	98.775	-78.793045	0.014299004	-77.999016	-78.79376	336000	-0.006544097	2389.1216	0.0	-6.717041	1.3678687	-1.937151e-10	258.21111726760864
84	-160.67139	99.56381	-17.689234	-389.68402	98.275	-79.821465	0.0057230475	-79.54767	-79.821915	340000	-0.009827402	2569.5273	0.0	-17.199707	1.3670393	1.4305115e-09	261.25125002861023
85	-144.99722	95.78533	9.3663845	-491.83127	101.17949	-81.425125	0.09888281	-79.2129	-81.43488	344000	-0.003570777	2905.7126	0.0	-5.786377	1.3679546	1.8179417e-09	264.30675411224365
86	-152.51265	86.43572	-21.464499	-331.30176	101.17949	-80.79983	0.0082544545	-80.52504	-80.800514	348000	-0.006559247	2021.03	0.0	-0.21008301	1.3674008	-2.9802322e-10	267.35717606544495
87	-147.3452	79.090485	-7.9175434	-354.20712	100.74359	-80.94005	0.034481034	-79.76028	-80.94141	352000	-0.012545589	1760.8889	0.0	-0.48693848	1.3687277	9.685754e-10	270.39862728118896
88	-143.75887	63.637257	-26.619862	-299.76117	102.947365	-80.67499	0.0008566967	-80.63049	-80.67506	356000	-0.014108182	1013.84796	0.0	-16.220032	1.3674046	1.5199184e-09	273.4937858581543
89	-133.87234	76.78808	-26.324057	-396.69955	98.5	-79.02839	0.00012924722	-79.02413	-79.02844	360000	-0.012299757	1705.4628	0.0	-11.083252	1.3672097	1.1026859e-09	276.5986270904541
90	-143.9107	81.99332	-49.79827	-371.29626	103.552635	-77.58251	0.00020278132	-77.57399	-77.58258	364000	-0.0077439193	1951.2677	0.0	-7.29541	1.3675739	1.4901161e-09	279.6697471141815
91	-163.83707	94.95767	-35.173573	-440.0549	106.08108	-76.39395	0.015598712	-75.67893	-76.394745	368000	-0.0073969727	2419.0066	0.0	-84.79614	1.3655944	1.2069941e-09	282.714732170105
92	-133.57146	85.67642	13.313948	-366.89175	103.789474	-80.12682	0.008758467	-79.895744	-80.12764	372000	-0.00747311	2218.6765	0.0	-56.290283	1.3648181	2.9802322e-10	285.74011611938477
93	-144.54628	81.79564	-18.03646	-337.1115	93.42857	-77.2865	0.0019923889	-77.23839	-77.286705	376000	-0.010896174	2107.464	0.0	-15.904297	1.3643227	-2.6524067e-09	288.7676510810852
94	-145.00517	93.32439	-3.7184591	-435.5778	98.725	-78.732285	0.16996522	-73.04429	-78.74003	380000	-0.010016478	2498.2627	0.0	-1.0458984	1.363204	-6.109476e-10	291.8446350097656
95	-173.66325	110.23336	29.495153	-424.06094	110.638885	-79.13362	0.011291191	-78.75072	-79.134735	384000	-0.014056848	3542.9604	0.0	-76.36499	1.3637526	1.7136336e-09	294.920184135437
96	-151.5503	102.888	99.73269	-420.06497	137.48276	-82.65444	0.07286692	-81.685936	-82.67178	388000	-0.010155372	3803.7996	0.0	-142.76807	1.3672416	-5.811453e-10	298.90068793296814
97	-177.44597	109.81948	-46.403996	-499.8461	106.08108	-78.27631	0.0029124767	-78.16973	-78.276695	392000	-0.0029819042	3115.439	0.0	-72.13135	1.3608764	1.0430813e-10	301.9618980884552
98	-180.0803	113.61362	28.40791	-479.90186	142.65384	-81.18977	0.05093096	-80.553505	-81.208534	396000	0.0009059634	4565.8633	0.0	-901.7168	1.3669899	2.682209e-10	305.85412311553955
99	-138.502	88.2948	16.832518	-363.45764	104.8421	-75.56353	4.3471026	-22.026442	-77.21594	400000	-0.0043975865	2393.5322	0.0	-96.25537	1.3624637	-2.5331975e-10	308.92413210868835
100	-139.11281	68.537224	-48.692543	-360.58133	105.78378	-77.857956	0.08862208	-75.82857	-77.88778	404000	-0.016859014	1334.3274	0.0	-11.258545	1.3627962	-2.8312205e-10	312.03172993659973
101	-158.54297	81.532104	-44.41848	-367.7204	103.97369	-76.54711	0.34928602	-65.41609	-76.59825	408000	-0.00531651	1970.7054	0.0	-34.44519	1.3612939	4.4703483e-10	315.10243701934814
102	-125.51424	68.94095	-2.7967463	-298.40997	103.5	-78.41217	3.4624157	10.751173	-78.61921	412000	-0.01779394	1793.775	0.0	-65.41809	1.3608651	1.6689301e-09	318.1489460468292
103	-178.53026	94.43121	-36.31589	-393.0495	105.23684	-76.054344	0.25122157	-69.07523	-76.08481	416000	-0.008077635	2975.2124	0.0	-147.9209	1.3587588	-2.3245812e-09	321.2122759819031
104	-132.96019	72.25844	1.2387986	-321.22205	110.05556	-80.261406	0.18909301	-75.80634	-80.27931	420000	-0.012973475	1683.5264	0.0	-38.8313	1.3608983	-2.9802322e-10	324.2727401256561
105	-161.80072	101.31088	-40.503292	-436.66068	107.02702	-78.27728	0.10815451	-75.174095	-78.29007	424000	-0.010060276	2886.924	0.0	-35.1875	1.3588781	2.384186e-10	327.3333582878113
106	-160.94658	86.29241	-13.446829	-341.28845	103.68421	-80.21156	0.11019827	-77.06466	-80.22523	428000	-0.009773848	2249.7356	0.0	-3.442871	1.3556004	-6.705523e-10	330.39545822143555
107	-157.47726	79.09242	-45.245644	-333.71207	110.361115	-80.860985	0.75136495	-62.38552	-80.91712	432000	-0.012349294	1738.5076	0.0	-14.029053	1.3594413	1.3560056e-09	333.4886951446533
108	-163.08992	77.03464	-57.34523	-351.4477	109.30556	-81.51333	0.005193393	-81.377396	-81.51499	436000	-0.016704462	1412.9075	0.0	-5.947998	1.3567995	-3.874302e-10	336.57993721961975
109	-142.84299	76.74064	-44.82839	-374.56485	114.29412	-82.15437	1.2351784	-56.560654	-82.44932	440000	-0.0042623775	2553.6848	0.0	-198.01831	1.357011	8.493662e-10	339.95656299591064
110	-134.48317	63.717457	-31.691526	-285.4721	101.23077	-80.047775	0.20782931	-74.42709	-80.077324	444000	-0.01602083	1088.4165	0.0	-18.670776	1.3552758	9.834766e-10	343.03976106643677
111	-153.76353	91.47851	25.47705	-359.88025	112.457146	-77.510574	7.996597	55.06966	-78.33943	448000	-0.006821538	2877.2837	0.0	-243.97021	1.3539712	-1.5497208e-09	346.1504909992218
112	-162.84267	84.693306	-39.90467	-403.67868	113.457146	-77.8921	0.67942137	-61.057407	-77.96339	452000	-0.0019726998	1836.5543	0.0	-9.829834	1.3538411	-4.0233136e-10	349.22730803489685
113	-168.28076	97.64486	-32.85288	-472.91638	111.542854	-78.20559	5.7254543	17.020271	-78.80766	456000	-0.011147564	2925.6875	0.0	-215.95288	1.3512115	1.0430813e-09	352.2866129875183
114	-155.1315	77.91668	-4.3365564	-361.64362	107.861115	-80.392	0.077930555	-78.804115	-80.39937	460000	-0.013129738	1594.5237	0.0	-0.2874756	1.3510523	-2.4288893e-09	355.34991693496704
115	-144.27374	116.051155	11.256218	-452.9673	111.0	-80.314	0.21843623	-73.689415	-80.33648	464000	-0.0117657855	3821.3223	0.0	-31.166504	1.3526573	7.8976153e-10	358.42775106430054
116	-168.79512	82.9777	-44.942097	-339.5953	104.52631	-78.08406	0.06874317	-76.809494	-78.09123	468000	-0.0084779905	1888.2567	0.0	-47.26538	1.351095	1.3560056e-09	361.4871151447296
117	-159.53607	73.27865	-64.38803	-324.1348	110.75	-80.747856	0.09426498	-78.02971	-80.75813	472000	-0.008380875	1534.641	0.0	-1.3787842	1.3492212	-1.937151e-10	364.5542550086975
118	-148.41138	81.18675	-21.38207	-339.99405	112.62857	-80.43116	0.067836754	-78.42563	-80.43719	476000	-0.010986742	1974.9056	0.0	-8.712036	1.3519434	-8.046627e-10	367.64418601989746
119	-181.94875	81.61349	-62.426746	-413.38776	114.14286	-79.19563	0.008007388	-78.94905	-79.197525	480000	-0.0123131685	1659.8665	0.0	-40.069214	1.3477387	-2.8312205e-10	370.7305660247803
120	-139.30142	69.741165	11.152355	-293.6913	109.25	-81.76407	0.07987292	-79.414406	-81.77094	484000	-0.0073293103	1582.0017	0.0	-49.108643	1.350861	-3.1292438e-10	373.8161470890045
121	-139.27727	86.31063	-38.203945	-450.50104	113.685715	-78.92525	1.5366552	-31.316833	-79.01689	488000	-0.0039146673	2713.2788	0.0	-37.503906	1.3495559	-2.3692845e-09	376.8962252140045
122	-165.35315	90.29527	-6.394586	-416.4252	104.21622	-76.50028	0.09195767	-74.78068	-76.510086	492000	-0.010190789	2515.1702	0.0	-63.43506	1.3466057	-5.811453e-10	379.96088314056396
123	-137.08868	85.412506	52.223198	-351.7551	106.78378	-79.60881	0.028337102	-78.73309	-79.611244	496000	-0.009466421	2009.9169	0.0	-12.812256	1.3485538	6.4074995e-10	383.0314590930939
124	-133.2746	84.58481	-32.749004	-394.48764	110.611115	-78.313416	0.011072566	-78.088356	-78.314964	500000	-0.0065126573	2080.156	0.0	-40.111084	1.3487484	-1.1622906e-09	386.11905908584595
125	-122.4243	65.92338	-5.16049	-281.72162	102.23077	-75.663826	0.021014895	-75.258286	-75.666565	504000	-0.020691114	1584.6072	0.0	-40.24182	1.3473066	-2.2947788e-09	389.1595849990845
126	-126.07594	56.332523	-26.78016	-263.84378	109.77778	-72.979614	0.0010366326	-72.959274	-72.97998	508000	-0.017548334	973.39417	0.0	-27.872742	1.3468084	-5.960465e-11	392.24698400497437
127	-144.28934	85.61481	-12.503507	-433.13214	108.80556	-70.7179	0.004228072	-70.55001	-70.71835	512000	-0.015193064	1995.3279	0.0	-0.44604492	1.3452203	1.8626451e-09	395.3352279663086
128	-157.63953	88.94545	-36.93448	-388.98187	110.69444	-70.91585	0.0036336246	-70.82945	-70.91648	516000	-0.0039228904	1776.5797	0.0	-71.78088	1.3439231	9.536744e-10	398.4187731742859
129	-119.36843	90.464745	53.710648	-468.0138	131.23334	-74.35954	0.11829889	-72.49086	-74.4048	520000	-0.0065770736	3299.4368	0.0	-768.12134	1.3519474	-2.9802322e-10	402.51798009872437
130	-164.08673	108.474106	-8.148032	-508.78098	105.75676	-61.77996	2.7517312	-18.758453	-69.08243	524000	-0.006378793	3815.9624	0.0	-473.00952	1.3411365	8.9406965e-10	405.5964901447296
131	-135.95592	91.64571	69.40321	-345.6348	139.64285	-67.50551	14.17145	-9.860184	-74.48387	528000	-0.010487785	2626.675	0.0	-517.1636	1.3501124	-2.384186e-10	409.6109561920166
132	-100.097855	66.84135	54.512924	-252.16592	132.96666	-45.404762	38.9558	57.386505	-73.24665	532000	-0.008003658	2080.8596	0.0	-435.21204	1.3513398	1.0430813e-09	413.31864500045776
133	-148.66187	102.643974	18.93769	-414.6001	113.57143	-58.493954	4.7822556	-7.558408	-64.30651	536000	-0.012361748	3607.452	0.0	-352.92334	1.3426365	-4.917383e-10	416.4180009365082
134	-112.84817	67.6425	-21.929022	-335.3778	104.92105	-74.319435	2.1615303	-29.765299	-74.557526	540000	-0.009546409	1505.7412	0.0	-51.19641	1.3438418	2.2500752e-09	419.52393102645874
135	-108.29611	75.739006	82.9807	-253.14641	145.81482	-67.56169	8.735776	-17.727797	-72.02218	544000	-0.017449794	2154.751	0.0	-839.4728	1.3497854	2.9802324e-11	423.6458601951599
136	-162.30934	85.06465	-28.30034	-341.0711	116.35294	-53.945057	4.530425	-3.934273	-66.93648	548000	-0.0019721105	3187.9248	0.0	-730.17847	1.343025	2.2351741e-10	426.7418019771576
137	-151.08089	105.922676	68.423615	-356.61453	151.34616	-60.549976	22.814804	3.1978562	-73.14015	552000	0.0013759921	2839.2053	0.0	-41.51367	1.3480287	1.4156103e-09	430.35665702819824
138	-140.44499	88.39587	1.8860068	-339.40155	111.314285	-73.0547	5.3279934	-8.749092	-73.81007	556000	-0.017794015	2309.3855	0.0	-67.880615	1.3411845	-1.937151e-10	433.46316599845886
139	-121.238785	64.595924	-23.395609	-284.44254	112.08572	-73.83091	0.24280795	-65.98748	-73.902855	560000	-0.0042778007	1586.1415	0.0	-43.086426	1.3418939	-9.0897084e-10	436.5700831413269
140	-124.91955	76.349976	5.9206176	-335.54877	113.28571	-70.98685	3.9304307	-16.62351	-71.523865	564000	-0.00688531	2007.4264	0.0	-54.572388	1.3410523	5.662441e-10	439.67977499961853
141	-142.92474	90.104385	-22.345076	-388.55484	110.388885	-69.491615	0.27078766	-61.408016	-69.542656	568000	-0.025092674	2408.2595	0.0	-4.934082	1.3355911	1.8924475e-09	442.77452206611633
142	-120.43695	73.89454	18.524714	-291.0206	102.38461	-69.757484	2.0900104	-23.314278	-69.9953	572000	-0.01804821	2211.626	0.0	-32.69458	1.3373902	7.4505807e-10	445.8492200374603
143	-160.87752	97.19864	-36.16618	-428.59256	106.75676	-68.03944	2.381722	-1.990435	-68.22057	576000	0.004387926	2729.045	0.0	-187.79688	1.3334762	1.1175871e-09	448.9237530231476
144	-128.9652	75.41083	-26.991844	-307.80243	115.382355	-72.17326	1.1330055	-41.460266	-72.262985	580000	-0.014734741	1544.0035	0.0	-10.5625	1.3381455	2.5331975e-10	452.03089213371277
145	-114.156525	90.29162	43.20009	-375.61203	126.67742	-67.43709	8.521879	-8.1503935	-71.25576	584000	-0.014003695	3337.919	0.0	-430.31934	1.3413112	1.937151e-10	456.00275897979736
146	-122.54488	70.38598	-5.671809	-300.07208	109.0	-68.26001	5.945064	35.997086	-69.516205	588000	-0.01515988	1539.1903	0.0	-157.29443	1.3354986	2.9802322e-10	459.1359989643097
147	-146.25125	98.24299	-28.658583	-512.2407	109.361115	-63.592407	3.0270178	-23.811441	-68.59537	592000	-0.0067704106	2825.635	0.0	-146.8313	1.3318583	-1.6093255e-09	462.2289171218872
148	-121.533066	61.0201	-3.051287	-270.49536	113.74286	-71.05327	0.9049513	-52.188663	-71.415924	596000	-0.029407086	1194.05	0.0	-34.805786	1.3357269	2.1606683e-09	465.34072518348694
149	-132.34909	81.14704	-9.63123	-312.2006	114.73529	-68.149956	3.051648	-25.733238	-69.72411	600000	-0.0063875606	1984.7004	0.0	-36.431885	1.3333342	1.8626451e-09	468.4411039352417
150	-120.2737	73.871216	-29.32782	-303.98334	110.0	-66.67364	1.8578503	-46.73034	-69.53193	604000	-0.024256166	1635.7535	0.0	-58.35254	1.3326272	6.2584876e-10	471.5726809501648
151	-130.5061	62.707615	-36.57385	-305.02725	101.35897	-62.80475	2.5630584	-47.0698	-68.8686	608000	-0.019023495	1303.7938	0.0	-70.6604	1.3283621	8.046627e-10	474.6666069030762
152	-141.88516	92.96064	-11.780909	-434.00256	113.97059	-67.45026	2.4584887	-31.370512	-70.7479	612000	0.001125631	2657.2725	0.0	-85.779785	1.3303745	-2.8014182e-09	477.77159094810486
153	-129.8673	68.511444	-10.200688	-302.4486	122.40625	-67.4775	3.4157956	-33.74392	-72.405945	616000	-0.025118282	1368.582	0.0	-56.42273	1.3302658	7.748604e-10	480.9047591686249
154	-146.75586	87.289345	-44.79682	-399.19052	123.25	-65.95572	2.6703496	-54.194885	-72.91917	620000	-0.012913059	2230.1975	0.0	-56.33203	1.328603	1.937151e-10	484.0365011692047
155	-119.24959	78.90644	-0.18850435	-346.21503	102.710526	-68.532906	2.9825716	-61.76822	-74.15648	624000	-0.026324559	1661.5278	0.0	-27.612305	1.3259039	3.5762787e-10	487.11258602142334
156	-120.754814	92.10261	94.696526	-293.45474	153.12	-62.264492	11.178193	27.760485	-74.15324	628000	-0.01133495	2962.5273	0.0	-623.7927	1.3368677	-1.2367963e-09	491.15718507766724
157	-127.02162	72.01757	-21.846586	-345.2337	110.62857	-54.44631	7.5307684	-8.738417	-72.64154	632000	-0.014121415	1932.0638	0.0	-263.734	1.3252597	3.874302e-10	494.274955034256
158	-105.49541	59.91241	2.6875951	-273.34244	117.588234	-67.73568	4.7189846	-40.62779	-74.609474	636000	-0.027203914	1118.1265	0.0	-286.50262	1.3255744	-1.385808e-09	497.39663314819336
159	-154.55794	99.171455	-23.772753	-442.13705	119.454544	-55.346714	8.549035	-40.426945	-73.5127	640000	-0.01455755	2612.2185	0.0	-562.2405	1.3222661	1.1920929e-09	500.50887989997864
160	-135.63426	81.6461	44.096966	-294.59442	153.34616	-57.09223	23.472795	17.989582	-77.192314	644000	-0.0085855955	1976.0728	0.0	-145.5199	1.331391	1.6391277e-09	504.55490016937256
161	-127.62435	82.489365	16.835754	-327.1596	120.030304	-62.257053	8.933553	-15.224261	-77.63599	648000	-0.016945155	1928.8782	0.0	-109.10962	1.3198552	2.8312205e-10	507.6766080856323
162	-134.58463	89.98832	-7.6030107	-341.74188	114.52941	-61.37702	10.512196	20.698944	-78.352875	652000	-0.009998515	1914.8065	0.0	-125.98059	1.3186044	-1.9222497e-09	510.79070115089417
163	-113.649124	71.170044	-0.40612257	-280.396	118.90909	-63.46172	9.066769	-32.89751	-80.43766	656000	-0.02727753	1108.5809	0.0	-83.13342	1.3217653	-1.7881394e-10	513.9080111980438
164	-121.4731	73.20539	-15.297298	-292.24652	130.0	-60.17437	15.787014	3.7782834	-80.80239	660000	-0.010100178	2361.4973	0.0	-380.11182	1.3231046	-8.642673e-10	517.2283821105957
165	-112.907196	60.27703	-12.3331585	-252.37039	107.67742	-56.02481	15.517718	11.061404	-81.18826	664000	-0.014444278	1499.1204	0.0	-187.15039	1.3223685	1.4156103e-09	520.6211321353912
166	-144.34392	93.15404	-31.558167	-388.0197	116.393936	-56.86633	11.476295	-46.185295	-80.4744	668000	0.0057547083	2246.8464	0.0	-532.8402	1.3104199	6.705523e-10	523.763111114502
167	-118.12193	65.56754	-26.14306	-317.77042	112.44118	-68.35522	10.459965	-40.301613	-83.85155	672000	-0.023227632	1606.1472	0.0	-133.90222	1.3135478	8.940697e-11	526.9299721717834
168	-135.00331	83.50572	19.997658	-394.23117	119.757576	-62.237022	11.909459	-47.798218	-83.5025	676000	-0.01729848	1984.3469	0.0	-84.74695	1.3132892	-8.046627e-10	530.0572528839111
169	-122.52203	87.516045	17.861525	-340.2881	115.52941	-64.18911	12.900102	-49.34581	-85.78918	680000	-0.0151381325	1479.833	0.0	-55.972656	1.3122511	-1.0281801e-09	533.1800761222839
170	-87.35804	52.155865	9.250133	-196.35767	117.21212	-60.322117	11.275234	-49.114048	-86.7855	684000	-0.026514068	1213.9092	0.0	-282.5039	1.3140535	1.4007091e-09	536.3405539989471
171	-127.846756	77.16662	2.2965903	-317.16995	121.21212	-54.855164	12.811623	-31.204092	-84.35884	688000	-0.022062851	1292.4597	0.0	-146.15247	1.3102114	-1.4901162e-11	539.4693629741669
172	-112.574005	66.58014	9.807986	-310.21652	123.96875	-62.62978	13.597347	-41.143093	-85.03633	692000	-0.017545434	1461.4363	0.0	-174.39539	1.310885	-1.0728836e-09	542.6273460388184
173	-118.67719	60.435246	-20.107885	-264.26413	126.451614	-53.387016	11.921789	-44.739376	-84.87424	696000	-0.021846302	910.0465	0.0	-111.36603	1.3126731	-1.937151e-10	545.8026580810547
174	-119.83721	91.22099	-24.680546	-479.18527	116.382355	-58.70882	13.504143	-44.347874	-84.777504	700000	-0.01246298	1905.0009	0.0	-141.39551	1.3044851	1.847744e-09	548.9477770328522
175	-90.77656	67.274704	-0.643589	-291.0515	124.064514	-58.913048	13.616416	-34.11696	-85.431755	704000	-0.012530319	1758.8499	0.0	-254.68042	1.311986	9.0897084e-10	552.1085860729218
176	-143.10338	67.027664	-27.946234	-295.99762	126.58064	-53.542873	15.287408	-39.408592	-82.82558	708000	-0.017419793	1021.4076	0.0	-196.25397	1.3064886	-2.861023e-09	555.242730140686
177	-124.78057	96.952286	-2.8903384	-362.27576	119.969696	-60.83561	15.008436	-40.484726	-83.31872	712000	-0.011918392	2222.124	0.0	-147.95483	1.3024695	-7.748604e-10	558.3772659301758
178	-111.016014	90.10793	18.903646	-431.84665	114.47059	-59.969498	15.642627	-40.34635	-84.590904	716000	-0.020512937	2206.6846	0.0	-118.61304	1.302591	-4.3213366e-10	561.5137469768524
179	-141.18892	74.26355	-19.909212	-325.0868	116.79412	-58.967823	16.326223	-39.542446	-85.03702	720000	-0.0062263585	1466.6808	0.0	-352.00854	1.3012595	-3.218651e-09	564.6455380916595
180	-135.42812	88.33143	-5.9547825	-342.00046	125.70968	-70.9386	13.71692	-43.679523	-86.63107	724000	-0.021096535	1711.6165	0.0	-222.4779	1.3039814	1.2367963e-09	567.806725025177
181	-129.93614	76.14775	-42.82974	-394.5643	118.545456	-60.253433	16.265184	-41.32003	-88.10794	728000	-0.002673292	1320.8491	0.0	-149.95178	1.3022642	-2.8312205e-10	570.9525158405304
182	-121.416016	96.736984	30.919592	-346.15842	130.66667	-71.7582	15.842773	-41.967247	-89.4997	732000	-0.01342272	2590.251	0.0	-426.88892	1.2967174	1.4454127e-09	574.1198930740356
183	-109.51928	64.55957	8.231726	-259.09222	128.96774	-59.096428	17.601805	-39.90243	-89.17453	736000	-0.012296249	1396.051	0.0	-264.34302	1.3044543	6.854534e-10	577.3019721508026
184	-108.20189	64.4824	2.9016745	-325.0515	131.1	-57.412376	20.44776	-34.9249	-89.007675	740000	-0.023011517	1218.5302	0.0	-255.80682	1.3036666	-2.2351741e-10	580.4789750576019
185	-133.62071	88.114136	-17.188936	-368.924	123.21875	-50.611797	17.223808	-34.641727	-89.145805	744000	-0.01590896	1653.6869	0.0	-332.11426	1.2953231	-2.384186e-10	583.6488709449768
186	-129.95	88.64342	2.694828	-409.743	117.382355	-65.66692	19.55966	-37.455967	-91.664375	748000	-0.018459318	1554.5057	0.0	-64.19946	1.2975986	1.3411044e-10	586.7885499000549
187	-115.66187	83.86966	81.646065	-289.51562	153.5	-68.22356	18.578382	-37.72202	-93.14503	752000	0.0024202224	2526.7803	0.0	-1037.3523	1.3052789	1.8775463e-09	590.8463821411133
188	-104.834206	69.13958	73.57192	-265.55258	160.0	-43.882954	24.903112	0.9866288	-92.28944	756000	-0.018149657	1409.547	0.0	-163.74109	1.3129296	8.642673e-10	595.0206470489502
189	-121.791405	97.87926	-11.740242	-502.6142	124.375	-56.013905	19.006474	-29.502893	-93.62754	760000	-0.0007851696	2475.009	0.0	-213.10815	1.2942263	1.6987324e-09	598.1998560428619
190	-111.53614	61.64489	-5.2517414	-245.81108	114.11429	-60.842926	17.37085	-39.560635	-96.045235	764000	-0.027604848	703.7874	0.0	-53.997192	1.2980332	-9.983778e-10	601.3420100212097
191	-114.69995	73.422585	-16.248047	-269.82642	124.53125	-58.182487	17.986097	-37.368732	-95.36934	768000	-0.040408924	1018.8539	0.0	-31.409302	1.2980264	1.1920929e-09	604.5008578300476
192	-90.47235	68.74328	38.59747	-259.18665	127.70968	-55.66202	18.785112	-10.590636	-95.24149	772000	-0.019915503	1449.9001	0.0	-297.40747	1.2953027	1.8626451e-09	607.6602692604065
193	-116.48699	80.02395	3.7474656	-318.1773	128.83871	-51.67122	20.368624	-23.929333	-93.003265	776000	-0.05142676	1447.8351	0.0	-234.37451	1.2913144	2.4586917e-09	610.8269462585449
194	-105.44314	60.048336	-18.337385	-267.45837	121.28125	-51.703377	16.1779	-29.629862	-93.70982	780000	-0.021227267	838.8963	0.0	-176.96344	1.2906026	9.685754e-10	613.9794881343842
195	-95.12036	77.32973	7.3362308	-402.5596	128.16129	-49.734028	17.457129	-29.796427	-94.31083	784000	-0.0047419746	1428.5155	0.0	-184.97339	1.292091	-3.2782554e-10	617.1319172382355
196	-118.83773	83.38752	-17.316961	-292.39975	136.03448	-52.479298	18.249207	-19.77932	-95.39822	788000	-0.023495583	1760.2507	0.0	-196.0365	1.2928947	-4.4703483e-10	620.304573059082
197	-120.27231	72.02123	-27.038029	-301.9366	120.46875	-57.192642	19.170282	-29.905558	-96.61854	792000	-0.021522824	1218.5012	0.0	-317.2635	1.2830442	3.5613774e-09	623.4569261074066
198	-115.82592	81.880104	28.100935	-338.32635	131.13333	-60.98632	18.687868	-30.12553	-97.601295	796000	-0.010225325	1599.8663	0.0	-312.8623	1.2936227	-6.4074995e-10	626.620099067688
199	-103.42228	78.96754	33.10384	-413.3126	118.333336	-52.39115	21.991762	-30.067482	-98.24931	800000	-0.017087605	1137.9576	0.0	-172.02148	1.2881236	-6.556511e-10	629.773187160492
200	-108.814064	58.35711	-18.17169	-240.5215	131.5	-62.179585	26.308228	-21.249416	-99.057434	804000	-0.040261336	1642.7555	0.0	-533.6172	1.2934521	6.2584876e-10	633.0046112537384
201	-98.03121	94.03489	63.59785	-363.06873	130.63333	-41.90975	19.796429	-9.501257	-94.04263	808000	-0.008538372	2417.3425	0.0	-299.46118	1.2887652	1.1771918e-09	636.2045750617981
202	-120.40247	59.799763	0.64824146	-237.81203	131.26666	-45.374485	26.423601	6.2617464	-98.38125	812000	-0.042582493	1164.8636	0.0	-374.80438	1.2892768	-1.1175871e-09	639.3908650875092
203	-103.11612	61.61238	-15.486698	-249.509	128.29033	-54.191788	16.406353	4.8993826	-92.151596	816000	-0.030467313	621.11206	0.0	-133.7958	1.2854444	-5.662441e-10	642.5635678768158
204	-101.15295	71.83626	-9.300229	-269.33203	158.92	-47.14159	25.75521	4.936729	-98.54723	820000	-0.020414503	1328.5863	0.0	-322.21045	1.2951045	1.192093e-10	646.4174501895905
205	-94.640175	56.774624	9.642435	-216.66681	126.3871	-50.75266	26.163721	-10.99111	-99.54245	824000	-0.053006258	942.3392	0.0	-383.21033	1.2829351	-1.7881394e-10	649.6222732067108
206	-122.11512	89.384346	-19.462418	-392.79352	124.75	-49.268246	20.186655	-5.190216	-96.74217	828000	-0.014467443	1997.0009	0.0	-364.1797	1.2770402	2.9802324e-11	652.8399469852448
207	-124.41336	80.3281	-6.0259905	-331.08447	127.870964	-61.711594	24.931421	-14.67407	-101.18068	832000	-0.042877503	968.11957	0.0	-155.7315	1.2812053	-6.556511e-10	656.0142550468445
208	-97.800125	83.16939	51.781128	-289.846	168.82608	-49.70932	26.624062	-13.33942	-103.0459	836000	-0.0045127408	1911.1403	0.0	-520.546	1.2974613	-1.385808e-09	659.9908931255341
209	-87.04191	41.554447	-26.456537	-230.1102	124.53125	-41.965736	21.943407	23.191679	-102.207146	840000	-0.04022346	834.6987	0.0	-258.17633	1.2819878	7.0035455e-10	663.1830050945282
210	-105.22811	70.73167	30.378445	-280.97195	135.24138	-47.23099	20.370306	-5.2736025	-102.56533	844000	-0.039114706	1524.7239	0.0	-429.59973	1.2794112	4.4703483e-10	666.4021141529083
211	-105.69786	58.645927	-33.49087	-209.65585	134.10345	-46.56293	21.607277	-17.929878	-104.7843	848000	-0.044858158	583.23627	0.0	-104.212555	1.2820835	1.0430813e-10	669.5951702594757
212	-89.144226	63.79658	17.85098	-244.39444	136.27586	-47.67286	24.56235	-12.184651	-104.85749	852000	-0.044140223	1105.2059	0.0	-177.8504	1.2796934	-3.5762787e-10	672.8982150554657
213	-94.22075	57.913933	-18.086494	-240.97746	128.87097	-44.533836	24.78479	-14.703816	-105.722	856000	-0.039893873	951.6016	0.0	-149.53735	1.2739722	-6.2584876e-10	676.0829582214355
214	-91.4116	68.220474	-4.561647	-297.84637	141.75	-40.33263	19.3787	-1.8589587	-105.94777	860000	-0.02992394	1204.3407	0.0	-133.90234	1.2764325	4.2915342e-09	679.292140007019
215	-96.02751	94.16812	-5.1764016	-444.40576	122.34375	-46.31882	23.077208	-9.287925	-105.971634	864000	-0.00861508	2447.931	0.0	-542.71936	1.2691	-1.3709068e-09	682.468230009079
216	-90.17814	62.07171	31.242273	-299.6463	130.93333	-48.423656	25.254053	-9.839797	-104.42372	868000	-0.04080359	1289.8916	0.0	-194.44702	1.2664614	9.983778e-10	685.6645929813385
217	-97.19956	71.34483	-14.023628	-277.6721	131.3	-39.68776	19.835619	-13.317783	-102.67377	872000	-0.01361739	968.0634	0.0	-192.01166	1.2733574	-1.6391277e-10	688.8393092155457
218	-103.67274	70.53346	-4.0179076	-304.68552	135.35715	-52.645817	26.409119	-11.758339	-106.43838	876000	-0.02724148	1185.4647	0.0	-211.73975	1.2672005	-1.6391277e-10	692.0881550312042
219	-86.9689	46.830032	-14.36025	-209.26083	135.82759	-47.70168	20.150974	-15.620935	-109.79175	880000	-0.042109907	759.67975	0.0	-155.80676	1.2643758	-2.0861626e-10	695.2893352508545
220	-77.86047	56.689762	1.4894526	-283.55145	131.7	-42.12122	20.74774	-12.497017	-106.645996	884000	-0.014028302	884.54974	0.0	-145.21075	1.2687297	-9.23872e-10	698.5151119232178
221	-89.84764	46.496494	-2.7081945	-193.1552	123.5625	-37.790585	19.743504	1.9268999	-107.774185	888000	-0.03725178	926.4504	0.0	-372.9781	1.2649796	1.385808e-09	701.711837053299
222	-97.4418	76.3579	-3.4003372	-327.59842	129.33333	-49.50242	23.156258	-13.17879	-105.23039	892000	-0.040418647	1105.431	0.0	-153.65698	1.2622883	-1.1771918e-09	704.9176509380341
223	-76.273186	72.87309	48.72986	-248.15315	173.78261	-51.1551	27.893847	-7.2855062	-109.48114	896000	0.0075722574	2229.8516	0.0	-1106.0657	1.2785411	1.758337e-09	709.6391160488129
224	-92.87861	75.87851	10.752589	-339.32474	168.69565	-34.339638	19.88738	-7.0216093	-99.581894	900000	-0.029839534	1259.0151	0.0	-489.37415	1.281926	1.4901161e-10	713.4486470222473
225	-115.77273	117.130806	33.498123	-486.21204	142.57143	-41.75258	25.073483	-6.360935	-105.714836	904000	-0.0042320997	2847.8262	0.0	-804.10693	1.2557633	-7.0035455e-10	716.683511018753
226	-85.029884	75.23297	40.475742	-247.7687	171.82608	-45.06444	24.516888	-0.5803468	-111.98885	908000	-0.0138962595	1548.803	0.0	-483.4718	1.2759295	9.23872e-10	720.6515340805054
227	-77.55162	62.478073	22.77204	-246.72029	166.29167	-35.59034	23.005667	6.755263	-106.61357	912000	-0.021651998	1388.7499	0.0	-395.7182	1.2695873	-7.1525574e-10	724.9557790756226
228	-56.71075	49.06386	5.9271283	-196.47823	124.6129	-29.762707	18.889904	8.970058	-102.88701	916000	-0.023920905	930.1048	0.0	-300.60437	1.2500942	2.7865172e-09	728.1376819610596
229	-78.801956	58.686214	4.855756	-242.0989	146.22223	-35.590855	21.825584	6.547781	-107.7925	920000	-0.054388724	880.23773	0.0	-179.12726	1.2605457	-1.192093e-10	731.4127581119537
230	-76.1501	59.61413	53.42635	-221.02808	138.32143	-36.06807	24.833683	9.730346	-110.72545	924000	-0.03775496	973.2726	0.0	-142.15912	1.2511753	-1.6093255e-09	734.6670150756836
231	-66.615486	54.293095	39.008488	-197.4834	142.88	-36.30992	21.505632	5.871302	-106.4322	928000	-0.034637567	907.612	0.0	-223.23157	1.2568681	6.4074995e-10	738.0679860115051
232	-118.03634	85.68488	-9.374457	-291.67343	139.5	-36.237568	21.739704	-3.390029	-106.13087	932000	-0.022062534	1576.6663	0.0	-652.12616	1.249065	-2.2053719e-09	741.2833180427551
233	-74.985565	80.90877	33.30168	-292.6763	137.17241	-48.48539	27.016035	-14.209351	-115.25173	936000	-0.033351086	1330.2092	0.0	-374.979	1.2447364	1.0430813e-09	744.5155169963837
234	-54.37933	42.473667	48.849377	-162.7959	138.82143	-40.098133	28.065426	-1.4355669	-107.173676	940000	-0.031655956	890.6484	0.0	-369.3352	1.2502146	-8.1956386e-10	747.720281124115
235	-75.86054	65.19834	8.899487	-265.9949	146.48148	-29.408016	23.452198	-1.7097962	-106.57379	944000	-0.030751942	946.05304	0.0	-154.17126	1.2462115	1.8328429e-09	750.9954812526703
236	-75.221725	59.793842	15.590817	-226.57281	173.26086	-35.644875	24.924124	15.670662	-111.32867	948000	-0.04638532	1219.6337	0.0	-436.1814	1.2569182	-1.296401e-09	755.1559290885925
237	-69.34363	62.70319	2.6313384	-221.59192	136.24138	-34.81341	16.975666	-2.4403486	-102.336655	952000	-0.03807793	879.71906	0.0	-152.53845	1.2462466	-8.493662e-10	758.3685750961304
238	-89.26775	62.30971	13.803053	-271.95486	137.48276	-36.689053	23.746595	1.0352218	-107.0775	956000	-0.04355277	1290.5936	0.0	-121.221924	1.2363298	-3.427267e-10	761.6090619564056
239	-97.75638	81.10279	9.445164	-307.92334	160.45833	-39.80401	24.323458	-4.5031176	-110.18537	960000	-0.026819117	1213.8346	0.0	-171.31787	1.2374425	9.387732e-10	764.8980140686035
240	-93.659294	82.27583	57.145817	-249.78069	180.13637	-41.588924	24.776146	-0.86368656	-114.21401	964000	-0.025157299	1882.9843	0.0	-473.6753	1.2529846	1.4901161e-10	768.9713318347931
241	-93.4775	96.6053	14.787549	-484.38153	150.23077	-34.47077	25.107101	12.1970825	-111.322205	968000	-0.0255138	2023.5374	0.0	-534.70886	1.2410467	3.7252904e-10	772.4664390087128
242	-73.438286	52.394848	22.603666	-182.87708	140.03572	-41.85638	27.954088	9.57222	-116.89833	972000	-0.03630031	634.65686	0.0	-267.9711	1.2305163	-4.3213366e-10	775.732470035553
243	-72.084274	60.977386	-1.2359486	-301.526	142.55556	-34.551975	20.805994	-7.795084	-115.873665	976000	-0.032521132	829.39166	0.0	-227.23608	1.2382998	8.046627e-10	778.9984230995178
244	-65.32139	33.483807	-6.043139	-125.72564	173.56522	-35.293365	27.176905	-2.1224089	-119.18409	980000	-0.054285202	955.94275	0.0	-276.67902	1.2480321	-1.0579825e-09	782.8158369064331
245	-65.19346	41.43432	14.675662	-155.2827	147.38461	-27.145544	17.374311	12.379592	-105.41434	984000	-0.059938084	703.9338	0.0	-169.32794	1.2303091	1.9818545e-09	786.1173498630524
246	-76.80887	67.25675	34.468586	-266.03104	172.17392	-34.856335	24.979055	9.0293865	-115.76837	988000	-0.022356171	1922.7242	0.0	-543.04553	1.2302008	-7.748604e-10	790.0098750591278
247	-70.37297	58.639385	17.080675	-220.60175	149.0	-32.82461	24.633001	25.046793	-105.92709	992000	-0.024174176	1136.2656	0.0	-518.32806	1.2239368	-2.5629998e-09	793.2854499816895
248	-68.460106	74.917725	41.284996	-279.47964	188.14285	-35.161274	22.476425	-0.5678797	-114.845795	996000	-0.024590285	1149.0337	0.0	-295.59448	1.2387488	4.1723253e-10	797.5224452018738
249	-66.86129	66.43024	8.781317	-277.24103	156.8	-25.185896	21.576836	1.5449104	-112.42798	1000000	-0.030981204	1372.8778	0.0	-342.01294	1.2287987	1.385808e-09	801.4080810546875
250	-80.01587	56.372242	-7.871012	-246.15923	147.14815	-39.864803	26.445074	-3.6689608	-118.66579	1004000	-0.05161658	975.8223	0.0	-220.40619	1.2154434	-2.220273e-09	804.690553188324
251	-64.994354	64.6483	38.59463	-233.4507	204.47368	-33.61123	24.193491	-0.12247276	-120.30413	1008000	-0.030964687	1062.0719	0.0	-262.49554	1.2435746	-2.9802324e-11	808.899011850357
252	-106.96548	85.79387	16.099638	-300.82098	165.83333	-25.280933	22.417372	2.7541757	-114.253624	1012000	-0.014860165	1881.1748	0.0	-785.9214	1.2199502	-4.0233136e-10	812.2453200817108
253	-58.96242	50.796257	12.578232	-216.62468	210.3158	-40.309494	24.24768	-5.85291	-119.71879	1016000	-0.047227908	965.8648	0.0	-442.6994	1.2444677	1.8030405e-09	816.5370011329651
254	-98.106224	82.90909	24.753855	-277.97214	161.21053	-24.858086	25.731174	1.8255451	-118.01537	1020000	0.0028752442	1301.551	0.0	-462.3794	1.2238097	-1.5944243e-09	821.2643890380859
255	-67.59471	70.18027	40.29765	-237.44612	188.4762	-35.259052	26.472666	18.893745	-120.41743	1024000	-0.0346297	963.01	0.0	-278.36212	1.2292972	-2.2053719e-09	825.3583991527557
256	-49.972363	55.253742	24.309086	-185.7293	194.75	-27.461992	21.35818	26.46508	-115.7623	1028000	-0.039173726	980.83887	0.0	-300.3673	1.2300923	1.3411044e-10	829.4637169837952
257	-81.27111	47.500652	-11.781702	-237.22406	152.5	-27.046934	20.281008	15.636225	-106.188034	1032000	-0.047961622	759.742	0.0	-248.08084	1.2136055	5.364418e-10	832.7091028690338
258	-52.534218	64.54336	29.402975	-187.66362	172.86957	-32.74521	22.196815	2.113334	-122.4003	1036000	-0.051267434	1001.4255	0.0	-180.77289	1.2095995	2.0861626e-09	836.1071181297302
259	-74.76284	59.956127	5.2576756	-214.40866	184.70589	-25.333496	21.156662	5.240552	-108.63182	1040000	-0.04482919	1072.6576	0.0	-218.77448	1.2251878	-1.3411044e-10	840.0856971740723
260	-78.00686	53.923283	7.551129	-173.35625	170.26086	-24.85375	22.78391	4.633971	-114.5184	1044000	-0.03853975	640.2312	0.0	-134.81708	1.2114869	-4.61936e-10	843.4848039150238
261	-61.834614	38.226963	1.9306045	-138.31651	166.04167	-33.493946	23.357964	3.427634	-118.93463	1048000	-0.06418805	592.13025	0.0	-196.81763	1.205195	4.7534705e-09	846.8716659545898
262	-69.54449	69.591225	6.1821694	-248.84589	158.28572	-27.538258	24.435772	3.0292227	-111.10533	1052000	-0.003861036	1102.7637	0.0	-232.89618	1.2175256	-2.7567149e-09	850.474846124649
263	-83.22454	63.25671	55.059566	-231.10786	225.94118	-30.979605	26.14763	2.9551954	-105.145805	1056000	-0.03929942	1109.4062	0.0	-223.02441	1.2213439	1.4305115e-09	854.816192150116
264	-75.95285	53.227703	21.197258	-155.05434	167.95653	-31.27141	21.438137	23.82514	-93.39582	1060000	-0.043089926	624.82513	0.0	-112.95325	1.2002556	2.2947788e-09	858.1457049846649
265	-80.031296	50.64186	-0.43743068	-185.10425	176.40909	-29.88198	20.770336	2.498925	-108.61339	1064000	-0.04882364	1251.951	0.0	-317.07355	1.2005787	0.0	861.5866069793701
266	-61.704468	43.977264	17.414684	-176.30266	164.54167	-32.780586	22.792461	11.698259	-95.52847	1068000	-0.05374255	826.2511	0.0	-288.1803	1.1966664	-1.0877848e-09	864.9130661487579
267	-86.25881	79.25464	34.767326	-290.92422	169.17392	-26.947798	23.913744	13.839752	-115.494156	1072000	-0.004498375	1291.1333	0.0	-365.779	1.1888838	-5.066395e-10	868.2944850921631
268	-78.36812	78.61242	12.579401	-246.51894	167.55556	-46.65183	29.07836	0.8943217	-122.93638	1076000	-0.040260624	1930.2032	0.0	-963.40076	1.2043847	5.5134297e-10	872.7184419631958
269	-59.864124	55.3805	0.022725742	-196.84303	202.21053	-30.936367	30.456715	19.752264	-109.47729	1080000	-0.0014875135	1384.4097	0.0	-676.7195	1.2188439	1.4156103e-09	877.1911640167236
270	-96.08907	67.96875	-1.746033	-251.59541	167.36842	-26.092327	26.972626	16.98026	-117.2937	1084000	-0.04268596	1294.3582	0.0	-305.63483	1.2020348	-4.61936e-10	881.2104132175446
271	-42.233253	45.4269	42.913105	-118.81346	214.88889	-27.120375	21.958015	25.631552	-106.25099	1088000	-0.03190969	785.63116	0.0	-241.58368	1.2083216	-1.4007091e-09	885.4655849933624
272	-70.37595	64.914314	-6.208894	-262.58688	220.27777	-20.723606	19.541334	29.312075	-104.58106	1092000	-0.04114755	1362.8605	0.0	-422.4751	1.2113104	6.4074995e-10	889.7622520923615
273	-65.45432	57.596462	32.26852	-234.55324	170.95653	-24.704098	23.228148	14.890336	-105.703094	1096000	-0.038869027	635.6846	0.0	-149.78812	1.190545	8.940697e-11	893.1796000003815
274	-83.90083	67.32334	7.999172	-257.77545	182.4762	-30.041311	25.07116	13.552483	-114.84733	1100000	-0.038571317	1282.4692	0.0	-283.69916	1.1932971	2.026558e-09	896.895653963089
275	-57.932716	63.407673	30.258718	-232.25824	177.04546	-29.86341	26.994709	24.313168	-121.13198	1104000	-0.0427732	1189.657	0.0	-368.90088	1.1806811	1.7285346e-09	900.3941810131073
276	-89.77838	76.41398	17.247984	-262.09027	241.6875	-32.906796	26.994167	16.014067	-111.4667	1108000	-0.010449868	1508.2573	0.0	-450.87842	1.1958584	4.3213366e-10	905.0361411571503
277	-73.12856	68.1819	13.808496	-260.4636	189.14285	-20.48434	21.81236	16.980667	-112.06	1112000	-0.021775845	1192.5754	0.0	-619.8932	1.1888999	-7.8976153e-10	908.5292029380798
278	-79.320625	72.7242	10.5190935	-263.25797	205.21053	-38.10934	34.333466	17.9331	-118.64407	1116000	-0.03520341	1340.8838	0.0	-339.22577	1.180917	-5.2154064e-10	912.3699531555176
279	-48.52662	71.83431	26.840984	-232.35788	188.57143	-24.0841	31.4717	18.441717	-118.63611	1120000	-0.051992677	691.92114	0.0	-250.9104	1.182631	-2.115965e-09	915.7814180850983
280	-59.38244	74.67113	34.57394	-219.51811	242.2	-32.202938	36.405323	19.6007	-114.88039	1124000	-0.008460223	1356.5873	0.0	-880.8673	1.2142674	1.7434358e-09	919.934210062027
281	-57.134693	80.44243	47.177467	-251.77808	279.64285	-24.92109	26.010065	30.54451	-105.09391	1128000	-0.0013047586	1202.672	0.0	-398.87897	1.2126136	-4.0233136e-10	925.7206621170044
282	-58.96035	56.303444	38.63778	-196.64911	191.85	-19.900831	25.260504	26.154604	-93.93128	1132000	-0.01719792	1089.7806	0.0	-468.0432	1.1806417	-1.6391277e-10	929.2162382602692
283	-74.066246	66.49081	10.076281	-249.84154	218.76471	-27.973866	27.240408	8.137661	-106.63147	1136000	-0.020468859	1261.8284	0.0	-275.94073	1.1902605	1.4454127e-09	933.6704640388489
284	-61.895504	69.371506	42.372757	-229.18916	175.5	-26.799454	19.608694	6.0265446	-101.585434	1140000	-0.022677131	717.63635	0.0	-258.3466	1.1642045	1.0430813e-10	937.1136679649353
285	-77.02511	77.86611	19.259926	-225.35362	219.55556	-25.549606	27.38705	21.856554	-110.546234	1144000	-0.00879891	1097.3877	0.0	-177.97943	1.1908386	4.1723253e-10	941.9896259307861
286	-54.119545	68.86015	33.211548	-217.79716	204.10527	-26.665417	25.43755	22.383532	-125.04579	1148000	-0.022856789	1112.6372	0.0	-261.33215	1.1834854	-1.937151e-10	946.7693178653717
287	-37.027508	57.55538	22.089844	-195.01572	261.25	-20.000664	17.145313	16.6668	-102.87841	1152000	-0.027847813	1094.5226	0.0	-497.06213	1.2093527	7.301569e-10	951.8390338420868
288	-48.64507	75.85339	79.59533	-217.93604	219.55556	-16.464577	26.975082	25.567638	-115.43079	1156000	-0.029255403	1359.4972	0.0	-487.3557	1.1909401	9.536744e-10	956.377347946167
289	-67.08597	81.81356	28.127806	-282.88223	201.52632	-16.872055	26.646078	26.23354	-105.10595	1160000	0.02282692	1763.9594	0.0	-708.8158	1.1726968	2.026558e-09	960.700697183609
290	-94.08477	76.95798	11.066422	-289.10214	221.52942	-25.174212	24.946156	30.774015	-121.77721	1164000	-0.027609555	1124.5455	0.0	-412.38715	1.1830791	-1.4901162e-11	964.6482992172241
291	-55.76406	63.934696	39.156235	-206.29486	225.05882	-36.37296	28.411669	19.14039	-121.66399	1168000	-0.03787677	1161.0718	0.0	-479.1654	1.1915039	-2.592802e-09	969.5645320415497
292	-46.337875	55.608932	77.71766	-164.72598	213.88889	-19.91514	28.71985	28.653978	-120.96071	1172000	-0.056334678	808.8975	0.0	-262.91827	1.1762145	1.0579825e-09	974.0650482177734
293	-82.45388	79.17484	16.323624	-237.42558	235.17647	-20.731329	25.460835	21.14262	-126.46106	1176000	-0.022428805	893.2074	0.0	-308.7569	1.1823431	-6.4074995e-10	978.618889093399
294	-61.26595	74.18343	31.146742	-202.0756	304.84616	-23.279562	26.481604	20.336884	-123.32565	1180000	-0.030945428	1271.2124	0.0	-281.87958	1.1999276	9.387732e-10	983.7759010791779
295	-51.539616	61.133003	8.627634	-266.13748	224.41176	-21.337498	30.010832	24.611862	-124.35633	1184000	0.009355255	1401.8883	0.0	-631.3815	1.1892198	-1.6391277e-09	988.0682199001312
296	-16.087814	40.27585	66.34756	-102.69547	282.85715	-16.437393	18.377172	17.103987	-105.463295	1188000	-0.0440913	899.98346	0.0	-269.81824	1.1954992	-6.2584876e-10	993.5861251354218
297	-49.690956	57.75274	36.75069	-159.31456	248.0625	-14.630518	21.149511	22.561611	-92.101326	1192000	-0.025046326	1369.3119	0.0	-454.8947	1.2006868	-8.642673e-10	997.9679601192474
298	-40.015957	76.27265	40.9904	-282.78662	209.73685	-19.535244	19.36943	24.21225	-115.98327	1196000	-0.02611129	907.291	0.0	-266.7041	1.1776971	4.1723253e-10	1002.1682970523834
299	-52.634808	66.17968	29.051884	-245.10316	173.08696	-20.04228	26.701002	22.61527	-123.969055	1200000	-0.034742493	669.084	0.0	-224.46216	1.154261	-1.5795231e-09	1005.5676622390747
300	-58.22153	69.76778	30.901602	-220.37248	171.52174	-24.925808	28.686562	28.433403	-119.511246	1204000	-0.032753114	1315.8448	0.0	-436.0	1.1564964	2.384186e-10	1009.2208342552185
301	-40.731777	39.977615	14.841427	-130.29787	218.55556	-29.721224	27.057964	23.185293	-117.95612	1208000	-0.0084159905	1008.5603	0.0	-601.1395	1.1883479	1.4901161e-09	1013.690633058548
302	-6.9672904	51.474613	55.79022	-131.53671	389.3	-19.591328	15.614561	21.46936	-112.62824	1212000	-0.018878406	910.1526	0.0	-348.89648	1.2106717	-1.5199184e-09	1020.244707107544
303	-61.724705	81.24206	21.353003	-294.0527	267.0	-10.792449	20.4987	33.5539	-101.37703	1216000	-0.013823772	1144.3223	0.0	-303.53662	1.2004726	-1.2367963e-09	1024.986230134964
304	-26.29311	54.694183	62.09103	-142.5225	217.55556	-12.086214	22.717602	26.87496	-104.77312	1220000	-0.030609958	866.4646	0.0	-162.09479	1.1799971	8.9406965e-10	1029.8566761016846
305	-43.39535	52.86712	22.205767	-183.90602	251.85715	-12.739549	21.086132	31.391727	-105.670715	1224000	-0.04430948	807.60895	0.0	-233.68518	1.1856719	-1.9073487e-09	1034.4488232135773
306	-86.84527	95.750336	29.37995	-280.83102	214.16667	-11.176168	31.538813	33.39093	-119.88707	1228000	0.00026905595	2299.9724	0.0	-986.0631	1.154759	1.5944243e-09	1038.0136761665344
307	-66.906685	81.28243	44.49382	-271.25717	218.5	-26.284567	25.158726	11.7695875	-128.13754	1232000	-0.051367655	1155.392	0.0	-299.5401	1.1768107	3.5762787e-10	1041.7504169940948
308	-48.399902	46.125046	15.848663	-147.7186	285.35715	-29.483889	23.01672	13.202523	-120.580055	1236000	-0.03202328	764.0711	0.0	-300.1072	1.1990645	-4.61936e-10	1047.0562319755554
309	-41.571205	61.48564	29.744291	-210.30914	230.47058	-17.42083	25.982815	27.347214	-128.74376	1240000	-0.004725174	871.575	0.0	-303.85852	1.1712837	-2.5331975e-10	1051.7391262054443
310	-81.15349	68.943794	-2.0239646	-229.81036	238.64285	-18.595133	30.800089	27.278305	-128.05919	1244000	0.0025946957	937.81226	0.0	-270.03162	1.1683503	-4.768372e-10	1056.7013070583344
311	-24.059387	28.713362	33.671112	-87.21276	192.9	-9.276315	22.776402	37.51583	-102.25805	1248000	-0.027941175	947.5894	0.0	-485.72394	1.1693355	3.874302e-10	1061.0229041576385
312	-69.61053	58.497223	19.063648	-174.74786	195.0	-13.221322	25.012962	23.699024	-126.289825	1252000	-0.005671633	843.45715	0.0	-301.07373	1.1836932	-2.0861626e-10	1065.2777230739594
313	-67.23416	73.19709	52.37968	-271.68423	326.41666	-31.50316	25.337288	29.587296	-125.65592	1256000	-0.024008146	1734.3721	0.0	-741.3181	1.1865263	1.4901161e-09	1071.2047188282013
314	-91.43383	80.14975	-10.200253	-242.04907	275.83334	-21.212313	25.447788	31.896496	-120.29814	1260000	-0.026953867	1556.5245	0.0	-426.93933	1.1797074	-5.960465e-11	1076.634064912796
315	-65.47081	82.70649	24.692976	-225.11479	450.75	-21.202612	21.89222	23.323935	-125.258934	1264000	0.006847616	1414.1893	0.0	-545.3717	1.2190421	8.642673e-10	1081.905524969101
316	-13.534312	43.46117	57.443813	-94.53942	168.73914	-4.3926992	25.27011	36.799282	-123.584145	1268000	-0.018079892	652.3028	0.0	-284.18726	1.1461277	-1.8924475e-09	1085.2876732349396
317	-36.311993	50.93321	32.063236	-126.41296	369.0	-25.003628	22.50849	25.397993	-128.17531	1272000	-0.04366276	1192.573	0.0	-462.70697	1.2246716	2.9802324e-11	1091.1551959514618
318	-56.3603	57.284554	33.0522	-149.39503	277.92856	-9.321579	23.5876	34.038204	-120.984085	1276000	-0.00914585	1046.3226	0.0	-395.21497	1.1872195	1.7881394e-10	1096.4862711429596
319	-72.93085	64.19346	63.41093	-202.61427	186.25	-16.547127	24.875135	20.448109	-119.19186	1280000	-0.028306866	1217.3798	0.0	-418.81555	1.1535351	6.4074995e-10	1099.9276480674744
320	-54.813107	62.188602	35.64041	-206.606	241.21428	-22.487902	23.40429	27.083836	-124.07311	1284000	-0.023134409	942.67773	0.0	-229.72015	1.1828902	-6.854534e-10	1104.9974620342255
321	-41.90588	50.980297	15.4449835	-212.87865	182.44444	-23.38219	29.167019	28.704899	-134.94408	1288000	-0.020314721	1146.7465	0.0	-536.3201	1.1573415	-1.4901161e-09	1109.0210609436035
322	-32.13904	63.862415	63.06922	-218.70795	282.64285	-21.609167	19.047657	30.663923	-109.27357	1292000	-0.012544676	963.63104	0.0	-211.85565	1.1848072	1.7881393e-09	1114.6779069900513
323	-42.012703	28.462793	39.74899	-98.70511	225.23529	-18.30623	22.18675	17.71427	-117.15135	1296000	-0.05675899	497.29147	0.0	-127.18826	1.1781657	1.7732382e-09	1119.231784105301
324	-53.071594	92.43071	45.939823	-320.48178	302.07693	-17.992496	23.051739	25.15644	-121.433525	1300000	-0.0356704	1611.5194	0.0	-573.86816	1.1874402	-1.5348196e-09	1124.9742381572723
325	-39.086388	50.228806	26.707172	-151.44592	229.64706	-17.136745	24.893965	27.004814	-109.11145	1304000	-0.029263042	600.4795	0.0	-147.83917	1.1690276	5.066395e-10	1129.0570681095123
326	-19.689383	24.421612	18.044523	-69.46243	284.2857	-15.935049	25.081804	31.183155	-109.356674	1308000	-0.023395337	956.1441	0.0	-370.02588	1.1974468	3.0100347e-09	1134.7810680866241
327	-63.05594	47.21239	-15.056129	-148.33537	481.875	-13.3413105	18.425695	39.712135	-125.91479	1312000	-0.014953484	855.0216	0.0	-419.55338	1.2151932	1.5646219e-09	1141.6074640750885
328	-22.052298	31.847898	21.74342	-82.68426	278.2857	-6.8974347	15.5730095	27.095013	-113.382095	1316000	-0.013674629	643.2952	0.0	-259.95297	1.1924249	7.599592e-10	1147.763559103012
329	-47.80952	54.353382	46.5128	-185.05222	263.26666	-6.5948186	23.84977	36.169384	-119.2342	1320000	-0.0018829189	850.06433	0.0	-273.88867	1.1730276	5.9604643e-10	1152.0747289657593
330	-55.44458	61.281864	28.385872	-205.81464	204.42105	-23.844387	26.611647	17.196	-120.22539	1324000	-0.07461705	820.2218	0.0	-265.114	1.1537154	6.4074995e-10	1155.7595798969269
331	-16.407658	28.118528	27.253777	-53.064754	272.0	-24.302225	26.001368	24.61546	-118.326096	1328000	-0.039684553	691.1732	0.0	-372.59216	1.1698772	-1.3411044e-10	1160.7072432041168
332	-50.756363	66.02158	39.139664	-188.19951	241.8125	-11.996567	21.663528	31.45675	-96.44301	1332000	-0.0139541915	1042.3336	0.0	-445.09125	1.166144	1.296401e-09	1165.7553169727325
333	-42.86576	70.49431	32.794865	-197.5783	284.14285	-19.795254	24.370607	28.936344	-119.60506	1336000	-0.030997755	1102.1267	0.0	-510.15155	1.1865225	-2.2351741e-10	1170.6704621315002
334	-34.494633	69.304535	24.939705	-273.01773	266.53333	-10.823896	21.23442	34.55916	-108.20486	1340000	-0.036673736	1320.6707	0.0	-434.40564	1.1781675	8.1956386e-10	1175.2562801837921
335	-47.623497	64.85487	44.88108	-197.80316	322.54544	-15.659129	22.770926	31.323006	-102.97899	1344000	0.00014677763	1115.8687	0.0	-507.22308	1.1916845	-4.3213366e-10	1180.8574621677399
336	-44.475285	62.005314	28.949467	-228.81166	230.11765	-11.518309	28.390678	33.28122	-113.3448	1348000	-0.017391369	1087.6346	0.0	-292.20618	1.1639297	4.0233136e-10	1185.3472111225128
337	-56.947334	66.53624	12.623241	-244.5075	307.15384	-20.705254	20.164	24.820095	-114.42173	1352000	-0.0011806741	728.02374	0.0	-230.65146	1.1716003	1.1324882e-09	1191.3328201770782
338	-13.506666	24.444216	21.1799	-58.31098	303.23077	-13.260947	18.975859	33.17814	-114.08208	1356000	-0.039114166	451.61902	0.0	-115.48645	1.1989886	-1.6391277e-10	1196.4340500831604
339	-16.747496	45.292545	60.721767	-91.39766	317.16666	-4.8422356	19.26836	30.819246	-116.68787	1360000	-0.039867193	499.61475	0.0	-135.41766	1.1935505	3.1292438e-10	1201.880910873413
340	-22.370144	25.475098	16.529543	-57.605	292.6154	-11.850446	23.985363	38.699726	-108.59764	1364000	-0.048632752	619.8958	0.0	-273.43112	1.1677312	1.4901162e-11	1207.6582679748535
341	-55.808292	40.752007	-4.7086854	-160.85486	331.33334	-9.997784	23.851402	32.764694	-110.75496	1368000	-0.047490343	489.1936	0.0	-124.98215	1.1802729	-1.9073487e-09	1213.1352269649506
342	-36.659256	68.24106	64.82929	-205.4028	250.5	-12.264937	19.450771	29.847458	-114.73793	1372000	-0.03314083	920.45465	0.0	-242.73901	1.1795986	-1.1622906e-09	1218.4587590694427
343	-47.593735	64.06916	43.851727	-229.5137	240.375	-6.259852	23.477362	32.10817	-119.98663	1376000	-0.030470999	999.7349	0.0	-414.35114	1.1543722	-2.1904707e-09	1222.532653093338
344	-39.46091	66.44634	42.13231	-180.79169	389.8	-19.965519	20.729242	26.947636	-115.70579	1380000	-0.049015705	851.7766	0.0	-321.68732	1.1881958	1.2218953e-09	1228.6543371677399
345	-35.457092	43.4272	11.174258	-128.61113	355.27274	-9.859752	19.681814	39.918495	-107.61579	1384000	-0.002397356	791.9536	0.0	-278.35406	1.1740147	2.8312205e-10	1234.5721740722656
346	-49.408012	46.655132	14.6168995	-188.01372	253.6	-9.837449	20.436174	24.295223	-96.06483	1388000	-0.035572182	886.82294	0.0	-334.83398	1.1541902	5.364418e-10	1239.2994692325592
347	-39.247097	60.741844	27.10464	-193.18414	270.07693	-18.651516	25.231474	17.444717	-135.23933	1392000	-0.051867243	800.89624	0.0	-415.11743	1.1761879	-1.4603138e-09	1244.0830631256104
348	-24.372166	65.18859	53.19944	-187.25362	358.0	-15.811467	25.174406	35.444576	-136.29994	1396000	-0.030750237	1113.297	0.0	-568.1717	1.17689	-4.4703484e-11	1249.832633972168
349	-41.993618	34.9073	0.018709948	-124.511536	331.75	-13.356663	24.970566	36.758244	-84.8947	1400000	-0.012399666	596.26666	0.0	-221.09058	1.1716607	-9.536744e-10	1255.4152011871338
350	-73.38502	66.383766	27.315699	-232.55048	279.08334	-19.81864	23.140661	37.694313	-107.83851	1404000	0.016757153	1081.4615	0.0	-531.3704	1.1545514	-1.5348196e-09	1260.158024072647
351	-29.403706	38.05824	16.332783	-122.58919	249.46666	-24.99358	21.296345	32.106155	-109.69667	1408000	-0.08077616	1001.3465	0.0	-589.208	1.1569489	-3.5762787e-10	1265.0215120315552
352	-57.65469	62.707493	34.329784	-201.93391	229.64706	-18.536442	29.833225	26.940973	-117.89184	1412000	-0.027951928	848.9028	0.0	-327.7447	1.138069	7.301569e-10	1269.5018162727356
353	-33.467262	57.407185	68.64	-135.88675	232.64285	-20.674753	25.841694	26.551493	-112.40432	1416000	-0.024342414	897.71436	0.0	-335.94025	1.1491767	1.192093e-10	1274.771378993988
354	-47.17547	77.23411	38.949272	-205.64532	391.0	-6.142238	23.618692	63.105347	-113.173096	1420000	-0.026010165	1318.6515	0.0	-615.80676	1.1594895	-1.6391277e-10	1281.06325507164
355	-24.629044	53.428776	48.604797	-140.9239	496.0	-11.563553	19.584806	33.442333	-117.54244	1424000	0.0026998743	653.1986	0.0	-165.17108	1.1867491	-4.1723253e-10	1287.865257024765
356	-41.458088	96.78501	56.64011	-323.49796	295.6154	-7.0264406	26.453693	42.66546	-124.12545	1428000	0.008602743	1276.5481	0.0	-517.64	1.1514741	1.7136336e-09	1292.362174987793
357	-51.224457	92.99166	24.049473	-291.27173	427.33334	-21.01216	22.303173	26.52458	-118.0925	1432000	-0.021307657	1185.4696	0.0	-437.9419	1.1658232	-1.7434358e-09	1298.6495082378387
358	-14.438995	36.92257	21.664236	-96.61902	339.54544	-14.252445	26.373732	38.79715	-111.33335	1436000	-0.017772537	785.4695	0.0	-347.53925	1.1602718	1.9669533e-09	1304.9834928512573
359	-58.55387	74.42122	31.34644	-223.70053	472.75	-9.873846	21.835478	36.572918	-124.236885	1440000	0.006943627	1005.69714	0.0	-426.42938	1.1783345	-1.192093e-10	1311.768814086914
360	-35.886227	45.540085	26.77334	-133.69858	565.8571	-11.351451	16.859758	32.15212	-108.43648	1444000	-0.038535003	966.0907	0.0	-522.2599	1.1874548	-9.0897084e-10	1318.2734060287476
361	-36.406155	83.2323	36.515743	-217.21924	530.8571	-4.904084	19.537622	37.395233	-99.5144	1448000	0.019622883	940.4242	0.0	-390.9176	1.1849728	-1.3709068e-09	1325.3233978748322
362	-35.248703	48.84621	27.037859	-109.04248	360.18182	-7.9388924	19.429188	46.066452	-107.65914	1452000	-0.018288195	743.13855	0.0	-231.85287	1.1801319	-3.8444994e-09	1331.3675310611725
363	-65.04436	74.97603	41.94729	-220.61484	479.25	-9.708306	19.001337	50.721317	-102.5075	1456000	-0.03463937	876.1512	0.0	-287.2752	1.17661	2.384186e-10	1337.7763860225677
364	-5.7073607	32.44395	40.678703	-45.566036	509.42856	-15.488762	21.925531	60.967583	-103.58813	1460000	-0.022664374	768.3619	0.0	-359.49167	1.1943985	1.5646219e-09	1345.364021062851
365	-49.06528	73.984886	45.950455	-185.21642	373.1111	-5.3930926	22.67449	40.878853	-101.68359	1464000	0.023596833	1124.7201	0.0	-353.14703	1.1724463	1.3113022e-09	1350.6200540065765
366	-30.492	55.872765	59.74305	-136.96606	499.125	-19.519863	15.897892	26.457756	-86.721794	1468000	-0.035659313	682.80145	0.0	-255.69318	1.1948041	4.1425228e-09	1356.8657400608063
367	-43.43543	54.23433	10.039059	-163.30583	249.06667	1.2424581	22.150839	35.892433	-100.67161	1472000	-0.0012258668	1354.5964	0.0	-807.00806	1.1461358	-1.4305115e-09	1361.408664226532
368	-61.73879	78.35045	46.487595	-293.21686	323.16666	-29.496363	32.525414	33.462334	-136.15639	1476000	-0.03990548	1146.7936	0.0	-571.1495	1.1474345	2.1606683e-09	1366.6054050922394
369	-41.66431	60.925774	10.502129	-200.20476	361.0	-17.582289	20.25036	33.171524	-109.723526	1480000	-0.014399616	842.1529	0.0	-303.97516	1.1693763	-1.1771918e-09	1372.5205919742584
370	-24.164982	36.939556	22.66258	-105.74976	389.875	-20.816347	22.42965	34.271526	-123.09517	1484000	-0.012194945	936.0615	0.0	-465.96356	1.1970376	5.5134297e-10	1378.9629080295563
371	-15.716587	30.020609	45.150646	-65.27626	299.76923	-3.273832	22.486286	32.447514	-101.60985	1488000	-0.032072075	632.7488	0.0	-179.39297	1.1654544	2.2351743e-09	1385.0425531864166
372	-12.307677	38.414204	57.583477	-73.28876	302.69232	-6.3672285	18.29529	38.045616	-102.14607	1492000	-0.03440297	468.34555	0.0	-118.6131	1.1761394	2.7418137e-09	1390.8473670482635
373	-25.740265	33.45953	17.084845	-127.98422	254.93333	-5.9823117	23.442265	33.86586	-122.10099	1496000	-0.05393197	522.67145	0.0	-144.32138	1.1491019	-3.5762787e-10	1395.3966670036316
374	-45.17367	47.15863	18.31975	-122.06646	550.2857	-17.190737	22.194712	33.677467	-108.47263	1500000	-0.018112473	602.7205	0.0	-237.55988	1.2058401	-1.6391277e-10	1401.9974720478058
375	-39.922626	52.26625	49.16624	-167.1736	332.25	-11.48496	21.110039	31.806957	-119.495026	1504000	-0.0023525972	541.4321	0.0	-163.13092	1.1764269	-1.475215e-09	1407.784581899643
376	-35.0871	67.631676	65.59837	-152.2837	630.6667	-10.202143	16.897722	28.197824	-102.7659	1508000	-0.023613082	600.17834	0.0	-254.85748	1.2077353	8.9406965e-10	1414.3138608932495
377	-29.396376	29.479921	2.9553213	-99.72439	380.625	-12.180378	29.22908	39.2715	-107.00078	1512000	-0.013640621	648.1111	0.0	-314.4585	1.1984873	3.874302e-10	1420.1834361553192
378	-32.304462	48.355095	19.724567	-149.03563	228.85715	-5.7311735	25.8643	40.364655	-113.52243	1516000	-0.0037044173	939.38684	0.0	-425.3236	1.1566322	2.7120113e-09	1425.1175088882446
379	-1.3321383	16.000708	22.283495	-25.082918	481.25	-14.3604355	19.090984	27.854559	-114.33418	1520000	-0.05286076	426.79434	0.0	-214.96245	1.2033273	-1.385808e-09	1432.0036170482635
380	-13.503659	27.603662	20.400639	-57.55769	353.66666	-5.3917694	22.141603	34.61452	-116.71625	1524000	-0.031470522	518.2023	0.0	-168.96045	1.1956536	-1.6391277e-10	1438.3606910705566
381	-42.607655	39.876392	28.082592	-143.78418	273.35715	-1.0292011	22.531078	39.489346	-103.35771	1528000	-0.04344101	941.3645	0.0	-423.09424	1.1606054	1.1771918e-09	1443.4856882095337
382	-1.7667983	46.2688	79.01206	-58.912952	438.2857	-14.269993	18.04888	36.152336	-94.87247	1532000	-0.049066104	900.3583	0.0	-443.847	1.1938908	-1.937151e-10	1449.947429895401
383	-13.91759	36.362995	26.883324	-120.30944	313.08334	-2.355452	22.159275	45.85645	-79.60773	1536000	-0.039102234	524.0367	0.0	-196.74164	1.1693277	-2.5331975e-10	1455.0707910060883
384	-7.5200763	46.49667	75.30085	-110.464294	298.0	-5.3907933	23.588928	49.685905	-99.81665	1540000	-0.03464787	589.73755	0.0	-127.90521	1.162561	7.4505804e-11	1460.6328411102295
385	-36.27452	65.20472	29.231514	-227.96402	300.5	-9.260635	26.685371	46.756912	-99.00015	1544000	-0.035956863	1090.6235	0.0	-376.71313	1.1497312	-4.61936e-10	1465.3943309783936
386	-6.3006353	47.52089	63.0858	-129.70953	306.46155	-11.947847	28.583067	49.041718	-112.91631	1548000	-0.017302152	875.5403	0.0	-428.21042	1.1651748	-4.4703484e-11	1470.4562692642212
387	-17.416855	56.093536	53.44346	-113.34876	557.2857	-16.243591	24.06131	32.170574	-107.02653	1552000	-0.023711579	772.10223	0.0	-308.12125	1.1957941	1.6689301e-09	1477.19837808609
388	-14.212649	32.917366	45.303883	-76.213165	348.2	-2.80119	23.567038	34.41331	-83.59351	1556000	-0.027731044	461.35233	0.0	-158.89786	1.174458	-1.8179417e-09	1482.6699888706207
389	-38.86774	71.184845	65.34397	-177.29718	354.18182	-5.1361737	21.5973	40.904633	-98.96483	1560000	-0.006919426	817.06744	0.0	-381.51453	1.1677321	7.599592e-10	1488.1192650794983
390	-46.977406	86.471176	59.314156	-220.78221	291.08334	-13.508073	28.44264	47.580173	-133.23982	1564000	-0.03981793	1013.3278	0.0	-399.9922	1.1528785	1.7732382e-09	1492.5996181964874
391	-33.18522	51.013424	48.29069	-152.2815	256.26666	-16.10664	35.134132	31.26706	-130.09464	1568000	-0.058493614	695.3915	0.0	-328.49066	1.1389852	-7.4505804e-11	1497.016741991043
392	-41.86091	78.74844	38.639027	-222.46954	306.83334	-16.741123	26.395805	26.672953	-112.37707	1572000	-0.04895392	887.8821	0.0	-414.58737	1.1539698	-1.1771918e-09	1501.2243678569794
393	-28.071651	57.404484	52.81155	-130.18839	378.22223	-27.896646	37.442287	33.80525	-119.11471	1576000	-0.027908714	1175.967	0.0	-605.5527	1.1722941	-2.9802324e-11	1507.475221157074
394	-7.9063754	34.079205	48.50474	-61.967896	358.33334	-13.844822	27.548565	43.60637	-91.3472	1580000	0.014247655	703.612	0.0	-321.92245	1.1795347	-1.4901161e-09	1513.6244659423828
395	-36.672256	66.48939	30.904253	-209.149	355.66666	-7.49352	18.947231	33.31975	-88.13991	1584000	-0.02390779	675.78815	0.0	-197.8216	1.1808051	1.1026859e-09	1519.0945370197296
396	-15.632104	63.828423	41.910065	-200.20053	352.45456	-3.2289438	23.860218	36.097927	-118.72788	1588000	0.0145627875	739.8035	0.0	-194.732	1.1688452	-7.748604e-10	1524.832916021347
397	-38.598057	64.907974	45.204235	-140.51126	337.36365	-4.2881093	23.65095	41.14551	-137.20361	1592000	-0.013571642	903.286	0.0	-330.12415	1.150062	-2.3841857e-09	1530.1813290119171
398	-50.446503	64.112854	32.48065	-162.59581	399.625	-18.972118	24.394594	39.724266	-119.40091	1596000	0.0034302177	782.84393	0.0	-332.71487	1.1837362	1.7881394e-10	1536.5528478622437
399	-14.291527	35.53813	44.856422	-76.447105	282.85715	-11.114765	28.485394	37.442013	-106.396996	1600000	-0.057814457	648.87445	0.0	-222.13388	1.1416533	1.0877848e-09	1541.4657711982727
400	-17.715961	36.227573	47.830208	-63.925083	357.1	-14.95528	24.979086	41.545883	-116.21735	1604000	-0.025954869	948.906	0.0	-355.20624	1.1661084	1.847744e-09	1547.0043458938599
401	-26.413181	33.936646	22.174236	-95.44794	408.55554	-11.608916	20.05539	31.578644	-99.97277	1608000	-0.025768613	423.74103	0.0	-133.30524	1.1724305	-6.854534e-10	1552.8869709968567
402	-33.948135	88.86671	53.224754	-168.66331	801.75	-9.864833	18.657087	43.923058	-99.097824	1612000	-0.005235853	809.7075	0.0	-318.90503	1.2077371	-2.8312205e-10	1559.4196271896362
403	-50.23699	74.489525	51.518177	-183.62053	442.66666	-1.0157478	26.051073	49.150887	-104.863396	1616000	0.0035761495	1148.187	0.0	-654.3684	1.159044	1.6391277e-09	1565.0032351016998
404	-10.891153	30.4083	19.023108	-56.31534	367.4	-12.964217	30.119184	45.411194	-114.19167	1620000	0.004202163	696.66345	0.0	-299.72205	1.1705883	-5.364418e-10	1570.4999392032623
405	-18.068096	59.072083	51.013966	-159.60591	300.45456	-6.621921	24.805866	44.43072	-90.624405	1624000	-0.025976807	703.1778	0.0	-342.72983	1.15917	1.4901161e-09	1575.5280861854553
406	-40.532276	75.25741	58.351307	-184.37357	340.36365	-6.497667	29.365147	48.17207	-112.40719	1628000	-0.025014052	1146.5682	0.0	-512.4166	1.1537732	2.5331975e-10	1581.143853187561
407	-18.272802	53.24446	52.207848	-179.40945	273.07144	-11.478648	33.819393	45.829536	-114.0412	1632000	-0.036795404	508.17087	0.0	-222.43036	1.1349735	1.3411044e-10	1585.8809559345245
408	-62.15785	80.62091	25.302153	-267.9901	325.0	-18.658539	29.892254	41.37241	-105.18954	1636000	0.018221859	1162.3344	0.0	-478.58484	1.1403761	5.811453e-10	1590.6820859909058
409	-35.092354	66.98467	51.31147	-226.39139	282.14285	-12.402611	28.568876	42.989502	-121.186035	1640000	-0.030831384	758.3039	0.0	-222.9928	1.1403826	1.937151e-10	1595.441603899002
410	-46.558117	67.45155	24.556152	-211.55434	325.58334	-13.970994	28.074326	43.316265	-126.89011	1644000	-0.032679394	692.03937	0.0	-174.42432	1.1560708	-1.6391277e-10	1600.5209031105042
411	-29.925476	98.03639	39.421974	-301.79907	422.8889	-22.772675	28.022635	37.905567	-119.64681	1648000	-0.02019752	750.76154	0.0	-292.06058	1.1759758	-1.937151e-10	1606.463593006134
412	-12.92468	20.783928	26.014748	-45.629623	333.0	-11.480555	27.844336	43.168713	-110.14195	1652000	-0.024777362	581.5725	0.0	-287.79993	1.1612104	-6.556511e-10	1612.349130153656
413	-3.1941175	33.46247	36.73998	-62.976715	398.1111	-2.6571143	20.886845	46.21673	-103.50836	1656000	-0.03443158	417.72043	0.0	-108.62311	1.1756779	2.8312205e-10	1618.321734905243
414	-12.82967	46.309986	61.579407	-82.02117	489.375	-5.774254	21.139246	44.475204	-88.412186	1660000	-0.016694294	739.27704	0.0	-235.04126	1.1851647	-8.791685e-10	1624.9085803031921
415	-27.142143	75.07191	43.03681	-211.49693	398.8889	-7.2472177	23.256285	46.504932	-114.384995	1664000	0.0051766206	871.6062	0.0	-332.88824	1.1665289	-1.3262034e-09	1630.7572302818298
416	-15.798045	53.722233	38.973263	-158.88873	406.44446	-7.205352	21.570982	38.677223	-103.32207	1668000	-0.029524261	564.97144	0.0	-266.77692	1.183885	-5.811453e-10	1635.9479520320892
417	-9.398718	26.962568	52.983025	-46.565517	494.875	-5.4794436	22.205198	44.46912	-104.90911	1672000	-0.013539866	452.9468	0.0	-93.77658	1.2047226	1.2665987e-09	1642.432237148285
418	-3.277708	45.71372	63.756325	-95.55091	480.0	-4.6602592	19.886038	38.836716	-98.654274	1676000	-0.024616428	536.0466	0.0	-196.86792	1.2050928	2.682209e-10	1648.3957741260529
419	-2.9447832	42.391117	40.82295	-81.31927	384.125	-4.7659435	17.534721	38.794636	-90.927216	1680000	-0.036862504	520.2488	0.0	-251.0568	1.198157	-1.7881394e-10	1655.6030271053314
420	-20.718622	49.177032	51.964558	-122.02638	330.91666	-1.801756	29.22955	47.61837	-103.505554	1684000	-0.024303641	926.6707	0.0	-404.6701	1.1751254	-1.3411046e-09	1661.3269221782684
421	0.083971195	41.621105	55.43233	-91.8462	545.8571	-15.400274	22.978674	41.933807	-109.58814	1688000	-0.0348452	572.5452	0.0	-318.0888	1.2103666	1.3411044e-10	1667.6961460113525
422	-22.098375	65.40956	54.287495	-184.90942	381.9	-5.7483807	22.928732	49.326492	-97.744644	1692000	-0.014893805	920.071	0.0	-376.37952	1.1712353	-2.026558e-09	1672.9838531017303
423	-10.274018	51.618507	58.067745	-131.92271	326.45456	-4.774862	24.612219	47.532436	-90.612366	1696000	-0.033306096	776.8364	0.0	-423.76337	1.183942	3.874302e-10	1678.1983711719513
424	0.90811014	42.120712	80.23057	-68.01091	322.83334	-3.0679722	24.846233	43.322514	-100.63037	1700000	-0.011826481	567.1731	0.0	-189.40826	1.1762204	-3.0994416e-09	1683.30535197258
425	2.94044	36.293827	61.937702	-50.169983	432.33334	-17.385656	26.518654	43.635178	-110.57935	1704000	-0.06406376	704.29724	0.0	-444.602	1.181912	-5.960465e-11	1689.2486929893494
426	-59.72862	125.18499	52.49281	-344.79337	351.6	-5.4554224	24.99527	45.365917	-96.694916	1708000	0.0024512338	1475.3337	0.0	-428.4829	1.15748	-7.0035455e-10	1695.0654401779175
427	-20.106153	43.70045	42.18032	-84.983215	467.125	-15.028244	21.736414	54.956944	-112.37979	1712000	-0.056494627	724.498	0.0	-373.52417	1.1919892	8.1956386e-10	1701.6352279186249
428	2.0787091	26.034489	42.06649	-43.288357	306.46155	-1.6171423	25.818308	47.286903	-86.65796	1716000	0.008926428	575.5932	0.0	-330.36334	1.1666186	-1.6391277e-10	1706.469675064087
429	-1.7065607	56.730465	70.37746	-88.11885	609.3333	-7.9480066	22.980078	39.994087	-91.09627	1720000	-0.047161087	668.19025	0.0	-302.1634	1.2024486	1.3262034e-09	1713.1671221256256
430	-26.363333	37.663204	34.354107	-89.04868	446.85715	-3.276737	21.038668	47.398373	-98.61991	1724000	-0.018264217	608.7186	0.0	-307.42242	1.2156873	-1.2814999e-09	1719.928248167038
431	0.32177737	26.548025	43.895325	-45.678787	326.16666	-0.5474244	22.179623	48.45656	-91.29345	1728000	-0.03880615	320.44388	0.0	-117.82271	1.1638839	5.066395e-10	1725.3564131259918
432	-23.230715	63.52731	49.367256	-214.85611	294.66666	-5.921752	22.873323	58.64889	-116.97858	1732000	-0.031944025	914.18524	0.0	-408.3887	1.1547486	-2.4884939e-09	1730.1318678855896
433	-3.673789	30.730085	62.727177	-33.805664	373.0	-8.266912	22.365627	43.95657	-108.36752	1736000	-0.0070390836	612.09564	0.0	-319.1034	1.1866192	-5.2154064e-10	1736.1269798278809
434	-21.91196	45.220444	45.758274	-99.57232	500.0	-8.33007	17.291971	35.994286	-104.06656	1740000	-0.032284066	548.4471	0.0	-182.10779	1.2200152	2.4288893e-09	1743.4383702278137
435	-19.453781	47.600674	37.882557	-113.26436	397.75	-1.2632207	22.939102	50.382523	-81.62428	1744000	0.0118143195	789.00836	0.0	-352.9332	1.1917044	8.9406965e-10	1749.617525100708
436	11.167557	54.341827	85.48855	-124.432396	354.55554	-8.447534	23.054876	49.601925	-93.32384	1748000	-0.014916189	635.32336	0.0	-230.29181	1.1702329	-1.1026859e-09	1755.4402902126312
437	6.5822296	23.665865	58.075886	-33.974133	295.6154	1.9251299	21.038073	45.788376	-89.77254	1752000	-0.009693835	370.71	0.0	-96.36734	1.1735493	8.046627e-10	1761.061469078064
438	-3.2979748	30.370993	50.64274	-55.93562	230.125	-0.4267687	21.962997	46.81158	-94.16777	1756000	-0.03741131	499.5681	0.0	-174.87701	1.1350591	8.1956386e-10	1765.5072259902954
439	-0.26178417	15.856024	17.179152	-40.791546	336.3	-7.462604	22.494858	48.492477	-100.86196	1760000	-0.054721113	421.15652	0.0	-160.17249	1.1869218	2.9802322e-10	1771.5062611103058
440	10.230567	29.436743	38.20424	-50.701588	525.5714	-4.7247696	18.959398	33.528294	-90.72463	1764000	-0.03336674	409.90726	0.0	-108.69333	1.1901689	1.1026859e-09	1777.9731452465057
441	20.634846	28.83765	58.176968	-25.58901	476.875	-2.5395107	21.396736	44.070778	-90.404434	1768000	-0.063511	373.61935	0.0	-147.12845	1.2016033	9.834766e-10	1784.9014070034027
442	6.4058237	33.75049	52.636784	-38.889683	788.75	-4.254856	19.940584	42.65345	-102.53705	1772000	-0.01523828	317.59576	0.0	-153.5762	1.2389787	1.0430813e-09	1792.8831281661987
443	-18.421867	75.52327	67.44344	-153.2735	385.55554	4.11703	29.142359	55.507328	-110.906166	1776000	0.028030317	1166.4446	0.0	-663.7118	1.1557319	-1.9818545e-09	1798.1910331249237
444	-76.471344	85.15651	20.37678	-232.76643	441.44446	-6.883679	25.100927	44.968636	-109.34829	1780000	0.0038747855	1384.4221	0.0	-718.26154	1.164456	1.4305115e-09	1803.7173299789429
445	-17.211529	36.67817	43.656815	-72.58832	438.0	-15.58167	23.623728	48.049046	-116.3401	1784000	-0.016232662	564.79517	0.0	-248.82935	1.2068193	-2.5331975e-10	1810.0695209503174
446	11.786743	34.9328	80.04894	-33.585995	391.5	-8.019539	22.565586	40.383595	-96.15925	1788000	-0.046035517	470.80548	0.0	-153.45612	1.1995685	-2.2500752e-09	1816.160143852234
447	-15.796698	49.0338	62.202618	-146.61877	359.9091	1.1205517	21.195576	47.764122	-91.70003	1792000	0.020954339	745.64386	0.0	-273.5246	1.1855711	3.5762787e-10	1821.4496321678162
448	-0.071275435	39.015198	73.673485	-57.044037	433.2857	-9.546459	19.589506	35.727474	-96.414154	1796000	-0.030122284	578.0225	0.0	-202.29276	1.2071875	-3.874302e-10	1827.7103281021118
449	-2.2687266	41.26502	65.00544	-61.842426	325.75	-0.25125337	23.279009	49.70437	-96.612625	1800000	-0.037201025	567.578	0.0	-243.87674	1.1689391	5.662441e-10	1832.7483401298523
450	-36.78671	64.75576	32.94548	-258.3086	231.17647	-8.387572	30.352634	42.381546	-106.20813	1804000	-0.043985553	992.40015	0.0	-516.87164	1.1211536	-5.2154064e-10	1836.8210000991821
451	8.106318	34.390434	71.82207	-70.014854	305.6154	-26.2925	35.804737	45.127636	-109.26824	1808000	-0.025467746	1202.5897	0.0	-799.1167	1.1556212	-1.4007091e-09	1842.4865350723267
452	29.756752	34.87812	88.37836	-11.7069845	484.75	-10.600562	23.06613	49.20256	-93.56792	1812000	-0.03167687	515.29816	0.0	-180.49557	1.1978974	2.5331975e-10	1848.6692700386047
453	-27.94039	79.21686	69.49748	-154.50888	636.5	-4.993137	21.159605	49.2095	-82.00642	1816000	-0.030269587	675.9711	0.0	-195.44873	1.2044286	-1.3411046e-09	1855.1371321678162
454	-5.3215466	35.480015	34.429417	-98.55878	266.0	7.138895	23.869238	50.283367	-87.64075	1820000	-0.021696141	904.2072	0.0	-473.48596	1.1493626	-3.7252904e-10	1860.2957949638367
455	-13.73005	54.85276	43.691956	-174.28917	307.23077	-8.698175	23.715992	46.871384	-99.928116	1824000	-0.0022787952	978.6723	0.0	-382.3695	1.1552055	-1.5646219e-09	1866.1170599460602
456	17.716328	10.912691	35.070827	4.0695343	563.0	-6.663319	19.583431	48.379333	-93.386024	1828000	-0.037997127	366.4701	0.0	-160.02437	1.2202379	1.2665987e-09	1872.40322804451
457	-11.948041	41.12193	63.296906	-98.46902	350.27274	5.2936726	25.822521	50.058887	-102.60439	1832000	0.00023616273	783.5632	0.0	-378.7586	1.1676792	1.6093255e-09	1877.795203924179
458	3.2382329	41.5336	68.259186	-47.58367	386.33334	-7.913244	21.054651	47.30002	-107.838554	1836000	-0.059621774	583.8861	0.0	-148.96915	1.1838832	-1.4901161e-10	1883.1452240943909
459	-22.552807	53.277958	68.513824	-159.82486	353.72726	-3.9015038	26.103985	41.632847	-102.58609	1840000	-0.027175568	466.82425	0.0	-170.75336	1.157586	-1.1920929e-09	1889.125324010849
460	-4.5177016	57.944973	63.606342	-132.97704	442.85715	-9.134938	21.046007	53.024136	-105.298164	1844000	-0.004797376	704.3734	0.0	-340.0231	1.1871489	-1.1026859e-09	1895.2063319683075
461	30.163177	30.972326	62.046024	-25.392584	701.2	-3.7903578	20.475494	56.722805	-77.058586	1848000	-0.039030995	460.53006	0.0	-196.90494	1.2112308	-1.3411044e-10	1901.9491012096405
462	-0.96908313	61.85324	76.097466	-94.76756	666.5	-0.88495547	21.527206	53.926643	-91.65469	1852000	-0.02337578	669.14655	0.0	-276.76538	1.214556	8.046627e-10	1908.5936279296875
463	-34.1188	56.407978	36.210087	-145.55017	327.7	3.7773755	26.798748	64.13358	-111.20109	1856000	0.030842092	1557.5065	0.0	-1033.1587	1.167901	1.7732382e-09	1913.7451570034027
464	-16.807652	52.10189	51.34107	-150.74599	304.46155	-8.291703	29.800566	44.424892	-105.73581	1860000	-0.05460033	767.56824	0.0	-343.15964	1.1484878	-2.0563602e-09	1918.7465190887451
465	-5.7579675	23.622774	30.600164	-40.920597	361.1	-8.587757	25.823149	57.91589	-110.80759	1864000	-0.036615744	620.935	0.0	-287.25723	1.1751287	-1.7434358e-09	1924.348356962204
466	-30.971828	90.538086	64.47471	-202.58665	497.0	-5.290341	26.119156	65.42333	-118.15464	1868000	0.033502385	1218.4047	0.0	-526.112	1.1828448	-4.4703484e-11	1930.5339999198914
467	-14.923125	50.375553	55.40036	-149.56477	352.81818	-6.972948	26.491915	43.605423	-106.69695	1872000	-0.050644737	551.2169	0.0	-215.93011	1.1528647	-2.3543836e-09	1935.8325850963593
468	-5.5261497	57.856483	74.02797	-78.43421	616.6667	-9.406695	24.211042	40.74328	-105.91951	1876000	-0.047545772	591.3492	0.0	-318.06726	1.198844	1.6391277e-09	1942.3226389884949
469	16.095442	20.603848	48.117073	-10.954209	362.66666	-1.0604239	20.856615	46.620415	-79.2163	1880000	-0.030976044	344.6392	0.0	-108.407684	1.1854534	-1.6391277e-10	1947.5899510383606
470	12.1011915	39.981087	88.68013	-45.807365	570.5714	-1.0122787	21.082102	48.740158	-93.871185	1884000	-0.0324936	426.53525	0.0	-199.38135	1.1998007	-1.6391277e-10	1954.2153899669647
471	21.990757	31.724724	55.455364	-23.847178	681.0	-6.638117	21.930723	59.1641	-88.729675	1888000	-0.061623316	491.55157	0.0	-331.70883	1.2021037	-1.8924475e-09	1960.2042739391327
472	-15.938867	106.637825	63.027245	-248.39305	587.0	-0.37051123	27.456825	56.662064	-96.17622	1892000	0.009627743	680.6539	0.0	-380.83002	1.2158175	-1.8775463e-09	1966.190724849701
473	-1.9120721	49.607	62.748486	-134.7939	358.81818	4.0163107	25.013226	57.56826	-95.6172	1896000	0.025093	1161.738	0.0	-644.83167	1.170977	1.4156103e-09	1971.883059978485
474	19.818747	28.18767	50.82463	-26.7962	661.2	-10.662099	17.817537	51.51585	-106.82068	1900000	-0.03787905	789.9686	0.0	-425.51212	1.2251103	-1.6093255e-09	1978.7344782352448
475	17.660341	35.77706	70.065735	-52.159824	555.8571	4.9099464	22.527851	52.31249	-70.92733	1904000	-0.00080300285	409.5705	0.0	-108.604004	1.2136737	1.952052e-09	1985.5616059303284
476	15.900211	46.902905	65.10352	-74.15413	610.6667	-2.210723	19.149279	47.457237	-63.081947	1908000	-0.017899437	542.5365	0.0	-165.99207	1.2239014	-7.4505804e-11	1991.7044801712036
477	-6.528102	43.477955	67.80549	-84.106636	260.6	9.884787	23.92367	51.035095	-96.35697	1912000	-0.02172849	887.16675	0.0	-572.46106	1.1329293	1.1771918e-09	1996.3643012046814
478	13.585061	39.113453	87.401344	-57.481415	441.22223	-8.978865	21.356043	38.592064	-102.02982	1916000	-0.06408618	762.83405	0.0	-378.4864	1.1954128	-9.0897084e-10	2001.697282075882
479	10.992215	53.64294	92.37611	-67.72457	544.5714	-4.6492977	24.659199	50.854305	-96.49072	1920000	0.006067459	493.365	0.0	-146.0653	1.219645	-4.917383e-10	2007.6781160831451
480	-7.014462	30.057728	35.191154	-46.43147	451.85715	-4.3420434	22.761284	41.26614	-95.55427	1924000	-0.021090986	403.9355	0.0	-96.04321	1.2111995	3.427267e-10	2013.956701040268
481	-7.248203	73.65673	58.85151	-179.41032	556.4286	-5.5439415	18.620358	41.53124	-101.46866	1928000	1.2084723e-05	716.90216	0.0	-257.6548	1.2160211	2.1010638e-09	2019.6959218978882
482	-1.7047888	39.095436	71.00489	-67.40464	430.2857	-2.6326885	18.208126	40.735115	-99.731224	1932000	-0.043068416	482.08374	0.0	-132.66171	1.209322	-9.0897084e-10	2025.717712879181
483	-5.9006734	32.203033	55.40466	-77.10848	301.6154	3.9098861	23.607811	41.98996	-105.060745	1936000	-0.048939154	701.06177	0.0	-277.1095	1.1119863	-1.1771918e-09	2030.9528269767761
484	1.3143266	40.23277	88.65766	-46.924484	314.33334	-8.616669	24.641148	39.276463	-102.759605	1940000	-0.015031308	554.1464	0.0	-163.54947	1.1608223	-2.0861626e-10	2036.4415440559387
485	7.6415367	38.118324	74.58321	-34.89701	435.7143	-7.9637203	21.019747	42.708767	-109.55906	1944000	-0.05894019	533.90906	0.0	-202.19022	1.2072107	5.9604643e-10	2042.2663431167603
486	14.391904	28.668018	78.264336	-29.308203	342.1	-2.0071692	21.6735	43.146877	-94.12892	1948000	-0.038449854	297.6417	0.0	-110.010544	1.181252	1.2665987e-09	2047.9411001205444
487	25.825956	36.16662	87.59086	-10.992415	629.0	0.24952942	18.106508	51.105766	-83.40031	1952000	-0.06415846	440.77274	0.0	-156.40546	1.2135695	-1.7881394e-10	2054.2281579971313
488	1.220398	48.324345	62.94257	-114.629524	318.5	6.7870646	20.532015	51.0757	-96.64351	1956000	-0.039012253	934.60315	0.0	-512.37854	1.1500198	-2.9802322e-10	2059.276417016983
489	-18.219961	110.948074	105.14951	-306.82788	381.22223	-16.625452	32.54198	51.15418	-121.30411	1960000	0.038657993	1574.6628	0.0	-572.96436	1.1740371	1.8775463e-09	2065.1661388874054
490	0.4780248	55.883842	62.689613	-112.91207	526.5	-8.332789	20.702953	41.047718	-95.07893	1964000	-0.054352622	518.8799	0.0	-178.45212	1.2120649	-1.192093e-10	2070.8462500572205
491	28.325302	25.297892	78.42117	-2.633026	590.8333	-3.8681123	18.604975	42.49132	-83.49888	1968000	-0.031734016	530.41113	0.0	-155.79276	1.2136377	5.5134297e-10	2076.9506759643555
492	-31.844074	85.90261	88.44508	-203.8105	469.75	1.626892	23.01303	55.601734	-83.620415	1972000	-0.015720814	937.17975	0.0	-469.58035	1.1857789	-1.296401e-09	2081.97177195549
493	44.91977	39.332554	97.0077	-9.8621025	549.1429	-10.10807	28.530767	58.35119	-119.37504	1976000	0.020647462	686.398	0.0	-421.39212	1.2067639	1.5795231e-09	2088.168786048889
494	19.153027	36.979958	102.18749	-37.71022	347.3	7.3913994	25.997942	60.37267	-100.02878	1980000	-0.021332497	653.298	0.0	-198.07886	1.1752023	1.1622906e-09	2093.773472070694
495	38.362453	34.21474	75.276924	-25.667055	548.1429	-0.21833032	20.044102	59.99793	-121.89781	1984000	-0.015579851	374.22345	0.0	-117.956726	1.2159448	-1.4901162e-11	2099.494308233261
496	4.367111	25.67419	35.709534	-38.168335	490.875	0.9698607	18.794785	58.551487	-85.37294	1988000	-0.02598665	455.40082	0.0	-207.94496	1.1838801	4.768372e-10	2105.5218188762665
497	31.006466	32.47192	77.57054	-31.265944	489.125	-1.7570356	19.928774	53.487755	-87.05983	1992000	-0.023569806	411.50775	0.0	-129.00842	1.2080003	1.5795231e-09	2111.6237881183624
498	-3.9673061	34.188072	42.365284	-62.791115	460.625	2.8954782	18.453424	49.7296	-82.85881	1996000	-0.049071085	651.0758	0.0	-169.85956	1.1851957	1.385808e-09	2117.2237162590027
499	27.198402	46.05977	84.62447	-35.759445	598.6667	-4.646424	24.050257	57.08042	-98.18388	2000000	-0.039485462	577.896	0.0	-301.2736	1.2287688	8.3446505e-10	2122.9239802360535
