Epoch	AverageEpRet	StdEpRet	MaxEpRet	MinEpRet	EpLen	AverageVVals	StdVVals	MaxVVals	MinVVals	TotalEnvInteracts	LossPi	LossV	DeltaLossPi	DeltaLossV	Entropy	KL	Time
0	-171.24196	102.987724	31.43973	-447.67938	93.166664	-0.15533103	0.02525278	-0.021920623	-0.22949903	4000	0.0026264675	11225.9375	0.0	-783.40234	1.3786957	2.9802324e-10	1.2805800437927246
1	-210.56836	120.02961	25.750912	-556.2298	89.39535	-4.713582	0.6295118	2.5072107	-5.4617014	8000	0.003450539	15630.449	0.0	-957.5513	1.3791492	-7.1525574e-10	2.540595054626465
2	-200.46774	104.8889	5.6167607	-441.2446	94.71429	-9.380301	0.20136397	-4.624374	-9.511583	12000	0.004456453	12805.844	0.0	-595.4487	1.3794451	-6.2584876e-10	3.9397599697113037
3	-222.7177	104.57351	-52.130157	-448.35715	96.875	-12.486881	0.23527697	-6.3978868	-12.594934	16000	-1.36345625e-05	14007.524	0.0	-599.7632	1.3796949	7.748604e-10	5.105824947357178
4	-219.83473	117.216194	-66.78309	-444.45438	89.64286	-15.542463	0.19067349	-4.0349317	-15.570068	20000	0.0016970485	15404.484	0.0	-630.1372	1.3803048	1.4305115e-09	6.19768214225769
5	-214.6928	127.049576	-11.190353	-577.67676	92.92683	-18.55707	0.103861	-14.639675	-18.585558	24000	0.0035015456	12494.793	0.0	-447.72803	1.3802636	-1.4007092e-09	7.442903995513916
6	-201.8478	132.19278	10.91464	-541.3044	92.40476	-21.123829	0.09526328	-18.00174	-21.144596	28000	0.0001771301	12661.881	0.0	-424.75	1.380476	8.9406965e-10	8.601564168930054
7	-202.19669	119.20792	24.18539	-475.87445	87.40909	-23.579454	0.5581274	-12.666934	-23.63026	32000	-0.000121875666	12090.183	0.0	-464.36475	1.3808119	2.0861625e-10	9.765322208404541
8	-152.18747	98.68289	7.018376	-439.76193	90.30232	-26.190302	0.007478621	-25.933142	-26.198048	36000	0.002171442	5628.0454	0.0	-183.46265	1.3808491	-2.3841856e-10	11.35377287864685
9	-211.91527	106.53977	-48.11734	-469.1485	91.333336	-27.90896	0.042288397	-25.743635	-27.918142	40000	0.0012582662	10295.327	0.0	-417.41504	1.3810854	5.662441e-10	12.869941234588623
10	-185.66713	129.93817	2.761884	-476.8028	91.093025	-30.399858	0.027116003	-29.848455	-30.407314	44000	-0.0018082149	10363.383	0.0	-332.88037	1.3812456	5.960464e-11	14.24797511100769
11	-187.75414	97.31154	34.464787	-432.98843	89.38636	-32.702503	0.033543807	-31.857944	-32.70878	48000	0.0016131848	7460.5195	0.0	-289.823	1.3813643	-3.5762787e-10	15.78158712387085
12	-180.01598	110.64169	13.010061	-461.23248	95.560974	-34.864304	0.025400052	-34.19578	-34.869984	52000	0.0015895516	7402.897	0.0	-251.19165	1.3819053	-1.6391277e-09	17.501866102218628
13	-190.49515	103.573875	-0.7029277	-421.05798	92.0	-36.903687	0.014460795	-36.410156	-36.90776	56000	0.0029112343	6959.3955	0.0	-251.99707	1.3818598	6.2584876e-10	18.954339027404785
14	-183.76065	101.36239	-37.588284	-424.85587	92.37209	-38.95839	0.06987421	-36.809605	-38.96595	60000	-0.00065492094	6587.634	0.0	-242.96973	1.3822713	4.768371e-10	20.391638040542603
15	-180.93164	118.812775	7.0572367	-489.166	90.4186	-40.82041	2.6606786	7.1915913	-41.005302	64000	-0.0007763207	7635.0312	0.0	-284.4812	1.3821241	6.854534e-10	21.78396725654602
16	-185.26793	108.018616	32.2503	-474.9592	96.75	-42.996223	0.016017767	-42.536766	-42.999596	68000	-0.00053019077	5770.867	0.0	-175.25977	1.3824123	5.9604655e-11	23.232288122177124
17	-158.81728	87.55454	42.24191	-457.57224	88.568184	-44.716656	1.1846161	-19.889093	-44.795036	72000	-0.00021569058	4494.3755	0.0	-149.80774	1.3820632	2.3841862e-10	24.558595895767212
18	-177.28076	119.73866	18.039846	-477.42825	95.04878	-46.348103	0.045954064	-45.241676	-46.354687	76000	-0.0005632639	6631.1875	0.0	-140.57666	1.3824348	-1.1920931e-10	26.073216915130615
19	-176.24393	85.17595	-1.6046473	-359.1721	95.85366	-47.996227	0.012575654	-47.659615	-47.998177	80000	-0.0025962219	4105.386	0.0	-141.81262	1.3823094	1.0430813e-09	27.506080865859985
20	-167.101	103.486336	10.543868	-431.58267	91.69768	-49.67936	0.014259374	-49.286564	-49.68158	84000	-0.0004391484	4958.5366	0.0	-115.74048	1.3825731	-1.3709068e-09	28.74125599861145
21	-163.47983	111.39841	11.442509	-473.19827	93.268295	-51.232414	0.028768819	-50.5606	-51.236145	88000	-0.0024493933	5209.8213	0.0	-112.62842	1.3825296	-9.834766e-10	29.89444589614868
22	-163.74135	100.380035	-6.7525887	-457.46262	93.04762	-52.782524	0.024868215	-52.189182	-52.785767	92000	-0.0018459372	4458.09	0.0	-94.190796	1.3822165	-1.0728837e-09	31.0767080783844
23	-162.81964	83.271286	12.831032	-374.36353	92.4186	-54.23172	0.0023848405	-54.174175	-54.23257	96000	-0.0040595457	2982.3706	0.0	-92.77112	1.3825449	1.7881394e-10	32.2520010471344
24	-185.10135	108.711395	12.222624	-444.31985	92.92857	-55.684902	0.010888525	-55.45126	-55.686634	100000	0.00024258345	5003.866	0.0	-149.52124	1.382652	2.3841857e-09	33.399800062179565
25	-192.69771	125.818695	9.188788	-538.63855	99.05	-57.53399	0.0048230863	-57.466274	-57.53516	104000	-0.0016561821	6317.2773	0.0	-167.8003	1.3826625	1.2814998e-09	34.61764216423035
26	-169.3883	90.77716	-3.0705495	-398.71155	93.09524	-59.53163	0.008572649	-59.291042	-59.53295	108000	-0.0018751398	3710.0208	0.0	-123.327515	1.3828826	0.0	35.67728400230408
27	-183.9487	113.2446	1.08182	-459.0899	98.875	-61.28507	0.009584039	-61.01866	-61.28652	112000	-0.002754774	4766.282	0.0	-102.29541	1.3822012	-5.960463e-11	36.80479598045349
28	-168.49414	87.10726	-11.218114	-349.71655	91.65	-62.894108	0.025223443	-62.58199	-62.898098	116000	-0.0024691597	3348.2363	0.0	-52.64746	1.3826009	8.046627e-10	37.98134207725525
29	-165.36792	93.48173	-18.951914	-421.59656	100.128204	-64.09259	0.0035575868	-64.00708	-64.093475	120000	-0.0032146126	2783.688	0.0	-40.909546	1.3824652	4.768371e-10	39.229172229766846
30	-174.73378	106.72005	-15.694639	-444.3032	95.14634	-65.14916	0.0061882087	-65.03067	-65.15036	124000	-0.0037058322	4183.1855	0.0	-74.46301	1.3822604	5.066395e-10	40.36368918418884
31	-175.51422	103.09714	-10.274273	-397.39505	87.31111	-66.567764	0.018385978	-66.24292	-66.56987	128000	-0.002975896	3907.5078	0.0	-102.09143	1.3822222	-5.0663945e-10	41.43737506866455
32	-168.84093	83.6832	-29.010601	-446.5296	92.39535	-68.266716	0.0003945204	-68.26157	-68.26722	132000	-0.004874572	2522.5889	0.0	-72.35126	1.3820775	1.4901161e-10	42.771607875823975
33	-146.91995	76.464264	80.12541	-312.04587	123.21875	-69.73494	0.033851456	-69.44996	-69.74377	136000	-0.0023593009	2540.7935	0.0	-3.25885	1.3823196	-1.9073487e-09	45.07063102722168
34	-170.75157	88.477905	-36.38539	-388.1991	91.906975	-69.55741	0.009542088	-69.312965	-69.558945	140000	-0.0068925098	2620.879	0.0	-67.60913	1.382139	-8.3446505e-10	46.289578914642334
35	-187.84543	100.697296	-17.812521	-465.8663	98.333336	-70.91788	0.012596882	-70.62781	-70.919876	144000	-0.0024760533	3358.7686	0.0	-75.9812	1.381834	-1.4007092e-09	47.48301410675049
36	-158.89433	96.4226	17.97634	-431.01904	98.275	-72.489716	0.012411558	-72.29488	-72.49212	148000	-0.0019614361	2960.1406	0.0	-30.83374	1.3817402	-1.3113022e-09	48.63277983665466
37	-156.5805	87.65393	-14.705048	-454.29993	90.558136	-73.541016	0.004181087	-73.28152	-73.541794	152000	-0.0050337166	2251.7092	0.0	-18.32312	1.3819928	2.3841862e-10	49.79440402984619
38	-159.72781	93.217865	-2.8614805	-414.60388	92.92857	-74.34803	0.05108015	-72.89401	-74.35261	156000	-0.004875023	2549.6877	0.0	-17.299194	1.3818209	-2.384186e-10	51.07075023651123
39	-159.00136	98.47261	18.349514	-443.8608	100.5641	-75.11956	0.004273122	-74.9962	-75.120445	160000	-0.006191656	2968.9678	0.0	-12.934143	1.3820312	8.940697e-11	52.272178173065186
40	-164.87619	93.694664	12.869425	-412.8596	94.12195	-75.822044	0.0011113097	-75.78078	-75.82262	164000	-0.0023898333	2645.9277	0.0	-19.278809	1.3811381	-5.9604643e-10	53.41562104225159
41	-151.08195	72.03216	4.2377796	-366.2331	96.7	-76.68116	0.006315476	-76.543915	-76.682175	168000	-0.0046731587	1528.994	0.0	-0.9102173	1.3813536	-1.2218953e-09	54.57873201370239
42	-181.2789	108.82446	36.117966	-389.03375	97.675	-76.915535	0.010436828	-76.66459	-76.91698	172000	-0.0040430427	3830.166	0.0	-40.04187	1.3811176	7.1525574e-10	55.65407609939575
43	-156.1166	84.042	-9.1460905	-369.17096	96.63415	-78.15328	0.004254892	-78.04925	-78.15406	176000	-0.00059714913	2181.7356	0.0	-4.793701	1.3811631	-8.940696e-11	56.810301065444946
44	-146.2349	96.79447	16.898916	-447.68256	91.54762	-78.66511	0.0034703396	-78.579056	-78.66577	180000	-0.000951238	2762.1567	0.0	-2.1010132	1.3814524	-4.4703483e-10	58.00941705703735
45	-156.98064	93.17232	-11.276285	-387.38998	98.30769	-78.9789	0.021694032	-78.406044	-78.98054	184000	-0.0024529025	2377.0051	0.0	-5.758972	1.3806264	-1.2218953e-09	59.26089406013489
46	-153.61972	96.27961	21.191973	-426.63455	93.97619	-79.4857	0.010550617	-79.25362	-79.487045	188000	-0.0035892539	2758.1226	0.0	-8.813477	1.3806849	7.45058e-10	60.42352914810181
47	-136.59802	97.86699	12.125944	-495.17706	92.34286	-80.12862	0.047332734	-79.73133	-80.13787	192000	-0.0011462048	3558.5225	0.0	-322.11987	1.381365	-8.046627e-10	61.842097997665405
48	-158.91154	76.4148	-38.507988	-328.14883	101.60526	-78.93999	0.72589517	-58.432884	-79.0264	196000	-0.005022131	1813.5496	0.0	-9.800842	1.3801069	8.642674e-10	63.059410095214844
49	-160.09175	94.43325	-70.606674	-470.79462	96.6	-79.08759	2.49717	-25.842115	-79.25769	200000	-0.0054747574	2947.7085	0.0	-11.779053	1.3802118	3.874302e-10	64.15623688697815
50	-171.8354	99.90401	-4.9099517	-397.60532	102.39474	-79.875	0.6391541	-52.17771	-79.91733	204000	-0.006217637	2999.183	0.0	-18.265015	1.3798697	1.0430813e-09	65.25604605674744
51	-151.00241	96.66338	22.340069	-376.5921	97.225	-80.74661	0.97243667	-43.769283	-80.79329	208000	-0.003907334	2910.76	0.0	-1.5178223	1.3805366	1.1324882e-09	66.35295391082764
52	-156.90869	100.94001	26.308662	-455.78745	96.45	-80.70464	0.017071327	-80.21015	-80.70641	212000	-0.011793219	2870.9458	0.0	-3.717102	1.3796812	-1.758337e-09	67.46983599662781
53	-156.06883	74.171104	-48.999573	-399.99667	103.39474	-81.1385	0.016223757	-80.87438	-81.14057	216000	-0.0015830509	1686.4481	0.0	-0.4185791	1.3797336	5.9604655e-11	68.55828499794006
54	-174.94334	114.39732	-46.75885	-510.42163	95.731705	-81.30486	0.03499403	-80.355415	-81.30804	220000	-0.0017320849	3610.811	0.0	-48.42627	1.3792379	8.0466267e-10	69.64415001869202
55	-140.80505	91.0619	0.7972616	-409.374	100.40625	-81.49008	6.713243	-18.734121	-83.004684	224000	-0.00093218684	3525.2817	0.0	-592.0824	1.3802253	1.4305115e-09	70.95485997200012
56	-153.35828	80.72776	-36.370537	-384.79877	91.093025	-80.9942	2.596787	-32.289055	-81.34951	228000	-0.0044636317	1944.999	0.0	-64.70148	1.379251	2.0861624e-10	72.02609610557556
57	-151.68932	96.26611	-30.495937	-498.98895	98.55	-81.43003	4.0839844	-2.816252	-81.7657	232000	-0.006847497	2762.7485	0.0	-98.32446	1.3786999	-1.1026859e-09	73.10203409194946
58	-168.54921	89.34719	-57.757275	-441.5623	101.64103	-81.812294	0.047324456	-80.935646	-81.81775	236000	-0.0052761063	2154.4587	0.0	-5.849304	1.378263	-1.2218953e-09	74.18758606910706
59	-140.39542	86.33782	9.281107	-419.30414	99.825	-82.42641	0.25772482	-73.02561	-82.44387	240000	-0.008164674	2183.0051	0.0	-27.979187	1.3789529	1.1920928e-10	75.26724910736084
60	-151.05348	95.25891	23.34311	-374.24167	97.55	-81.081604	0.10106119	-78.9957	-81.08982	244000	-0.0047981218	2693.0586	0.0	-3.060913	1.3786917	-2.0861625e-10	76.40985703468323
61	-156.38689	101.16033	-34.736588	-465.1707	98.30769	-80.53297	0.13700098	-76.45486	-80.541534	248000	-0.003351313	2817.7234	0.0	-1.932312	1.3784994	-5.3644184e-10	77.61311984062195
62	-167.43109	115.14031	-44.21369	-512.53296	99.30769	-80.87515	0.069764875	-78.83737	-80.88155	252000	-0.001792986	3718.1836	0.0	-22.8656	1.3777621	2.8312203e-10	78.82537698745728
63	-139.8223	78.152626	-13.3554945	-338.24802	98.125	-82.18133	0.5405987	-61.246426	-82.20885	256000	-0.0046984926	2084.0127	0.0	-12.356445	1.3790224	-1.2814998e-09	80.01813793182373
64	-155.4137	98.70453	17.133165	-404.0894	96.325	-81.68942	0.053534225	-80.29884	-81.69257	260000	-0.0029709097	2431.2896	0.0	-0.14892578	1.3777725	1.0430813e-09	81.34653210639954
65	-151.78816	85.89735	14.642923	-342.11575	96.275	-81.53551	2.1104383	-32.15257	-81.68008	264000	0.0015007183	2527.436	0.0	-30.979675	1.3778782	-9.23872e-10	82.64246106147766
66	-184.79556	98.04547	-36.38321	-505.3868	104.13513	-81.732925	0.4313734	-65.792854	-81.76102	268000	-0.0035962826	3016.3135	0.0	-62.394775	1.3774108	0.0	83.84242796897888
67	-135.7543	74.38938	-33.38192	-410.85175	92.39024	-84.04652	0.01810375	-83.427704	-84.04783	272000	-0.0068800524	1870.3011	0.0	-11.646545	1.3785653	-6.705523e-10	84.96374320983887
68	-166.3978	102.34613	15.121903	-479.929	97.75	-83.14716	0.013841645	-82.85225	-83.14839	276000	-0.0057200342	3050.5015	0.0	-6.4403076	1.3776629	-6.854534e-10	86.06406211853027
69	-146.67044	87.70771	12.671008	-395.46082	93.710526	-81.923935	9.003684	5.5031314	-83.85999	280000	-0.009541117	3090.6797	0.0	-111.572876	1.3782313	-5.960465e-10	87.34109997749329
70	-142.49643	81.29259	-4.9609466	-450.34384	93.68293	-82.73561	0.33490217	-68.61888	-82.765884	284000	-0.0075319074	2000.9381	0.0	-6.6329346	1.3779523	-1.6987324e-09	88.48513007164001
71	-151.9268	85.22677	-50.515324	-478.42862	98.55	-82.06089	0.050668437	-80.45657	-82.06373	288000	-0.011545196	2110.9949	0.0	-0.38586426	1.3780146	-2.5331973e-10	89.65023612976074
72	-138.88109	80.77948	3.7344685	-405.66562	99.82051	-82.13963	0.057917934	-80.82372	-82.145035	292000	-0.0053180233	1896.0457	0.0	-14.885559	1.3780525	1.6391277e-10	90.82077884674072
73	-149.15196	72.42586	-57.67002	-436.6929	95.243904	-80.89741	0.0058919215	-80.7194	-80.897896	296000	-0.008105546	1456.0945	0.0	-3.0612183	1.3773184	8.642674e-10	91.8935661315918
74	-127.48146	80.27545	30.052965	-433.54224	100.0	-80.18396	0.84153837	-60.478058	-80.24505	300000	-0.003874062	2375.8643	0.0	-40.7583	1.3776138	5.9604655e-11	92.98009204864502
75	-163.51665	99.10684	-46.095863	-473.058	100.74359	-78.20689	0.009558087	-77.99015	-78.20779	304000	-0.0093135	2730.5835	0.0	-12.614746	1.3758235	2.3543834e-09	94.06357002258301
76	-153.62979	94.9589	51.08405	-430.94894	100.5641	-79.28776	0.3458144	-70.77742	-79.31657	308000	-0.004428312	2616.1147	0.0	-48.75592	1.3761177	1.013279e-09	95.13707613945007
77	-158.95903	94.816246	-8.075479	-413.48328	100.07692	-79.14249	8.346942	43.978893	-79.92759	312000	-0.005796969	3068.9136	0.0	-220.56152	1.3753363	-7.748604e-10	96.22332811355591
78	-158.40605	98.77306	-0.4988203	-449.54868	100.60526	-80.99544	1.1211092	-44.800255	-81.05195	316000	0.0015632408	2833.385	0.0	-10.095947	1.3747401	5.066395e-10	97.31421208381653
79	-168.93916	93.68989	-34.40998	-389.19202	98.325	-81.66508	0.07748698	-77.70743	-81.66919	320000	-0.004630983	2489.1384	0.0	-26.911438	1.3742723	1.8328429e-09	98.40425896644592
80	-129.42773	58.044003	-16.760641	-333.74542	97.325	-83.46546	1.5474925	-44.008045	-83.57251	324000	-0.010832846	1373.7605	0.0	-114.36603	1.3759731	-8.1956386e-10	99.5005431175232
81	-122.171486	62.546936	-54.679756	-382.83365	95.685715	-77.796364	6.718815	-22.944523	-80.03722	328000	-0.008641124	2133.5308	0.0	-328.26056	1.37701	-1.6689301e-09	100.8064911365509
82	-136.21361	79.07742	-50.77791	-389.83954	95.02439	-76.43197	1.1405886	-34.211758	-76.483055	332000	-0.003599748	1754.9727	0.0	-18.218811	1.3747113	0.0	101.90872001647949
83	-156.5656	75.70366	-45.55892	-383.75613	94.35714	-75.85744	0.31911954	-65.67768	-75.87541	336000	-0.008178482	1571.8915	0.0	-44.16046	1.3731457	1.3113022e-09	103.0331699848175
84	-162.44014	91.29312	-1.3292887	-421.33813	102.789474	-77.77926	5.3202467	13.45367	-78.15799	340000	-0.007595986	2502.8164	0.0	-25.889038	1.3724492	1.0728836e-09	104.19212198257446
85	-162.92049	97.22108	11.380895	-377.1323	102.63158	-79.21872	0.6265711	-59.54981	-79.25317	344000	-0.0061078668	2492.315	0.0	-16.055664	1.3730251	6.109476e-10	105.4373390674591
86	-120.383934	82.33385	65.65129	-365.15515	115.588234	-76.15389	10.026192	1.8940537	-80.69443	348000	-0.007179275	2697.0737	0.0	-712.0477	1.3755422	2.0116568e-09	107.65540218353271
87	-157.83588	83.46141	-26.651339	-383.1993	99.61539	-78.51647	2.674849	2.7766004	-78.70495	352000	-0.0072900434	2051.6777	0.0	-33.25891	1.3720342	-7.1525574e-10	108.73291897773743
88	-138.56659	73.28292	-43.675575	-346.20877	95.36585	-79.236824	0.37818533	-62.570305	-79.259544	356000	-0.008430928	1692.0322	0.0	-5.0230713	1.373215	-5.364418e-10	109.81553912162781
89	-152.31148	66.20392	-24.320713	-310.5654	100.36842	-78.58372	3.8013825	-12.628471	-78.86348	360000	-0.006625816	1306.8289	0.0	-8.158691	1.3711655	5.364418e-10	111.05928421020508
90	-148.58987	84.67995	8.090322	-357.81525	96.04878	-78.75418	5.822042	0.6069133	-79.35999	364000	-0.0067654755	2598.767	0.0	-79.484924	1.3718141	1.5497207e-09	112.15762710571289
91	-141.25609	76.14265	-29.800327	-350.46884	105.05556	-79.54045	3.5051908	-20.825481	-79.85182	368000	-0.012405447	1790.3787	0.0	-31.51239	1.3722452	1.4901161e-10	113.41615104675293
92	-122.83947	80.45748	15.846739	-395.47934	98.69231	-78.300156	0.6815718	-62.682957	-78.34402	372000	-0.0041471776	2372.0674	0.0	-94.36572	1.3723073	3.4272674e-10	114.51209902763367
93	-138.00235	82.64509	-45.595997	-452.33124	99.76923	-74.47069	0.00066406594	-74.4476	-74.47079	376000	-0.005769536	1839.5085	0.0	-5.2018433	1.3707087	1.1622905e-09	115.63888716697693
94	-134.33072	69.69307	-60.727665	-362.82367	104.37838	-75.205414	0.07724559	-72.47095	-75.20974	380000	-0.004610881	1616.7781	0.0	-5.3259277	1.3714395	-6.2584876e-10	116.8260190486908
95	-169.27254	98.74166	-33.25796	-420.69034	102.052635	-74.38976	0.20631431	-66.43505	-74.39878	384000	-0.002223879	2776.2349	0.0	-127.340454	1.3687744	-6.854534e-10	117.97550916671753
96	-154.95383	82.16784	-4.5783725	-450.52304	100.5	-78.69555	0.095881134	-76.328384	-78.703415	388000	-0.007022897	1877.6042	0.0	-9.680603	1.3692565	-1.0877848e-09	119.0870840549469
97	-157.1082	88.75438	-21.124458	-431.89682	100.71795	-80.01105	0.06323542	-77.91277	-80.01443	392000	-0.0039742514	2210.9038	0.0	-12.827026	1.3676736	-3.278256e-10	120.31990504264832
98	-134.30786	81.44845	22.624836	-371.12793	113.057144	-81.44014	0.002205827	-81.39286	-81.44041	396000	0.0001269104	2354.559	0.0	-85.63507	1.3708434	1.758337e-09	121.49492001533508
99	-127.86199	81.10397	17.402163	-389.19263	94.48781	-77.92566	0.0007088066	-77.91126	-77.92575	400000	-0.010918334	2182.227	0.0	-20.760681	1.3702577	1.4603139e-09	122.62322902679443
100	-129.63031	68.57502	74.71699	-317.58145	103.75676	-75.979935	0.118513174	-72.26845	-75.987335	404000	-0.011429593	1522.0896	0.0	-24.875183	1.3694091	6.556511e-10	123.8643569946289
101	-144.05116	74.208336	0.43334454	-342.49994	104.23684	-73.90553	2.2737641	-13.65595	-74.039246	408000	-0.010079484	1668.2476	0.0	-7.1387024	1.3670981	-1.0728837e-09	125.00235986709595
102	-144.5746	60.815075	-15.455726	-298.44	99.30769	-74.77088	0.006212038	-74.582	-74.77124	412000	-0.008725781	1222.5214	0.0	-0.70269775	1.3682804	1.937151e-10	126.21832799911499
103	-119.52344	82.87234	26.224136	-417.94525	102.9	-74.848274	3.5948024	-14.934068	-75.15698	416000	-0.007183209	3599.1826	0.0	-162.67786	1.3682667	3.427267e-10	127.80099487304688
104	-140.74881	79.4304	-44.963688	-347.72162	99.61539	-70.40951	0.08273747	-67.13924	-70.41321	420000	-0.0046907514	1657.6863	0.0	-5.044983	1.3670759	-1.2516976e-09	128.9426028728485
105	-153.46016	92.89122	12.09568	-360.40125	104.289474	-71.03827	0.93413055	-42.507053	-71.08412	424000	0.0009853989	2395.3276	0.0	-40.50049	1.3644032	-1.3411044e-10	130.03012609481812
106	-124.54956	59.724117	-35.184265	-272.7186	99.325	-72.994095	0.7188565	-55.11397	-73.05089	428000	-0.010102591	1186.0271	0.0	-17.016357	1.3665562	5.364418e-10	131.11666917800903
107	-140.24062	69.6408	-50.696754	-394.47992	104.447365	-71.86836	0.008005825	-71.72292	-71.87058	432000	-0.012845501	1291.4115	0.0	-2.0027466	1.3663883	1.1324882e-09	132.27740097045898
108	-157.26045	84.15378	-53.779427	-359.64017	101.64706	-72.02512	2.7589033	-3.7244816	-72.37034	436000	0.003478229	3152.9219	0.0	-307.72607	1.3684667	5.5134297e-10	133.67168307304382
109	-119.10214	69.05582	32.92997	-240.33405	107.666664	-73.67584	4.4497366	-24.546349	-74.30197	440000	-0.010437928	2238.8384	0.0	-150.33447	1.3673909	8.940697e-10	134.77261900901794
110	-114.77592	44.090385	-31.59031	-206.15727	102.86487	-71.057	2.4406338	-5.812409	-71.241585	444000	-0.008801201	982.15814	0.0	-69.89279	1.3664641	-1.4901161e-09	135.87574911117554
111	-141.62743	69.75426	-10.489235	-304.77338	104.54054	-67.9151	0.029604541	-67.13523	-67.91825	448000	-0.0051560104	1456.2983	0.0	-18.349915	1.3650265	1.5199184e-09	136.97769904136658
112	-140.21391	83.19497	-20.661045	-455.13403	101.02564	-69.2757	3.167546	5.743833	-69.46863	452000	-0.013621368	2242.6562	0.0	-87.60095	1.3648314	-2.1457671e-09	138.04741311073303
113	-143.98933	65.70102	-39.54621	-317.3743	101.31579	-71.57109	0.029967505	-70.1899	-71.57285	456000	-0.011080493	1188.2532	0.0	-11.271698	1.3638077	5.9604643e-10	139.12476706504822
114	-132.513	75.93235	-19.830383	-339.23038	99.4359	-72.946434	1.2995526	-22.099867	-73.00273	460000	-0.010725811	1625.3967	0.0	-23.264038	1.3633012	-2.8312208e-10	140.1720039844513
115	-132.1838	71.42434	-31.621756	-376.83487	105.35135	-73.02438	0.0006291718	-72.993515	-73.024536	464000	-0.006702353	1388.6473	0.0	-4.498169	1.3650448	-1.5497208e-09	141.29700303077698
116	-128.44243	81.25821	29.351849	-357.62485	111.42857	-72.036224	1.5636914	-26.026007	-72.1363	468000	-0.006854569	2401.552	0.0	-36.496094	1.3652942	1.3411039e-10	142.34889197349548
117	-124.91231	79.78272	27.397774	-323.05875	105.13513	-71.16318	0.034882873	-69.98653	-71.16565	472000	-0.012096688	2104.7744	0.0	-6.6087036	1.3632572	-2.682209e-10	143.46079087257385
118	-114.01196	67.8584	32.927216	-274.01962	107.388885	-70.020226	0.012270118	-69.70746	-70.02113	476000	-0.010016561	1690.2737	0.0	-55.077454	1.3615785	3.5762787e-10	144.56272411346436
119	-134.1679	92.44122	35.942974	-407.75406	129.96666	-63.999622	7.148734	-8.460373	-66.78756	480000	-0.005493164	2938.144	0.0	-415.47412	1.3640902	-1.2814999e-09	146.544420003891
120	-125.16519	84.60687	51.899208	-341.79532	107.0	-67.05089	2.863816	-11.416813	-67.27344	484000	-0.007687956	2187.3232	0.0	-8.77063	1.3586166	1.5050172e-09	147.66552996635437
121	-127.328384	76.13061	28.213535	-331.96948	103.31579	-66.26567	1.4158697	-39.05531	-66.3912	488000	-0.008389718	2033.3049	0.0	-6.7301025	1.3602762	1.8179417e-09	148.77815699577332
122	-150.3573	112.90253	35.337204	-539.93976	147.25926	-62.494953	12.397416	24.667318	-67.32524	492000	0.005137667	4347.4326	0.0	-704.7258	1.3638902	-2.220273e-09	150.63044595718384
123	-122.98013	84.63821	35.320103	-455.76205	100.20513	-68.05702	4.2195907	-6.537725	-68.571396	496000	-0.012987327	2343.964	0.0	-25.08789	1.3582795	-2.4586917e-09	151.69559907913208
124	-137.17467	79.18301	10.059785	-319.7139	100.128204	-67.228905	1.6760339	-30.887188	-67.36047	500000	-0.014345944	1915.1163	0.0	-65.078735	1.3580022	-1.7434358e-09	152.76955199241638
125	-141.24278	79.185425	-0.16423905	-363.9755	100.23077	-70.16989	0.100711085	-64.807945	-70.174385	504000	-0.012851672	1953.2871	0.0	-30.921326	1.3570521	5.066395e-10	153.84553003311157
126	-134.51974	66.55861	-17.669207	-284.08084	108.27778	-72.7961	0.04454178	-70.89538	-72.79815	508000	-0.014547288	1126.9348	0.0	-0.23773193	1.3585414	-7.748604e-10	154.91506600379944
127	-119.42544	63.30322	-3.9161603	-315.73373	103.0	-72.6452	0.22363788	-61.894203	-72.65435	512000	-0.0132184345	1248.4165	0.0	-18.86023	1.3583572	-6.556511e-10	156.0063750743866
128	-121.92251	76.297386	-4.375746	-290.34186	105.45946	-70.61289	0.27300927	-60.760742	-70.624146	516000	-0.008805942	1631.8005	0.0	-2.6934204	1.3579257	3.129244e-10	157.0692400932312
129	-134.70717	65.971985	-33.574818	-260.95438	108.94444	-70.34627	0.038122285	-69.07577	-70.348175	520000	-0.007266365	1266.2788	0.0	-0.36987305	1.3549159	1.2814999e-09	158.11775088310242
130	-138.27632	81.97133	12.751699	-411.25705	105.51351	-69.86042	2.241706	-28.15472	-70.05346	524000	-0.021288473	1971.3645	0.0	-65.58826	1.3538439	9.983778e-10	159.18331098556519
131	-143.6224	80.979355	-41.48147	-367.8813	105.48649	-71.23351	0.86232144	-28.0643	-71.26802	528000	-0.0063432083	1744.5895	0.0	-10.083374	1.3528787	1.0430813e-10	160.25523018836975
132	-135.87341	76.21991	0.8661955	-331.05618	115.73529	-71.4836	0.7255585	-49.754784	-71.52295	532000	-0.010069586	1913.0369	0.0	-15.4729	1.3564501	5.364418e-10	161.39026284217834
133	-145.62178	83.90922	21.657776	-422.28998	101.89474	-69.747154	1.3148919	-35.7665	-69.83778	536000	-0.0067615323	2271.6782	0.0	-75.73993	1.3525543	-4.3213372e-10	162.48829293251038
134	-132.35884	89.60123	2.67	-377.78268	105.08108	-73.51411	0.10331766	-70.70302	-73.52294	540000	-0.0003046021	2340.0186	0.0	-0.34197998	1.3526498	1.7881394e-10	163.5592601299286
135	-126.352486	64.077065	6.9351244	-271.07864	107.05556	-73.48894	0.24170057	-65.36092	-73.503944	544000	-0.0059702694	1548.6401	0.0	-63.211975	1.3526804	8.493662e-10	164.6262822151184
136	-116.4758	48.20585	-31.284582	-244.99292	103.64865	-69.60509	0.039176922	-67.5442	-69.60626	548000	-0.015567635	823.8102	0.0	-32.653046	1.3537132	2.667308e-09	165.6906669139862
137	-132.14058	81.477844	19.471832	-371.65067	106.86487	-66.69293	0.018469613	-66.285484	-66.69464	552000	-0.013017461	2071.1345	0.0	-6.1169434	1.3511378	1.4901164e-10	166.75100207328796
138	-129.84846	71.78047	-18.642933	-350.24643	101.589745	-67.67784	1.3584124	-32.243256	-67.794685	556000	-0.012639999	1695.48	0.0	-3.6965332	1.3503104	1.8477441e-09	167.81169605255127
139	-121.727936	71.83011	0.14505538	-340.08313	105.21622	-68.1715	0.35003367	-55.452152	-68.196785	560000	-0.01707716	1724.97	0.0	-32.20526	1.3496649	9.685754e-10	168.86108708381653
140	-151.01886	87.95394	16.586374	-374.17493	111.74286	-65.06674	2.4032404	-37.249702	-65.43713	564000	-0.010524325	2721.996	0.0	-147.08551	1.3487979	2.0712614e-09	169.9574670791626
141	-128.4404	84.384766	-41.468807	-332.30524	109.97143	-69.16175	0.009790124	-68.70156	-69.16221	568000	-0.014482055	2132.0256	0.0	0.07244873	1.3508022	1.5795231e-09	171.06803703308105
142	-123.662895	64.44715	-36.219242	-289.99854	110.75	-69.36772	0.02417466	-68.34966	-69.368935	572000	-0.015656698	1532.9261	0.0	-22.960815	1.3499217	-1.2218953e-09	172.17003202438354
143	-154.67531	102.20336	-27.983469	-498.78467	109.77143	-67.03274	0.00078421854	-67.00032	-67.03281	576000	-0.008134581	2651.2603	0.0	-107.2655	1.347348	-3.4272674e-10	173.2885160446167
144	-113.23904	81.68578	9.252125	-353.4919	104.16216	-71.74269	0.0010258516	-71.71961	-71.7428	580000	-0.006225005	2163.1187	0.0	-46.124146	1.3452766	4.4703485e-10	174.38270926475525
145	-112.44079	66.785645	-8.962848	-281.6693	98.947365	-68.89539	0.112430304	-64.56166	-68.90054	584000	-0.008801609	1264.2235	0.0	-36.034454	1.3462096	1.0877848e-09	175.48674297332764
146	-145.87051	78.03339	-15.6186	-376.93146	111.03125	-66.01367	0.5241355	-55.146374	-66.093346	588000	-0.006825827	2204.5244	0.0	-174.25684	1.3479788	2.1010638e-09	176.69888615608215
147	-141.9656	105.631546	34.63232	-531.6053	118.15151	-67.08556	1.8066247	-37.45124	-67.240906	592000	-0.003096675	3370.6387	0.0	-7.076294	1.345628	1.6540289e-09	177.80808115005493
148	-134.24966	68.62995	-47.19462	-297.52252	109.48572	-68.37716	0.6992739	-51.157497	-68.42154	596000	-0.011697648	1510.6392	0.0	-12.980713	1.3450837	2.9802327e-11	178.9141139984131
149	-144.89803	79.155556	-25.30403	-317.03308	108.34286	-68.766045	0.19132978	-63.365723	-68.77987	600000	-0.0036233515	1610.9822	0.0	-26.134583	1.3399262	1.0430812e-10	180.01855993270874
150	-126.88226	88.20465	5.816933	-343.38513	134.68965	-68.863075	5.1618986	-35.24771	-71.11141	604000	-0.0073624924	2639.5676	0.0	-458.25787	1.3497585	1.4305115e-09	181.59951186180115
151	-132.65677	85.25968	-41.373013	-402.27536	110.67647	-69.23214	3.838683	-3.4390435	-69.55708	608000	-0.0063141137	2199.9866	0.0	-72.06781	1.3412008	-2.592802e-09	182.68155717849731
152	-135.51834	90.65214	-18.844395	-406.67224	105.189186	-70.187485	1.0926809	-36.585197	-70.24553	612000	0.004039012	2323.698	0.0	-44.937195	1.341924	8.0466267e-10	183.75827503204346
153	-119.10126	69.65319	-36.41928	-343.01227	110.314285	-72.372215	0.8647691	-51.15419	-72.4478	616000	-0.0062313844	1948.1207	0.0	-29.438416	1.3423448	-1.4901161e-09	184.8409719467163
154	-123.229225	66.910736	1.631885	-268.18436	102.07895	-69.946175	1.1621115	-43.68105	-70.025856	620000	-0.0065044463	1423.8242	0.0	-0.31835938	1.3398935	1.6093255e-09	185.89422607421875
155	-132.58913	83.95989	-33.318855	-382.12244	103.6579	-69.73261	1.6319879	-28.521162	-69.83743	624000	-0.019836962	2043.6226	0.0	-49.341858	1.3379021	-7.003546e-10	186.99164819717407
156	-144.26884	78.14396	-38.590992	-379.7058	116.666664	-72.1021	2.0150876	-14.596987	-72.23539	628000	0.0018337741	1678.0387	0.0	-32.14258	1.3395605	-1.0430812e-10	188.0840859413147
157	-118.493126	70.20993	19.31082	-323.00916	111.67647	-69.60583	10.865293	3.374479	-72.16453	632000	-0.017560117	2658.1938	0.0	-334.75366	1.3406155	1.0430812e-10	189.2614188194275
158	-161.75719	82.9305	-25.722609	-350.5355	116.35294	-69.01761	3.0814123	-19.916206	-69.2473	636000	0.00050615333	2202.516	0.0	-155.5036	1.3363729	-4.0233133e-10	190.3568480014801
159	-139.59619	85.16288	-7.922298	-332.66864	109.5	-73.795815	0.00060651003	-73.76951	-73.79601	640000	-0.018630793	1883.9532	0.0	-0.62231445	1.3396492	7.1525563e-10	191.44759488105774
160	-116.69368	84.585976	87.37383	-307.0513	135.89655	-74.38522	0.13780445	-71.07161	-74.41192	644000	-0.008461297	3090.7827	0.0	-401.82904	1.3454628	-7.301569e-10	193.35324621200562
161	-114.889854	65.84659	17.380198	-268.68167	118.22581	-67.03511	2.9807987	-20.289618	-67.52221	648000	-0.008172042	2269.3594	0.0	-205.6228	1.3435087	-2.9802322e-10	194.49125385284424
162	-125.48153	100.029236	33.296867	-477.85767	113.5	-59.525444	0.9498395	-40.20005	-63.150063	652000	-0.008838944	2595.133	0.0	-38.768433	1.3367445	1.4901164e-11	195.55833101272583
163	-127.058525	73.77613	-4.6236744	-315.83777	111.22857	-61.509346	0.4436418	-48.59147	-65.24372	656000	-0.012159731	1719.5894	0.0	-17.909302	1.3372777	-2.7418137e-09	196.61755800247192
164	-139.58241	79.01109	30.729906	-359.62985	110.37143	-63.296803	0.44291055	-63.00563	-66.89072	660000	-0.003915664	2120.4414	0.0	-77.565186	1.3350143	6.854534e-10	197.6896369457245
165	-143.514	77.72012	-29.816988	-339.27744	111.02857	-68.70131	0.43093425	-66.954254	-69.47231	664000	-0.022039935	1480.3826	0.0	-23.357574	1.3337874	-2.384186e-10	198.75635504722595
166	-130.21484	82.18251	-37.012054	-379.5662	113.64706	-70.84105	0.093512125	-67.45161	-70.85934	668000	-0.0147044845	1751.1389	0.0	-0.91290283	1.3329835	8.9406954e-11	199.85496425628662
167	-122.76607	61.04007	-7.1965485	-248.41197	119.606064	-70.77036	0.30179498	-59.461304	-70.799545	672000	-0.011333594	1398.0586	0.0	-36.053772	1.3315516	-5.2154064e-10	200.9842131137848
168	-114.36832	63.155827	4.9008965	-312.58047	108.80556	-68.41516	0.122048706	-64.93573	-68.42595	676000	-0.024100479	1429.0002	0.0	-22.0141	1.3326592	2.2351743e-10	202.07566809654236
169	-110.97306	62.774326	-33.684055	-311.22092	108.6	-66.388275	0.010079285	-65.97614	-66.392876	680000	-0.01084155	1383.288	0.0	-21.295166	1.3330765	-1.2516975e-09	203.18573307991028
170	-135.82443	80.219955	-5.639309	-339.01593	113.55882	-64.39423	0.06860623	-60.933994	-64.40174	684000	-0.01596092	1710.9495	0.0	-3.8493042	1.3254354	-1.9669533e-09	204.28264212608337
171	-102.60451	53.259895	66.21467	-202.81444	117.878784	-65.0308	1.4347306	-41.0198	-65.13821	688000	-0.010918751	1133.6146	0.0	-96.68262	1.3323772	7.301569e-10	205.3834331035614
172	-138.39798	67.79931	7.5951357	-286.3978	113.94118	-61.26786	0.40558392	-54.01776	-61.311405	692000	0.0050775446	1645.2295	0.0	-60.645935	1.3249011	-1.5050172e-09	206.501070022583
173	-131.4736	73.2127	-18.20049	-278.45142	111.82353	-64.09748	0.048735946	-61.651157	-64.10222	696000	-0.007888772	1365.2799	0.0	-2.906372	1.327282	2.1904707e-09	207.61513805389404
174	-122.04086	76.84945	-12.77253	-421.60532	110.85714	-64.829094	1.8381437	-23.960714	-64.95721	700000	-0.016727798	1792.6409	0.0	-2.2088013	1.3275353	-8.791685e-10	208.6963198184967
175	-123.38563	73.400764	11.311079	-306.47952	148.96153	-62.72739	4.18124	-39.84388	-64.65553	704000	0.0013602003	2138.233	0.0	-376.38416	1.3375287	2.0712614e-09	210.60020208358765
176	-128.27725	68.710915	-38.41421	-363.24182	119.875	-62.39179	0.60523254	-48.08953	-62.654892	708000	-0.019120613	1177.9058	0.0	-9.218201	1.3252271	-6.556511e-10	211.69461703300476
177	-111.66499	60.10578	7.896031	-261.02533	114.0	-62.521	2.3709788	-13.3047	-62.69199	712000	-0.014420008	1165.8291	0.0	-16.978943	1.3268449	-7.3015693e-10	212.7841498851776
178	-98.38492	62.757393	22.610413	-192.42462	219.83333	-43.96139	20.553194	-5.82842	-61.05383	716000	-0.025289789	1871.5848	0.0	-459.2614	1.3440983	8.642673e-10	215.81287598609924
179	-116.8186	75.80601	-8.685977	-280.54654	108.333336	-36.166065	2.3003237	-21.59319	-57.79003	720000	-0.017925108	2332.9102	0.0	-731.3983	1.3211838	-7.7486045e-10	216.86070108413696
180	-116.73692	66.86908	-22.6898	-322.93546	121.40625	-59.589054	5.182814	-1.496972	-60.471684	724000	-0.010363251	1597.2666	0.0	-143.0101	1.3233957	3.412366e-09	217.9351670742035
181	-132.94173	102.62394	14.755165	-379.2429	118.30303	-56.802795	1.1597128	-40.17888	-59.79383	728000	0.005766824	2906.8345	0.0	-106.71692	1.3197684	1.6689301e-09	219.0139820575714
182	-123.93755	62.68534	-2.6529114	-309.3433	111.71429	-62.58329	0.1160951	-60.13107	-62.62597	732000	-0.023703564	1301.129	0.0	-0.50006104	1.3206563	-1.4901164e-11	220.0878460407257
183	-127.64539	78.386284	-18.097584	-318.30792	116.588234	-62.913853	1.3881935	-22.638824	-63.049046	736000	-0.005460188	1617.966	0.0	-14.339172	1.3173305	1.6391277e-10	221.17602801322937
184	-119.909935	69.96707	-1.4362094	-279.4423	118.84849	-64.29234	0.18262474	-58.50623	-64.327805	740000	-0.0035039186	1531.647	0.0	-2.1452637	1.3182155	1.3560058e-09	222.28503108024597
185	-116.3451	88.33548	0.45472914	-335.6271	113.20588	-63.974968	0.834217	-41.579308	-64.049675	744000	-0.008089626	2360.4873	0.0	-4.4783325	1.3158402	-2.2351743e-10	223.3745949268341
186	-101.14072	68.65211	46.726112	-250.49359	162.125	-59.211452	11.360296	-1.437513	-64.12979	748000	-0.0027088001	1915.4839	0.0	-342.70367	1.3330154	-8.642673e-10	225.29801893234253
187	-120.71495	62.27419	-17.929892	-264.5024	118.89286	-54.916416	13.3062315	1.6799448	-60.041683	752000	-0.015606357	1866.1915	0.0	-78.8371	1.3225069	-3.2782554e-10	226.80571794509888
188	-104.08374	82.495415	16.803375	-402.65384	116.088234	-54.68208	5.1808815	0.5903158	-58.15863	756000	-0.010167784	2051.153	0.0	-75.7818	1.31336	-1.2218953e-09	227.9275941848755
189	-134.58653	82.2813	-13.612526	-322.5012	127.58064	-53.24393	3.7105613	-0.63541627	-58.584686	760000	-0.004178026	2156.0151	0.0	-92.11578	1.3141184	-2.0563604e-09	229.18971991539001
190	-133.96526	73.95334	-15.555153	-333.8922	109.34286	-58.632217	2.3351831	-52.369118	-61.18899	764000	-0.015597988	1734.632	0.0	-148.44702	1.3089906	9.983778e-10	230.38921999931335
191	-121.0441	87.25812	-3.3581843	-371.53857	120.625	-62.267914	3.1542935	-43.951096	-65.53311	768000	-0.007596313	1867.5527	0.0	-89.219666	1.3121448	5.364418e-10	231.5666220188141
192	-129.21257	96.75175	-22.322102	-455.36432	125.58064	-59.96981	3.0244613	-32.263985	-66.93329	772000	0.0011170525	2810.898	0.0	-46.055115	1.3087596	2.3841856e-10	232.72642612457275
193	-114.77089	75.143196	6.061941	-299.4823	119.1875	-62.238445	4.093109	-14.628391	-67.77031	776000	-0.015775837	1733.5791	0.0	-34.64624	1.3104811	-4.1723253e-10	233.81954503059387
194	-108.54356	70.33096	7.0721045	-313.4638	116.27273	-60.66928	3.634548	-41.30653	-67.14678	780000	-0.0071751047	1352.3372	0.0	-37.196716	1.3067083	4.1723253e-10	235.0960569381714
195	-154.09515	102.897705	-30.849796	-440.2366	127.58064	-60.410374	3.7999473	-57.210136	-67.25681	784000	0.011941891	2772.4512	0.0	-209.81848	1.3074706	4.768372e-10	236.3892641067505
196	-108.08468	77.69913	13.437129	-302.05338	123.67742	-67.02203	5.902696	-4.229107	-71.71846	788000	-0.017306037	2081.1116	0.0	-186.59766	1.3093941	-5.662441e-10	237.7612760066986
197	-96.86466	62.233234	33.061886	-273.23157	112.94118	-61.116642	4.109217	-20.996634	-69.03513	792000	-0.021141693	1460.6367	0.0	-124.59851	1.3068862	-2.980232e-11	238.96202516555786
198	-123.30812	77.65877	4.4977927	-350.01828	129.26666	-59.00036	4.3184366	-47.47048	-66.55354	796000	-0.01939826	1803.1472	0.0	-35.222046	1.3070272	1.4901161e-10	240.0955650806427
199	-123.83208	68.57244	-7.304875	-279.8531	118.5	-58.139286	4.451076	-54.081932	-65.708305	800000	-0.015356198	988.256	0.0	-60.28055	1.3065308	-1.5646219e-09	241.20688915252686
200	-103.26706	62.7783	59.604954	-217.28825	161.45833	-56.516743	10.616551	-11.52891	-67.12357	804000	-0.024856463	1469.6342	0.0	-361.93646	1.3216435	4.3213366e-10	242.90446496009827
201	-124.52033	80.42199	-28.311531	-382.29834	123.83871	-56.174156	5.69609	-23.297646	-64.77272	808000	-0.005647514	1727.2002	0.0	-78.642975	1.3013442	2.6822091e-09	243.98888897895813
202	-112.18251	70.79253	13.689281	-371.18356	123.09677	-56.307842	6.7894206	-2.0291953	-66.757454	812000	-0.015541792	1339.8628	0.0	-38.954224	1.3018064	6.854534e-10	245.08333826065063
203	-145.04495	98.84525	-1.7117549	-410.53156	129.03334	-55.923397	6.7627916	-49.281273	-67.04035	816000	-0.017069463	2431.724	0.0	-336.74622	1.3021085	7.4505807e-10	246.2151038646698
204	-102.28369	61.66892	-3.258064	-254.0721	132.7931	-59.898144	7.7990494	-49.87519	-71.38566	820000	-0.025739813	1272.6753	0.0	-278.56985	1.3058085	9.536744e-10	247.3799819946289
205	-122.75599	74.43584	-31.888718	-364.82138	124.83871	-49.381844	9.026199	-43.36493	-70.495415	824000	-0.004010677	1315.7722	0.0	-91.33771	1.2987182	-2.384186e-10	248.5302290916443
206	-108.027275	53.389854	19.715977	-247.23048	122.28125	-56.405136	9.485279	-46.255966	-72.0911	828000	-0.020507416	1187.4259	0.0	-111.076996	1.2984743	-7.3015693e-10	249.6621150970459
207	-107.12558	66.16143	53.82989	-265.49634	156.72	-47.842377	18.308897	4.227381	-71.30907	832000	-0.013253294	1657.6469	0.0	-179.33536	1.31159	8.34465e-10	251.6292760372162
208	-105.273926	45.529003	-27.717003	-222.70488	113.78788	-49.73313	9.727217	-42.967335	-71.059784	836000	-0.020280264	749.16547	0.0	-54.48993	1.2920572	2.9355287e-09	252.72401022911072
209	-106.130424	61.902218	4.980893	-219.49109	117.27273	-52.18347	11.04623	-43.314095	-71.695045	840000	-0.035743453	903.1525	0.0	-90.87381	1.296334	-8.791685e-10	253.80329012870789
210	-115.00306	71.26011	-0.19917151	-268.36655	129.83333	-57.589783	10.934492	-31.114882	-72.441986	844000	-0.01800432	1447.0035	0.0	-134.69653	1.2973857	1.2069941e-09	254.912535905838
211	-115.49811	68.073044	-9.212604	-348.74414	122.32258	-53.984547	11.156259	-3.0749903	-72.953896	848000	0.00062941667	1249.2397	0.0	-103.416504	1.2942796	1.1324883e-09	255.9969620704651
212	-110.03194	74.74875	-4.5374813	-413.55106	131.1	-53.724438	12.539557	8.621768	-75.2978	852000	-0.004856168	1734.2322	0.0	-162.84372	1.2926047	-9.983778e-10	257.12451219558716
213	-107.25764	101.375275	8.132665	-520.32306	125.3	-54.665085	11.674508	-4.1460323	-75.257545	856000	-0.016013697	2749.6323	0.0	-157.35541	1.2893255	2.2947788e-09	258.25224804878235
214	-98.23293	61.609188	-24.981663	-324.72018	119.15151	-52.099895	11.064775	-22.211893	-75.572395	860000	-0.036684588	929.0066	0.0	-200.35289	1.2902541	4.023314e-10	259.3909800052643
215	-99.28467	66.48354	-13.1868	-321.77533	126.870964	-54.029835	14.234942	-12.450534	-76.276825	864000	-0.019118873	1603.9104	0.0	-196.83191	1.2855837	5.5134297e-10	260.54400396347046
216	-105.82973	49.278965	-15.680197	-214.16205	134.2069	-47.574585	13.060414	-39.15779	-75.95764	868000	-0.037413917	868.6128	0.0	-147.54642	1.2880447	-4.6193602e-10	261.6632831096649
217	-111.501434	75.02679	24.54884	-317.79187	124.3871	-50.41308	13.210887	-39.097782	-75.853096	872000	-0.011316583	1116.1104	0.0	-136.06873	1.2842491	3.2782554e-10	262.77146315574646
218	-103.47532	78.303024	-21.741255	-331.37714	122.935486	-57.133537	14.386494	-29.80881	-77.66046	876000	-0.018134993	1651.6948	0.0	-94.035645	1.2840419	-4.1723253e-10	263.88183307647705
219	-118.68683	71.04059	-16.81258	-316.202	130.13792	-50.73571	14.0663395	-38.573174	-77.47422	880000	-0.027791448	1334.5623	0.0	-136.52438	1.2852781	-1.1026859e-09	265.0186562538147
220	-105.539635	86.40582	-14.4047575	-412.95337	132.0	-52.83465	13.63585	-38.961655	-78.27423	884000	-0.013545461	1744.06	0.0	-68.40039	1.2839664	9.834766e-10	266.14116406440735
221	-99.69849	70.05078	23.324759	-256.05746	129.73334	-50.493538	14.414594	-39.22917	-79.5335	888000	-0.02726061	976.91614	0.0	-46.915222	1.2790357	1.1920928e-10	267.25881695747375
222	-123.37707	79.69979	1.1775835	-362.24808	161.70833	-59.360867	16.69996	-38.728622	-79.28262	892000	0.01572518	2573.25	0.0	-841.77234	1.2966005	-3.72529e-10	269.04150223731995
223	-122.49858	85.2358	-7.66571	-392.70352	143.48148	-54.699272	15.935038	-33.981316	-78.53572	896000	-0.023382109	1796.2869	0.0	-125.49048	1.2812626	-1.1026859e-09	270.15085005760193
224	-99.68989	60.883106	-3.5909746	-254.68915	140.74074	-50.461876	14.178291	4.071413	-80.316246	900000	-0.012215899	1481.6255	0.0	-353.49008	1.2788129	0.0	271.2866930961609
225	-108.26588	72.64537	-3.819121	-288.9327	132.89655	-43.73887	13.372634	-13.923725	-79.98039	904000	-0.03318266	1178.21	0.0	-204.66168	1.2723899	-3.814697e-09	272.38853120803833
226	-103.69102	67.60101	-16.389894	-267.80127	136.24138	-51.602764	15.555541	-9.743076	-81.63156	908000	-0.0199425	1062.6531	0.0	-121.51547	1.2801647	4.917383e-10	273.5050001144409
227	-97.25628	73.19422	21.283798	-249.35129	142.96297	-50.573532	15.663959	-9.376612	-81.583694	912000	-0.02344992	1622.0659	0.0	-192.62518	1.2769725	-1.8924475e-09	274.6368238925934
228	-110.39121	75.75766	29.468369	-261.0622	127.23333	-43.282314	15.0275	-32.637566	-80.848236	916000	-0.029243493	1581.6073	0.0	-235.551	1.2728083	7.3015693e-10	275.7403869628906
229	-111.23591	71.66381	-34.42288	-290.88782	134.31035	-51.725815	16.278208	-34.811344	-82.860405	920000	-0.015269123	1260.514	0.0	-153.34564	1.2714543	-8.642674e-10	276.87451100349426
230	-86.366196	57.33616	5.6066556	-287.04572	144.07692	-51.728767	18.906569	-2.7772572	-83.64691	924000	-0.029255737	1900.8289	0.0	-446.86276	1.2803746	9.536744e-10	278.05794286727905
231	-122.47427	83.53025	-22.021276	-352.4527	130.6207	-42.980835	18.531693	-29.843412	-81.38418	928000	-0.026781693	1786.2385	0.0	-405.2598	1.2656093	6.2584876e-10	279.19353103637695
232	-85.8293	56.864525	-20.923265	-216.73128	124.3125	-54.334675	17.3792	-32.254745	-83.80182	932000	-0.046111584	901.1034	0.0	-202.9802	1.2712204	2.0861626e-09	280.31693816185
233	-127.07597	75.15452	8.717159	-348.19846	142.81482	-49.794132	20.413424	-30.141027	-82.99293	936000	-0.015779946	1142.7487	0.0	-83.70392	1.2701066	8.493662e-10	281.4475700855255
234	-99.455	64.7939	-19.26941	-359.1462	137.76	-52.583515	18.810999	-26.983986	-84.93715	940000	-0.016246393	1871.396	0.0	-518.1786	1.2774539	-7.301568e-10	282.7956819534302
235	-100.165764	57.711105	3.2252498	-261.53827	142.74074	-42.216778	17.656502	-4.392427	-82.92288	944000	-0.030695029	732.64856	0.0	-96.13844	1.2686813	6.8545347e-10	283.9388680458069
236	-97.27494	71.5055	-10.785996	-348.55173	144.07692	-45.589405	17.529732	-22.014027	-83.61328	948000	-0.006860696	947.0269	0.0	-96.16191	1.2715902	7.450579e-11	285.1138379573822
237	-91.62477	71.72902	34.31402	-286.54794	125.96154	-45.940193	20.425117	-6.0172358	-84.87641	952000	-0.024294164	1395.5503	0.0	-304.11478	1.2766247	1.3560058e-09	286.51536297798157
238	-89.08447	55.4194	-9.773958	-232.9948	145.26923	-40.333015	20.045273	-20.156952	-85.0112	956000	-0.025471076	852.19525	0.0	-79.10214	1.2661593	-9.685754e-10	287.7434079647064
239	-107.596664	75.45363	-12.89209	-262.3734	136.17857	-39.214214	22.92799	-10.817309	-84.85843	960000	-0.013730444	1775.7455	0.0	-267.74744	1.2573538	1.1622906e-09	288.9718990325928
240	-73.422226	47.01094	25.455526	-210.46353	172.0	-40.557	18.500143	-11.31365	-85.95558	964000	-0.027117312	817.82916	0.0	-320.12878	1.2845557	-7.301569e-10	291.04702615737915
241	-91.6078	66.60096	-5.249101	-294.84442	165.26086	-33.29042	18.375902	5.9128995	-85.85887	968000	-0.028181685	1522.3491	0.0	-124.22272	1.2683027	-1.6242265e-09	292.39957308769226
242	-85.18029	54.797462	-0.8149971	-251.81068	131.0	-32.1604	19.929068	-10.9617815	-86.39793	972000	-0.020548083	887.7043	0.0	-245.73738	1.2570138	2.041459e-09	293.52002716064453
243	-109.71885	77.646225	18.059387	-292.79575	136.75	-44.42705	21.076603	-7.054265	-87.21169	976000	-0.014766134	1377.7917	0.0	-276.32526	1.253727	-3.3974648e-09	294.6324541568756
244	-98.63321	63.021694	-7.2719107	-239.21245	142.73077	-48.31796	23.51332	-12.606199	-88.52061	980000	-0.03890855	781.3418	0.0	-142.18994	1.264539	1.7285348e-09	295.77173709869385
245	-96.3382	69.78101	26.284138	-271.91418	130.96	-43.132717	20.464127	-12.515897	-88.698555	984000	0.0054559372	1225.2562	0.0	-132.16092	1.2706466	0.0	297.3602578639984
246	-77.63427	67.07822	23.563246	-248.7957	174.13637	-41.217888	21.839714	-1.1184974	-89.77821	988000	-0.007987637	1291.8787	0.0	-478.16205	1.2698032	-5.066395e-10	299.2294170856476
247	-101.570076	60.550232	-5.1162624	-218.60655	132.24138	-40.270397	21.630919	0.07792592	-89.8737	992000	-0.032443833	1284.8829	0.0	-208.40509	1.256297	1.3411039e-10	300.34132504463196
248	-113.83594	74.616104	-26.42355	-294.77036	138.96297	-47.741417	16.065868	-19.087257	-89.06099	996000	-0.013136417	1227.2946	0.0	-314.50156	1.2466669	2.0563602e-09	301.49770998954773
249	-88.70391	60.277016	-14.988633	-249.7611	128.66667	-50.77381	24.301489	-15.683997	-91.11449	1000000	-0.022006154	1034.9797	0.0	-192.93527	1.2518923	7.599592e-10	302.62487602233887
250	-104.71549	73.909904	1.6665096	-269.21268	146.73077	-44.95299	19.553596	-18.34495	-91.32486	1004000	-0.03508554	932.2022	0.0	-140.19931	1.2543149	4.4703463e-11	303.77900314331055
251	-56.17903	48.63688	45.6215	-161.34349	133.0	-50.311928	21.485512	-15.992499	-93.0339	1008000	-0.038294524	1525.0775	0.0	-581.57043	1.2533152	2.5182962e-09	304.9209420681
252	-71.9725	57.753006	5.7727003	-216.4869	137.53572	-31.001905	19.630104	-10.497818	-90.82614	1012000	-0.036513343	893.9595	0.0	-143.7622	1.2517718	-8.195638e-10	306.0651319026947
253	-69.990204	57.97099	8.000128	-232.79733	139.07408	-36.603775	21.810764	-12.109941	-92.00157	1016000	-0.051528335	717.1094	0.0	-39.795563	1.250314	1.0281801e-09	307.2115650177002
254	-77.56562	68.74516	4.3696446	-271.5627	143.33333	-36.567978	21.91831	-10.363333	-91.77589	1020000	-0.034157317	1324.177	0.0	-197.50677	1.2450635	-2.5331974e-09	308.3543221950531
255	-87.83597	59.64224	21.85555	-227.81598	153.28572	-37.71357	20.478228	-10.39243	-92.39778	1024000	-0.014928997	1484.9746	0.0	-510.55478	1.2609372	2.6822092e-10	309.67506289482117
256	-104.268616	75.1676	14.626812	-265.89502	140.25	-30.701141	19.329193	4.965207	-91.274796	1028000	-0.022016782	1743.0631	0.0	-567.1423	1.2436527	2.384185e-10	310.81028485298157
257	-86.31443	59.866375	6.8676505	-219.7329	139.64285	-43.45419	21.60498	-11.694677	-93.98007	1032000	-0.021529779	866.11945	0.0	-116.476776	1.2427429	-1.4901158e-10	311.95570182800293
258	-85.206474	70.41932	6.977131	-324.19876	145.14815	-45.3382	21.524652	-12.317254	-94.14179	1036000	-0.016581975	1025.2444	0.0	-130.90894	1.2489326	-7.1525574e-10	313.1188180446625
259	-112.184685	81.85454	24.864355	-310.50266	149.61539	-48.91612	25.631344	-10.015512	-94.61763	1040000	-0.034294672	1354.9202	0.0	-210.3855	1.2350035	1.0579824e-09	314.28300499916077
260	-91.680954	57.47548	-21.587423	-256.47452	135.5	-38.675186	20.61222	-10.374849	-96.12486	1044000	-0.027133286	818.84485	0.0	-200.44173	1.2437863	1.1324882e-09	315.42516112327576
261	-87.977486	73.68974	26.047928	-278.43857	143.08333	-44.95273	24.691786	-11.927751	-97.17778	1048000	-0.025071815	1932.868	0.0	-279.74866	1.2505578	-1.1473894e-09	316.80400800704956
262	-69.02575	46.03172	29.654936	-166.6781	139.25	-40.88317	22.513456	-9.226962	-96.10813	1052000	-0.031215599	893.2071	0.0	-146.52875	1.2368627	-2.0861624e-10	318.0267732143402
263	-88.279015	42.753014	-20.657318	-178.3064	138.07143	-30.850447	18.14155	-8.970911	-95.60109	1056000	-0.042722926	820.08777	0.0	-264.82233	1.2369184	2.533197e-10	319.2005841732025
264	-76.77256	48.982574	31.781101	-167.15198	144.2963	-46.80191	20.650112	-12.338153	-96.27823	1060000	-0.043796755	1026.035	0.0	-285.34177	1.2499173	-1.0132789e-09	320.38059997558594
265	-83.65422	60.480347	-2.6246977	-216.7802	153.11539	-36.865078	21.695616	-5.254678	-95.07013	1064000	-0.011620685	1204.2258	0.0	-194.29608	1.2474558	8.046627e-10	321.67851305007935
266	-92.49232	72.78922	-9.411767	-257.21735	147.15384	-36.427124	24.733568	-3.8253524	-97.382835	1068000	-0.02138105	1108.6483	0.0	-226.48962	1.2358565	-2.0861626e-10	322.8711049556732
267	-84.59846	55.55755	-8.916269	-201.5302	144.33333	-40.49692	25.888298	-5.530343	-99.68006	1072000	-0.03724937	673.73535	0.0	-102.01633	1.2426512	0.0	324.05763006210327
268	-67.19162	48.878685	4.087608	-214.17659	157.08333	-37.554634	23.869589	-4.1238127	-99.25789	1076000	-0.025957732	830.42615	0.0	-234.49211	1.2453651	-3.8743014e-10	325.2129371166229
269	-77.75974	63.126987	1.6321464	-259.77512	159.95833	-32.964283	23.573845	-4.1354914	-98.55776	1080000	-0.042145208	961.89636	0.0	-162.92773	1.2443278	7.599592e-10	326.5621979236603
270	-75.61301	53.813354	25.722221	-216.59518	147.18518	-35.71143	22.018623	-3.7194328	-99.29146	1084000	-0.051438086	741.0629	0.0	-166.7102	1.2329022	-8.1956386e-10	327.7236981391907
271	-59.401653	54.81396	48.56281	-190.2506	165.91667	-44.75383	29.458603	-5.3276052	-100.48498	1088000	-0.02799289	1940.1399	0.0	-1172.2699	1.2472961	5.215406e-10	329.68468403816223
272	-67.218346	34.07022	-17.57597	-138.67757	146.2381	-36.060104	23.605425	-2.3967752	-98.23043	1092000	-0.026534691	1152.9377	0.0	-518.281	1.2525856	-7.0035455e-10	331.36909198760986
273	-56.45836	46.197845	0.27165818	-156.54544	152.08	-24.203718	16.73191	5.0146365	-91.990166	1096000	-0.03279479	839.8756	0.0	-91.627304	1.237654	-3.2782554e-10	332.6400830745697
274	-76.81407	59.346653	16.80857	-246.83313	141.48148	-28.44037	24.232908	-2.4012396	-96.73562	1100000	-0.0297237	1186.4954	0.0	-295.91342	1.2179939	2.0861624e-10	333.82832503318787
275	-58.060158	54.126083	-1.2567748	-232.6133	151.88461	-35.944237	24.901045	-2.5710652	-100.00067	1104000	-0.058616262	616.1435	0.0	-187.94328	1.2327307	2.0116566e-09	335.0005989074707
276	-72.31231	49.965908	-4.585403	-201.39629	160.83333	-28.160503	27.372759	-1.7004423	-97.09951	1108000	-0.06544039	521.18176	0.0	-140.65793	1.2312684	8.1956386e-10	336.19399404525757
277	-55.558678	60.70243	38.625443	-277.62772	150.68	-37.666157	23.061981	-2.3962944	-101.05463	1112000	-0.055467546	1175.8011	0.0	-471.28244	1.2200584	2.682209e-10	337.39598393440247
278	-72.38606	67.89534	26.647005	-234.72897	193.3	-31.520868	27.47183	11.10282	-101.46432	1116000	-0.020276964	1487.4298	0.0	-582.2599	1.2423152	1.9818545e-09	339.4476041793823
279	-64.6396	61.88498	11.591922	-235.70392	163.25	-27.842415	20.894958	4.6652293	-96.665276	1120000	-0.025629416	1008.1461	0.0	-163.871	1.230412	1.7285346e-09	340.92369198799133
280	-64.633255	74.69743	26.707493	-237.30482	152.72	-27.373533	21.421604	3.7689285	-101.08215	1124000	-0.031993255	945.39453	0.0	-185.83992	1.219502	1.937151e-10	342.1356120109558
281	-61.001373	86.67463	35.568176	-349.15204	178.47368	-29.69118	24.5218	32.506386	-101.85559	1128000	-0.014695339	1536.9993	0.0	-344.25607	1.225528	-4.61936e-10	343.72648215293884
282	-92.28458	65.05696	36.9653	-251.9429	173.3158	-24.324192	25.055296	5.0072365	-102.317444	1132000	-0.020947559	1734.0469	0.0	-408.9925	1.2354996	5.215406e-10	345.12502789497375
283	-70.02163	72.053246	52.38487	-222.53915	156.25	-28.811586	19.508873	7.3799715	-100.33628	1136000	-0.007659763	1415.5482	0.0	-597.86096	1.2152451	-1.6987325e-09	346.3244278430939
284	-117.96871	97.49102	1.3990054	-365.51334	157.96	-31.31061	26.234863	13.125091	-101.367905	1140000	-0.010444909	2023.5017	0.0	-825.1969	1.198484	-1.1324883e-09	347.51200103759766
285	-65.35076	39.02945	-9.629128	-139.54599	154.125	-43.5255	22.69071	-1.277853	-105.523575	1144000	-0.044404134	985.5947	0.0	-425.35315	1.2082933	1.6242265e-09	348.68135690689087
286	-75.00339	70.70081	13.293976	-328.5265	150.6	-27.56436	24.24301	2.2782795	-103.472275	1148000	-0.023254894	1174.2694	0.0	-387.04987	1.2054119	3.2782554e-10	349.874666929245
287	-79.6374	58.19453	0.485245	-237.90549	161.69565	-37.638798	25.739254	0.75342226	-104.150856	1152000	-0.034394026	953.1297	0.0	-203.22903	1.2131612	3.1292438e-10	351.12318301200867
288	-56.115368	52.67351	33.471848	-188.15689	168.72728	-31.608252	23.80831	1.0748742	-104.19055	1156000	-0.03529243	514.06464	0.0	-121.559265	1.2151601	-2.1904707e-09	352.47009205818176
289	-61.04692	44.802258	-5.2842555	-181.51733	150.5	-24.068922	23.491877	1.0775611	-105.357765	1160000	-0.04687821	579.2007	0.0	-88.91237	1.2100946	-1.937151e-10	353.665274143219
290	-71.58577	58.45162	6.704355	-230.47087	155.52942	-38.656822	27.32734	4.3083887	-106.31589	1164000	-0.010013968	1669.1316	0.0	-480.99744	1.2344702	3.3229588e-09	355.5735740661621
291	-85.93967	87.27791	25.48306	-375.16837	197.1	-29.945168	23.310709	20.064102	-97.3003	1168000	-0.010753825	1814.4646	0.0	-635.18726	1.2274697	5.5134297e-10	357.5331811904907
292	-74.68536	64.59674	4.6170382	-245.629	155.72	-33.642372	22.070372	-0.37765408	-100.52447	1172000	-0.036373314	593.2732	0.0	-123.370636	1.2001898	-8.9406965e-10	358.73400807380676
293	-57.411884	43.531128	10.130154	-190.32674	150.32	-27.29405	22.4248	6.297467	-102.039536	1176000	-0.051728796	492.9781	0.0	-89.85243	1.197006	0.0	359.9229609966278
294	-90.06909	78.43921	19.085892	-283.14413	175.0	-31.015676	24.107716	14.968223	-100.98539	1180000	-0.015042588	1340.885	0.0	-306.1298	1.2052639	1.013279e-09	361.33269214630127
295	-62.979473	85.98528	34.52204	-335.39197	207.33333	-28.941303	22.820314	30.681604	-101.07057	1184000	-0.039036214	1309.7645	0.0	-313.82684	1.2110405	4.4703483e-10	363.62701511383057
296	-49.826828	42.6325	-10.545507	-188.92126	228.93333	-20.548613	18.820965	24.907343	-98.929825	1188000	-0.041278593	700.4192	0.0	-221.01495	1.2236077	7.3015693e-10	366.1654360294342
297	-39.14101	54.612103	57.201336	-177.81384	155.16667	-15.43838	23.829435	23.042995	-101.00549	1192000	-0.038983893	1184.3145	0.0	-376.6987	1.1885753	-2.667308e-09	367.362263917923
298	-62.304756	44.39041	12.037094	-178.21371	156.05	-24.422115	23.039278	8.056845	-102.10624	1196000	-0.016375698	800.55804	0.0	-150.01584	1.2083014	-8.642673e-10	369.11687302589417
299	-65.63009	66.87908	21.390842	-249.66252	297.5	-25.965014	17.682293	16.8147	-99.79136	1200000	-0.029687066	1223.1887	0.0	-409.6484	1.2482731	-2.4437905e-09	371.5909011363983
300	-43.201336	40.368687	15.070416	-154.22504	217.11765	-10.493187	19.807837	22.217726	-90.45801	1204000	-0.029103905	630.4942	0.0	-141.51553	1.224228	1.9669533e-09	373.4141900539398
301	-66.7316	52.18685	28.917805	-192.54106	233.61539	-17.765684	21.700087	20.29877	-91.98072	1208000	-0.031495683	938.74	0.0	-345.4724	1.2390981	5.215407e-10	375.61714124679565
302	-42.138313	49.400635	74.47803	-177.67395	148.57692	-21.20759	19.88095	6.018902	-106.00846	1212000	-0.07157575	752.91095	0.0	-231.90073	1.1853375	1.66893e-09	376.7772240638733
303	-48.49837	64.21359	62.765194	-194.66788	168.52174	-22.418772	25.64334	18.22145	-102.59756	1216000	-0.045626834	1150.9203	0.0	-473.62305	1.1866727	3.72529e-10	377.9689619541168
304	-70.425	106.96535	33.12867	-468.5798	186.04762	-18.511292	26.154417	22.05721	-104.09788	1220000	0.007576396	2133.747	0.0	-498.76514	1.197027	-5.960463e-11	379.2654502391815
305	-61.868313	72.33744	7.0661254	-334.96912	169.45454	-29.766438	29.898321	17.41285	-107.41719	1224000	-0.025582884	865.13446	0.0	-177.32388	1.1848376	9.23872e-10	380.4500880241394
306	-41.94481	55.423702	38.587246	-153.74745	190.05882	-34.578953	31.146038	21.31217	-109.416374	1228000	-0.014570484	1853.7334	0.0	-865.56824	1.203872	-2.8312208e-10	381.9019989967346
307	-84.550255	92.95209	4.76636	-278.9375	246.46666	-19.503357	24.995827	18.806067	-105.54987	1232000	0.0047498904	1751.1646	0.0	-375.44626	1.2142856	-5.6624416e-10	383.98424220085144
308	-46.17034	76.41077	77.726	-235.34233	210.5	-22.128742	23.274963	23.498447	-109.331635	1236000	-0.018543523	1354.7351	0.0	-297.90955	1.2089553	-1.475215e-09	386.06725811958313
309	-39.30154	46.704174	32.956608	-122.29462	211.55556	-12.353123	20.691887	22.527048	-102.96376	1240000	-0.035624348	726.9713	0.0	-207.53647	1.1992993	-1.4901161e-09	388.07252383232117
310	-83.12742	79.28251	65.166794	-223.2801	183.14285	-21.566917	22.40486	15.39056	-109.97327	1244000	-0.019740626	1321.0771	0.0	-429.05692	1.1786649	1.7285346e-09	389.55018615722656
311	-23.274204	47.90283	60.11462	-123.60963	275.2857	-45.403572	26.749813	12.301487	-110.43302	1248000	-0.025199188	2393.7207	0.0	-1659.0032	1.2306042	-2.9802327e-11	391.77433800697327
312	-67.666504	82.23396	31.707987	-340.95142	172.5	-9.785228	20.905575	19.823473	-103.460144	1252000	0.00227548	1480.8169	0.0	-574.6044	1.1981788	-8.642673e-10	393.5148961544037
313	-67.44513	73.1373	12.774897	-295.34427	180.55	-31.144087	23.768713	6.4876337	-110.52677	1256000	-0.026181588	957.62476	0.0	-213.9403	1.1765621	-7.450579e-11	394.82151317596436
314	-59.986614	42.468174	-2.4278936	-160.39818	225.64706	-28.229641	26.334305	5.050724	-111.537254	1260000	-0.02775292	753.5518	0.0	-170.08188	1.2039931	6.705523e-10	396.6109972000122
315	-53.913227	52.799847	5.687133	-211.27997	203.57895	-19.127825	21.318754	12.568859	-109.84684	1264000	-0.036504015	991.7002	0.0	-248.86932	1.1913848	-2.041459e-09	398.0552749633789
316	-42.88818	62.937943	89.6831	-153.73015	212.94444	-19.775461	22.259748	20.472252	-107.767494	1268000	-0.01917009	963.63477	0.0	-197.61938	1.1983063	2.8461218e-09	399.93160581588745
317	-62.045815	52.745026	11.686712	-177.10661	196.57895	-20.168364	22.281277	27.947594	-105.2622	1272000	-0.038439367	606.8986	0.0	-143.30559	1.1861322	1.7732382e-09	401.1740300655365
318	-54.3603	63.18278	31.367746	-218.2712	175.04762	-21.815723	25.403385	15.300171	-110.12305	1276000	-0.013656214	589.56165	0.0	-197.62253	1.1790885	1.5050173e-09	402.39426612854004
319	-44.550495	67.79325	28.968214	-221.93056	174.05263	-30.714745	32.265705	13.970655	-114.78419	1280000	-0.023747481	1301.1492	0.0	-437.07724	1.1880646	1.2218953e-09	403.78578305244446
320	-26.549406	36.128456	44.512245	-93.6769	220.29411	-16.268122	23.201067	16.624586	-105.656845	1284000	-0.007949851	540.58527	0.0	-175.70947	1.1988757	-1.937151e-10	405.7464921474457
321	-32.380466	51.989254	42.64413	-143.80069	242.1875	-15.618816	22.633787	23.638395	-113.62	1288000	0.0001616776	1238.5039	0.0	-390.44986	1.2042962	1.4305115e-09	407.821524143219
322	-45.99862	63.04463	37.31785	-170.52074	183.9375	-15.455525	24.222857	41.464607	-111.319016	1292000	-0.0018506423	839.2261	0.0	-269.66177	1.1900665	8.791685e-10	409.8800082206726
323	-51.913803	34.311443	5.428296	-134.79973	216.4	-10.137244	20.922228	28.932117	-94.55188	1296000	-0.053526837	862.1193	0.0	-201.19531	1.1974971	-1.2069941e-09	411.696191072464
324	-63.26481	57.43011	-0.531857	-221.21797	158.9	-16.054335	21.099443	21.632881	-112.885254	1300000	-0.019886069	1101.8514	0.0	-264.40344	1.1763898	1.0877848e-09	413.11101508140564
325	-33.435738	78.77897	37.91627	-269.1431	197.9	-17.725168	22.108624	30.915184	-116.00951	1304000	-0.039206155	1249.008	0.0	-486.70844	1.1838746	5.066395e-10	415.18993401527405
326	-52.8301	48.441505	12.41881	-142.4697	228.93333	-19.821138	27.53092	43.83067	-111.01079	1308000	-0.046553116	1398.9366	0.0	-458.06436	1.1951039	-1.9818545e-09	416.8329510688782
327	-47.318016	87.616234	48.623203	-322.73846	251.2	-17.230793	25.506907	21.93251	-116.13878	1312000	-0.00051142275	1240.2095	0.0	-148.69336	1.1943829	-1.1920929e-09	419.372456073761
328	-23.898838	62.295723	48.150986	-160.57758	175.14285	-19.738304	25.976583	19.243912	-96.357445	1316000	-0.055665478	528.3651	0.0	-221.94556	1.1783214	1.4156103e-09	420.63363003730774
329	-48.593395	61.802505	22.207798	-223.62659	227.0	-19.621029	28.750061	19.834297	-112.16494	1320000	-0.022538848	966.68427	0.0	-272.57025	1.1819098	-1.6093253e-09	422.6547381877899
330	-27.716276	45.557983	42.78186	-93.70665	288.46155	-22.815998	22.782764	21.188093	-117.04399	1324000	-0.048960518	1038.4688	0.0	-494.10696	1.214108	2.0712614e-09	424.8853380680084
331	-20.99731	47.62785	42.711582	-131.04813	182.29411	-9.209272	17.658297	43.45887	-90.91815	1328000	-0.03732887	927.6852	0.0	-271.83	1.184994	1.92225e-09	426.5059230327606
332	-31.51518	30.48053	23.205776	-79.00791	219.0625	-12.7158165	21.541626	42.30831	-105.36509	1332000	-0.031395666	538.9572	0.0	-166.27856	1.1969757	-8.1956386e-10	428.2886691093445
333	-41.22598	47.56922	27.065401	-127.726685	244.71428	-18.051727	22.270636	38.18982	-106.929245	1336000	-0.007991642	759.5565	0.0	-248.92816	1.1896945	2.8312205e-10	430.4442479610443
334	-54.049343	67.30376	39.87331	-197.58812	214.6	-15.7398615	19.823858	22.591143	-110.34137	1340000	-0.033989355	1231.0306	0.0	-345.6244	1.1936136	-3.129244e-10	432.3390030860901
335	-25.917103	37.341656	17.282402	-142.51047	209.93333	-17.594915	23.862196	21.785885	-100.4563	1344000	-0.012210071	1186.7736	0.0	-608.3104	1.2002785	-1.9818545e-09	434.7199158668518
336	-51.564636	63.022476	32.691185	-217.5472	211.33333	-6.7658935	18.420376	31.515831	-86.440414	1348000	-0.0316405	1049.4543	0.0	-447.49872	1.1847181	-1.6987324e-09	436.37492394447327
337	-34.124687	43.387047	20.375202	-100.311264	288.875	-17.506067	18.31433	26.462912	-99.22673	1352000	-0.027903747	824.4561	0.0	-238.84477	1.2251527	-1.3858079e-09	438.8628499507904
338	-57.367958	85.125824	51.466885	-294.62296	293.92307	-8.391747	18.947367	32.34713	-108.50077	1356000	-0.018005501	1339.8556	0.0	-420.79926	1.2133449	-4.4703463e-11	440.91620898246765
339	-34.153473	50.818012	30.114153	-183.02074	317.0	-14.53518	20.067905	23.157246	-105.12205	1360000	-0.022643324	617.03546	0.0	-110.65114	1.2164819	-1.5497207e-09	443.3555660247803
340	-59.890675	71.30788	25.140856	-237.94418	177.81818	-13.306732	25.905602	26.17114	-116.336105	1364000	-0.03886449	1119.4553	0.0	-542.4496	1.1460156	5.6624416e-10	444.63851499557495
341	-47.91838	38.560173	15.472067	-113.83582	276.54544	-33.73202	28.937765	12.786772	-121.398735	1368000	-0.017179355	1497.8519	0.0	-706.84045	1.2182758	2.2351741e-10	447.0533490180969
342	-40.577023	50.91727	49.398815	-176.04315	196.5	-13.228706	23.12752	28.070045	-116.82702	1372000	-0.060851254	842.26764	0.0	-207.48062	1.1671019	7.3015693e-10	448.39955711364746
343	-30.07654	57.29755	65.658134	-122.659065	318.9091	-16.678907	18.419048	16.446663	-114.32531	1376000	-0.031705964	845.21155	0.0	-178.92786	1.2093444	7.1525574e-10	450.60822892189026
344	-35.33898	41.752106	17.28216	-128.55107	244.125	-9.827955	23.983713	23.114655	-105.2704	1380000	-0.0464861	673.0936	0.0	-197.60509	1.1835591	1.1473894e-09	452.59474301338196
345	-48.320763	59.255173	40.877163	-150.44699	254.85715	-14.502876	27.053427	33.785805	-114.727295	1384000	-0.059997533	1253.7202	0.0	-504.16537	1.1796594	1.0877848e-09	454.1740610599518
346	-58.980835	55.691708	15.924256	-210.6958	264.14285	-18.104296	28.96983	38.984825	-110.65002	1388000	-0.006771583	680.964	0.0	-200.05125	1.1804273	1.6242265e-09	456.53668904304504
347	-27.262405	42.293983	31.086317	-102.812035	252.6	-18.84964	20.653454	21.689215	-100.26854	1392000	-0.012852028	953.24194	0.0	-407.37756	1.205689	-2.95043e-09	459.5685701370239
348	-29.192293	48.48796	30.685518	-134.58537	249.53334	-6.9727182	20.95337	45.362427	-94.8293	1396000	-0.018666193	1058.0013	0.0	-393.41956	1.1748624	0.0	461.89198207855225
349	-67.1066	71.8859	25.226292	-207.92238	247.6923	-14.335543	23.850845	29.97364	-116.540474	1400000	-0.045002047	1102.4866	0.0	-268.23996	1.1665081	7.450581e-10	464.06494402885437
350	-18.024683	53.18888	42.189186	-146.56155	273.25	-23.033691	25.688065	27.11878	-108.89613	1404000	-0.033435427	762.0183	0.0	-405.90076	1.2060945	-1.1175871e-09	466.4041950702667
351	-41.39846	70.28299	40.39472	-252.40443	254.26666	-4.5285606	23.522202	46.7341	-84.75201	1408000	0.005708877	1260.3073	0.0	-404.95526	1.1728034	2.115965e-09	468.8622748851776
352	-54.79833	54.858154	27.510326	-157.42313	193.7	-8.792504	22.126757	34.605797	-108.75528	1412000	-0.045975495	1075.6256	0.0	-452.34906	1.1556263	-4.1723253e-10	470.3604130744934
353	-12.103949	47.120625	52.90941	-121.636826	215.52942	-29.208733	31.363573	19.926897	-119.9744	1416000	-0.039365895	1116.8434	0.0	-642.3181	1.1727258	2.8759242e-09	472.4816119670868
354	-49.332863	68.14018	37.56247	-218.9342	191.15	-6.9748416	25.409826	37.403732	-108.2428	1420000	-0.035216384	883.92346	0.0	-306.02338	1.139015	7.0035455e-10	473.7421841621399
355	-7.841459	40.165405	42.915108	-66.79577	524.7143	-28.83129	24.04586	17.519814	-114.28776	1424000	-0.013654195	1293.8274	0.0	-881.72217	1.2149545	1.341105e-10	476.85037899017334
356	-74.29384	76.08131	19.035835	-220.89345	219.9	-7.185503	23.807592	44.673096	-98.91379	1428000	0.029315982	1306.3427	0.0	-462.30896	1.1943429	-1.6391277e-10	479.0026321411133
357	-38.512306	54.636707	32.086212	-203.53268	228.75	-17.108206	25.874516	31.25581	-121.47572	1432000	-0.016817473	796.0851	0.0	-381.07736	1.1632404	-2.0861624e-10	481.24791407585144
358	-33.61064	57.957867	32.984215	-192.44815	355.1	-26.045216	25.640095	28.911894	-114.35602	1436000	-0.00676452	1553.8091	0.0	-924.4867	1.2021779	2.0563602e-09	483.75999999046326
359	-38.514965	56.22874	55.792084	-144.15904	236.0	-6.725406	27.15487	31.611126	-114.83528	1440000	-0.016210483	1063.9556	0.0	-289.98923	1.1799433	-1.1920928e-10	485.58235001564026
360	-35.717564	76.691505	44.36831	-269.6603	303.83334	-11.47226	24.770983	31.632114	-118.59046	1444000	0.007266082	1197.1919	0.0	-751.24243	1.1777639	7.897616e-10	487.6830801963806
361	-29.846558	46.12813	39.4116	-106.25809	339.81818	-28.165974	34.67417	31.536158	-123.156586	1448000	-0.02566988	1487.2004	0.0	-982.391	1.199847	-1.4901161e-09	489.9912328720093
362	-69.89103	99.714966	10.341698	-341.28232	341.72726	-8.664312	24.23342	52.99003	-115.273994	1452000	0.018065061	1866.6987	0.0	-834.6462	1.180647	-1.7434358e-09	492.485258102417
363	-33.006184	83.35219	61.385532	-300.33862	242.6	-21.333511	19.504343	5.622408	-117.9254	1456000	-0.055094358	1275.5771	0.0	-364.9812	1.1705918	1.1771918e-09	494.9620509147644
364	-62.238403	70.28281	74.74061	-223.96288	299.58334	-19.841555	25.59952	26.026894	-120.27707	1460000	-0.0149756	981.4247	0.0	-213.22849	1.187738	-1.8924475e-09	496.97403717041016
365	-18.0638	54.16662	34.10635	-115.53504	353.33334	-12.684885	15.901977	25.061005	-112.347946	1464000	-0.022464376	970.68396	0.0	-234.79144	1.2180004	-5.215407e-10	499.34376788139343
366	-31.572695	53.500206	19.737183	-203.5482	249.42857	-9.5853815	19.235765	30.139585	-110.332016	1468000	-0.028055124	968.6123	0.0	-338.97418	1.1802363	-2.9802272e-11	501.7153160572052
367	-21.187	48.31825	48.28571	-173.40244	171.14285	-5.244198	25.249842	42.31189	-107.23266	1472000	-0.029690053	518.0988	0.0	-158.83824	1.1361747	4.768372e-10	502.99221897125244
368	-41.565166	44.904865	41.054436	-160.59164	181.94444	-18.306547	27.07263	30.249826	-114.670395	1476000	-0.01698494	590.3065	0.0	-102.20007	1.1525669	3.054738e-09	504.5974860191345
369	-25.79994	43.921654	43.290382	-105.4219	297.45456	-16.475746	23.357748	32.048805	-116.07584	1480000	-0.058709927	1179.3611	0.0	-473.70865	1.1998217	8.791685e-10	507.45599913597107
370	-29.876608	53.10061	23.91964	-196.0796	246.66667	-3.409709	20.568724	34.083923	-101.08242	1484000	0.009571545	784.64514	0.0	-460.46613	1.1664374	-2.115965e-09	510.3066110610962
371	-59.727585	82.57944	24.976751	-291.75217	239.07692	-14.476287	25.488783	35.08856	-114.52765	1488000	-0.060290586	1399.4557	0.0	-529.27466	1.1674137	-3.606081e-09	512.1158182621002
372	-12.441301	38.711777	46.09842	-78.61664	249.92308	-8.342618	22.120026	37.850906	-103.54505	1492000	-0.024821104	743.67505	0.0	-276.5103	1.1723837	5.662441e-10	514.3848302364349
373	-14.269313	35.9369	41.870304	-75.30576	174.64706	-2.6337066	23.780785	48.14363	-98.776726	1496000	-0.04251483	464.5412	0.0	-157.99913	1.1518924	-1.7732382e-09	516.5252981185913
374	-52.75163	66.098915	1.5721402	-199.89246	478.125	-13.619698	17.513008	32.87745	-83.077126	1500000	-0.036332905	723.20667	0.0	-282.69513	1.213066	7.0035455e-10	519.4329800605774
375	-19.17609	51.396637	38.162426	-162.79024	214.90909	-7.1211877	27.56481	48.194714	-111.46673	1504000	-0.0098546855	602.079	0.0	-140.05498	1.1796477	1.1622906e-09	521.3324420452118
376	-38.63244	44.257343	18.585752	-162.77446	182.61111	-7.529373	30.614557	39.855694	-115.33481	1508000	-0.029017963	733.06445	0.0	-253.48894	1.1380264	-3.5762787e-10	522.883672952652
377	-26.923101	69.00349	62.31721	-186.01988	227.93333	-17.596355	28.282988	30.229025	-114.444305	1512000	-0.042976294	890.9938	0.0	-380.2336	1.1497202	-8.791685e-10	524.428869009018
378	-31.431131	74.062935	47.134296	-230.64099	211.11111	-13.477256	34.65592	37.936142	-117.746124	1516000	-0.03343752	887.01685	0.0	-292.30835	1.1260206	-1.5348196e-09	526.1794610023499
379	-64.6232	69.69322	12.305849	-187.42491	352.55554	-25.214602	25.787	24.996069	-117.56746	1520000	-0.02358174	981.9932	0.0	-373.13507	1.1976621	-1.9818545e-09	528.797602891922
380	-14.431837	36.07146	35.146942	-90.91583	245.8	-11.41027	24.404865	33.24786	-103.320076	1524000	-0.035509896	599.9971	0.0	-181.03476	1.1615872	2.384186e-10	531.6248030662537
381	-22.36961	56.10843	41.18129	-160.54489	341.6	-6.6414933	24.878708	32.161304	-101.22399	1528000	-0.01976164	674.5103	0.0	-162.17459	1.1870874	2.6822095e-10	533.8846750259399
382	-43.07472	68.63726	33.821247	-210.14082	198.91667	-7.480711	24.405697	30.360199	-121.913414	1532000	-0.019432278	624.78265	0.0	-171.87212	1.1702986	-2.2351741e-10	535.7517249584198
383	-13.399099	30.95849	33.023872	-60.535225	311.8	-15.535847	21.525772	25.133383	-108.98009	1536000	-0.02502592	522.4053	0.0	-255.20872	1.2027379	2.9802322e-10	538.4328181743622
384	-40.816723	71.19984	22.371267	-237.46707	258.4	-3.7979949	23.456377	31.178583	-123.62193	1540000	-0.02709397	1301.0024	0.0	-496.57437	1.1646392	-4.1723253e-10	540.5940210819244
385	-5.3807716	38.341923	65.86655	-64.40234	319.5	-21.192741	24.869446	28.625568	-126.309425	1544000	-0.02497105	794.4663	0.0	-451.3606	1.1909833	1.1324881e-09	543.1573469638824
386	-61.31292	77.58906	12.027886	-211.98691	497.2	-14.847763	27.726051	46.874626	-118.11991	1548000	-0.013557062	1193.7793	0.0	-741.4612	1.2029102	-1.296401e-09	546.0778510570526
387	-1.6222517	57.780884	59.76088	-176.93326	271.07144	-2.7133112	22.947485	56.791237	-120.615005	1552000	-0.040759526	870.9719	0.0	-263.14368	1.162076	-1.6391277e-10	548.7449922561646
388	-39.247917	58.426376	38.987053	-231.58862	240.875	-4.805927	22.306751	51.488266	-116.201965	1556000	0.002289243	984.9211	0.0	-406.45654	1.153841	-9.387732e-10	550.4706280231476
389	-26.356403	32.374607	18.521578	-64.99775	295.625	-21.877665	22.411077	37.889416	-105.223564	1560000	-0.024842845	853.95184	0.0	-312.48828	1.2077279	1.92225e-09	553.0222380161285
390	-12.735814	44.72128	36.224316	-120.03072	249.0	-0.9897418	22.877653	35.608215	-105.01669	1564000	-0.011431061	708.24304	0.0	-283.6943	1.1603665	9.536743e-10	555.2295069694519
391	-13.630118	38.320946	44.085567	-75.95806	325.72726	-15.146762	26.71334	38.486805	-118.17684	1568000	-0.037096106	843.4508	0.0	-264.48007	1.1879089	-5.364418e-10	557.3779292106628
392	-10.84283	47.03462	62.635258	-79.79273	500.7143	-6.0557966	18.674614	39.13585	-86.74182	1572000	-0.051362474	881.35724	0.0	-461.72656	1.2082875	5.9604643e-10	560.1668131351471
393	-26.904934	62.70492	57.39388	-196.02237	268.7	-13.170216	29.837263	51.55368	-95.01149	1576000	-0.0022840127	1180.3516	0.0	-526.59985	1.1784476	-1.4007091e-09	562.4202060699463
394	-25.272655	47.60776	47.402702	-109.27552	240.6	-7.2367864	20.479712	43.59757	-92.9522	1580000	-0.037561446	832.3988	0.0	-284.4953	1.1546317	-1.564622e-09	564.886116027832
395	-32.198776	81.495384	61.519173	-223.58517	371.0	-14.858148	23.395466	38.742596	-107.80146	1584000	-0.030402198	898.68066	0.0	-283.46667	1.1991954	-2.1010638e-09	567.2391819953918
396	-23.464931	34.888863	28.430498	-109.82233	277.07144	1.2370389	24.293299	48.59599	-92.804375	1588000	-0.0021174978	523.4384	0.0	-280.80338	1.171488	-5.960463e-11	569.6403081417084
397	-26.11626	50.01107	52.22506	-159.7788	258.4	-16.456976	32.237934	39.19305	-107.72545	1592000	-0.035773627	686.0675	0.0	-207.63377	1.1635667	2.4586915e-09	571.6006989479065
398	-11.136238	54.991467	77.98348	-116.00433	462.5	-7.088336	21.884783	56.120968	-94.86276	1596000	-0.025868401	654.90607	0.0	-271.7069	1.1953237	3.8743023e-10	573.973247051239
399	-20.818102	34.43788	25.515896	-103.002525	261.83334	-0.21118659	19.145155	42.53872	-84.38313	1600000	-0.022451792	678.5445	0.0	-176.7577	1.1840769	-1.6391277e-09	576.4965789318085
400	-26.559988	44.33341	36.438984	-118.09791	268.41666	-7.494177	24.909475	43.167595	-106.3546	1604000	-0.003229268	785.04126	0.0	-241.46231	1.1735584	8.940698e-11	578.9994661808014
401	-15.4326105	43.957253	63.916286	-121.033714	254.76923	-13.708284	27.103502	36.07288	-101.593506	1608000	-0.036376834	1044.1274	0.0	-421.1204	1.1813822	1.0877848e-09	581.0389380455017
402	-17.258186	44.558975	36.937977	-147.60854	184.52942	-0.96696913	28.76471	57.89734	-104.36869	1612000	-0.029090986	586.9324	0.0	-157.02855	1.1453843	1.6242265e-09	582.7122988700867
403	-14.307016	60.934406	46.994003	-161.86147	260.0909	-10.454742	26.540333	51.985256	-109.16628	1616000	-0.013993487	794.0451	0.0	-305.62585	1.1808144	5.2154064e-10	584.8015520572662
404	11.120691	16.100382	47.398525	-5.0242486	389.0	-0.6116655	20.09208	56.208546	-98.023544	1620000	-0.052855063	648.36536	0.0	-283.84305	1.2146534	-2.577901e-09	587.6905891895294
405	-29.427021	68.12905	74.48748	-201.80124	244.0	1.6295	29.949974	60.112476	-98.166756	1624000	0.018276647	1146.588	0.0	-591.9888	1.1569333	2.3394824e-09	589.8888669013977
406	-34.6878	35.132725	9.959728	-107.39136	390.125	-12.963692	24.13317	39.523354	-116.82945	1628000	-0.022574767	770.2948	0.0	-341.13806	1.2130326	2.4437903e-09	593.0476109981537
407	-27.121614	57.38501	43.003685	-202.85608	226.8125	0.07033411	23.633736	61.660046	-115.78537	1632000	0.0096149	1056.7352	0.0	-516.0216	1.1502652	-1.0281801e-09	595.2898199558258
408	1.8029029	37.57969	42.154636	-82.78753	258.27274	-14.564911	24.5755	37.636646	-113.1267	1636000	-0.039859895	778.4552	0.0	-395.68134	1.1759098	1.1175871e-09	597.6254260540009
409	-31.047447	69.01231	55.56567	-188.36174	283.6154	-4.1710277	26.04022	49.86074	-95.52973	1640000	-0.026874945	990.3639	0.0	-413.96912	1.1675591	-1.0430813e-09	599.6177320480347
410	-39.407383	80.70646	20.593435	-264.3556	316.5	-9.583429	29.331173	53.5813	-123.280304	1644000	-0.006527461	1096.5197	0.0	-375.6704	1.1627531	-2.5779008e-09	602.3687000274658
411	-1.9126205	31.52677	52.53935	-49.93194	329.83334	-13.20585	25.618526	45.400238	-129.08589	1648000	-0.035467453	596.89667	0.0	-237.24495	1.1832012	5.2154064e-10	605.0212740898132
412	-40.579002	39.547726	59.69818	-98.162224	328.18182	-8.762463	25.26809	55.88816	-103.91291	1652000	-0.042260155	1106.1521	0.0	-465.13736	1.1765429	6.109476e-10	607.1825661659241
413	-10.555213	27.033081	23.638588	-74.30928	265.57144	-8.051757	24.477583	50.35082	-108.1217	1656000	-0.048246946	632.73413	0.0	-275.87814	1.1488858	1.3709068e-09	609.2280778884888
414	-18.214243	71.07339	67.29514	-242.93066	242.78572	-2.3402145	24.939745	47.06005	-124.10116	1660000	-0.021655444	1122.4453	0.0	-399.0614	1.148485	-3.3080578e-09	611.3981721401215
415	-13.489736	53.17304	46.867756	-178.33423	304.30768	-10.295028	23.8689	45.637505	-117.86727	1664000	-0.004922051	1184.0715	0.0	-562.436	1.1675453	-1.3560058e-09	613.3786840438843
416	-8.47776	25.350574	32.41597	-42.740475	349.44446	-16.35152	27.281982	42.105164	-110.20793	1668000	-0.011020724	670.60803	0.0	-284.54578	1.1895964	-1.4007092e-09	615.6527490615845
417	-21.433016	56.373253	31.051535	-188.69193	269.27274	-3.7635696	20.554758	43.420494	-107.27011	1672000	-0.022851922	768.2014	0.0	-207.37885	1.1608456	3.129244e-10	617.8209891319275
418	-62.724075	74.35828	40.56301	-207.06732	480.83334	-16.639746	24.929201	43.607063	-124.090904	1676000	-0.03953193	934.0847	0.0	-491.3504	1.1950624	-5.364418e-10	620.5716021060944
419	-17.28986	48.538235	17.501154	-139.77412	384.875	-6.923824	22.942678	52.68304	-96.16262	1680000	0.017703086	650.73145	0.0	-158.17998	1.2021934	2.7567146e-09	623.0985341072083
420	-2.7895002	40.254112	68.676186	-85.381874	299.3846	-0.7823034	21.975803	49.247524	-92.54699	1684000	-0.011524163	487.7424	0.0	-169.34506	1.1610832	2.4437905e-09	625.3808710575104
421	-24.122574	30.617064	22.164743	-81.1056	394.375	-11.4311075	21.831776	43.262444	-102.36808	1688000	-0.037978306	656.6449	0.0	-331.52942	1.192103	2.1159647e-09	627.7801840305328
422	-56.102924	85.82782	29.234495	-215.60773	442.125	-6.570957	23.112507	43.71519	-103.2739	1692000	0.01091934	905.8975	0.0	-412.5809	1.1683824	-3.2037497e-09	630.6734728813171
423	-9.51309	55.864784	36.029415	-147.00842	486.875	-9.335317	30.051292	51.136803	-124.052025	1696000	-0.009920076	1063.8771	0.0	-402.91455	1.18482	-1.6689301e-09	633.4793598651886
424	-1.4098451	31.509686	54.62518	-53.00592	497.375	-13.223995	21.046703	58.462067	-99.636505	1700000	-0.05753927	761.32477	0.0	-368.98907	1.1988685	-3.1292438e-10	635.9405810832977
425	-5.231895	40.08001	68.94162	-84.41	254.61539	2.1214442	17.358799	59.435413	-84.43777	1704000	-0.029961377	623.7014	0.0	-246.56029	1.1612101	-1.7881393e-09	638.504420042038
426	-13.07549	31.320375	8.101332	-82.38645	438.14285	-11.227061	17.95746	40.396896	-94.18904	1708000	-0.048231274	473.98804	0.0	-137.47633	1.2119801	-9.983777e-10	641.1881010532379
427	-16.098202	50.27079	55.18746	-155.94423	223.14285	1.5535152	22.601345	42.76458	-88.97421	1712000	-0.035135195	651.51526	0.0	-255.42287	1.1379501	9.536743e-10	643.1003220081329
428	-14.297285	33.326366	29.536373	-84.49851	288.0	-11.206819	21.300625	39.093185	-121.670425	1716000	-0.039276034	742.8734	0.0	-209.58958	1.195802	-1.013279e-09	645.6326420307159
429	-17.455925	46.983597	33.61637	-111.971405	352.0909	-6.292832	24.264523	55.58009	-113.6529	1720000	0.004958436	680.20966	0.0	-176.53949	1.1885564	3.2782554e-10	647.9009110927582
430	12.838688	31.508884	52.213894	-19.724634	797.25	-15.230879	14.19748	45.383278	-112.26495	1724000	-0.055528708	582.8178	0.0	-423.9666	1.2505243	-5.9604655e-11	650.9686260223389
431	-21.28998	37.89298	54.00777	-98.7735	330.27274	10.304309	26.120806	62.656506	-100.41468	1728000	0.0032142587	871.79504	0.0	-539.5372	1.169452	-1.9222497e-09	653.1396131515503
432	-21.222136	20.315458	10.79717	-43.722565	502.0	-7.730711	16.316809	51.677143	-84.49377	1732000	-0.037708156	423.3911	0.0	-125.71933	1.2231264	-2.9802327e-10	656.0779712200165
433	13.431063	28.584993	44.0705	-57.13137	480.625	-5.00174	20.400494	41.870667	-115.235466	1736000	-0.038611658	468.68567	0.0	-150.54822	1.2209833	4.0233133e-10	659.3823010921478
434	-12.810116	62.710926	78.36116	-195.88774	255.0	6.2369123	25.549294	57.04431	-121.5675	1740000	1.4200807e-05	1235.8358	0.0	-526.5489	1.1531265	1.1771917e-09	661.5073990821838
435	-21.346392	69.94633	100.79309	-142.64221	365.9	-10.767047	19.346518	58.894775	-100.78413	1744000	-0.020094447	790.2248	0.0	-409.03598	1.1944718	1.4901161e-09	663.8364429473877
436	-4.7903576	22.55315	22.016401	-50.76922	328.9091	-10.361912	26.413904	53.74063	-103.53426	1748000	-0.042764217	507.1068	0.0	-204.213	1.183034	4.917383e-10	666.1451730728149
437	1.2229156	40.281193	47.463074	-44.594322	372.6	-3.847143	24.522783	51.60354	-107.508675	1752000	-0.058374252	637.9677	0.0	-263.86896	1.1772547	1.4007091e-09	668.457995891571
438	5.7936387	31.945988	66.58176	-38.3413	250.66667	2.508856	26.455574	65.476845	-110.27564	1756000	-0.03022365	649.1647	0.0	-297.33044	1.1602218	-1.8179417e-09	670.8279609680176
439	-10.944035	26.358097	21.09801	-55.185238	352.44446	-6.4178762	20.662172	44.393433	-94.781136	1760000	-0.044204194	525.97375	0.0	-186.94525	1.190481	-1.1026859e-09	672.903904914856
440	-1.2949495	59.35693	92.15846	-129.78214	384.5	-2.3748415	21.98299	54.408264	-105.468575	1764000	-0.03201042	735.6686	0.0	-203.01128	1.1959529	-2.3245812e-09	675.3961250782013
441	23.032608	36.249153	67.46834	-28.00579	401.125	-3.211876	20.816162	50.612423	-96.58804	1768000	-0.05523333	652.178	0.0	-295.87927	1.2079034	3.4272668e-10	677.645318031311
442	2.3720582	38.663986	70.429474	-45.17954	318.1111	3.7233236	22.694092	62.704567	-97.4191	1772000	-0.011269115	464.99902	0.0	-192.67528	1.1881443	3.7252912e-10	679.7431819438934
443	-4.3981495	28.132248	47.25054	-54.264183	343.36365	1.0848764	22.666075	54.189953	-103.19607	1776000	-0.016958594	592.3325	0.0	-226.04695	1.1707916	1.6987324e-09	681.716227054596
444	0.8244133	38.39484	65.073685	-88.385216	263.5	-1.6642966	26.70796	59.152832	-118.29628	1780000	-0.035085563	641.9789	0.0	-286.90778	1.1769228	-2.682209e-10	684.1215572357178
445	2.5753226	39.366062	57.653606	-76.77657	469.125	-6.721367	22.414555	54.36846	-107.03278	1784000	-0.050768826	534.2055	0.0	-232.63315	1.2097763	1.6987324e-09	686.9568059444427
446	20.633396	31.197073	59.56947	-37.68188	591.8333	-5.1766553	20.965906	52.742344	-106.869736	1788000	-0.017973375	354.146	0.0	-162.19217	1.2305639	6.705523e-10	689.4192581176758
447	-2.3449445	41.69831	64.03426	-64.0129	353.0	3.1806514	25.550808	64.88905	-99.99172	1792000	-0.019219574	627.15015	0.0	-344.82153	1.1894433	-2.2053719e-09	691.7735781669617
448	-37.98249	106.73338	52.550617	-283.4432	404.57144	-3.6680527	18.85991	38.241844	-97.81426	1796000	-0.02063142	1649.8451	0.0	-951.3855	1.1985017	8.9406954e-11	694.3428189754486
449	-32.737118	47.55848	12.30556	-172.01662	237.71428	3.951199	27.10616	51.910725	-115.92907	1800000	0.026289545	1252.625	0.0	-803.7564	1.1355679	3.2931564e-09	696.7532000541687
450	8.017369	37.378765	73.030045	-73.76692	370.2	-12.177412	24.93478	30.309444	-119.36498	1804000	-0.07734968	600.33527	0.0	-289.6931	1.1817971	-1.2516976e-09	699.8161492347717
451	3.720812	27.173532	51.183064	-24.568707	456.85715	-6.5586176	21.767183	38.989094	-106.08674	1808000	-0.050614946	578.784	0.0	-179.50755	1.2035279	-1.2814999e-09	702.2147731781006
452	-3.471569	29.267103	16.905497	-53.96075	566.5	-12.022913	27.21099	59.864605	-108.32825	1812000	-0.021198954	701.7772	0.0	-415.851	1.221421	-2.7567149e-09	704.8462271690369
453	1.6377602	65.34668	58.616665	-178.91618	333.5	5.300129	26.595852	68.55026	-108.523254	1816000	-0.016235977	972.444	0.0	-258.656	1.1486518	1.4007091e-09	707.2912049293518
454	12.147714	46.205315	65.82626	-87.38573	440.0	-2.4737008	20.024061	51.915302	-118.97041	1820000	-0.01946441	547.80115	0.0	-278.94553	1.1951458	0.0	709.4194490909576
455	21.859741	35.45906	78.01935	-27.546667	366.55554	1.2396718	20.94097	59.230892	-73.25348	1824000	-0.012234654	549.0919	0.0	-230.32454	1.1709042	6.4074995e-10	711.6034231185913
456	4.934124	15.657085	25.590178	-16.04979	685.0	-3.3225908	17.379831	44.659237	-97.417206	1828000	-0.04120283	325.57275	0.0	-112.27515	1.2246246	-5.2154064e-10	714.5730350017548
457	-13.725547	71.90425	81.51273	-177.11906	343.36365	7.5319476	23.19376	61.898266	-123.75543	1832000	0.014472578	1105.7844	0.0	-559.4148	1.1513823	7.4505804e-11	716.5629601478577
458	-3.1279342	56.92121	92.53799	-137.90343	380.4	-3.8586123	23.046608	54.950752	-116.08284	1836000	-0.046698008	749.4404	0.0	-386.01953	1.1639988	-1.3411044e-10	718.7925579547882
459	7.548091	32.550045	69.32758	-20.50015	519.2	-9.625332	21.700436	63.92094	-98.94595	1840000	-0.029378746	524.78296	0.0	-260.41852	1.2061701	2.1606683e-09	721.4527928829193
460	3.8402557	48.080975	55.5683	-96.4033	373.1111	2.0334759	25.4301	64.379684	-113.47771	1844000	-0.021536678	556.0104	0.0	-223.46251	1.186145	-1.758337e-09	723.6101989746094
461	-4.7088885	45.38864	66.16775	-85.43615	323.54544	0.18021265	28.968204	69.38999	-114.17049	1848000	-0.06472	510.08685	0.0	-249.9011	1.1500559	-2.4288893e-09	725.6588408946991
462	-8.027782	28.424389	37.02308	-60.26852	271.9091	-3.7453828	28.19469	67.57698	-117.00671	1852000	-0.04684875	503.26147	0.0	-178.09921	1.1497831	-2.95043e-09	727.5485541820526
463	-0.8643675	43.838066	70.9157	-68.86874	321.25	-6.1421475	19.280285	41.744503	-124.84957	1856000	-0.052011844	479.49567	0.0	-143.93703	1.1827395	1.6242265e-09	729.8767881393433
464	-11.742357	45.926563	60.853752	-107.46748	399.66666	2.2309384	20.309734	64.183014	-106.65102	1860000	-0.009649927	630.8425	0.0	-253.83545	1.1723487	5.066395e-10	732.4912581443787
465	0.8421319	39.750145	79.49447	-41.28861	500.83334	-8.188601	18.592052	46.731834	-120.790535	1864000	-0.053667672	517.4892	0.0	-212.23381	1.2017187	-2.1755695e-09	735.2465040683746
466	16.123611	28.382082	58.6563	-16.755215	584.5	-5.8013906	21.861687	57.76471	-114.178154	1868000	-0.018355122	544.28827	0.0	-256.40845	1.2293787	-3.874302e-10	737.5633549690247
467	5.336391	34.194298	65.32434	-48.403748	348.0	11.210913	29.103546	75.98768	-97.131	1872000	0.018956967	947.3026	0.0	-597.62164	1.1694615	-4.4703463e-11	739.9044580459595
468	23.20004	63.304058	110.67297	-67.355	599.25	-5.327414	19.761177	51.445744	-102.71511	1876000	-0.034657627	385.6702	0.0	-186.66733	1.217144	8.9406926e-11	742.7596151828766
469	-26.03208	68.33392	113.23665	-155.6842	314.08334	11.578421	25.053038	58.557076	-115.16433	1880000	-0.006838076	1436.2734	0.0	-973.3831	1.1493127	-9.685754e-10	745.0251219272614
470	-38.746017	84.57428	46.742958	-169.70787	481.83334	-15.6917095	21.404928	47.987934	-83.8992	1884000	0.002998194	1229.2069	0.0	-754.2706	1.1969811	3.2782554e-10	747.7500629425049
471	-17.953072	79.71755	64.82584	-198.88054	398.625	-5.4821496	25.93294	57.340996	-105.123276	1888000	0.0162272	1103.9858	0.0	-425.97858	1.1724632	2.2798776e-09	749.8508770465851
472	1.2807035	35.68034	48.864887	-56.41137	406.125	-4.7775555	18.710459	64.27463	-94.050545	1892000	-0.05978234	514.5933	0.0	-151.24648	1.1869242	2.2351743e-09	752.3665492534637
473	-14.494205	39.754147	49.72614	-63.373272	344.18182	-0.9206709	24.064013	42.195606	-103.65142	1896000	0.008508527	810.9391	0.0	-296.1399	1.1617287	2.384186e-10	754.5053470134735
474	-7.6897964	59.26656	51.980316	-83.560265	997.25	-11.594661	16.315035	24.827108	-82.09951	1900000	-0.04694577	764.9663	0.0	-446.0611	1.238924	1.4901164e-10	757.9063310623169
475	8.2798605	35.414486	46.21293	-51.713516	521.8	1.6424323	22.274986	50.175716	-80.808334	1904000	-0.019291483	534.8809	0.0	-200.03175	1.2005479	1.2218953e-09	760.5044791698456
476	-0.30730602	37.01763	53.273098	-45.594822	442.14285	2.7340827	19.574125	46.44569	-83.781685	1908000	-0.016612004	430.86096	0.0	-121.0638	1.1801138	-1.013279e-09	763.1737740039825
477	5.663524	30.65777	47.66938	-42.27253	351.9	0.61949265	19.210585	55.335373	-82.640755	1912000	-0.0006397739	654.4292	0.0	-270.99646	1.1817744	-1.6838313e-09	765.7721152305603
478	0.84521824	31.832293	75.6663	-31.166962	371.55554	0.38358638	18.991219	40.119774	-100.074295	1916000	-0.038715202	458.83423	0.0	-101.95705	1.179393	4.917384e-10	768.029228925705
479	0.04768753	35.730114	86.69039	-58.349133	260.14285	-1.5499985	23.994583	42.564926	-99.67593	1920000	-0.064072676	360.17108	0.0	-92.64457	1.1339314	9.834766e-10	770.1593701839447
480	-18.94098	55.040646	51.52784	-90.26824	797.4	-5.842353	19.185616	34.96534	-108.23583	1924000	-0.0454529	498.3983	0.0	-244.88718	1.2046359	1.9669533e-09	773.0402688980103
481	2.5266967	17.892042	30.515072	-15.155073	535.8	-8.131666	19.850899	61.003498	-82.962875	1928000	-0.037351295	538.8283	0.0	-294.80273	1.2069955	-4.1723247e-10	775.3186678886414
482	1.0000143	55.223995	83.77618	-74.97045	419.875	4.088015	21.42287	72.77302	-100.538795	1932000	-0.030938044	724.08276	0.0	-299.6364	1.18123	8.4936613e-10	777.5560250282288
483	-5.7500124	29.551947	58.06785	-38.80756	470.2857	-9.994657	21.080482	64.742744	-103.594124	1936000	-0.02800503	566.11176	0.0	-198.05083	1.1955721	-2.8312206e-09	780.3862721920013
484	2.7029712	27.387663	44.737823	-41.784103	345.0	-3.6891122	25.90141	72.653915	-101.53568	1940000	-0.00047007948	602.3074	0.0	-284.39957	1.1914126	-1.0430812e-10	782.7834761142731
485	4.3974795	48.87267	71.12554	-79.28863	453.2857	-3.1663005	20.59667	54.648	-95.1054	1944000	-0.00041240454	553.00183	0.0	-343.35382	1.1848772	3.7252903e-09	784.7826521396637
486	10.130574	29.923216	55.211388	-34.854664	384.4	0.48537806	21.862253	62.165855	-102.21997	1948000	-0.005897496	619.1443	0.0	-141.99963	1.1894629	2.8312208e-10	787.0711600780487
487	-27.414179	52.080257	28.466919	-122.57308	481.16666	-2.1840093	19.20336	51.086628	-98.66941	1952000	-0.007393321	790.50525	0.0	-196.68097	1.1978656	4.6193593e-10	789.72984790802
488	1.8576977	45.102203	88.66586	-86.7266	270.46155	1.0147557	27.69641	56.278698	-115.35455	1956000	-0.007775046	635.80884	0.0	-201.10825	1.1450105	5.8114524e-10	792.1616320610046
489	32.576637	49.488873	93.280785	-44.478996	691.8	-6.8999753	15.09463	47.38097	-117.89997	1960000	-0.03947469	575.81384	0.0	-278.60394	1.2418768	-9.0897084e-10	795.3488891124725
490	7.0663486	26.282972	55.820034	-49.32675	281.83334	13.042098	20.587858	68.363754	-109.92586	1964000	-0.03810466	883.23804	0.0	-402.14294	1.1501453	-2.4288893e-09	797.555212020874
491	38.13261	36.424923	98.16807	-22.608656	493.625	-12.098524	22.075686	57.761547	-113.974045	1968000	-0.035348795	414.95972	0.0	-213.5058	1.2215242	6.854534e-10	800.432620048523
492	-15.002834	70.28777	63.725277	-162.18794	367.33334	0.655448	24.03776	56.916412	-103.99247	1972000	-0.005253665	862.71204	0.0	-311.81775	1.1694392	-7.897616e-10	802.6608219146729
493	5.5178156	34.40195	70.69585	-47.602474	427.625	-5.3163633	22.353794	39.046364	-105.693436	1976000	-0.03421905	476.35254	0.0	-165.39706	1.1946455	-1.1920929e-09	805.1397700309753
494	-2.244512	34.476894	53.06546	-80.71413	271.9091	4.1661367	20.811863	46.66993	-96.63574	1980000	-0.04014992	635.44885	0.0	-215.98738	1.1516404	-1.4752151e-09	807.4716169834137
495	16.952452	26.74581	62.520824	-18.73433	352.18182	-5.04388	25.333944	48.231346	-112.40638	1984000	-0.018423427	268.67902	0.0	-89.168304	1.1706396	-4.61936e-10	810.0822551250458
496	-9.930447	16.192991	10.992291	-38.849075	315.5	-3.6976402	19.408472	37.25909	-107.744545	1988000	-0.042640977	453.5896	0.0	-126.76921	1.1712227	3.8743017e-10	812.1416759490967
497	-1.8215134	47.022366	67.671455	-89.822014	379.0	-4.919036	23.307446	45.890274	-113.44359	1992000	-0.030145362	452.52637	0.0	-149.02489	1.1727309	1.4603139e-09	814.1891140937805
498	-22.728764	86.56147	83.329414	-233.2535	413.0	-2.098722	17.255655	44.47822	-104.76684	1996000	-0.012345718	991.942	0.0	-295.15094	1.1792421	2.7567149e-09	816.0862529277802
499	13.96968	40.25147	77.38802	-38.559513	345.36365	-4.529748	23.859966	53.69323	-112.18826	2000000	0.0036138725	487.48322	0.0	-165.1734	1.1712546	1.5795231e-09	818.57639503479
