Epoch	AverageEpRet	StdEpRet	MaxEpRet	MinEpRet	EpLen	AverageVVals	StdVVals	MaxVVals	MinVVals	TotalEnvInteracts	LossPi	LossV	DeltaLossPi	DeltaLossV	Entropy	KL	Time
0	-210.46083	112.69627	-50.309822	-460.6989	99.15385	-0.15914363	0.023739519	-0.040583793	-0.22640929	4000	0.004874103	15636.331	0.0	-989.2881	1.3788383	8.940698e-11	1.0568082332611084
1	-212.40427	128.30618	24.935175	-497.2291	96.097565	-4.459182	1.2035335	4.3734593	-5.4918966	8000	-0.0026132986	17412.36	0.0	-974.65186	1.3813711	-2.682209e-10	2.0755507946014404
2	-159.94669	91.29845	-22.031326	-448.27988	94.09524	-9.072549	0.09387021	-7.1471863	-9.207084	12000	-0.0025449172	8592.141	0.0	-391.95752	1.3813443	-2.6822092e-10	3.1047348976135254
3	-190.35493	114.31747	-40.067505	-444.20508	102.26316	-11.683942	0.21782014	-2.8520858	-11.7859955	16000	-0.0060537984	11369.371	0.0	-483.79297	1.3799155	-8.0466267e-10	4.136634111404419
4	-168.56905	93.13411	-53.330887	-385.49124	93.38095	-14.518537	0.23998982	-7.3053336	-14.573905	20000	-0.006164778	7832.4424	0.0	-356.4016	1.3783889	3.2782554e-10	5.171194076538086
5	-173.5596	102.64864	-26.096788	-482.39136	95.17073	-16.961306	0.35018244	-10.9853	-17.024002	24000	-0.0034993142	8881.365	0.0	-372.16943	1.3751113	4.768371e-10	6.197041034698486
6	-163.30934	95.49974	-35.83589	-455.61768	93.59524	-19.47938	0.07435947	-18.284834	-19.506536	28000	-0.0068121627	7402.35	0.0	-322.5703	1.3728092	1.1920929e-09	7.206529855728149
7	-164.67725	96.8544	-19.496183	-447.23697	104.888885	-21.846212	0.09624722	-19.885231	-21.871395	32000	-0.00577794	6034.642	0.0	-250.69336	1.3695337	-8.1956386e-10	8.279123783111572
8	-176.06496	112.94642	-26.722593	-539.2819	100.5641	-23.967836	0.12331211	-22.06802	-23.994926	36000	0.000461236	8828.137	0.0	-358.73608	1.3658059	-4.768371e-10	9.328265905380249
9	-150.03273	83.36869	30.986073	-381.8035	102.46875	-26.310555	0.78202224	-19.880037	-26.504808	40000	-0.007303424	4921.311	0.0	-205.37158	1.3656313	-2.4437905e-09	10.639178991317749
10	-138.07356	82.407265	-28.610386	-410.03348	103.26316	-28.01475	0.093945675	-24.070538	-28.039494	44000	0.00030965358	4005.5957	0.0	-142.69934	1.3593805	-6.556511e-10	11.68169903755188
11	-133.65126	80.40756	-3.2064345	-367.04562	96.775	-29.604116	1.2682426	-1.3752658	-29.699656	48000	-0.0049956553	3538.8428	0.0	-133.35986	1.3539546	-8.9406954e-11	12.952816009521484
12	-141.80614	76.94305	-46.703823	-354.86508	103.567566	-31.30723	0.0120931165	-31.145716	-31.316767	52000	-0.012543656	3528.8052	0.0	-149.07288	1.3506575	-1.1175871e-09	14.069393157958984
13	-155.15453	75.271034	-53.795296	-384.30685	107.25714	-32.98988	1.14319	-7.5108814	-33.085808	56000	-0.015600376	3481.2576	0.0	-182.65906	1.3438003	1.4156103e-09	15.204442024230957
14	-144.48195	75.089	23.388334	-289.135	113.74286	-34.828342	2.6692564	23.376062	-34.97195	60000	-0.0060029067	3128.3267	0.0	-173.38977	1.345173	6.109476e-10	16.35505509376526
15	-135.37743	80.52586	-17.606234	-322.2026	110.0	-36.67482	0.09532878	-35.103584	-36.689083	64000	-0.0111758895	3331.7598	0.0	-107.40875	1.3368042	-3.2782554e-10	17.469033002853394
16	-134.51251	70.64327	-33.092636	-316.6927	121.67742	-38.239697	0.43426338	-24.503668	-38.275536	68000	0.00063897297	2541.7026	0.0	-63.90161	1.3339735	1.3560058e-09	18.565383911132812
17	-147.53421	71.47909	-23.356768	-317.41165	114.64706	-39.516903	0.22890824	-31.111116	-39.52871	72000	-0.014343984	2700.527	0.0	-113.26318	1.324306	9.536744e-10	19.66241192817688
18	-126.247536	96.992226	41.798733	-415.59454	121.0625	-41.17929	0.0072073815	-40.95396	-41.18215	76000	-0.008815486	2913.38	0.0	-49.533813	1.3225288	-4.61936e-10	20.748228073120117
19	-132.05322	89.71402	1.9712566	-353.8435	113.73529	-42.3436	0.12338668	-40.18553	-42.35675	80000	-0.011323556	2927.9666	0.0	-63.650513	1.3144633	-3.5762787e-10	21.807929039001465
20	-114.01724	77.198975	33.549496	-301.96576	121.1875	-43.637093	0.097569086	-40.9698	-43.648335	84000	-0.0070045292	1873.881	0.0	-20.69394	1.3158655	1.3858079e-09	22.897021770477295
21	-121.30549	99.09555	-6.28755	-509.8261	122.3125	-44.434147	0.041825827	-42.954235	-44.440998	88000	0.007598205	3023.0762	0.0	-30.812744	1.299048	-2.5629998e-09	24.008960008621216
22	-118.18012	81.119415	-11.176714	-354.1195	112.97059	-45.379196	0.012246054	-45.03039	-45.381508	92000	-0.0044337027	2425.4604	0.0	-39.821167	1.2909384	1.5944243e-09	25.099878072738647
23	-113.76695	86.83509	16.979736	-333.8502	123.21875	-46.483994	0.003998814	-46.401913	-46.486008	96000	-0.013068059	2093.7222	0.0	-19.567505	1.2898127	-1.2814999e-09	26.18449306488037
24	-126.93568	78.40051	-15.012489	-330.2934	128.03334	-47.299095	0.006614971	-47.134007	-47.301327	100000	0.012074463	2000.0508	0.0	-18.83139	1.2763407	-4.0233133e-10	27.267597913742065
25	-148.44968	111.47037	55.077625	-385.88504	193.05	-48.051826	0.16370033	-45.210743	-48.09785	104000	-0.008209139	3146.3271	0.0	-34.7063	1.283196	1.1622906e-09	29.449937105178833
26	-93.394325	59.22463	-10.686882	-272.19473	123.19355	-48.41743	0.042754263	-47.689655	-48.43099	108000	-0.01264973	1346.242	0.0	0.034118652	1.2599518	-4.3213366e-10	30.53540802001953
27	-101.91164	82.97052	25.780397	-284.7041	128.8	-48.354404	0.030079314	-47.73378	-48.370533	112000	-0.0038656164	1740.5803	0.0	-1.5438843	1.2503893	2.5033953e-09	31.642152786254883
28	-118.966644	87.76645	17.266203	-345.4863	131.2	-48.494694	0.7898939	-32.70014	-48.58202	116000	0.0016565919	2347.7507	0.0	-22.957214	1.2382374	-1.4901191e-11	32.790247201919556
29	-81.35851	39.06027	-0.31200188	-189.42357	134.06897	-49.144882	0.17180449	-38.868507	-49.15606	120000	-0.032542862	1122.5734	0.0	-24.655396	1.2419016	-2.6822092e-10	33.93725895881653
30	-87.0689	78.82927	32.075706	-265.10214	151.03847	-48.21778	0.11841487	-44.92298	-48.235077	124000	-0.013175085	1801.0863	0.0	-12.268677	1.2381399	-6.556511e-10	35.081603050231934
31	-108.60385	87.21956	25.058352	-347.27722	157.92	-47.494415	0.037146337	-46.266373	-47.50139	128000	0.01027653	2343.8398	0.0	-1.7051392	1.2306857	8.3446505e-10	36.212103843688965
32	-91.125336	61.444065	25.241446	-197.76021	157.56	-47.185825	0.099102706	-46.15594	-47.214157	132000	-0.020826444	1317.9847	0.0	-7.1921387	1.2301219	-1.6093253e-09	37.678789138793945
33	-65.43271	59.32527	34.58783	-223.0384	155.24	-46.63889	0.06263361	-45.608086	-46.65132	136000	-0.029662661	1812.9764	0.0	-46.339905	1.221491	1.8924475e-09	38.87549090385437
34	-48.471153	66.802536	33.483276	-259.28323	148.24	-45.181194	0.16411273	-41.34912	-45.19532	140000	-0.016964413	1802.1367	0.0	-62.71057	1.2177806	2.9057265e-09	40.098625898361206
35	-43.58318	40.87184	43.902946	-157.09105	141.59259	-43.451725	0.0035747038	-43.41281	-43.45363	144000	-0.029809257	1464.7609	0.0	-89.13446	1.2021818	-8.940696e-10	41.29845094680786
36	-71.40981	73.862595	14.004786	-274.19653	206.47368	-41.297024	0.13115197	-39.95072	-41.336647	148000	0.0012261681	1704.594	0.0	-48.56317	1.2130445	1.4305115e-09	43.87277007102966
37	-74.6688	72.995544	5.8834343	-331.16702	164.30435	-39.69309	0.19676533	-36.914738	-39.73154	152000	-0.018944161	1870.825	0.0	-10.673706	1.1833165	1.5944241e-09	45.552233934402466
38	-100.943375	103.35167	30.199675	-418.9353	209.05556	-38.75695	1.618245	-9.826658	-38.929054	156000	0.00369409	3164.4448	0.0	-29.614014	1.1731793	-5.9604643e-10	47.1323881149292
39	-42.94302	50.744007	49.19177	-105.261215	349.22223	-38.5041	0.057726283	-37.948067	-38.532097	160000	-0.018903285	1700.8109	0.0	-122.89563	1.223638	7.748604e-10	49.318992137908936
40	-48.935696	42.914608	36.465847	-129.01572	276.57144	-35.92513	0.23222831	-34.196285	-36.007427	164000	-0.03224116	1261.94	0.0	-148.35626	1.2001191	3.6507846e-09	51.75981402397156
41	-45.099358	45.40413	12.662673	-171.39867	205.88889	-33.850048	0.4334062	-29.355906	-33.999004	168000	-0.030670473	1363.7468	0.0	-55.86676	1.174441	-1.4901161e-09	53.64867305755615
42	-71.69661	111.161316	1.9244893	-336.2803	370.2857	-19.779554	18.36831	27.345081	-32.23143	172000	-0.011897765	2451.4097	0.0	-419.51276	1.2022566	1.296401e-09	56.03071713447571
43	-49.778225	80.75332	32.86001	-262.6127	260.14285	-30.193619	2.1641092	17.042368	-30.76095	176000	-0.024269126	1637.8942	0.0	-78.22577	1.1745981	-1.6391277e-10	58.14758110046387
44	-39.262363	58.488388	49.681488	-161.74458	230.125	-25.910477	7.804735	16.643423	-29.544003	180000	-0.03404855	1296.6691	0.0	-42.494873	1.160102	-4.768371e-10	60.06688714027405
45	-40.40276	50.406414	41.900944	-142.40623	196.41176	-25.197218	9.527799	26.62052	-28.291235	184000	-0.01942974	2047.0566	0.0	-410.21478	1.1386963	-3.2335519e-09	61.39622497558594
46	-60.435337	70.37095	31.673904	-224.4455	247.93333	-26.74961	0.31639728	-19.922825	-26.84775	188000	-0.04006461	1798.6396	0.0	-10.155823	1.1624231	-9.983778e-10	63.67084312438965
47	-49.363415	72.72297	45.65103	-241.36385	321.3	-25.818739	0.69987726	-18.904003	-26.123869	192000	-0.021621307	1504.0831	0.0	-121.36615	1.1573535	-1.4901191e-11	65.96028399467468
48	-65.507	71.8311	41.76485	-199.50626	264.0	-21.05891	0.56925094	-18.64867	-23.642927	196000	-0.016491551	1606.0037	0.0	-78.798035	1.1476543	-1.0132789e-09	67.77862000465393
49	-22.114866	49.9108	55.37395	-97.1948	436.55554	-19.48228	2.14817	-9.583657	-23.94957	200000	-0.036672495	1173.5312	0.0	-192.50665	1.1584746	-3.3676624e-09	70.0072910785675
50	-50.994556	66.51383	48.675694	-174.91978	309.0	-9.181812	6.4459352	13.974571	-23.154686	204000	-0.026800223	1247.719	0.0	-78.52298	1.1313078	-2.6822092e-10	72.4708662033081
51	-32.194256	71.66007	59.222824	-202.43289	414.1111	-12.435379	8.875456	12.096379	-24.11552	208000	-0.030926086	1075.8699	0.0	-88.59204	1.1361451	-1.2367964e-09	74.53884410858154
52	-54.625843	50.806564	12.321734	-121.96408	555.6667	-5.8098993	13.772127	14.527487	-24.573423	212000	-0.028653197	755.94116	0.0	-117.74591	1.1553547	1.4901164e-11	77.03986501693726
53	-55.158592	27.233292	-17.078344	-92.14469	726.2	-10.527944	6.6009097	4.5850945	-24.255955	216000	-0.040664684	759.30725	0.0	-53.030457	1.1494588	2.041459e-09	79.88944411277771
54	-111.66345	78.05505	-7.670009	-254.75801	411.5	-6.691542	8.606677	5.178914	-24.19825	220000	-0.0066034123	1096.3839	0.0	-190.45413	1.1007769	3.2633543e-09	82.01261591911316
55	-92.34793	112.15604	35.49833	-287.22406	307.25	-17.117937	6.5610194	-6.3995657	-25.597929	224000	-0.018244267	1462.5159	0.0	-36.232483	1.1041994	-3.4868717e-09	84.1037769317627
56	-90.17528	55.60877	-0.74191767	-144.77235	404.875	-19.755497	4.415478	-12.619104	-26.25313	228000	-0.04788256	1090.1338	0.0	-187.0827	1.0940415	-1.4603139e-09	85.85912704467773
57	-63.515434	100.27982	38.735176	-275.88324	393.77777	-15.8559675	10.763162	0.22434574	-27.383316	232000	-0.015265053	1132.8582	0.0	-164.97995	1.0925906	1.8775463e-09	88.5185170173645
58	-52.881645	58.775753	10.220114	-167.90007	341.2	-11.065083	13.53769	10.795402	-27.5256	236000	0.0065823346	891.6753	0.0	-61.534546	1.1019211	-1.3262034e-09	90.66905379295349
59	-41.903034	47.799835	28.485172	-121.380005	500.2857	-17.775713	11.536189	7.9254684	-27.447676	240000	-0.034514386	783.5675	0.0	-48.840088	1.1060578	-1.0430812e-10	93.0272228717804
60	11.002081	28.849604	49.22408	-38.600636	554.2	-16.036703	13.724878	10.383973	-26.853243	244000	0.0006679675	745.13513	0.0	-153.25107	1.136085	-1.3560056e-09	95.32021713256836
61	-40.759148	28.507658	-10.724739	-82.404045	843.5	-9.790668	18.480719	21.222143	-26.323484	248000	-0.005065661	545.5514	0.0	-97.27135	1.1295321	-1.564622e-09	98.34994196891785
62	-4.777115	50.144382	74.90772	-84.58877	437.0	-2.4729252	16.450068	21.254519	-25.141638	252000	-0.021666214	925.4121	0.0	-111.94885	1.0766568	1.4901161e-09	100.62307906150818
63	-50.249046	95.286705	44.29307	-211.39369	461.0	-2.6009936	15.833123	22.962507	-23.625208	256000	-0.029411219	1380.4739	0.0	-228.43271	1.0792831	-2.4586917e-09	103.0132110118866
64	-0.5933244	39.826218	56.48709	-53.492004	430.0	-5.9773293	20.613884	24.125942	-26.858715	260000	0.0010225996	575.13525	0.0	-84.20683	1.055232	6.2584876e-10	105.58426308631897
65	-34.42566	59.99164	24.344616	-193.0376	298.8	-6.364122	17.764853	23.753853	-25.750174	264000	-0.05247516	859.9347	0.0	-40.30304	1.0508549	-1.0579824e-09	108.17468094825745
66	3.056837	78.82591	150.90144	-91.52863	258.85715	-1.8303025	18.027315	24.053032	-26.75786	268000	-0.10595177	1359.2019	0.0	-144.52936	1.0490835	1.9371509e-09	109.60436797142029
67	-13.15576	76.92882	56.99485	-200.3537	329.4	-4.605425	15.572504	23.755585	-27.112328	272000	-0.040015206	937.7418	0.0	-98.6358	1.0059569	-1.3262034e-09	111.35261988639832
68	-14.303572	115.97065	202.36935	-173.23428	554.4286	-8.423907	17.768312	24.573584	-28.4317	276000	-0.07379565	1200.195	0.0	-91.955414	0.97604144	-1.0430812e-10	113.86378693580627
69	-4.1171446	59.466434	84.99564	-130.7428	321.5	-6.8726854	17.166418	25.764006	-29.347075	280000	-0.03333533	699.2988	0.0	-48.453506	1.0290433	2.2053719e-09	116.46864104270935
70	32.470913	103.92574	210.02533	-108.82608	343.81818	-0.7106953	17.323095	26.173225	-30.378218	284000	-0.09854953	1435.2697	0.0	-94.36182	0.97009426	-9.983778e-10	118.0847430229187
71	5.581417	96.79134	179.21123	-173.23912	446.875	-5.698703	17.152021	26.30402	-29.839289	288000	-0.07176529	1034.8445	0.0	-130.63678	0.98577905	-6.4074995e-10	120.42156791687012
72	9.801821	90.92658	157.04063	-150.22198	609.0	-3.827199	16.714058	27.011084	-30.45802	292000	-0.038731582	878.61694	0.0	-56.488647	0.94217116	-2.399087e-09	122.73411202430725
73	67.238174	111.6206	218.02078	-44.594162	441.375	2.7953353	14.860153	27.196156	-30.736866	296000	-0.10125625	1288.2793	0.0	-166.32227	0.93613815	-2.1308662e-09	124.73197984695435
74	12.271922	106.89334	202.03973	-138.25517	381.0	4.8478823	11.259388	26.087399	-29.036861	300000	-0.09133348	1465.7045	0.0	-235.75378	0.9843265	4.61936e-10	126.46107578277588
75	16.630938	111.00552	234.50468	-111.02496	473.85715	-0.9158436	15.545885	27.022676	-30.78036	304000	-0.074215665	1062.3291	0.0	-67.70575	0.99066	-1.475215e-09	128.55706214904785
76	32.822605	124.70166	212.96576	-81.44611	499.5	-0.41031286	13.7015705	27.062567	-31.062553	308000	-0.07560848	785.23645	0.0	-45.339172	0.9934551	7.0035466e-10	130.87381601333618
77	-1.1882935	163.56088	243.40889	-218.56279	465.2857	-5.111414	15.028787	27.073627	-31.199646	312000	-0.035727732	1736.504	0.0	-255.03052	0.92670107	-3.72529e-10	132.82052397727966
78	-32.19083	118.73803	190.40819	-207.957	516.3333	-0.31561792	19.840563	29.738811	-33.68841	316000	-0.034943994	975.8579	0.0	-169.37503	1.002198	1.4454127e-09	134.85899686813354
79	23.630293	84.00264	181.3919	-54.638954	409.77777	3.4832854	13.874694	31.5433	-35.503284	320000	-0.048763294	989.17346	0.0	-82.81854	0.9751941	1.296401e-09	136.64678692817688
80	7.3942833	62.269356	168.99821	-38.233475	383.5	0.93357134	13.240282	30.890205	-35.64587	324000	0.0065257996	663.8397	0.0	-59.19893	0.992198	-1.2516976e-09	138.49404311180115
81	-24.389519	90.57829	148.69162	-179.56824	368.125	-0.074765384	20.227396	31.116957	-36.003124	328000	-0.06017123	1141.1996	0.0	-172.23312	0.97169924	1.5199185e-09	140.22857689857483
82	55.25898	119.88794	225.6019	-142.40039	438.875	-4.028077	18.922508	32.12419	-36.999775	332000	-0.0748833	1295.6592	0.0	-245.79565	0.9737318	3.516674e-09	142.0969259738922
83	7.244807	122.996635	182.84279	-202.21706	529.6667	0.96213716	14.67578	31.787544	-36.53737	336000	0.0039047003	1003.038	0.0	-148.87457	0.8391402	2.5182962e-09	144.55923914909363
84	19.23177	98.79915	175.47997	-85.215965	458.0	1.0788968	19.412369	32.882675	-37.950787	340000	-0.03511805	972.51917	0.0	-137.23798	0.92798364	-3.874302e-10	147.35644102096558
85	16.103893	56.279152	142.02937	-36.905186	413.0	-0.46462378	17.92859	31.553267	-37.55725	344000	-0.10222175	992.2138	0.0	-155.87924	0.99707943	1.5646219e-09	149.35295796394348
86	51.29571	109.61316	245.45708	-58.9291	452.5	-6.3297644	18.36666	32.531097	-37.962482	348000	-0.14516929	1055.9763	0.0	-250.01349	0.8938315	2.682209e-09	151.66980814933777
87	-24.800117	79.37962	148.41762	-146.34895	432.375	0.478998	14.787628	30.1042	-36.808456	352000	-0.042419408	1085.4274	0.0	-222.39331	0.9406489	-3.8445e-09	153.55390691757202
88	25.57107	120.99389	223.68878	-127.71882	589.6667	-9.055023	19.05275	29.10675	-37.974472	356000	-0.069501944	1019.5973	0.0	-118.431	0.89144754	-6.5565114e-10	156.00844311714172
89	71.84595	127.86524	180.0921	-153.22539	584.2	-9.916592	19.452759	32.17612	-37.892555	360000	-0.086533785	1386.7268	0.0	-324.5404	0.8718475	2.3692848e-09	158.41702103614807
90	13.67544	117.7164	176.58914	-88.28673	551.4	3.1237266	11.064452	29.273481	-35.421883	364000	-0.054521967	872.64343	0.0	-65.21933	0.92352957	-1.7136336e-09	161.50074696540833
91	2.606018	96.39102	128.89449	-114.09984	694.6	-1.380314	11.368844	30.163145	-35.977	368000	-0.06309356	475.4522	0.0	-36.96968	0.90573466	2.6673077e-09	163.85031175613403
92	2.5501137	145.05675	183.28531	-152.14224	848.0	-5.8273354	15.045347	30.796825	-38.00159	372000	-0.10057005	935.8393	0.0	-60.901093	0.9882357	1.7732381e-09	166.38449001312256
93	-110.00928	95.21318	9.76606	-256.59253	988.75	-6.107497	11.440635	25.93916	-37.702354	376000	0.003371492	244.41428	0.0	-41.1586	1.0510359	1.5795231e-09	170.14109897613525
94	-7.161354	91.23149	147.70464	-87.79813	813.5	-5.2096124	11.436381	25.143364	-24.013475	380000	-0.049059898	470.79413	0.0	-58.847923	1.030616	-1.1324882e-09	173.5077621936798
95	-1.5766144	84.102844	143.6961	-57.373226	910.0	-8.004872	10.652405	27.025087	-35.65561	384000	-0.031544443	362.94946	0.0	-61.813698	1.0070513	-3.72529e-10	176.85958194732666
96	-52.126232	99.45998	97.138214	-146.52916	782.0	-3.7966614	12.732606	31.691774	-37.244133	388000	0.015581686	816.0282	0.0	-103.35004	0.9987634	-2.0116566e-09	179.74945187568665
97	-42.7677	135.76271	161.13022	-211.77238	738.5	-6.666877	15.791084	26.43216	-40.27309	392000	0.039928	627.282	0.0	-112.1352	0.96893764	-7.450579e-11	182.48633313179016
98	82.27572	133.63562	195.32729	-128.5616	668.4	-6.8947453	20.409237	35.66015	-42.06764	396000	-0.10286909	1024.3055	0.0	-187.37637	0.8574394	-2.3543836e-09	185.12737202644348
99	-0.30699375	97.430275	154.63177	-86.95223	534.4286	3.6494842	17.50294	36.831028	-42.217697	400000	-0.01997078	1656.5527	0.0	-556.74744	0.8908936	-2.4288893e-09	187.09193587303162
100	-21.967875	151.27406	190.8155	-199.75766	484.14285	-4.784873	28.62062	38.743732	-44.78261	404000	-0.079819165	1401.9651	0.0	-128.7554	0.97369635	-7.0035455e-10	189.12464094161987
101	51.156574	127.07082	221.65773	-148.09496	449.875	-2.7237527	26.562475	41.444614	-47.41794	408000	-0.027611904	1293.884	0.0	-71.19464	0.81743425	5.215406e-10	191.1523151397705
102	57.949287	119.11951	237.76123	-124.53543	388.8889	1.180326	27.693872	42.747467	-48.64332	412000	-0.10305328	1544.4938	0.0	-205.61798	0.9143927	7.897616e-10	193.119234085083
103	103.90842	111.608	247.67088	-102.42581	401.44446	4.2896495	24.176867	44.204323	-47.645893	416000	-0.070341885	1318.3696	0.0	-133.70709	0.81978357	3.1292438e-09	195.09136605262756
104	57.42891	128.62434	231.65826	-174.04727	334.22223	5.346786	27.536755	41.500423	-47.01388	420000	-0.0261863	1626.3213	0.0	-248.77435	0.8890737	-2.1457671e-09	196.8452160358429
105	62.104034	105.43366	242.25793	-96.75094	322.8	2.3505957	23.68218	42.84096	-47.665222	424000	-0.06629044	1216.9077	0.0	-89.64664	0.8855326	1.4901161e-09	198.57895183563232
106	73.61321	90.92624	257.2031	-43.36566	428.375	0.60877174	27.146215	48.399456	-48.893833	428000	-0.043890443	1481.7483	0.0	-155.21198	0.80482143	1.0430812e-10	200.561350107193
107	89.297935	128.677	215.79123	-167.97371	453.5	3.709998	26.424084	42.80343	-47.52363	432000	-0.11321503	1282.8193	0.0	-168.82596	0.80909646	-1.7881385e-10	202.65624117851257
108	89.69053	106.488365	264.98328	-30.377811	321.7	10.630433	22.478992	42.866894	-47.230312	436000	-0.07755667	1476.0614	0.0	-155.45248	0.88548994	3.2782554e-10	204.41014504432678
109	76.16559	120.79057	250.18764	-146.22054	442.25	5.6841574	25.091288	43.852135	-49.275677	440000	-0.048143268	1445.58	0.0	-95.71948	0.8571706	-2.682209e-10	206.33391404151917
110	22.811668	164.23483	234.11562	-246.436	435.875	6.745213	25.569555	44.16665	-49.64187	444000	0.023741985	1571.3025	0.0	-341.8403	0.8348226	9.23872e-10	208.23129892349243
111	-12.141915	124.14476	178.259	-220.49286	500.14285	-4.4759746	30.805254	47.01576	-52.767467	448000	-0.08177485	1424.4832	0.0	-227.23956	0.87321126	-7.4505807e-10	210.4388620853424
112	121.51672	121.03613	259.43152	-86.36121	558.2857	-3.586193	25.721655	48.926655	-54.81185	452000	-0.09638347	1552.4203	0.0	-371.79327	0.80700153	7.748604e-10	212.72412300109863
113	78.91576	141.09233	214.79523	-179.67767	530.2	6.27568	21.34849	47.388893	-53.009113	456000	-0.040450968	1094.71	0.0	-165.28345	0.8988668	-2.7567149e-09	215.30984377861023
114	5.7738876	85.92163	155.71738	-78.642784	617.6667	5.0538397	23.567616	47.95391	-53.59764	460000	0.013365889	1155.0884	0.0	-235.64484	0.81990546	1.475215e-09	217.7634470462799
115	-49.21868	128.53125	137.2835	-221.63011	889.0	-9.615106	24.079962	49.07599	-55.11305	464000	-0.07373744	513.8976	0.0	-68.95274	0.96615565	3.874302e-10	221.1741909980774
116	20.494698	109.716606	148.24388	-89.63356	703.0	-4.9104123	23.07561	49.424175	-55.359783	468000	-0.06523903	854.00256	0.0	-202.72015	0.95819366	-2.3245812e-09	223.67638182640076
117	-25.875296	95.570724	139.24397	-90.98169	947.25	-8.424611	17.279995	48.45677	-51.9701	472000	-0.0988701	199.47427	0.0	-22.925798	1.0104595	-5.5134297e-10	226.97684407234192
118	39.702484	109.11431	154.56802	-72.678085	876.75	-3.9013457	18.873026	48.66396	-44.394794	476000	-0.1114548	299.19238	0.0	-66.100815	0.96075	9.834766e-10	229.9004819393158
119	-70.18633	20.986658	-39.4531	-98.12023	1000.0	-7.2313433	14.240619	41.074123	-16.398012	480000	-0.050111398	73.76683	0.0	-16.598988	1.0607507	3.7252904e-10	232.6046199798584
120	-48.250122	46.856792	-8.855908	-126.33948	941.0	-5.737269	18.443304	48.447433	-34.315712	484000	0.0045740195	227.93352	0.0	-40.525192	1.0391797	1.0281801e-09	235.9587061405182
121	-12.390747	7.287502	-6.259923	-24.831112	1000.0	-9.234467	18.02848	49.531757	-19.27034	488000	-0.047242016	81.47267	0.0	-22.007067	1.0415807	-1.5497208e-09	238.9869349002838
122	-28.979904	24.622835	13.434426	-45.77729	1000.0	-7.648949	18.00591	50.24169	-19.582813	492000	0.0026020631	44.507706	0.0	-5.275196	1.0536593	-1.9371509e-09	242.4296281337738
123	78.7706	121.30397	235.18849	-72.0374	787.5	-4.3019433	19.572716	50.135452	-53.644356	496000	-0.044473756	396.20844	0.0	-59.873764	0.9646952	-1.4305115e-09	245.54513096809387
124	-18.074093	50.47709	44.77978	-93.10253	972.75	-2.410581	18.39084	50.10007	-50.149765	500000	-0.007069275	163.587	0.0	-19.393501	1.0391523	1.2814999e-09	248.57504105567932
125	-85.829414	123.53957	56.189236	-212.16838	864.25	-2.3235939	20.81219	50.754333	-55.04225	504000	0.027637407	1473.4641	0.0	-617.4411	0.91506624	-9.23872e-10	251.83519101142883
126	159.13391	22.662891	200.7154	134.34956	685.2	-2.7036338	25.828115	53.527	-59.595917	508000	-0.12510806	1364.8215	0.0	-648.67676	0.81597465	-3.4272674e-10	254.5872139930725
127	96.718414	147.95438	224.50215	-175.58093	512.5	12.54919	17.383463	51.472736	-52.806065	512000	-0.027705524	1267.4204	0.0	-257.98016	0.862316	1.7732382e-09	256.7472810745239
128	147.60432	77.884544	230.98215	-13.902779	529.6667	10.016818	22.678438	51.706295	-57.972607	516000	-0.07914728	868.35254	0.0	-63.39435	0.81740844	1.9073485e-09	258.9130959510803
129	121.37084	138.38014	232.18117	-197.17215	415.75	11.467104	23.05506	51.450607	-57.625725	520000	-0.02891858	1091.0491	0.0	-164.61261	0.7903359	3.5762787e-10	260.8444929122925
130	16.769848	167.52168	188.88655	-187.62509	650.4	10.272157	26.59806	51.83191	-58.142113	524000	0.06035558	1105.0103	0.0	-284.85297	0.6725678	3.8743017e-10	263.13053798675537
131	93.010574	130.67386	238.1716	-143.9265	459.85715	4.5089355	31.94382	53.149254	-59.56798	528000	-0.043070566	1162.5125	0.0	-107.90515	0.81783754	1.1920929e-09	265.1109609603882
132	75.824524	129.5381	247.20679	-170.47348	428.0	7.018518	29.237747	53.55802	-60.03312	532000	-0.038207233	1155.1686	0.0	-137.46106	0.80172527	-1.5944243e-09	267.23078894615173
133	45.501038	116.37344	234.50235	-91.1698	580.5	-0.9606941	28.100542	54.025764	-60.61548	536000	0.011260647	1112.6147	0.0	-223.84341	0.8313924	1.8030405e-09	269.23695707321167
134	140.86517	95.37257	249.73561	-14.174044	403.33334	10.990178	26.400103	55.48686	-50.94879	540000	-0.094116144	1669.1161	0.0	-596.5566	0.74554884	6.258487e-10	271.132789850235
135	183.62016	89.62048	246.55777	-60.024582	418.33334	20.535988	21.294645	55.552307	-57.762352	544000	-0.07489062	1290.813	0.0	-296.88788	0.77695405	-1.758337e-09	272.96384716033936
136	169.93616	90.257614	266.94153	-6.299901	506.14285	28.392347	17.695698	57.221165	-38.393597	548000	-0.007955267	1157.8611	0.0	-197.47891	0.76183593	-2.3692845e-09	275.0368947982788
137	130.15456	129.79906	241.85504	-148.17068	485.42856	20.375643	20.277514	58.074562	-57.829475	552000	-0.008087674	1040.7161	0.0	-147.11069	0.7958666	-1.937151e-10	277.1330599784851
138	62.813984	136.95128	215.13972	-126.97702	526.3333	13.190482	23.239687	58.977013	-63.097473	556000	0.08951998	1039.7754	0.0	-235.00992	0.7433698	-1.4305115e-09	279.21859908103943
139	127.14076	77.02272	210.29488	-8.573281	496.7143	8.661401	26.631699	60.404293	-64.587296	560000	-0.05274449	834.29004	0.0	-154.91537	0.8062794	-2.2351743e-09	281.23379611968994
140	162.1378	92.21627	257.2273	-24.94865	418.5	15.050164	24.010406	60.83866	-35.16725	564000	-0.020339973	1125.2207	0.0	-149.86877	0.7552739	-4.0233136e-10	283.3284840583801
141	163.74232	120.40634	270.87314	-122.53858	461.57144	18.15811	22.821075	61.707897	-58.06548	568000	-0.01635535	873.4986	0.0	-206.9491	0.8065852	1.0728836e-09	285.1296601295471
142	159.65463	115.519135	267.99948	-19.58464	429.0	18.061066	24.84311	62.233467	-46.229897	572000	-0.04781315	1372.9695	0.0	-356.62186	0.80163395	7.1525574e-10	287.1879289150238
143	121.547066	138.42226	249.17302	-105.05834	444.7143	24.563503	19.516697	62.67581	-43.174244	576000	0.026171815	1451.8885	0.0	-459.79147	0.81310916	2.771616e-09	289.1661548614502
144	99.29513	153.3524	251.5584	-150.0771	475.0	11.95006	26.663048	64.10646	-63.88105	580000	0.05699153	824.71027	0.0	-180.3871	0.7871226	7.0035455e-10	291.3244309425354
145	153.87154	116.913	236.90683	-74.82527	550.0	11.691391	27.49791	64.48343	-70.159454	584000	0.014412506	802.29236	0.0	-170.65964	0.73761326	1.341105e-10	293.5420889854431
146	147.77841	101.925865	269.8014	27.477901	537.8571	18.511082	24.932848	65.809715	-49.238052	588000	-0.063054815	701.6486	0.0	-109.474396	0.8294587	8.3446505e-10	295.68538093566895
147	147.886	146.88283	265.93018	-153.98743	510.85715	17.845085	24.151863	66.16787	-60.344303	592000	-0.018186059	850.3513	0.0	-274.06708	0.7992499	-1.1920929e-09	297.82916498184204
148	217.05913	29.264486	262.97214	162.50467	477.16666	22.861904	22.193998	67.3794	-30.020687	596000	-0.018651605	593.41034	0.0	-115.93071	0.80168164	7.1525574e-10	299.92922496795654
149	167.39789	77.25861	232.02614	19.544203	653.0	24.448578	22.157907	67.56152	-21.597927	600000	-0.029132832	430.29892	0.0	-100.11899	0.80498147	1.7136336e-09	302.31906604766846
150	131.26231	107.09743	276.44473	22.686028	502.14285	19.055656	24.288584	68.11246	-25.54675	604000	-0.03574672	712.4371	0.0	-97.43561	0.8416798	1.5050172e-09	304.4286141395569
151	178.70285	81.79034	255.07587	22.999807	675.4	20.81191	21.837704	68.83547	-12.915841	608000	0.040868837	687.8889	0.0	-280.5671	0.7619002	1.2367964e-09	306.7037239074707
152	65.45944	44.73012	109.55645	-8.395909	815.0	11.088593	21.817173	69.56043	-11.696126	612000	0.028356686	362.3526	0.0	-124.83923	0.9071536	2.220273e-09	309.5706570148468
153	164.27785	59.978035	223.64325	78.42844	838.75	7.3904305	21.657883	69.538864	-13.36464	616000	-0.05011531	414.78668	0.0	-154.9007	0.761855	-1.0430812e-09	312.59181690216064
154	161.54242	35.737747	216.2606	120.41193	897.5	13.411324	16.965422	69.254616	-6.5736647	620000	-0.009807019	313.1708	0.0	-38.818367	0.7995297	-1.0281801e-09	315.2336449623108
155	156.8361	90.332924	272.5872	18.221392	631.3333	18.504725	20.353989	70.061485	-2.2525024	624000	-0.04721453	574.2691	0.0	-83.92206	0.8737699	2.7418137e-09	317.38015604019165
156	79.590515	7.301405	91.11738	71.03873	1000.0	14.806391	15.579105	70.144104	-8.187326	628000	0.14549822	287.92053	0.0	-205.92807	0.8735864	-3.874302e-10	320.08223605155945
157	98.04486	28.489712	132.3878	53.203922	1000.0	6.9095364	18.017593	70.017715	-5.5095434	632000	-0.012373164	104.300156	0.0	-29.363644	0.8246391	-6.854534e-10	322.8082699775696
158	117.07312	16.731968	145.98363	105.607056	1000.0	6.87734	21.524664	70.48586	-18.227486	636000	-0.054115035	89.4316	0.0	-20.196661	0.90215373	-9.685754e-10	325.14493203163147
159	163.2155	59.436146	248.69594	81.96726	895.25	4.7511683	20.092722	71.10407	-8.676658	640000	-0.031235028	224.38931	0.0	-71.71797	0.8315431	3.72529e-10	327.66444396972656
160	98.560074	52.558987	167.23068	19.987677	806.75	9.419797	19.34127	71.85377	-9.172034	644000	0.030562688	217.82079	0.0	-38.33574	0.924173	2.0116568e-09	330.0556490421295
161	112.0758	2.275652	114.63611	108.72772	1000.0	6.0696297	16.140486	72.09043	-5.5960813	648000	0.011833586	51.431213	0.0	-32.467308	0.9850651	2.4437905e-09	332.9160108566284
162	145.8526	13.413535	165.34842	132.97151	1000.0	7.8085647	19.152319	72.213844	-8.047392	652000	-0.033945605	23.280556	0.0	-8.547556	1.06482	5.364418e-10	335.34047508239746
163	144.33737	30.394197	176.739	100.37697	1000.0	10.267511	21.306835	72.67052	-3.3034358	656000	-0.023343416	38.56145	0.0	-11.650055	0.99902236	5.6624416e-10	338.3555839061737
164	120.84628	63.997677	194.86867	20.455301	803.0	9.4589	20.677616	73.056244	-7.3208036	660000	-0.0012605079	218.37209	0.0	-39.90406	1.0409467	4.61936e-10	341.2120170593262
165	82.31801	66.52472	166.43292	17.072874	515.0	13.496089	23.053707	72.89866	-4.9192433	664000	0.009054009	388.18973	0.0	-66.23422	0.99581563	2.5331974e-09	343.4675498008728
166	131.32736	66.19	180.87457	17.67996	802.5	6.8671465	19.036505	72.72103	-7.3073273	668000	-0.0056178756	214.70772	0.0	-30.636223	0.9784508	-4.0233133e-10	346.1013629436493
167	129.55772	36.225292	161.46306	68.99829	777.5	9.115993	21.343422	74.293045	-34.830986	672000	-0.005572065	110.88521	0.0	-32.78262	0.9675579	2.399087e-09	348.7439410686493
168	150.40189	13.02274	169.0739	137.43315	1000.0	8.711056	20.323584	75.0606	-9.254749	676000	-0.073354386	25.399761	0.0	-7.51676	0.92846704	-3.7699937e-09	351.0189731121063
169	126.36777	50.562057	185.13255	45.57479	802.0	12.186991	24.338121	75.51517	-18.765993	680000	-0.01971395	279.30103	0.0	-99.912186	0.9030037	-6.8545347e-10	353.41260409355164
170	55.44546	52.54097	169.29364	5.7606707	392.8889	22.243906	25.790339	76.23363	-56.42033	684000	0.0068289675	1048.3253	0.0	-508.26855	0.9278482	-3.6060812e-09	355.5166938304901
171	69.19584	64.706345	167.52995	-10.929489	414.7143	6.21075	25.433214	77.25022	-75.19172	688000	0.011411052	587.4448	0.0	-75.15786	0.87643003	1.937151e-10	357.6895110607147
172	158.26465	23.321281	185.33241	123.03965	1000.0	4.4908905	19.1305	76.309845	-29.051744	692000	0.012145472	164.7006	0.0	-118.58533	0.8738234	-9.983778e-10	359.7981400489807
173	92.94377	67.12038	163.22466	-2.7631376	678.2	15.95253	27.149538	77.649254	-59.71549	696000	-0.035845757	412.0602	0.0	-200.5846	0.88584244	1.8030406e-09	361.68260502815247
174	103.068405	51.984238	146.13133	24.088203	672.0	8.6682005	19.946487	77.736565	-60.161083	700000	-0.0023511462	241.75862	0.0	-37.13483	0.8484345	-3.1292446e-10	363.9836871623993
175	108.70658	59.61523	185.42456	30.57842	679.4	9.788071	21.45648	77.18042	-62.76408	704000	-0.0054736473	274.3262	0.0	-45.26185	0.865468	-1.4305115e-09	366.6211829185486
176	77.16519	77.63048	173.88022	-33.38006	510.8	11.837736	23.636177	76.79427	-56.98084	708000	-0.04398005	412.2732	0.0	-45.118225	0.8149713	1.2218953e-09	368.7561368942261
177	87.17881	83.05488	197.90689	-9.214975	516.6	13.507024	23.415148	75.72942	-63.73559	712000	-0.0205314	483.53326	0.0	-92.300644	0.84518695	4.1723247e-10	371.2757260799408
178	90.95315	66.432556	186.91415	-3.9993699	525.0	8.462529	22.352922	75.75187	-63.772243	716000	-0.014388579	287.11993	0.0	-41.45665	0.87109214	-2.2500752e-09	373.7387249469757
179	83.34625	99.685905	184.66724	-22.586163	625.5	8.020601	22.14359	77.648994	-65.49103	720000	-0.02458991	418.3286	0.0	-140.96452	0.8405787	-4.097819e-09	375.8887059688568
180	53.529015	90.93682	190.90535	-41.946144	527.6	7.1354003	21.932446	79.98085	-71.67335	724000	0.0024126805	456.26605	0.0	-192.12146	0.81199855	-1.3560056e-09	377.7011251449585
181	84.47328	86.37296	145.44983	-64.35642	808.0	-0.22028968	22.211742	78.14995	-64.84262	728000	0.02427302	620.74585	0.0	-341.52026	0.71152675	3.9339065e-09	379.7222080230713
182	142.18636	28.973383	167.35042	96.040375	1000.0	8.395633	20.781992	81.515305	-21.130976	732000	0.018735435	30.450615	0.0	-16.144966	0.80491614	-7.1525574e-10	382.083398103714
183	164.89311	41.67553	225.25194	108.33733	957.25	12.068026	19.58257	81.2354	-14.7586155	736000	-0.05958171	168.63188	0.0	-24.83509	0.83603096	-5.7518483e-09	384.5131528377533
184	128.41898	87.79935	214.68057	-34.522816	741.0	13.520094	19.504866	81.34147	-22.945023	740000	-0.041121397	368.07535	0.0	-113.7272	0.77896017	-3.874303e-10	386.8541679382324
185	90.80873	77.82745	144.04507	-43.545338	805.75	9.058215	19.14819	81.512146	-21.232534	744000	-0.011573359	179.30328	0.0	-21.162348	0.79411834	-1.9967556e-09	389.1082317829132
186	55.535267	59.165073	116.42885	-22.83526	657.1667	9.371904	18.237253	80.171974	-19.658707	748000	-0.007621512	546.6252	0.0	-262.90036	0.8201833	2.30968e-09	391.3980450630188
187	-3.051841	77.48545	102.16621	-99.24962	543.6667	4.9175615	25.591614	80.682945	-64.97683	752000	-0.029754037	937.1624	0.0	-292.0568	0.86030924	-2.1010638e-09	393.6680910587311
188	22.407013	51.56115	90.16509	-31.733017	657.5	-6.6007676	20.079315	61.20145	-64.04706	756000	-0.03160138	389.36774	0.0	-94.707214	0.8426464	7.420778e-09	395.63978695869446
189	138.84177	81.038734	277.41006	81.02142	853.75	-0.63838995	18.602028	79.48677	-25.740187	760000	-0.0077572633	426.48026	0.0	-244.70932	0.79563016	-2.3841862e-10	399.4427161216736
190	28.052942	95.847176	188.30046	-88.91476	530.2	13.876651	16.074696	79.82767	-57.757484	764000	-0.051555052	878.02026	0.0	-297.15308	0.86815596	-8.195638e-10	401.8211030960083
191	55.0962	101.46708	208.22148	-67.149574	658.6	2.8020155	19.785267	66.82517	-72.74864	768000	-0.04932363	566.6837	0.0	-66.81731	0.87150025	-8.34465e-10	404.21386909484863
192	-24.922106	77.727486	58.539043	-122.062805	827.5	-0.5073136	21.516687	83.114006	-67.97623	772000	-0.065442234	280.36426	0.0	-18.960434	0.9546164	-1.3709068e-09	406.58586382865906
193	22.396698	36.63497	50.18771	-40.47554	1000.0	-2.5059168	17.180296	74.088646	-40.71295	776000	-0.04948221	78.47418	0.0	-17.938717	0.95727634	-1.8626451e-09	410.56638503074646
194	-11.27619	50.44858	48.120064	-89.37822	938.75	-0.007365112	20.334372	82.840546	-17.574156	780000	-0.03326566	226.06393	0.0	-28.547607	0.97503155	4.768372e-10	413.94940519332886
195	-5.305254	72.83147	105.8983	-95.623665	919.5	-3.4961798	19.214245	77.65609	-55.229546	784000	-0.08341341	322.51724	0.0	-46.016556	0.98913133	-6.407499e-10	417.55325293540955
196	-8.2530155	17.482822	19.532743	-28.378023	1000.0	-6.373826	17.306734	74.7491	-17.238295	788000	-0.0467828	27.754353	0.0	-1.5959558	1.0204331	-2.1755695e-09	420.5014350414276
197	-18.982943	24.799152	13.044122	-53.20388	1000.0	-6.880219	15.558116	60.016327	-17.154676	792000	-0.060763016	22.380737	0.0	-2.8222141	1.030484	2.4139881e-09	423.29463291168213
198	-15.5085	13.382621	7.195754	-27.032394	1000.0	-6.5624075	16.571674	74.02983	-17.384514	796000	-0.04918097	20.513039	0.0	-2.4655685	1.0182251	-2.69711e-09	426.8925549983978
199	-10.566973	31.288582	21.769033	-54.211224	1000.0	-4.707601	19.332727	84.579544	-17.886993	800000	-0.039962333	34.564697	0.0	-6.031992	1.0241498	-2.2798776e-09	430.73306107521057
200	-9.717268	19.860296	17.309954	-37.14665	1000.0	-6.7928233	19.52297	84.91884	-18.682268	804000	-0.040533952	26.414742	0.0	-7.316762	0.9977321	-1.7881393e-09	433.5909481048584
201	119.34425	53.919857	167.63806	27.903702	925.5	-0.3845506	18.074825	64.77993	-18.329502	808000	-0.113704905	487.63342	0.0	-277.17673	0.9786476	-1.5795231e-09	436.62187600135803
202	160.3174	69.55568	214.89401	40.877518	717.0	9.207158	17.80562	84.98004	-7.957387	812000	-0.054939743	254.00208	0.0	-84.88735	0.9425335	3.412366e-09	439.413850069046
203	187.91182	35.664673	252.1386	153.81764	699.8	23.763948	24.09027	84.73	-6.4401035	816000	0.0768566	290.6411	0.0	-58.61174	0.8766674	-1.6987325e-09	442.4236099720001
204	218.71957	7.831716	233.02974	210.95062	636.2	21.827492	19.769335	73.55391	-6.6686277	820000	0.008434089	304.30035	0.0	-67.92157	0.86822027	3.233552e-09	445.0542869567871
205	228.94032	33.349762	286.59357	176.65121	520.8571	34.895195	17.900955	85.5509	-7.5976667	824000	-0.025118545	490.93378	0.0	-140.99533	0.8154827	1.3262034e-09	447.26011300086975
206	250.79628	14.905162	270.86087	224.81644	390.55554	37.005634	15.463665	79.7553	7.6143446	828000	-0.10753703	352.9764	0.0	-229.50992	0.89107287	1.0728836e-09	449.38577818870544
207	241.25946	75.47547	293.52216	10.047062	342.27274	59.568726	15.724981	85.50567	20.00947	832000	0.08847226	589.6536	0.0	-183.95195	0.76790863	-3.4272668e-10	451.2463700771332
208	257.33884	40.357952	288.9041	138.20056	342.27274	53.00858	14.6409025	88.995575	6.2170944	836000	0.013854489	687.81244	0.0	-451.10645	0.72564757	-2.5331975e-10	452.94128608703613
209	249.64188	24.178108	288.35318	209.13081	367.77777	47.74778	26.47664	90.78931	-17.888018	840000	0.013760231	597.57294	0.0	-238.69447	0.72776294	1.2814999e-09	454.53425097465515
210	226.60648	71.66601	283.233	49.281498	268.23077	61.39603	16.328825	91.72161	-1.9246253	844000	-0.060615916	776.3486	0.0	-192.05179	0.76019347	5.5134297e-10	455.89897108078003
211	203.91704	93.80114	282.89005	21.368477	256.2143	60.191444	12.42479	90.36973	12.753441	848000	0.018105991	1214.1202	0.0	-101.199554	0.7471605	1.9371504e-10	457.29434394836426
212	145.60901	115.583755	275.87054	7.0158696	220.88889	60.96276	16.55548	89.42442	-5.502405	852000	-0.05091556	2460.534	0.0	-508.62384	0.7803427	1.4603139e-09	458.6051068305969
213	158.4145	116.47811	292.9312	-7.490379	247.13333	48.07582	24.905804	86.55959	-29.152472	856000	0.022306332	1844.8171	0.0	-372.32037	0.69067216	-1.3858079e-09	460.03875184059143
214	132.86584	105.01401	277.30154	24.773441	211.78572	31.89222	35.746845	85.30622	-37.479073	860000	-0.03355273	1291.2903	0.0	-281.10962	0.7185494	1.475215e-09	461.6603310108185
215	168.2645	110.41086	279.57153	25.547192	247.26666	37.16	26.501945	83.54417	-34.43776	864000	-0.039591085	1463.9431	0.0	-366.62524	0.76513636	2.2351743e-10	463.2151598930359
216	130.2043	108.32828	281.57037	26.968382	244.86667	43.263386	26.738346	84.5638	-40.693233	868000	-0.004359926	1621.9559	0.0	-334.5846	0.7135632	1.564622e-09	465.07770895957947
217	141.6884	112.93068	283.9807	-3.1411405	214.33333	38.30054	24.277624	85.047	-40.884315	872000	-0.054738525	1772.7809	0.0	-177.90381	0.77789146	4.1723247e-10	466.552405834198
218	196.64539	105.91586	289.0874	12.999334	227.23529	44.35375	26.798485	86.180664	-52.14929	876000	-0.04476491	1681.0679	0.0	-426.56458	0.7274604	-1.6391277e-09	467.9574429988861
219	191.57596	114.4831	301.10477	3.8309119	243.125	55.491085	19.982346	89.253235	-37.196854	880000	-0.053594533	1511.3176	0.0	-130.94556	0.71579885	-9.23872e-10	469.2551779747009
220	115.22313	127.454796	289.317	-30.623442	272.7857	48.9344	24.327261	89.50219	-39.437813	884000	-0.04524522	2452.5737	0.0	-825.31964	0.70648336	-1.0728837e-09	470.7213580608368
221	191.56332	113.52306	281.46472	-2.850997	273.14285	40.12007	29.816086	85.68172	-55.79527	888000	-0.002912022	1544.9875	0.0	-412.39084	0.6896235	3.0398368e-09	472.03407096862793
222	202.96565	109.86287	301.31656	5.0206633	259.85715	57.86505	16.896254	89.09346	-16.747868	892000	-0.07960138	1107.1154	0.0	-126.88986	0.7701454	1.5348196e-09	473.32443475723267
223	163.93895	121.41244	296.3286	-0.49408323	252.71428	44.589954	28.782036	89.08674	-36.418396	896000	-0.0031776354	1357.0955	0.0	-143.5148	0.7604407	1.5348196e-09	474.6532242298126
224	228.89693	86.177216	287.39377	19.898985	272.2143	45.416832	23.645016	89.79388	-37.84505	900000	-0.08998574	1366.8657	0.0	-593.9872	0.77195185	1.564622e-09	475.92649483680725
225	233.07924	73.69856	289.93268	-4.439322	314.91666	62.454697	13.517046	90.8635	-25.543686	904000	0.009176202	697.9645	0.0	-137.56023	0.7536621	1.475215e-09	477.4680390357971
226	193.66765	98.70847	288.33347	14.233527	281.75	57.066452	13.41188	90.581825	-28.559843	908000	-0.021104682	1041.9471	0.0	-295.45026	0.7461347	-3.7252903e-09	478.8301191329956
227	192.29248	97.188255	282.89752	10.120588	325.33334	50.2281	22.410746	89.71738	-38.365562	912000	-0.051112205	1660.3075	0.0	-582.3378	0.7469616	-1.8775463e-09	480.4968729019165
228	230.4682	74.482315	279.7334	-12.266701	319.91666	46.041668	18.419203	79.71338	-52.176918	916000	-0.037473887	652.51196	0.0	-173.819	0.8102395	-4.723668e-09	482.05633878707886
229	208.57417	104.54229	281.1221	-10.980266	298.6	54.002754	16.836716	84.38705	-42.917133	920000	-0.01944016	1080.3474	0.0	-443.70673	0.78510916	3.0100347e-09	483.6531629562378
230	255.05788	20.728714	292.27878	227.04114	353.5	52.797775	14.1957445	87.85348	-41.694683	924000	0.008416479	595.41113	0.0	-326.57092	0.7217056	-2.9802327e-11	485.24881505966187
231	204.0027	86.76839	264.81662	19.107746	322.54544	46.55514	16.485004	88.57792	-51.45527	928000	-0.09931531	529.241	0.0	-122.29233	0.82731915	3.1292438e-09	486.7898690700531
232	197.11673	89.13091	256.52878	-19.03164	415.0	39.887985	20.950426	81.85745	-64.14123	932000	-0.010524392	674.98193	0.0	-191.86716	0.80323577	-9.387731e-10	488.40515089035034
233	195.79266	76.786476	293.31573	30.81209	415.77777	35.887486	24.45578	89.00855	-64.35466	936000	-0.088367626	501.00745	0.0	-83.63638	0.8040395	3.6805867e-09	490.226539850235
234	216.75816	70.49267	262.07147	65.517624	478.66666	32.400326	21.928444	83.38818	-10.657072	940000	-0.01563208	324.1621	0.0	-92.59468	0.79525995	-1.4454126e-09	492.1658630371094
235	251.7136	22.16807	285.543	210.74576	360.8	37.77229	18.869131	79.76419	-18.412474	944000	-0.11336185	586.4464	0.0	-475.43588	0.84349555	1.4305115e-09	493.95573711395264
236	238.34723	23.037428	267.0614	208.86015	430.375	49.50932	15.172109	85.56511	-20.555387	948000	-0.03522521	213.00632	0.0	-75.81907	0.8495263	-3.4868717e-09	495.9829988479614
237	223.88077	28.641174	247.21062	157.78117	451.25	51.658592	20.433104	85.00374	20.951336	952000	0.16414526	1113.1909	0.0	-657.25635	0.7462038	1.6391277e-10	498.11586904525757
238	135.60844	122.28847	259.82272	-38.17612	384.0	39.371094	13.263998	77.307655	-26.130758	956000	-0.05780804	1783.2648	0.0	-555.4322	0.9068619	-5.2303077e-09	500.1306312084198
239	199.12543	98.09088	280.93286	-23.163574	442.75	32.951138	19.916218	71.83089	-35.788143	960000	-0.009133489	534.2951	0.0	-167.88832	0.8072181	2.5182962e-09	502.16634798049927
240	132.83636	134.7194	290.84323	-60.45532	381.8889	31.842777	21.317774	88.605644	-25.705748	964000	-0.009576989	1224.1925	0.0	-144.44177	0.8692761	-2.3990872e-09	504.1665451526642
241	107.37673	128.83463	286.15677	-69.91029	537.3333	17.75634	21.82917	90.54955	-46.391453	968000	-0.027509952	830.316	0.0	-161.65292	0.76782554	-3.4272671e-09	506.26894211769104
242	126.20862	125.92211	277.01288	-63.47693	354.6	23.857927	23.910046	83.72356	-55.977623	972000	0.021986809	1066.4106	0.0	-102.74756	0.80860937	-1.92225e-09	507.95864486694336
243	140.0946	117.73765	257.00354	-49.60844	405.0	33.938263	23.718435	88.75294	-56.461147	976000	0.022534646	1160.2621	0.0	-404.32297	0.8238834	1.7285348e-09	509.68144607543945
244	152.74893	126.458534	295.87027	-43.511436	446.625	23.229366	25.260305	85.41824	-43.402946	980000	-0.06591773	612.4409	0.0	-88.60098	0.8418375	-1.6838313e-09	511.5336890220642
245	122.276596	125.17558	285.18646	-62.441235	424.8889	31.632122	21.707363	85.55424	-56.83456	984000	-0.014016112	1214.7645	0.0	-548.93994	0.7592644	2.0116568e-09	513.9294581413269
246	94.83886	128.61108	289.33426	-59.954666	336.72726	19.900484	30.48219	89.34061	-62.02138	988000	-0.020784436	1523.7328	0.0	-218.8794	0.82882214	-3.0100347e-09	515.5650060176849
247	164.84705	94.28447	253.82562	-9.186137	389.0	19.465193	28.849781	86.7668	-72.15173	992000	-0.037144728	1010.4801	0.0	-363.988	0.7754732	1.4454127e-09	517.4414989948273
248	133.71632	120.95914	294.9872	-21.782055	376.3	30.164537	30.381287	86.763565	-68.56467	996000	-0.030090505	1140.7778	0.0	-263.0323	0.81788504	1.6838313e-09	518.9900641441345
249	87.276245	129.24263	281.31277	-52.524822	384.75	23.29471	25.293913	87.54705	-63.90195	1000000	-0.004602764	1000.8693	0.0	-371.7833	0.7957704	1.66893e-09	520.5718529224396
250	237.86433	36.592316	299.77313	184.21585	353.22223	31.459686	29.167225	89.623276	-63.306602	1004000	-0.0438478	837.8376	0.0	-525.1551	0.7664435	3.129244e-10	522.2550020217896
251	226.27406	58.951706	300.0351	105.8578	424.33334	42.244766	22.361145	89.12782	-39.278625	1008000	-0.05168224	300.9726	0.0	-104.982216	0.7071856	1.6391277e-10	524.3447868824005
252	166.92249	113.91697	272.4223	-79.14561	351.4	34.286617	23.534367	90.5539	-29.690905	1012000	-0.05026423	829.42035	0.0	-127.97243	0.79529285	4.61936e-10	525.970184803009
253	151.21054	103.73857	269.81125	-31.912395	425.0	40.813873	25.510092	90.28736	-27.997961	1016000	0.045213595	1217.5797	0.0	-519.4037	0.7251451	1.847744e-09	527.8488290309906
254	131.5846	129.32266	290.9444	-51.56318	360.375	28.640062	24.343658	89.682076	-58.339886	1020000	-0.035804525	1366.1387	0.0	-325.41965	0.7079818	-4.127622e-09	529.5762259960175
255	71.01682	158.58249	280.6774	-176.97725	308.58334	20.609285	28.670034	88.957695	-66.60465	1024000	0.025886025	2174.0784	0.0	-1057.1406	0.8168043	2.2500752e-09	530.9782319068909
256	132.3411	118.939514	231.30962	-101.33412	423.0	11.967883	32.222446	91.244255	-83.28575	1028000	-0.095228374	1304.9211	0.0	-529.0856	0.7574391	-1.1771917e-09	532.9597589969635
257	140.50685	160.55148	296.999	-192.46013	348.81818	25.569563	34.3983	90.19917	-78.213196	1032000	0.0816395	1584.7072	0.0	-836.49927	0.7507309	-1.6093255e-09	534.5663421154022
258	220.64345	78.31458	285.64676	21.454731	335.1111	42.641598	26.942183	92.610535	-40.53893	1036000	-0.05916287	725.3087	0.0	-176.33379	0.7317139	2.8461218e-09	536.6965899467468
259	172.65712	111.54195	275.2265	-53.643475	351.45456	24.464296	34.196842	91.158745	-80.70768	1040000	-0.1292086	1570.8158	0.0	-624.4716	0.7397438	2.9355287e-09	538.167083978653
260	188.70798	110.16858	277.12195	-37.25612	278.53845	46.69871	27.070126	93.068794	-29.530043	1044000	-0.020054342	976.1483	0.0	-130.94604	0.77292454	1.4454127e-09	539.6415688991547
261	202.20613	79.343185	284.28232	17.627193	373.9	38.90754	27.0918	93.8921	-42.439495	1048000	-0.0010605417	971.16327	0.0	-510.29105	0.7173901	5.0663945e-10	541.481733083725
262	142.63329	126.16562	256.3397	-44.463783	419.8889	52.17796	21.834547	88.94242	-35.06431	1052000	-0.0019100932	2309.829	0.0	-1498.3115	0.71780956	2.0712614e-09	543.4107649326324
263	209.56557	72.558876	271.6437	47.533623	415.8889	42.245205	26.303846	92.39944	-75.080185	1056000	0.00988891	1152.1876	0.0	-530.7489	0.6714269	1.4007092e-09	545.1063861846924
264	200.10571	93.6636	260.6416	-10.825389	304.41666	35.56966	28.914484	92.73383	-66.81056	1060000	-0.08213788	1199.2407	0.0	-235.70538	0.7212088	1.2218951e-09	546.6403679847717
265	147.47488	116.92416	270.7987	-20.59273	253.21428	48.5087	24.046656	93.71726	-70.457	1064000	-0.07701195	1517.4484	0.0	-383.64398	0.74898314	-5.066395e-10	548.0739860534668
266	191.27686	114.91134	276.7384	-22.298803	319.0	46.371162	26.928646	93.961266	-66.22173	1068000	-0.009674847	1212.9061	0.0	-342.00043	0.7265247	-2.0116568e-09	549.6593551635742
267	180.26787	104.76058	269.72488	-33.100117	362.1	40.80389	26.24582	78.40671	-64.211784	1072000	0.0129764415	686.00024	0.0	-159.31677	0.6995212	1.4901191e-11	551.4401981830597
268	156.95374	120.63283	274.38977	-26.76746	365.6	36.40423	29.659163	81.613716	-78.05743	1076000	-0.06785037	924.67285	0.0	-327.68524	0.7293024	-2.5331974e-09	552.9196579456329
269	169.33394	109.53513	264.68863	-33.5999	322.5	33.681896	29.29354	83.41751	-49.84558	1080000	0.020879999	1974.8936	0.0	-995.099	0.7122921	1.3411046e-09	554.5237109661102
270	207.99864	95.95952	298.29584	6.774015	318.0	29.124966	23.957933	78.097046	-58.81011	1084000	-0.069678485	1387.197	0.0	-555.7243	0.73196137	-3.129244e-10	556.0163519382477
271	164.2424	119.84299	292.4541	-23.567884	344.6	40.362995	22.318882	81.437904	-66.9029	1088000	-0.016784837	1164.0458	0.0	-255.67575	0.724239	-2.8908254e-09	557.5947790145874
272	226.4983	75.86029	274.78424	-7.3372045	341.54544	42.20562	23.898535	87.09995	-83.541626	1092000	-0.022432318	570.01746	0.0	-233.9476	0.7340055	-4.4703483e-10	558.9723598957062
273	123.724815	123.82864	272.97256	-27.152573	294.91666	44.200176	28.181873	93.1237	-84.7207	1096000	-0.045563832	2053.9392	0.0	-936.60583	0.76776874	5.0365925e-09	560.4777750968933
274	185.40851	110.18238	272.11902	-27.28197	282.15384	35.27929	27.595577	80.309395	-78.94688	1100000	0.012830781	1185.4675	0.0	-404.60815	0.74955404	-3.1292438e-10	561.8846387863159
275	213.30913	97.2233	301.90048	-14.008347	330.25	41.183468	27.226387	82.19301	-34.215527	1104000	0.034515265	849.4172	0.0	-153.8642	0.67491096	6.1094765e-09	563.5558331012726
276	226.46324	69.81268	274.78818	34.785694	345.8889	46.318707	22.946676	86.309326	-53.97927	1108000	-0.024954459	573.1176	0.0	-214.88559	0.7232059	1.8775463e-09	565.3730139732361
277	250.86983	15.793244	273.28555	226.82185	313.58334	53.50575	20.300995	81.605774	-33.69202	1112000	-0.038250998	478.57654	0.0	-202.925	0.73682123	1.6391283e-10	566.8217039108276
278	179.7845	114.99708	271.1349	-30.748945	322.91666	54.520382	20.592272	87.61456	-32.562714	1116000	0.011926971	1221.2928	0.0	-445.0412	0.7724233	6.55651e-10	568.3351259231567
279	161.09557	117.640785	295.72665	-14.981672	296.16666	37.261185	28.286983	85.8083	-75.882515	1120000	-0.089530215	1088.0145	0.0	-230.33466	0.7546865	1.4305115e-09	569.8021450042725
280	242.58043	21.770397	281.582	199.23528	329.72726	47.56282	22.829832	86.44345	-25.054205	1124000	-0.019393338	284.58862	0.0	-133.04295	0.768846	-1.6093253e-09	571.2505519390106
281	249.59108	18.877995	286.53748	209.50737	356.54544	56.415344	15.877355	85.75602	-9.6666565	1128000	-0.042890545	159.52573	0.0	-35.45349	0.7732819	1.4603139e-09	572.7942781448364
282	220.10312	78.10793	269.94882	-7.504071	367.8	53.02025	18.475582	87.60585	6.5252194	1132000	0.014048129	735.33777	0.0	-211.96439	0.8119434	-1.6242265e-09	574.4309208393097
283	76.98935	120.427956	252.94237	-20.473074	316.27274	32.458866	24.816132	85.48805	-71.2963	1136000	0.0013136007	1649.1328	0.0	-626.2909	0.8278984	3.1143426e-09	575.897139787674
284	142.56194	119.11039	238.39389	-34.2084	354.1111	21.724915	29.625542	79.58303	-87.18498	1140000	-0.0491372	855.1283	0.0	-197.16086	0.7832538	-5.5134297e-10	577.6060810089111
285	157.2884	117.67692	243.54721	-55.543278	338.9	23.447485	31.295395	81.75244	-77.1817	1144000	-0.0023024362	987.558	0.0	-354.32745	0.8363357	-3.129244e-10	579.167977809906
286	188.46713	96.58485	254.30508	-14.025159	350.1	36.903996	28.659441	83.19966	-43.15293	1148000	0.013926247	435.7172	0.0	-54.543884	0.83707666	1.3262034e-09	580.7197737693787
287	105.64091	125.68715	256.39444	-34.25625	341.1	26.406391	33.06796	83.582886	-80.41905	1152000	-0.023337707	1165.477	0.0	-292.4438	0.8344445	8.1956386e-10	582.2641530036926
288	173.47	117.87434	245.04314	-72.23207	370.1111	23.63775	31.757881	84.84483	-74.34182	1156000	0.0479568	1410.5747	0.0	-679.908	0.8348963	1.4007092e-09	583.8792848587036
289	196.80324	79.092415	265.4746	-18.057383	390.44446	38.076088	20.611097	81.740715	-44.351048	1160000	-0.013693772	617.4456	0.0	-181.14384	0.8135569	1.0728837e-09	585.6082878112793
290	204.267	62.76328	261.83197	30.702404	372.7	38.321594	23.581896	90.41047	-46.61068	1164000	-0.09768633	306.0635	0.0	-151.83856	0.8373358	6.109476e-10	587.2456579208374
291	189.50461	96.96782	262.14896	-26.012579	454.125	43.192123	20.319077	87.27153	-27.723293	1168000	0.058198176	844.9192	0.0	-461.81686	0.8086405	-9.23872e-10	589.1065881252289
292	139.12434	123.45593	256.70203	-46.709316	405.22223	35.504776	29.495192	86.69367	-63.931194	1172000	0.01531012	1114.8232	0.0	-489.89404	0.80968165	2.5331974e-09	590.773647069931
293	226.48752	25.40883	249.2477	161.14995	408.77777	15.550431	31.61384	74.74276	-85.00903	1176000	-0.145728	1125.8748	0.0	-898.0013	0.7788609	1.758337e-09	592.426677942276
294	155.99567	103.33324	237.75984	-12.209885	446.625	44.267162	27.830814	91.73364	-57.904232	1180000	0.11999707	1295.1357	0.0	-935.888	0.76359046	-7.8976153e-10	594.0724229812622
295	127.13259	114.47408	242.33327	-57.0683	599.6667	28.251516	25.777529	85.78647	-80.63179	1184000	0.06967187	1379.8745	0.0	-887.29474	0.7799858	1.4305115e-09	595.9772341251373
296	215.92686	10.499891	239.3652	205.95023	398.55554	29.503302	19.7963	69.34726	-45.85813	1188000	-0.17491446	473.449	0.0	-383.5087	0.8381002	8.3446505e-10	597.6146459579468
297	198.23386	84.98005	248.8442	-22.602707	390.75	39.51769	24.489212	86.307724	-86.617805	1192000	-0.06004961	327.58664	0.0	-120.72066	0.82340235	-4.1723247e-10	599.2914879322052
298	182.18735	121.15963	253.72697	-135.54056	445.0	40.77329	18.888681	88.00688	-30.241571	1196000	0.07340138	946.82886	0.0	-663.0089	0.78941965	-2.4288893e-09	601.096480846405
299	225.84637	15.753292	247.86229	199.79018	401.75	30.177555	27.058388	87.29663	-60.370605	1200000	-0.1350078	714.8832	0.0	-453.11395	0.75116754	-3.9339065e-09	602.813136100769
300	179.15367	86.51279	246.03436	5.863593	357.7	42.28717	22.965488	92.59901	-38.41335	1204000	-0.0017815977	436.66974	0.0	-161.77802	0.8359408	-3.7401913e-09	604.4902608394623
301	193.60861	73.68284	252.1219	-0.0872924	412.22223	42.825165	21.045542	91.25664	-25.713964	1208000	0.09638934	704.27484	0.0	-275.96744	0.77691776	-1.1920928e-10	606.3314380645752
302	228.06657	26.684895	252.9121	161.05914	387.8889	32.135426	24.968939	83.90671	-46.03998	1212000	-0.07266809	642.189	0.0	-381.41684	0.77497566	-8.1956386e-10	607.9281070232391
303	256.29214	19.499628	302.05768	225.14876	361.1	48.982143	22.57682	92.39429	-33.901474	1216000	-0.038343046	298.479	0.0	-100.25851	0.7348591	-2.4437905e-09	609.4490778446198
304	179.31953	111.58219	275.52353	-25.486582	319.66666	47.895927	22.495531	92.86619	-57.371613	1220000	-0.024101876	1031.2578	0.0	-411.15115	0.7925777	-4.4256447e-09	610.9338521957397
305	232.34612	54.077023	275.7303	95.14452	431.875	42.243687	26.34953	97.01841	-55.181553	1224000	-0.024526604	642.48334	0.0	-320.20178	0.73387814	-1.0430812e-10	612.6184570789337
306	199.7327	105.60886	281.87848	0.3249326	314.66666	46.147636	20.321383	95.81017	-25.957031	1228000	-0.037830815	863.8806	0.0	-210.13199	0.77825856	4.768372e-10	614.2327010631561
307	162.0805	115.148735	271.31036	-27.69769	427.55554	38.06417	23.115484	88.95389	-50.348183	1232000	0.07245158	844.3739	0.0	-295.63678	0.7074381	-2.1755695e-09	616.0314190387726
308	147.02405	111.069305	275.25443	-0.31976354	395.0	31.807226	28.909084	96.084755	-57.50763	1236000	-0.026673004	966.7844	0.0	-191.94489	0.76906997	-4.529953e-09	617.7322850227356
309	207.80876	95.02786	278.78546	-3.27902	300.5	36.69087	26.195086	88.91659	-78.09839	1240000	-0.03623572	944.00104	0.0	-489.1838	0.81470114	1.3262034e-09	619.096914768219
310	185.52252	111.71792	272.31766	-51.553753	339.7	50.85431	22.939163	90.193054	-47.776497	1244000	-0.031483892	1144.2717	0.0	-363.3329	0.7454803	1.1622906e-09	620.5700778961182
311	217.95285	57.358772	279.8717	86.60837	508.42856	38.44859	25.136806	94.361046	-52.701813	1248000	0.09732808	422.48416	0.0	-209.27353	0.7106726	-1.7881385e-10	622.2842180728912
312	226.8354	76.1002	266.97012	-20.981148	321.75	45.314888	23.885843	96.87254	-58.32172	1252000	-0.11622106	499.2297	0.0	-232.00522	0.7441088	7.1525574e-10	623.751876115799
313	162.91277	113.06497	266.20462	-22.161036	362.7	47.52037	19.632664	97.416	-10.134801	1256000	-0.0025866032	1084.1841	0.0	-480.32806	0.78303325	-1.2814999e-09	625.3665180206299
314	158.82916	114.468475	257.54303	-18.12878	286.66666	41.664806	30.394274	83.6771	-55.43144	1260000	0.026041687	554.54346	0.0	-198.62418	0.82441807	-4.8130753e-09	626.7191841602325
315	172.48134	113.739784	283.60107	-27.142641	308.2	40.20258	32.16174	90.45198	-40.13475	1264000	0.056664947	936.374	0.0	-260.9986	0.7203903	1.5348196e-09	628.2053151130676
316	161.97723	105.73239	264.7049	-8.414547	350.1	41.149406	26.16436	95.544304	-70.858025	1268000	0.017507225	2114.5342	0.0	-971.87427	0.6264949	-1.8477441e-09	629.691969871521
317	202.39705	87.527626	265.4408	-2.100611	300.33334	38.728207	21.015245	80.52828	-86.0047	1272000	-0.07280838	1015.9158	0.0	-485.07547	0.7521496	-9.834766e-10	631.1362700462341
318	118.49355	117.34633	262.2949	-20.240847	279.75	40.060005	27.751085	87.801735	-77.28739	1276000	0.006768329	2242.3486	0.0	-857.7993	0.728421	-5.960464e-11	632.6044521331787
319	238.70737	62.159172	282.5209	32.386898	279.6154	35.303116	29.91052	82.06388	-80.90652	1280000	-0.017887723	1422.6465	0.0	-1151.4163	0.7185359	1.4454127e-09	633.9784140586853
320	226.3365	81.99606	287.57083	35.364403	283.15384	65.71007	16.670336	93.00539	-30.84155	1284000	-0.016605413	1037.2222	0.0	-434.31674	0.7012017	-1.6391277e-10	635.3998770713806
321	236.99525	39.066895	279.11053	133.46196	376.22223	53.795795	22.162607	98.30056	-26.384794	1288000	0.0037561804	542.33264	0.0	-285.88016	0.68761283	1.3560056e-09	636.9228029251099
322	235.69298	76.77692	290.4925	-11.165459	301.91666	56.15639	21.439693	98.20699	-77.74221	1292000	-0.064042725	506.0738	0.0	-59.456196	0.68174934	-1.341105e-10	638.2958588600159
323	218.668	84.03742	286.06042	13.904725	285.6154	59.819695	19.370005	98.36864	-51.3506	1296000	-0.0406894	780.9395	0.0	-165.16054	0.6932828	5.9604643e-10	639.6520721912384
324	201.19505	103.57206	276.3554	0.8877167	274.25	54.076267	21.013885	93.90697	-78.01085	1300000	-0.013289094	1075.5106	0.0	-277.50293	0.7112496	-1.1920928e-10	641.0882160663605
325	260.9649	30.676609	313.26663	198.24666	345.7	51.77539	19.688469	88.74787	-11.907442	1304000	0.0898251	570.03955	0.0	-230.58035	0.62533796	-4.6938657e-09	642.5367059707642
326	222.0061	82.77392	282.06595	14.637532	281.7857	58.91397	18.281822	97.18908	-61.896885	1308000	-0.06447342	760.62476	0.0	-94.99155	0.72111547	-3.427267e-10	644.0148048400879
327	147.22632	115.248634	270.43054	-10.4971895	329.0	45.506187	23.991667	97.468765	-54.234142	1312000	0.018666182	1224.7683	0.0	-589.4828	0.76985073	2.6524067e-09	645.5635900497437
328	224.70644	89.21939	290.0752	8.063668	285.69232	54.437126	25.56751	99.32333	-91.35654	1316000	-0.008962033	878.24396	0.0	-246.52396	0.7293883	2.2351743e-10	647.0603470802307
329	219.31726	89.68954	300.81967	-4.5419	313.0	59.76963	17.278969	92.71435	-49.03658	1320000	-0.026123505	889.2392	0.0	-373.5434	0.72600734	1.7732382e-09	648.5309510231018
330	198.22224	93.004906	273.43826	21.636633	283.15384	52.797287	25.053701	93.57981	-70.47347	1324000	-0.030390475	827.2135	0.0	-194.105	0.7529787	-1.2367963e-09	650.0202758312225
331	185.30763	111.15429	284.71152	-7.746834	294.69232	49.027233	26.348278	95.10555	-70.383354	1328000	0.004363692	934.6128	0.0	-190.86826	0.7630925	7.301568e-10	651.4845290184021
332	202.63454	95.93041	290.2196	18.351082	293.58334	45.662273	30.839266	92.77792	-82.4575	1332000	0.0064296303	941.95447	0.0	-189.31903	0.73484766	-2.2798778e-09	652.9915151596069
333	209.86363	84.88995	273.85638	16.548553	282.5	52.442642	20.926157	96.42583	-74.5981	1336000	0.03173425	821.35	0.0	-242.88924	0.71635973	-1.6242266e-09	654.506285905838
334	236.27814	66.218216	282.824	13.261147	297.76923	52.04807	20.399458	94.85906	-84.40478	1340000	-0.08208875	617.2157	0.0	-265.42334	0.7633171	2.965331e-09	655.967423915863
335	182.45052	106.16087	297.664	20.67044	352.5	54.628487	24.037426	95.39538	-82.16229	1344000	0.026632909	1535.4551	0.0	-754.7146	0.67344105	6.8545336e-10	657.4518740177155
336	230.57112	80.91061	302.6315	-4.3302584	353.4	49.40609	21.58516	94.14268	-73.56485	1348000	0.012200803	478.44263	0.0	-131.92679	0.72819173	-4.634261e-09	658.9813590049744
337	219.70056	91.80106	288.2985	-0.9097219	309.33334	50.413136	25.556677	98.77417	-75.56517	1352000	-0.025613409	663.3593	0.0	-87.31885	0.77621514	1.7434358e-09	660.4252960681915
338	244.3272	12.177364	269.08206	223.0788	319.36365	48.770947	23.927755	92.13012	-31.560978	1356000	-0.02352653	339.18573	0.0	-250.24667	0.7449035	-1.1026859e-09	661.9561541080475
339	209.03972	90.32484	282.17804	-0.94959354	296.16666	55.316284	20.02481	96.94378	-71.72032	1360000	0.015941931	729.1748	0.0	-140.20403	0.7296858	-1.8775463e-09	663.3246250152588
340	233.3184	67.95036	280.2645	23.53532	303.45456	57.711555	18.381653	99.317505	-56.48463	1364000	-0.02662367	450.9549	0.0	-141.59622	0.7979501	2.592802e-09	664.8016920089722
341	232.68512	72.692726	293.75363	3.735144	308.75	54.082634	23.053541	92.61919	-63.363712	1368000	-0.019010447	337.91028	0.0	-68.85459	0.77066076	1.6540289e-09	666.2446918487549
342	208.70529	85.082886	275.45752	15.41991	388.44446	43.59233	27.835405	93.61232	-66.342995	1372000	0.0051399134	586.5928	0.0	-143.51947	0.7375044	-2.4735927e-09	667.9834558963776
343	212.35149	88.584274	267.72797	-49.67146	384.8	48.35394	21.68167	92.73953	-78.230835	1376000	-0.054460987	788.5882	0.0	-370.10614	0.7477124	-4.1723247e-10	669.4485139846802
344	192.97351	92.37113	274.14166	-7.9522295	463.875	49.92292	28.05196	98.4606	-43.361984	1380000	0.08829801	1621.092	0.0	-1081.704	0.6392081	-5.9604643e-10	671.2988331317902
345	193.41978	94.542435	264.00964	-8.009959	323.27274	34.282375	25.38929	98.72827	-55.639057	1384000	-0.106675476	1105.8612	0.0	-405.3887	0.75381017	-8.0466267e-10	672.8772249221802
346	157.17644	101.37567	273.50937	-7.685817	426.44446	40.524464	24.585594	97.18125	-39.94387	1388000	0.06376768	1275.8997	0.0	-604.0404	0.72034824	-2.2649767e-09	674.6983511447906
347	208.33858	96.65584	291.21384	-11.728601	384.7	38.727177	27.594723	92.60729	-29.410423	1392000	-0.008257251	646.85406	0.0	-211.49869	0.7856221	-4.6193604e-10	676.7411308288574
348	192.1088	88.59216	261.61398	13.439988	437.625	32.935623	30.246382	94.09707	-80.045265	1396000	-0.010086864	576.0663	0.0	-204.82951	0.77826715	-5.066394e-10	678.5639610290527
349	196.90685	81.22159	263.30212	-5.639626	401.8889	42.850952	19.016241	95.53262	-50.796623	1400000	-0.05276739	530.42725	0.0	-218.40521	0.77348614	2.3692848e-09	680.184427022934
350	244.29161	19.854801	278.8559	212.2555	344.18182	53.460052	20.233799	99.11476	-17.009014	1404000	0.026744928	173.69548	0.0	-70.66138	0.78416944	-1.1920931e-10	681.7327609062195
351	234.40343	82.87238	297.27054	-16.82558	332.27274	56.955215	22.32712	103.01342	-34.063526	1408000	-0.012789483	369.0969	0.0	-40.141876	0.7910849	9.834766e-10	683.1478161811829
352	236.33704	69.75819	290.2374	61.75348	467.375	43.9792	27.023157	98.9727	-37.40894	1412000	0.038504474	275.14624	0.0	-120.82373	0.7304169	-1.5795232e-09	685.0093700885773
353	213.64076	82.46181	290.66577	11.940532	407.8889	45.998005	22.957264	98.38374	-13.62251	1416000	0.060382314	652.4685	0.0	-310.15637	0.6685179	2.682209e-10	686.556813955307
354	184.77429	95.13032	271.48788	9.007477	379.0	31.77239	28.121475	100.96813	-49.02652	1420000	-0.042125583	746.7031	0.0	-112.98039	0.75002587	6.854534e-10	688.1991379261017
355	258.67526	20.857275	298.76355	227.53134	328.72726	53.479164	22.480404	100.69092	-36.363483	1424000	-0.051095817	216.41815	0.0	-110.77991	0.7659975	4.61936e-10	689.6739020347595
356	215.90933	70.391975	277.80762	38.48024	332.75	47.68582	28.950495	102.818375	-27.439554	1428000	-0.00053914636	637.703	0.0	-206.42543	0.7391285	-1.013279e-09	691.3454339504242
357	222.43976	79.2596	281.59903	5.2951717	328.0	39.14204	25.985157	89.789536	-78.63494	1432000	-0.08000709	382.622	0.0	-82.712494	0.7631265	2.1010638e-09	692.9501609802246
358	250.95747	18.865583	281.34387	223.88489	383.6	57.04046	17.132996	96.33494	-26.37005	1436000	0.009565592	383.3427	0.0	-323.28894	0.7102181	1.937151e-09	694.4348609447479
359	227.43616	79.09451	273.46396	-7.314689	386.3	45.494743	25.883612	99.1707	-58.148273	1440000	-0.043017585	540.0707	0.0	-127.249084	0.7285931	-4.0233133e-10	696.2500598430634
360	220.09065	87.3535	295.46548	-2.7419443	366.4	49.2055	27.152517	100.276566	-67.21034	1444000	-0.01835979	270.34906	0.0	-52.467224	0.7887895	-1.2964011e-09	697.8690979480743
361	201.10396	90.260475	274.67593	14.57931	403.66666	36.587696	30.270952	98.511345	-86.15097	1448000	-0.0044825273	519.0013	0.0	-89.157906	0.7578434	7.897616e-10	700.0929388999939
362	206.84277	79.04229	276.52405	78.280685	548.5	22.102045	32.50885	93.70855	-56.6964	1452000	0.01730339	207.21872	0.0	-77.501465	0.7124163	1.4901169e-10	701.8723890781403
363	215.4584	79.762924	286.86862	9.620354	385.9	41.53991	26.697613	98.43077	-79.47573	1456000	-0.017657973	300.84	0.0	-120.03259	0.7394222	-3.2037497e-09	703.3507990837097
364	198.72762	99.50335	274.01364	-13.659273	326.55554	44.135452	31.053802	101.05892	-87.96065	1460000	-0.07215102	788.89734	0.0	-337.7485	0.7575542	1.4752148e-09	704.9877910614014
365	208.41353	106.27841	293.68945	-15.344594	310.45456	43.196926	32.1567	90.088165	-74.34962	1464000	-0.007564351	496.8042	0.0	-179.80386	0.7658979	1.6838311e-09	706.4358031749725
366	221.90758	63.867332	284.06906	97.296745	483.625	43.751408	26.86834	99.35652	-0.3323598	1468000	0.04292822	361.9089	0.0	-274.8191	0.7326262	-8.09133e-09	708.06414103508
367	233.83366	61.10382	273.81796	35.42252	315.58334	53.97839	21.201027	98.14781	-74.00595	1472000	-0.021143071	242.59436	0.0	-59.49282	0.78500056	-2.2947788e-09	709.5709459781647
368	241.56396	40.077736	271.06644	137.44504	415.55554	48.838726	25.74247	98.38327	-18.15926	1476000	0.06561271	236.85065	0.0	-157.6221	0.65896416	-3.2782557e-10	711.0973169803619
369	243.0606	13.431641	265.6645	220.38284	359.3	43.274303	23.843527	87.30979	-32.897476	1480000	-0.09665074	324.59113	0.0	-262.247	0.7862303	2.2500752e-09	712.6209290027618
370	222.65894	77.31878	288.4634	29.91854	369.5	54.96315	24.001163	98.87912	-17.449808	1484000	0.038487352	599.09357	0.0	-364.51685	0.7278378	-2.2500752e-09	714.2614350318909
371	251.24347	16.868732	280.41885	220.6097	327.72726	53.03655	25.652071	98.67042	-28.685892	1488000	-0.1011519	443.13324	0.0	-337.64386	0.7818259	-1.2069941e-09	715.90549492836
372	240.02536	52.778103	281.47177	108.1825	414.75	48.117695	23.931608	95.14383	-9.91848	1492000	0.0865511	537.2847	0.0	-296.0478	0.70979446	-2.8908254e-09	717.6329679489136
373	255.91216	13.939525	270.9269	224.96199	339.6	53.84507	19.337059	94.72054	-5.9605923	1496000	-0.034642257	253.81992	0.0	-155.79794	0.78423697	2.682209e-10	719.0898311138153
374	262.9749	23.53178	296.1908	220.41557	323.0909	58.236523	17.352955	96.0393	9.26519	1500000	0.0019473173	97.02261	0.0	-29.562578	0.7405635	-2.861023e-09	720.5924210548401
375	221.51825	84.29618	278.30087	-0.38874048	348.0	53.723614	25.20987	96.86836	-58.49855	1504000	0.011706635	507.00412	0.0	-133.80164	0.719483	4.723668e-09	722.2701208591461
376	257.34344	11.689566	275.8588	234.65987	336.36365	47.93888	25.510979	99.387505	-54.357967	1508000	-0.09427631	295.58618	0.0	-193.91023	0.69974077	2.5779008e-09	723.798761844635
377	164.5943	98.249084	295.06317	-7.330326	454.875	60.77807	17.808958	100.374374	13.881222	1512000	0.08689852	1933.0901	0.0	-1468.5522	0.6079564	1.9371504e-10	725.4508321285248
378	254.12679	18.629065	287.1801	223.73486	300.23077	49.851383	19.936962	93.863785	-28.450972	1516000	-0.10316878	519.00867	0.0	-449.287	0.7609657	2.5480986e-09	726.7789621353149
379	239.85565	58.877716	288.00497	49.011467	281.84616	65.18724	18.637457	99.868324	-38.90509	1520000	0.009173967	501.75308	0.0	-126.612595	0.74141663	9.387731e-10	728.2229700088501
380	187.69255	103.10503	274.02234	-4.684465	327.0	59.222523	20.130493	92.464966	-43.82584	1524000	0.08759592	1773.6702	0.0	-1326.3357	0.6303226	1.1175871e-09	729.8488681316376
381	211.07031	96.40273	295.83942	9.845363	299.7	45.08833	32.270863	86.7648	-70.98447	1528000	0.0067553297	492.88037	0.0	-152.86493	0.73445475	-2.324581e-09	731.5301659107208
382	229.41243	77.232704	279.26807	-23.456053	316.25	43.55685	30.586508	90.30913	-79.93351	1532000	-0.035891145	734.0517	0.0	-434.333	0.6775245	8.642673e-10	733.1150169372559
383	222.30843	85.328285	307.5351	31.391563	369.4	55.020348	25.70491	94.93628	-76.5526	1536000	-0.0061290376	452.66998	0.0	-214.68466	0.67265284	4.440546e-09	734.6893291473389
384	184.45135	106.430115	286.51672	-20.690393	280.53845	51.161648	25.808092	97.05965	-61.631783	1540000	-0.080092445	1388.0525	0.0	-468.85245	0.7317202	7.748604e-10	736.0703799724579
385	217.05226	71.998276	264.4757	32.955856	332.27274	45.872616	27.998577	89.40832	-80.78345	1544000	-0.036862403	366.53058	0.0	-155.85422	0.7166674	2.2351743e-10	737.5564708709717
386	251.09236	72.64261	300.4657	15.977832	273.0	50.92422	27.936676	90.333015	-76.37173	1548000	0.041677088	694.31177	0.0	-236.11795	0.6969458	3.695488e-09	739.1206090450287
387	222.65631	81.00065	281.50745	21.404432	322.27274	55.73033	20.477146	92.32889	-74.94838	1552000	0.0035411566	481.1228	0.0	-210.34271	0.72059226	-1.1026859e-09	740.9103767871857
388	224.53952	83.34379	286.79837	24.286398	289.53845	65.13081	22.137281	98.06312	-87.14808	1556000	-0.0045855315	424.12164	0.0	-129.90437	0.7242282	2.9802322e-10	742.2662801742554
389	240.06772	59.87847	287.9714	40.049843	264.46155	62.932655	18.63504	89.86269	-17.15228	1560000	-0.0058361497	584.61926	0.0	-80.667145	0.74641496	1.8924475e-09	743.6586410999298
390	231.39314	90.94737	289.9619	-5.713543	266.64285	62.61086	17.505028	91.269646	-81.43975	1564000	-0.0055144783	573.94836	0.0	-346.31912	0.73508376	3.72529e-10	744.9810900688171
391	200.04218	84.92158	308.72244	34.031708	453.0	38.249928	33.990143	91.7645	-84.030205	1568000	0.070951894	525.3337	0.0	-298.05652	0.64886475	-2.5182962e-09	746.5558807849884
392	255.47168	17.70198	286.14893	232.54456	289.25	58.611835	19.548607	92.37145	-16.024439	1572000	-0.037836593	294.67014	0.0	-209.12723	0.69285166	-1.3113022e-09	747.9251379966736
393	224.43094	59.1135	296.32266	116.284996	471.875	37.776047	39.400642	94.86536	-17.634888	1576000	0.08944185	415.964	0.0	-230.50577	0.6621814	7.1525563e-10	749.5023970603943
394	229.37074	89.49463	302.5604	12.073088	277.85715	59.302433	20.932775	95.46328	-19.972815	1580000	-0.0810145	509.3949	0.0	-210.71841	0.6868471	-3.3378602e-09	750.8399059772491
395	209.62784	98.12595	304.22232	-31.459982	258.73334	60.32823	25.4057	96.22656	-36.40221	1584000	-0.0066809375	474.0089	0.0	-125.016556	0.7314433	6.258487e-10	752.2260689735413
396	225.12941	84.9329	287.60928	13.430116	273.07144	61.11454	21.876049	94.3514	-51.13395	1588000	-0.008060986	728.5434	0.0	-171.80472	0.7334416	-7.0035455e-10	753.625629901886
397	201.46436	103.2859	296.31204	-6.3030443	325.66666	34.26932	38.943584	96.406334	-86.951294	1592000	-0.062846825	1159.8364	0.0	-376.6441	0.696494	4.634261e-09	755.3886041641235
398	235.67265	68.033775	276.41727	14.789719	286.66666	53.308903	23.963505	96.1532	-54.24011	1596000	-0.029363852	780.76447	0.0	-311.66608	0.70470124	7.301568e-10	756.7958250045776
399	233.54916	75.53887	290.02304	-21.653156	289.3846	63.069023	19.285091	99.2221	-71.91525	1600000	0.031521022	479.24402	0.0	-58.641365	0.71552956	-2.9951335e-09	758.2621319293976
400	221.29338	91.17285	285.24387	-15.272015	282.07144	60.537537	17.867338	98.1455	-64.1526	1604000	0.0014248623	784.0335	0.0	-187.06116	0.6945307	1.2516974e-09	759.6803350448608
401	221.57155	77.124405	293.82855	-9.636255	304.0	47.326126	28.111202	96.10915	-57.900436	1608000	-0.017323097	771.116	0.0	-257.33923	0.64300954	-2.577901e-09	761.1480100154877
402	205.79436	103.901436	278.13776	-8.871105	258.64285	59.083164	21.754704	97.67648	-62.328804	1612000	0.038207415	723.27527	0.0	-284.15143	0.71107066	-1.475215e-09	762.5422849655151
403	221.09271	83.088715	297.46524	7.0399804	340.18182	55.08654	24.925846	96.29431	-60.418667	1616000	0.0611993	810.09436	0.0	-434.1569	0.68074644	2.1904707e-09	763.9718198776245
404	256.37308	20.644365	299.52148	213.46753	317.08334	54.01441	31.321585	96.75964	-69.38483	1620000	-0.04381139	336.92255	0.0	-177.87088	0.64672184	1.564622e-09	765.5245749950409
405	218.75038	99.04883	288.5521	-20.702347	279.7857	61.46536	22.078335	97.41465	-67.83245	1624000	-0.048995696	787.12134	0.0	-243.23509	0.6358378	-3.4272674e-10	766.8553960323334
406	242.55011	47.46602	275.34637	98.802185	334.81818	52.29982	28.608799	91.84258	-34.748756	1628000	0.08476972	589.18823	0.0	-347.758	0.62928724	2.9057263e-09	768.418909072876
407	228.49475	88.51592	298.48767	-10.492208	308.58334	57.428444	30.70207	97.6521	-63.83756	1632000	-0.0042021875	511.61853	0.0	-169.7395	0.63889873	2.4735927e-09	770.0481357574463
408	218.53963	94.89981	280.43674	-7.650138	279.30768	65.01009	19.985054	97.08666	-67.54835	1636000	-0.026501924	475.74768	0.0	-203.9695	0.7136753	-1.3709068e-09	771.4713180065155
409	240.77081	76.09437	298.8683	-9.613056	290.15384	55.768486	29.020412	97.49977	-66.93699	1640000	-0.04133834	556.1975	0.0	-215.2222	0.66059625	-4.4107438e-09	772.9107060432434
410	209.94702	97.057335	308.68314	-9.545556	304.25	57.046616	28.29795	98.153885	-49.5262	1644000	0.04350493	734.4464	0.0	-421.68027	0.6686709	2.041459e-09	774.353874206543
411	259.15256	17.175203	301.21344	237.25616	258.0909	58.7463	28.063238	98.86629	-7.179563	1648000	-0.0018118694	232.3295	0.0	-61.103096	0.6720569	-2.6226044e-09	775.9763100147247
412	211.12672	104.5178	292.68655	-11.701775	263.2143	52.45706	36.023884	98.77332	-82.06537	1652000	-0.007322494	778.5469	0.0	-281.11053	0.67451227	1.2218953e-09	777.2673759460449
413	210.24568	106.37168	286.44992	-42.944206	249.8	67.314354	25.811855	100.29912	-82.06013	1656000	0.0075988676	892.58954	0.0	-254.94772	0.6881417	1.8924475e-09	778.566624879837
414	222.01758	110.542206	302.0902	8.592706	266.5	62.2051	29.113377	98.24683	-101.50289	1660000	-0.0632628	603.31323	0.0	-86.831406	0.66577554	-4.395843e-09	779.9022388458252
415	192.75217	103.01708	308.82614	26.306435	236.8125	57.63936	27.50083	98.27382	-94.928795	1664000	-0.026492415	1151.6648	0.0	-352.7137	0.6715491	2.6226044e-09	781.1594898700714
416	200.0183	108.18579	291.3678	12.236254	262.2	50.113827	35.667675	97.64076	-93.492424	1668000	0.020445894	797.1061	0.0	-175.72252	0.65400183	-1.2069941e-09	782.4537620544434
417	221.59612	78.36172	278.21997	26.882603	303.83334	40.778606	42.395428	99.42433	-99.700264	1672000	0.029605277	949.07935	0.0	-603.4347	0.66604793	2.8312206e-09	784.1294350624084
418	227.40694	76.16816	277.49933	22.266594	323.5	55.205666	34.97995	97.90334	-86.69932	1676000	6.8413094e-05	523.8249	0.0	-224.54842	0.6282364	-3.5464762e-09	785.8690118789673
419	201.7116	110.839386	291.04642	9.316608	247.75	53.104206	33.42432	97.36548	-103.05713	1680000	0.026482373	1026.747	0.0	-470.18063	0.62952054	5.975366e-09	787.2972259521484
420	234.59895	90.427185	292.84766	2.9113364	258.8	63.32076	24.102701	98.07504	-56.106064	1684000	-0.015086596	658.2151	0.0	-301.51047	0.63547456	1.1026859e-09	788.6264228820801
421	222.51482	81.0945	290.26733	37.713066	322.4	35.261086	42.841953	100.294266	-52.11126	1688000	0.009587597	809.20544	0.0	-352.8893	0.6130941	-5.4091216e-09	790.3846600055695
422	270.79056	12.696521	289.81787	241.67868	268.30768	66.75929	20.239323	99.97417	-42.685802	1692000	-0.01751444	311.56134	0.0	-94.84368	0.66672	-1.7881393e-09	791.6908740997314
423	198.59384	111.94263	286.35843	-26.131546	234.3125	70.37099	21.437937	100.93014	-103.24887	1696000	-0.025342228	1661.7017	0.0	-737.74176	0.6690675	7.45058e-10	792.943274974823
424	224.65315	97.034035	299.94644	5.045402	258.26666	60.845554	24.745045	97.10897	-62.451584	1700000	0.010485824	1038.1891	0.0	-255.98618	0.6931196	-2.0861626e-10	794.2666580677032
425	222.64955	85.25325	291.3211	25.653572	398.44446	44.5219	38.781635	99.33336	-107.51818	1704000	0.04020396	616.24884	0.0	-262.59308	0.61217344	5.066395e-10	795.9647431373596
426	267.11502	17.300758	292.2312	233.87166	287.69232	61.98513	21.00088	98.81204	-0.5202495	1708000	0.0052495487	322.26123	0.0	-233.21286	0.66314995	-4.1872266e-09	797.2941150665283
427	233.4396	83.58384	293.45407	-2.0238218	249.93333	71.18222	17.914	100.71115	-92.13855	1712000	-0.0251514	530.9929	0.0	-259.06293	0.6550343	7.301569e-10	798.623740196228
428	246.99281	29.567614	279.04456	167.71933	339.0	60.10368	23.337387	98.66492	-59.336464	1716000	0.08147968	518.11	0.0	-413.17352	0.6255348	-2.4288893e-09	800.1546289920807
429	238.76862	66.96703	274.79428	11.152717	283.3846	69.73715	16.618088	99.35345	-96.536285	1720000	-0.026909925	410.0454	0.0	-248.2264	0.72158355	-1.7285346e-09	801.5526840686798
430	233.8913	80.02756	280.0658	-14.47648	268.45456	62.21305	23.135136	99.66512	2.6030357	1724000	0.04838521	689.8435	0.0	-391.1203	0.6519308	-2.8312208e-10	802.9721660614014
431	266.1358	19.301077	293.9291	230.7718	271.7857	67.682686	17.546768	100.985245	-0.8563136	1728000	0.006157823	154.95969	0.0	-87.65741	0.6693262	5.066395e-10	804.329206943512
432	268.65643	20.29232	304.6506	231.43811	303.0	61.426632	20.658772	100.682915	-43.39785	1732000	0.06204163	437.8985	0.0	-263.43082	0.6280731	9.834766e-10	805.701575756073
433	238.77124	66.483406	288.7418	24.802795	279.08334	67.03777	19.064596	101.00121	-88.72389	1736000	-0.048758913	493.7904	0.0	-224.26903	0.6633921	1.2665987e-09	807.0719609260559
434	276.50827	12.57792	296.85605	253.8109	300.5	64.92974	17.459661	96.96115	-34.571415	1740000	0.016551971	183.17392	0.0	-91.93108	0.6654985	1.6391277e-10	808.4124751091003
435	251.89264	35.368107	278.7741	145.57603	343.36365	58.18503	29.366425	100.10447	-1.3906374	1744000	0.036581513	182.04713	0.0	-76.43418	0.69936055	-3.7401917e-09	810.0239310264587
436	227.3797	74.247635	289.63333	52.018726	336.18182	55.042053	30.388197	101.31231	-2.6915853	1748000	-0.03414446	557.5419	0.0	-157.06662	0.6813414	1.341105e-10	811.6111168861389
437	234.41504	75.3163	288.67142	46.99274	325.45456	50.25222	30.937864	101.8902	-33.450645	1752000	-0.039190773	568.02985	0.0	-93.70688	0.6794945	3.7699937e-09	813.1759121417999
438	254.85477	62.67403	293.09174	34.21099	265.85715	68.46355	17.190979	99.889946	-94.36396	1756000	-0.037857626	434.90216	0.0	-176.75046	0.678798	2.041459e-09	814.5506119728088
439	272.59305	21.017996	303.89374	248.07152	349.0909	66.65016	16.587597	96.216774	-32.7223	1760000	-0.004678741	378.31677	0.0	-217.55649	0.62124	1.9073487e-09	815.9421980381012
440	246.50482	32.4747	285.75687	159.07127	335.54544	63.188564	19.702877	98.277695	-10.821744	1764000	0.065781265	357.53687	0.0	-258.93442	0.65756184	-1.952052e-09	817.297376871109
441	252.1104	66.939354	294.03513	36.973484	263.58334	57.485832	26.142612	100.6107	-104.46972	1768000	-0.053529438	574.7748	0.0	-171.6478	0.65353405	1.937151e-10	818.8076899051666
442	264.84152	16.699203	289.7536	225.88564	272.7143	75.42805	12.880774	106.789185	26.999796	1772000	-0.028852616	92.87717	0.0	-35.141098	0.678362	-1.6391277e-10	820.1752660274506
443	243.36816	78.031944	294.4222	-9.455919	251.08333	64.270096	21.489927	106.257774	-28.62534	1776000	0.0015169308	528.0846	0.0	-259.87158	0.65806174	3.874302e-10	821.6570720672607
444	263.46643	20.609005	288.6345	218.01764	280.53845	68.58469	16.13521	98.180016	-0.30589813	1780000	0.0031347913	154.28152	0.0	-26.552847	0.65623033	-4.0233128e-10	822.9836230278015
445	271.1695	20.428432	299.79126	226.52272	286.3846	70.083916	18.226685	108.24601	-10.723357	1784000	-0.023500858	303.77032	0.0	-148.41873	0.6172534	1.2367962e-09	824.303368806839
446	237.70207	61.97979	282.63416	22.633577	252.42857	69.732506	21.984476	107.906105	-87.04105	1788000	-0.08838862	216.67308	0.0	-113.13286	0.69225466	2.8461218e-09	825.5880088806152
447	243.64577	87.112976	294.6597	19.640453	248.6	73.81002	18.004446	105.897224	-78.3941	1792000	0.01691484	731.49695	0.0	-334.02216	0.6782143	2.9355287e-09	826.85955286026
448	233.81479	89.05673	290.9754	10.364584	233.92857	69.55403	25.8211	112.590126	-111.98012	1796000	0.015504194	610.7687	0.0	-307.41846	0.65122247	2.4288893e-09	828.1710538864136
449	256.25174	40.680332	298.86972	138.75638	310.08334	54.793392	37.670307	112.70407	-47.250034	1800000	0.07553473	684.68555	0.0	-483.57358	0.65060365	1.3411046e-09	829.6292531490326
450	202.06845	94.40851	287.27087	7.5302415	343.54544	50.36589	35.186043	113.40738	-50.858475	1804000	-0.021958075	693.95184	0.0	-200.82716	0.625168	-3.814697e-09	831.2686529159546
451	243.89839	74.795746	296.70312	11.050465	327.66666	52.177452	32.680473	113.386475	-83.14563	1808000	-0.014119163	609.81226	0.0	-174.79286	0.55567765	-2.041459e-09	832.6088149547577
452	236.287	89.44326	308.9783	12.237373	238.21428	63.272625	34.168736	112.49641	-82.72267	1812000	-0.059188657	1081.6445	0.0	-324.45984	0.603076	7.4505846e-11	833.9077060222626
453	254.98085	49.016617	309.09177	137.62248	383.75	42.59869	34.111565	113.021706	-42.451717	1816000	-0.013954055	228.74266	0.0	-94.38529	0.5953232	-2.682209e-10	835.5356500148773
454	177.64622	113.74659	293.19363	0.19343974	292.76923	56.368565	31.762245	115.769714	-77.72575	1820000	-0.009689495	1092.4889	0.0	-584.99445	0.60463357	2.1308662e-09	836.9342069625854
455	231.66794	89.59119	296.03864	-14.851735	267.42856	52.583755	38.830364	115.645615	-81.30176	1824000	-0.059493255	1428.7158	0.0	-601.7523	0.60696006	-1.3411046e-09	838.2885639667511
456	150.78279	115.74735	287.08176	-17.347092	288.15384	49.0333	26.831745	110.85364	-69.70374	1828000	0.008402921	1504.9424	0.0	-380.89954	0.66113746	-9.536743e-10	839.9069600105286
457	174.90446	127.086655	296.51703	-36.181976	217.64706	50.77459	31.185272	113.09729	-92.106636	1832000	-0.052858956	1382.3982	0.0	-789.6811	0.62534195	1.1622905e-09	841.1873440742493
458	243.83148	72.02293	302.73117	61.514587	303.0909	52.51713	38.60798	115.89416	-71.551605	1836000	0.02055717	1245.9059	0.0	-777.4159	0.5996647	-4.529953e-09	842.6703729629517
459	197.74953	119.833954	302.2052	-9.979063	290.0	52.63542	35.373913	113.5872	-95.73851	1840000	-0.031846784	1115.6672	0.0	-500.98242	0.63734597	2.7567149e-09	844.3061218261719
460	222.1436	81.49494	309.51837	24.196085	376.2	48.41336	35.131943	115.513916	-59.69637	1844000	0.018004224	286.95532	0.0	-73.17653	0.59470093	4.3809414e-09	845.7738530635834
461	188.12996	121.37688	293.50885	-27.24354	231.5	69.874275	28.756659	114.31406	-71.847824	1848000	0.00309309	1195.7808	0.0	-412.33914	0.6385631	1.2814998e-09	847.032445192337
462	183.40668	114.60062	294.44678	-0.81536615	225.94118	55.742374	41.038868	112.92265	-98.28217	1852000	0.012885831	1861.7827	0.0	-378.3941	0.6364598	-1.3411046e-09	848.304850101471
463	229.21675	86.816185	301.09775	-11.137412	334.54544	37.114952	36.889664	109.994995	-109.91758	1856000	-0.01888536	893.9669	0.0	-461.0595	0.61977154	3.5017729e-09	850.0296130180359
464	179.95001	111.75092	291.08832	-18.127441	302.58334	59.89314	23.015387	112.955635	-69.04469	1860000	-0.017529335	1284.3309	0.0	-495.47424	0.62675536	-5.7071445e-09	851.5347919464111
465	250.10104	57.81067	303.52618	64.917404	279.07693	53.344242	27.900486	111.98651	-25.665033	1864000	0.06786704	860.6277	0.0	-388.38977	0.6126325	2.846122e-09	852.9726691246033
466	214.183	102.93051	300.238	13.157285	332.9091	53.071476	29.633884	110.1624	-100.48117	1868000	-0.060935378	886.5504	0.0	-268.49246	0.6230974	4.515052e-09	854.5483701229095
467	227.64995	92.42287	307.8725	-10.031063	321.8	49.931164	32.786556	112.41011	-69.113945	1872000	-0.02648452	716.7327	0.0	-259.9454	0.61767286	-4.5448543e-09	856.0391118526459
468	223.383	93.294914	299.89102	-7.457408	351.77777	44.19546	36.142056	111.04098	-67.015854	1876000	-0.008388381	387.44766	0.0	-42.312325	0.6313195	1.7881394e-09	857.65420794487
469	230.45537	67.129135	298.33548	67.89756	322.91666	51.55803	33.843906	109.841774	-30.939934	1880000	-0.051139444	639.72974	0.0	-244.31564	0.6668589	-1.0877848e-09	859.4264340400696
470	210.06497	109.23678	295.82703	-32.94655	274.14285	60.397346	22.172194	111.01194	-90.53898	1884000	-0.011078965	1090.5293	0.0	-203.09596	0.6942541	3.799796e-09	860.8331010341644
471	247.72267	44.805344	297.78	127.25336	349.27274	48.33187	31.184328	110.13092	-23.70819	1888000	0.050175626	385.66864	0.0	-189.89331	0.65444696	-5.081296e-09	862.5383200645447
472	253.28824	70.94141	311.4737	18.306446	266.23077	67.13602	24.519796	112.91021	-53.213524	1892000	-0.008224377	422.95032	0.0	-53.490948	0.6627674	1.6540289e-09	863.8843569755554
473	204.66092	101.04064	290.35214	-11.315723	276.9	49.410892	32.152122	112.30763	-69.71173	1896000	-0.018643769	660.18396	0.0	-209.39075	0.67581725	-2.4437905e-09	865.7225577831268
474	216.20486	95.21524	297.62234	-33.2536	382.0	39.064365	35.89136	111.777985	-90.67817	1900000	0.010158551	533.07745	0.0	-155.1483	0.62325644	-4.3958424e-09	867.3477358818054
475	224.18866	60.370018	298.10565	78.277245	374.5	38.048977	33.986324	111.6595	-16.08926	1904000	-0.0004905034	256.84344	0.0	-47.41764	0.65136707	3.2782554e-10	869.0490038394928
476	196.5807	119.401596	305.24905	-15.516606	248.75	49.025314	34.99632	111.41136	-81.33912	1908000	-0.028267313	876.55865	0.0	-389.0321	0.67045414	-1.5795231e-09	871.0144739151001
477	227.95134	43.014595	279.67935	109.82137	355.2	26.589863	36.889946	102.86556	-69.1301	1912000	0.004642223	1165.6284	0.0	-921.44653	0.6523236	1.9818545e-09	872.6806697845459
478	185.0872	127.37807	304.09625	-9.217203	254.66667	64.47673	23.291359	113.86153	9.142372	1916000	0.020315249	1627.9777	0.0	-657.3546	0.6399934	-4.023314e-10	873.9927699565887
479	245.39967	75.822586	295.15155	1.3929901	257.0	52.143543	32.486553	110.9058	-45.721725	1920000	-0.030874684	459.8122	0.0	-178.09119	0.6371313	-1.0281801e-09	875.3149840831757
480	192.48607	117.24085	309.75818	-21.128794	325.45456	45.607944	38.779057	113.18356	-80.544716	1924000	-0.013865791	805.76685	0.0	-164.1939	0.65130484	2.0861624e-10	877.132570028305
481	243.30331	65.572426	289.04352	4.5481625	253.0	60.518803	28.767672	112.442055	-39.8833	1928000	0.051056862	563.67847	0.0	-300.03668	0.6402105	1.0281802e-09	878.4438261985779
482	213.15623	83.147964	300.76324	47.289658	316.83334	57.38224	33.47385	113.09453	-2.783649	1932000	0.0025999094	967.7444	0.0	-287.52115	0.65515524	6.4075e-10	880.0219249725342
483	265.59366	17.532457	290.85672	234.35739	262.45456	47.54607	32.080452	100.36019	-82.41464	1936000	-0.036404725	395.219	0.0	-275.1573	0.5996225	-4.336238e-09	881.573972940445
484	227.70882	74.45255	286.81012	14.147591	326.58334	54.467438	32.443085	112.25345	-51.038803	1940000	-0.016327726	573.342	0.0	-213.89801	0.6130077	-1.2665987e-09	882.9638690948486
485	207.99629	85.454506	280.07977	49.363018	408.8889	42.38539	35.77424	108.80612	-91.440445	1944000	-0.023368997	383.6039	0.0	-225.65393	0.63311195	2.1308662e-09	884.5622708797455
486	251.00394	61.31293	308.67545	45.077023	260.2857	55.621235	28.37043	112.4927	-79.70601	1948000	-0.005236294	828.95825	0.0	-368.36044	0.6561192	-1.4007092e-09	885.8609321117401
487	201.6172	103.73703	298.56808	-2.1798682	239.9375	73.40191	23.724493	113.952515	-63.1692	1952000	-0.009688865	1069.3088	0.0	-385.1675	0.6577862	-4.8279762e-09	887.126118183136
488	253.57478	38.049583	311.0463	135.00412	304.30768	52.832546	31.749876	95.356735	-19.351639	1956000	0.040435195	301.24768	0.0	-176.21585	0.6211396	-3.248453e-09	888.6441390514374
489	256.5856	15.605328	279.3064	228.16325	255.41667	65.3551	29.800901	102.92952	-3.4178958	1960000	-0.037180737	205.08835	0.0	-41.990196	0.6823741	1.9967556e-09	890.1955530643463
490	197.20218	113.22889	284.98276	-15.664034	235.0	65.75996	26.525087	108.96259	-93.00105	1964000	0.008685508	1048.1387	0.0	-299.9659	0.670643	3.874302e-10	891.4865040779114
491	209.8636	96.86807	281.60767	2.6860323	263.14285	63.2983	24.066677	96.8514	-64.03258	1968000	-0.027491456	824.1994	0.0	-316.91312	0.6512202	-4.321337e-10	892.7901940345764
492	269.0764	19.068657	304.46454	243.86131	279.63635	52.317875	33.08949	100.673676	-24.908167	1972000	0.04143854	627.76495	0.0	-407.9505	0.6452922	3.7252906e-10	894.3488440513611
493	249.0076	62.243557	298.36896	35.113678	276.14285	63.100124	22.967096	111.95164	-64.87021	1976000	-0.041851774	428.6809	0.0	-85.52584	0.61680984	3.8444994e-09	895.6331079006195
494	176.66211	121.76297	293.8559	1.9067583	250.75	64.17781	26.502401	115.970665	-92.147545	1980000	0.012169311	1950.2662	0.0	-1056.9276	0.6309551	2.4735929e-09	896.955404996872
495	226.57164	85.33679	279.7263	0.28125337	277.14285	54.524372	24.045712	104.33494	-99.37054	1984000	-0.119619526	693.07117	0.0	-416.5722	0.6528013	6.2584876e-10	898.9568381309509
496	224.22783	85.33321	280.7478	18.296677	277.33334	56.81554	27.393972	98.29751	-92.47721	1988000	0.004609389	805.0926	0.0	-527.5863	0.6392963	-6.705522e-10	900.3475728034973
497	241.57248	51.91608	284.4821	92.143555	350.6	52.2499	30.703146	97.73467	-52.9939	1992000	0.018153653	460.82077	0.0	-214.13992	0.6888843	-2.3543834e-09	902.1383337974548
498	262.86703	10.15756	283.55945	247.24498	287.07693	64.99625	19.298365	99.19127	3.2192476	1996000	-0.09740539	98.3748	0.0	-39.633636	0.69221157	4.0978194e-09	903.4814078807831
499	239.38345	40.301086	273.51837	128.28366	370.7	54.42333	29.64129	95.88765	-4.366167	2000000	-0.0072554564	208.27115	0.0	-78.22484	0.6893594	-1.1771918e-09	904.9866988658905
