Epoch	AverageEpRet	StdEpRet	MaxEpRet	MinEpRet	EpLen	AverageVVals	StdVVals	MaxVVals	MinVVals	TotalEnvInteracts	LossPi	LossV	DeltaLossPi	DeltaLossV	Entropy	KL	Time
0	-186.13359	111.09562	-43.228195	-452.36414	96.14634	0.17231339	0.049481187	0.24134664	-0.030974705	4000	-0.00022727191	13197.788	0.0	-917.5342	1.3826623	7.4505807e-10	2.967203140258789
1	-205.95158	103.02359	-58.9813	-433.00873	97.53658	-4.680202	0.27804947	-0.61505145	-5.2361236	8000	-0.0014585004	13442.768	0.0	-935.3584	1.3825958	7.748604e-10	5.974536895751953
2	-174.02786	105.94829	-3.5108974	-502.70926	100.5641	-9.332401	0.74373984	2.4221432	-9.555296	12000	-0.0004914223	10289.606	0.0	-504.06934	1.3823042	1.758337e-09	9.006304025650024
3	-172.60898	103.2931	26.467295	-445.45557	92.60465	-12.381926	0.11014532	-10.300856	-12.453528	16000	-0.0014293717	9809.884	0.0	-443.24512	1.3822219	1.1920929e-09	12.011338949203491
4	-192.65128	125.79986	13.034204	-457.09064	98.15	-15.162393	0.041792497	-14.505587	-15.204148	20000	6.178903e-05	11660.343	0.0	-478.667	1.3819736	-1.1324882e-09	15.031424045562744
5	-190.93047	112.56154	-31.71846	-437.08765	99.75	-17.993656	0.13915999	-15.5881605	-18.037743	24000	-0.0022337374	10695.947	0.0	-468.58398	1.3816268	2.0861626e-10	18.06415629386902
6	-209.30147	108.43557	-43.140705	-437.0292	99.525	-20.794912	0.0478335	-20.102478	-20.818863	28000	-0.0025471055	10769.35	0.0	-456.71582	1.3814902	1.2814999e-09	21.084113121032715
7	-245.76804	139.79768	26.680185	-594.7226	102.31579	-23.497501	0.5018607	-13.512257	-23.562878	32000	0.00063517847	16020.884	0.0	-645.9785	1.3812672	-8.3446505e-10	24.10667610168457
8	-193.85068	101.27258	-57.76213	-429.1238	99.075	-26.704222	0.018600972	-26.359211	-26.714413	36000	-0.0006487404	8483.508	0.0	-358.9536	1.3810655	-1.4305115e-09	27.13111710548401
9	-165.91527	91.603645	-64.5016	-384.98062	94.71429	-29.140871	0.014958766	-28.705008	-29.149155	40000	0.00018568123	5834.451	0.0	-219.82422	1.3810954	-1.2516975e-09	30.157747983932495
10	-193.38167	112.94998	-2.149532	-504.94073	97.825	-31.066586	0.022137253	-30.695534	-31.075068	44000	-0.0027720216	9074.633	0.0	-325.0127	1.3810927	-2.384186e-10	33.206369161605835
11	-172.4063	110.6867	-23.778427	-450.18573	97.825	-33.376774	0.06633191	-31.744879	-33.386456	48000	0.0009629245	6981.8823	0.0	-227.32324	1.3810939	1.6093255e-09	36.23274898529053
12	-151.31529	102.724205	69.25361	-398.9761	92.62791	-35.370766	0.057011195	-34.708813	-35.38426	52000	1.27427575e-05	5619.789	0.0	-158.91016	1.3807325	1.0728836e-09	39.258708000183105
13	-169.96141	98.90814	-20.47718	-365.6916	96.17073	-37.07736	0.017880611	-36.706856	-37.083202	56000	-0.00045118664	5624.565	0.0	-183.55176	1.3807088	1.4603138e-09	42.275686264038086
14	-188.58228	125.13315	21.356424	-527.792	99.64103	-38.907806	0.016664041	-38.57263	-38.91336	60000	0.001982001	7842.745	0.0	-229.72705	1.3807439	-1.2218953e-09	45.294962882995605
15	-185.84622	112.69092	-46.77052	-474.08984	98.15	-40.981712	0.0023073573	-40.968246	-40.985485	64000	-0.002431817	6137.766	0.0	-237.26416	1.3805171	-5.9604643e-10	48.3169469833374
16	-186.2521	119.5059	-10.315504	-571.83813	98.4	-43.118134	0.041394997	-42.209213	-43.12412	68000	-0.0026782088	6874.54	0.0	-211.7251	1.3805764	1.4305115e-09	51.34307408332825
17	-179.46242	87.00003	-71.32032	-385.4422	102.947365	-45.164852	0.04719943	-43.711742	-45.17105	72000	-0.0022504274	4320.2065	0.0	-180.12012	1.3805146	-1.4901161e-10	54.359660148620605
18	-141.77985	79.074615	-19.350916	-351.42383	90.38636	-47.079056	0.04988249	-46.237503	-47.085663	76000	-0.0047872276	2834.57	0.0	-86.33179	1.3805506	1.013279e-09	57.371880292892456
19	-152.696	96.951675	-35.90717	-425.30777	95.166664	-48.455627	0.018700568	-47.851723	-48.45893	80000	-0.006752113	3821.9216	0.0	-94.7041	1.3802685	1.6987324e-09	60.40881705284119
20	-195.05183	111.29424	53.82499	-497.07812	131.33333	-49.85178	0.10775894	-49.298958	-49.885796	84000	-0.0045387163	5268.5283	0.0	-218.33252	1.3790985	9.834766e-10	64.07549405097961
21	-168.14694	98.57273	-16.102468	-433.5981	96.07317	-51.127563	0.9552258	-21.400494	-51.203144	88000	-0.006662948	4282.359	0.0	-115.07568	1.3800081	2.682209e-10	67.09791994094849
22	-211.92899	122.453316	-27.617037	-576.1974	100.97436	-52.70536	0.9914828	-32.77273	-52.784584	92000	-0.0022078052	7173.323	0.0	-281.99316	1.3792056	-6.854534e-10	70.13511919975281
23	-184.41069	86.62199	-58.027237	-382.02863	97.775	-55.220043	1.6597317	-11.0938635	-55.29623	96000	-0.0046813427	3725.6157	0.0	-189.37622	1.3794998	8.046627e-10	73.16367888450623
24	-171.84009	114.849754	18.219563	-455.1286	94.95238	-57.334618	0.60644656	-37.68172	-57.37021	100000	-0.002804192	4963.4023	0.0	-125.458984	1.3793824	-8.940697e-11	76.22881197929382
25	-158.18326	93.59097	7.9683447	-376.7194	102.410255	-59.09832	0.100393035	-55.037445	-59.10592	104000	-0.0049479986	2924.251	0.0	-44.532227	1.37868	-4.4703483e-10	79.26974892616272
26	-178.66475	100.4571	-54.922226	-443.82587	109.861115	-60.19975	0.0128999315	-59.86261	-60.204445	108000	-0.004805744	3287.5842	0.0	-87.078125	1.3792471	-2.682209e-10	82.29133200645447
27	-178.29402	108.665306	3.0305135	-475.79807	93.54762	-61.679413	0.04037068	-60.29779	-61.686867	112000	-0.0022015842	4370.4976	0.0	-118.561035	1.3789095	-2.0563602e-09	85.31147313117981
28	-175.62123	118.29839	9.650862	-563.414	98.7	-63.432613	0.27279314	-57.488983	-63.457123	116000	-0.0034629162	4943.713	0.0	-84.28467	1.3787975	1.0430813e-09	88.36046528816223
29	-158.41953	94.492004	35.144855	-369.86932	99.17949	-64.9781	0.019595636	-64.60653	-64.98146	120000	-0.0029338254	2493.7527	0.0	-33.273926	1.3783258	-9.834766e-10	91.40925788879395
30	-178.80214	106.368126	8.945552	-433.97168	102.051285	-65.98267	0.050995912	-64.37849	-65.98786	124000	-0.0038620618	4181.503	0.0	-91.157715	1.3784068	-5.364418e-10	94.48965311050415
31	-178.71544	90.80582	-44.708336	-442.80072	102.23077	-67.5608	0.43993255	-54.38197	-67.58929	128000	-0.0024930106	2881.6016	0.0	-91.76001	1.3779956	-8.046627e-10	97.52046012878418
32	-156.74359	78.19341	-3.7120202	-375.077	107.91892	-68.7845	2.7874382	-34.865177	-69.19825	132000	-0.0054972847	2624.1223	0.0	-34.58838	1.3775884	-9.834766e-10	100.64922904968262
33	-185.62663	96.023224	-66.667435	-424.7535	98.0	-69.96068	0.056666087	-68.86464	-69.965385	136000	-0.0030711635	3061.3342	0.0	-80.0022	1.3760855	-1.6987324e-09	103.69360113143921
34	-185.47232	94.28573	-27.112692	-466.94913	104.210526	-71.521866	0.0024986572	-71.43041	-71.52231	140000	-0.0055321897	2807.0083	0.0	-59.308838	1.3766222	-7.4505807e-10	106.74921011924744
35	-171.6071	102.0146	17.679277	-482.91547	100.76923	-72.94419	0.01354299	-72.58597	-72.9454	144000	-0.0046107084	3224.821	0.0	-39.08838	1.3768778	7.4505807e-10	109.7984938621521
36	-170.32558	101.39186	-52.248405	-426.37265	105.07895	-74.12035	0.0018114031	-74.05685	-74.12084	148000	-0.0018213129	2688.3943	0.0	-16.21167	1.3762225	-1.1622906e-09	112.83403587341309
37	-184.77892	113.50835	-29.646364	-409.1754	100.61539	-74.90234	0.044001658	-73.99809	-74.90569	152000	-0.008562828	3995.2935	0.0	-56.546143	1.3746985	-4.4703483e-10	115.86233401298523
38	-153.86221	113.19125	64.099335	-465.60202	122.1875	-76.25841	0.17279534	-74.98334	-76.3139	156000	-0.0032770438	4191.368	0.0	-635.50024	1.3742933	-1.2516975e-09	119.53034710884094
39	-171.02411	113.49162	38.46278	-639.1769	101.35897	-75.48919	3.3351083	-10.375311	-75.95852	160000	0.00020572466	3919.1294	0.0	-158.71948	1.3748535	-2.2053719e-09	122.55079817771912
40	-203.30952	125.05081	-61.38917	-493.35867	99.3	-76.006065	8.981239	50.435993	-76.91146	164000	-0.006015068	5451.479	0.0	-393.69482	1.3766992	-5.364418e-10	125.59381914138794
41	-146.68921	93.2268	-1.8703445	-522.6038	98.925	-79.312546	1.0784271	-41.52283	-79.357506	168000	-0.001686197	2281.7776	0.0	-5.776123	1.3745645	2.6822091e-09	128.62390112876892
42	-156.06833	96.20343	-38.824482	-483.96423	98.175	-79.55695	0.9157778	-54.985966	-79.621605	172000	-0.009319819	2446.7786	0.0	-3.136963	1.375401	3.2782554e-10	131.6696970462799
43	-151.56808	89.672035	-26.152931	-395.57953	99.15	-79.90874	0.026743768	-78.97259	-79.911705	176000	-0.006370479	2084.342	0.0	-0.0703125	1.3744975	-1.3411046e-09	134.69559597969055
44	-170.07445	110.77818	2.2137053	-542.2364	102.51282	-79.80465	0.90169513	-58.506298	-79.87315	180000	-0.008093872	4029.398	0.0	-11.983643	1.3740894	-1.6987324e-09	137.73434805870056
45	-181.86194	96.836716	-8.20514	-374.57056	103.552635	-80.44544	0.29100493	-72.5525	-80.469925	184000	-0.007321091	2523.2773	0.0	-26.488281	1.3743207	-6.2584876e-10	140.77043104171753
46	-161.37035	102.40279	-3.7647243	-415.9574	104.13158	-81.41519	1.1820732	-41.99817	-81.48109	188000	-0.0043606167	3177.6946	0.0	-12.470459	1.3744268	5.066395e-10	143.8408510684967
47	-152.84863	88.474205	15.786893	-392.8686	95.78049	-81.6696	0.12724388	-77.131676	-81.678925	192000	-0.0032382307	2381.101	0.0	-1.7058105	1.3735764	-1.7881394e-10	146.92632293701172
48	-155.05997	97.57386	-10.464785	-539.8111	99.925	-81.856346	0.08338386	-79.50541	-81.86401	196000	-0.008204578	2978.9832	0.0	-0.8605957	1.3740774	-2.115965e-09	149.98613023757935
49	-185.55902	115.144485	-46.87329	-499.13394	101.15385	-82.02344	0.005888954	-81.85117	-82.02421	200000	-0.0046959734	4308.1597	0.0	-36.85791	1.3719386	-4.1723253e-10	153.03905415534973
50	-169.15424	105.84083	-1.3734791	-407.3356	98.225	-83.21303	3.038746	-9.757818	-83.39847	204000	-0.0077508497	2863.0588	0.0	-38.105957	1.3715318	1.4007091e-09	156.08341598510742
51	-194.77449	115.08193	9.301262	-515.3736	104.92105	-83.9281	0.46691254	-68.96615	-83.955185	208000	-0.010024501	3909.8333	0.0	-65.400635	1.371594	1.1026859e-09	159.12556910514832
52	-119.841515	73.989456	33.280296	-335.94287	103.31579	-85.849884	0.017854517	-85.32747	-85.85162	212000	-0.011693296	2607.7173	0.0	-89.70923	1.373283	1.7881394e-10	162.1720850467682
53	-147.64572	98.54919	1.37666	-502.1276	122.1875	-79.411064	14.162209	14.637352	-83.74972	216000	-0.0060077813	2973.0225	0.0	-575.1582	1.3711897	-6.556511e-10	165.92954111099243
54	-187.63194	113.432465	-27.162762	-456.919	105.1579	-83.41251	0.2092819	-77.94669	-83.435555	220000	-0.0036865948	3878.214	0.0	-44.56372	1.373361	-5.364418e-10	169.018413066864
55	-158.81322	92.79936	-4.6029253	-405.54318	104.52631	-83.990875	9.28597	36.18962	-84.9715	224000	-0.0041337395	2656.215	0.0	-294.20142	1.3702642	-6.2584876e-10	172.05084204673767
56	-129.5488	96.68709	35.507	-509.66736	126.03226	-84.9544	0.115647525	-80.24031	-84.98932	228000	-0.00066041946	3720.1118	0.0	-162.15405	1.36976	-5.364418e-10	176.0167601108551
57	-163.15588	61.28063	-54.200333	-296.9602	104.73684	-81.93285	0.0035414607	-81.86329	-81.9352	232000	-0.0128961485	1139.8302	0.0	-0.696167	1.3717835	5.066395e-10	179.0613570213318
58	-166.70497	84.96444	-58.84297	-374.61407	101.410255	-82.03149	0.017528443	-81.66177	-82.035934	236000	-0.00442072	1656.5815	0.0	-6.8430176	1.3693782	-1.1622906e-09	182.09414505958557
59	-139.07217	97.477684	-33.674812	-471.5444	98.125	-82.7117	0.025106732	-81.730736	-82.71446	240000	-0.007745369	2726.874	0.0	-11.143799	1.371749	5.960465e-11	185.12993812561035
60	-153.62492	91.38467	-26.289288	-382.81064	101.97436	-81.893684	0.07177144	-79.230354	-81.90109	244000	-0.006005603	2452.589	0.0	-0.28271484	1.3696284	-2.2053719e-09	188.20450091362
61	-173.38545	74.73271	-40.591373	-373.42484	103.97298	-81.915	0.07657695	-79.78992	-81.92183	248000	-0.008495841	1760.1421	0.0	-12.145996	1.369538	-1.1622906e-09	191.25110125541687
62	-182.6652	115.85362	-57.26699	-511.33026	103.36842	-82.81068	0.5027907	-51.20137	-82.82535	252000	-0.005829403	4002.6997	0.0	-28.255615	1.3694468	-7.1525574e-10	194.2882559299469
63	-163.30844	100.9566	12.451284	-548.56915	99.0	-84.257614	0.01680469	-83.81227	-84.2601	256000	-0.0053040734	3348.519	0.0	-3.727295	1.3693203	-1.192093e-10	197.32577109336853
64	-164.60391	110.65138	-38.7364	-551.80927	104.6579	-84.85495	0.026500192	-84.25876	-84.85818	260000	-0.00012845325	3329.1404	0.0	-2.3183594	1.3688368	-1.2814999e-09	200.36428809165955
65	-151.27184	90.31975	-19.597532	-440.3342	106.810814	-85.28684	0.002919555	-85.24018	-85.28783	264000	-0.0008631482	2108.3965	0.0	-7.4108887	1.3690907	1.192093e-10	203.44018721580505
66	-129.19112	71.22213	40.20518	-326.10583	102.18421	-84.536095	0.00082373375	-84.52179	-84.53674	268000	-0.010403825	1585.3627	0.0	-73.107544	1.3681538	-3.2782554e-10	206.5236599445343
67	-176.1065	102.531906	-66.01287	-471.83746	105.54054	-82.05045	0.0018291903	-82.00976	-82.051186	272000	-0.012494511	2894.4473	0.0	-17.87622	1.3661528	-1.6689301e-09	209.55576920509338
68	-173.68579	94.58221	21.005352	-387.02066	107.91892	-83.14281	0.015620505	-82.82958	-83.144714	276000	3.266573e-05	2405.7695	0.0	-9.649414	1.3649608	-1.0728836e-09	212.60804510116577
69	-145.3003	85.73069	1.8497705	-350.71304	104.78378	-84.12828	0.0067867944	-83.99518	-84.1295	280000	-0.010325249	2301.3408	0.0	-10.043457	1.3670363	-8.3446505e-10	215.64735794067383
70	-173.05771	96.575195	-27.082666	-410.94098	104.47369	-83.22634	0.05033779	-81.57091	-83.23057	284000	-0.005351386	2804.61	0.0	-16.011963	1.3656223	-5.662441e-10	218.6977241039276
71	-162.54068	108.23567	18.4806	-440.50165	134.31035	-84.35295	0.0143878525	-84.25443	-84.35898	288000	-0.0019736956	4115.218	0.0	-78.788086	1.3669144	1.2516975e-09	222.71672010421753
72	-131.62198	67.938286	-35.97098	-345.95096	101.69231	-81.744026	0.0036800406	-81.68147	-81.744835	292000	-0.013577005	1261.0336	0.0	-45.124878	1.3660775	1.847744e-09	225.79600715637207
73	-155.80605	66.49983	-14.585393	-342.31476	105.189186	-79.55588	0.0022469335	-79.50743	-79.55666	296000	-0.0059610684	1150.2355	0.0	-0.36975098	1.3654855	9.23872e-10	228.83683824539185
74	-161.11024	98.74086	-50.669514	-504.60205	104.789474	-79.24177	0.00076757063	-79.22876	-79.24259	300000	-0.007080849	2456.1274	0.0	-9.221924	1.3637458	-7.748604e-10	231.8930082321167
75	-144.93053	73.35265	-36.844254	-332.26285	108.55556	-80.18791	0.0048867366	-80.10112	-80.189095	304000	-0.0020856848	1295.7363	0.0	-14.212158	1.3655941	2.384186e-10	234.93910121917725
76	-158.50607	98.8175	-39.361423	-522.30975	107.945946	-79.039	0.0009600534	-79.02543	-79.03967	308000	0.0001465478	2840.0088	0.0	-0.9165039	1.363777	-2.3543836e-09	237.99749398231506
77	-142.41264	87.97962	4.258939	-393.3244	102.3421	-79.28853	0.0059242253	-79.188934	-79.28994	312000	-0.017306134	2230.738	0.0	-6.1069336	1.3653088	-1.8775463e-09	241.05003905296326
78	-143.78583	87.58184	-41.24479	-381.1213	99.35	-78.49505	0.0013592313	-78.43347	-78.495705	316000	-0.0077098995	2121.3816	0.0	-1.1477051	1.3615724	-1.2218953e-09	244.07444620132446
79	-153.8874	107.1025	-38.39681	-481.56064	100.5641	-78.08667	0.009113738	-77.85389	-78.0882	320000	-0.0129119195	3184.7317	0.0	-20.715576	1.3632302	-5.364418e-10	247.12463808059692
80	-165.39893	88.25904	-41.582157	-395.37274	103.6579	-79.6232	0.004834691	-79.48089	-79.62422	324000	-0.002852033	2059.2703	0.0	-16.113525	1.3645425	-1.2814999e-09	250.19315314292908
81	-160.9613	79.54762	-43.511005	-409.85855	111.111115	-81.094894	0.0038621326	-81.009056	-81.09579	328000	-0.009044531	2073.0334	0.0	-0.32177734	1.3640362	-2.9802322e-10	253.26940512657166
82	-160.20093	81.98224	-36.103687	-417.453	107.189186	-80.94954	0.018848129	-80.43172	-80.95161	332000	-0.005404773	2037.1465	0.0	-8.430542	1.363429	-9.536744e-10	256.3279221057892
83	-141.27997	86.669205	15.599278	-380.99524	101.02564	-81.97114	0.002931468	-81.91066	-81.97187	336000	-0.008814213	2430.039	0.0	-28.379395	1.3631533	4.768372e-10	259.3827271461487
84	-139.00656	85.7524	-13.236024	-423.23734	98.825	-80.0961	0.00076045847	-80.07817	-80.09649	340000	-0.0050332802	2095.5366	0.0	-16.524902	1.3633773	-6.705523e-10	262.4107451438904
85	-170.6673	101.65303	-36.56399	-424.54086	110.94444	-78.50111	0.05794137	-77.17235	-78.50564	344000	-0.0057742386	2723.01	0.0	-16.186035	1.3590947	6.4074995e-10	265.4727511405945
86	-147.85243	82.21493	14.712368	-427.57147	110.638885	-79.92546	0.0039098375	-79.84248	-79.926186	348000	-0.013734364	2138.4458	0.0	-6.35376	1.363482	2.9802324e-11	268.5315020084381
87	-173.55171	105.79503	-41.16302	-444.96027	103.81579	-79.05391	0.0028088018	-78.99542	-79.05464	352000	-0.0050147153	3203.473	0.0	-99.15381	1.3606225	6.556511e-10	271.56634497642517
88	-137.55212	75.35951	-3.8000617	-313.09528	103.31579	-82.69355	0.0016484295	-82.64758	-82.69403	356000	-0.01184394	1672.6505	0.0	-35.059814	1.3641524	6.556511e-10	274.6034071445465
89	-150.52383	69.34317	-57.31587	-347.62747	102.15385	-80.69862	0.00045784732	-80.68528	-80.69898	360000	-0.0033597609	1358.6499	0.0	-0.23510742	1.3610088	-7.0035455e-10	277.66118025779724
90	-120.89031	63.09239	25.751747	-266.669	110.27778	-80.796425	0.0014909452	-80.75368	-80.79688	364000	-0.012105491	1764.4039	0.0	-170.57495	1.3619294	1.3709068e-09	280.7542760372162
91	-160.1504	96.45857	0.78169376	-459.806	109.05556	-76.12498	0.003290984	-76.036255	-76.12558	368000	-0.0051882486	2342.86	0.0	-13.729004	1.3599453	5.662441e-10	283.8031711578369
92	-132.56769	75.57804	-36.674763	-402.29855	112.0	-77.226845	0.012528468	-77.02679	-77.22853	372000	0.0011485735	1818.3162	0.0	-16.189697	1.3595355	1.4901162e-11	286.90586495399475
93	-143.66681	97.93562	-14.670787	-526.47473	102.02564	-75.87915	0.0037675751	-75.75423	-75.87963	376000	-0.009215836	2749.1284	0.0	-5.819092	1.3598288	7.4505804e-11	289.9510588645935
94	-122.768234	76.766716	34.389492	-343.4622	104.62162	-76.6785	0.0047492497	-76.60306	-76.67939	380000	-0.009046484	2328.0747	0.0	-32.06006	1.3604368	-1.0430813e-09	293.1030390262604
95	-146.82623	93.785194	-5.285208	-367.06204	99.8	-74.656044	0.0036728662	-74.58795	-74.65661	384000	-0.0085870745	2534.402	0.0	-11.753662	1.3549927	-6.2584876e-10	296.15260004997253
96	-156.29437	99.76878	-43.115288	-575.5439	103.31579	-75.8206	0.004444654	-75.74979	-75.8212	388000	-0.00808734	2707.6582	0.0	-39.77954	1.3554806	-1.6093255e-09	299.1947240829468
97	-131.08855	71.21944	-44.08715	-388.00003	101.64103	-78.23499	0.018607179	-77.61537	-78.236176	392000	-0.0068568233	1609.3262	0.0	-21.404175	1.3589771	-4.768372e-10	302.2357771396637
98	-151.39842	86.800156	-18.591072	-383.62192	114.17647	-76.62421	0.00025821736	-76.61651	-76.62432	396000	-0.009967114	1722.4642	0.0	0.060424805	1.358871	9.23872e-10	305.31938910484314
99	-116.55553	55.22413	-15.262982	-264.27557	102.333336	-76.55077	0.0040582097	-76.439545	-76.55118	400000	-0.0118735805	1398.8795	0.0	-95.47156	1.3560927	1.475215e-09	308.3675260543823
100	-137.02075	76.699165	-3.609549	-323.49384	110.666664	-72.88615	0.025036491	-71.78805	-72.88752	404000	-0.0027123191	1942.089	0.0	-20.334106	1.357151	1.2218953e-09	311.4660360813141
101	-134.70251	91.699745	-1.8870201	-407.17532	99.6	-71.01228	0.0008599166	-70.99607	-71.01244	408000	-0.008559507	2519.3716	0.0	-4.180908	1.3554648	-6.705523e-10	314.5159721374512
102	-137.68224	84.16934	5.146793	-344.82785	109.30556	-71.72066	0.006486515	-71.55318	-71.7213	412000	-0.0025869505	2195.4675	0.0	-3.2695312	1.3546145	1.7732382e-09	317.57235312461853
103	-124.33769	76.97778	11.207605	-387.3069	101.46154	-71.06915	0.002202996	-71.02116	-71.069466	416000	-0.0057911915	1803.9061	0.0	-10.842773	1.3561198	6.2584876e-10	320.6263470649719
104	-155.18216	75.68193	-61.361027	-338.85333	113.911766	-69.73526	0.014661099	-69.36522	-69.73612	420000	-0.005291159	1764.0885	0.0	-11.961792	1.3556892	1.3411046e-09	323.71395921707153
105	-132.42287	76.28366	-34.781593	-356.90628	109.0	-71.04871	0.00078261585	-71.02811	-71.048836	424000	-0.008727519	1518.4503	0.0	-5.4855957	1.3541446	-2.8312205e-10	326.7771010398865
106	-172.5691	127.01871	44.77934	-552.44885	113.91428	-70.16719	0.0023477888	-70.10653	-70.16748	428000	-0.0036317871	5006.103	0.0	-129.80176	1.3500786	5.662441e-10	329.85393619537354
107	-151.06606	96.715096	5.9018674	-387.4801	110.22222	-74.59711	0.0016963035	-74.54981	-74.59736	432000	-0.008178724	2701.4995	0.0	-9.112793	1.3539284	-4.61936e-10	332.9218108654022
108	-132.28891	89.18256	14.010871	-429.43097	103.76316	-76.00212	0.0010053767	-75.97735	-76.00225	436000	-0.016147468	2373.7544	0.0	-14.049561	1.3562024	-4.4703483e-10	336.03212308883667
109	-118.72059	90.01812	-21.235897	-528.02625	102.10256	-74.56571	0.0005455985	-74.55185	-74.5658	440000	0.0043060794	2825.691	0.0	-43.11084	1.3566282	9.834766e-10	339.09267926216125
110	-122.64243	63.094185	10.132669	-265.3054	105.26316	-71.885155	0.075581916	-69.8646	-71.8907	444000	-0.0053708293	1490.8306	0.0	-16.748169	1.3484089	1.1771918e-09	342.2126190662384
111	-119.78645	64.23459	-19.484406	-294.08725	105.0	-70.13652	0.0007711533	-70.111534	-70.13663	448000	-0.010702705	1629.8502	0.0	-13.166992	1.3542774	-1.4007091e-09	345.28230714797974
112	-144.58986	72.81145	-33.42988	-313.54257	98.92308	-68.59878	0.00046296243	-68.58492	-68.598854	452000	-0.0067415438	1539.2545	0.0	-52.87317	1.3502817	1.192093e-10	348.3379352092743
113	-139.96753	76.3283	-0.11750548	-341.29343	105.72973	-71.4636	0.00029774418	-71.456955	-71.46366	456000	-0.012080452	1794.6483	0.0	-0.42980957	1.3502072	-2.9802323e-09	351.41638803482056
114	-135.49165	48.989925	-62.324135	-265.1947	120.90909	-71.88469	0.121244766	-70.535	-71.90844	460000	-0.013534298	1648.0308	0.0	-19.652222	1.3531728	-2.384186e-10	354.631272315979
115	-121.76395	55.02765	-35.286	-253.89311	105.45946	-70.1152	0.00035165864	-70.104935	-70.11526	464000	-0.01313644	990.37585	0.0	-13.752441	1.3549012	2.5779008e-09	357.6982572078705
116	-143.04567	86.97084	-23.220512	-389.63864	110.111115	-68.48561	0.0007496022	-68.46811	-68.48574	468000	-0.011805662	2333.5247	0.0	-17.937256	1.3495374	-5.811453e-10	360.77353501319885
117	-119.41359	70.569435	24.588524	-277.06253	133.27586	-70.15961	0.14041679	-68.55581	-70.19951	472000	-0.0027504382	2812.608	0.0	-793.0244	1.3493094	-2.8312205e-10	364.71499705314636
118	-128.78287	59.35169	-43.568897	-270.40054	105.51351	-69.030785	0.49413785	-44.865726	-69.07593	476000	-0.024542801	1183.7454	0.0	-1.3791504	1.3484689	1.4901161e-09	367.82293820381165
119	-121.25246	81.30725	5.4925513	-385.21808	99.0	-68.67436	1.893738	-29.017328	-68.79661	480000	-0.012447191	2097.238	0.0	-30.799316	1.3476623	5.364418e-10	370.87838315963745
120	-121.73488	72.02378	-32.92622	-375.44763	103.60526	-68.681175	2.8261974	16.72421	-68.79845	484000	-0.008746569	1597.2202	0.0	-23.747559	1.3504851	-5.364418e-10	373.95606207847595
121	-139.93558	93.14679	1.7457689	-372.35614	110.333336	-68.090935	0.11016509	-64.54527	-68.09731	488000	-0.0085128145	2407.6404	0.0	-1.9287109	1.3476546	7.748604e-10	377.0470530986786
122	-118.91265	67.95982	1.9581723	-334.12256	104.24324	-68.6797	0.121051535	-64.82293	-68.687965	492000	-0.0028872427	1512.8076	0.0	-0.17932129	1.3486354	5.811453e-10	380.1183741092682
123	-148.22076	86.114655	-11.946788	-404.988	112.457146	-68.699165	0.103894465	-63.238083	-68.703995	496000	-0.009222005	1927.5348	0.0	-21.85962	1.3450514	4.61936e-10	383.18869805336
124	-140.64975	70.5683	-5.028836	-339.22595	110.861115	-70.81972	0.22602035	-56.579132	-70.82499	500000	-0.0184072	1400.6129	0.0	-11.268433	1.3473125	-1.1920929e-09	386.27914810180664
125	-152.91978	92.445854	-11.980143	-425.2842	113.6	-72.47999	0.025421314	-71.781845	-72.48303	504000	-0.004872492	2363.6025	0.0	-4.6208496	1.341915	2.7418137e-09	389.37081503868103
126	-121.19425	67.75791	-12.065834	-283.56946	109.583336	-73.56561	0.09715174	-68.05152	-73.571045	508000	-0.009464197	1514.3275	0.0	-48.41992	1.348723	1.3113022e-09	392.4456329345703
127	-157.89493	90.68952	14.552659	-366.41217	110.388885	-70.30816	0.036014866	-68.58998	-70.31109	512000	-0.0011467902	2791.6606	0.0	-91.258545	1.3406477	1.475215e-09	395.55899596214294
128	-149.37521	75.62023	-47.124382	-368.93744	113.942856	-73.43883	7.7343984	16.236612	-74.50674	516000	0.0005722221	2000.524	0.0	-277.24133	1.3454139	9.685754e-10	398.6550221443176
129	-173.53656	103.965965	-12.010375	-425.4021	124.5	-76.184685	1.5483325	-40.492786	-76.3124	520000	-0.0025506036	4252.9844	0.0	-80.668945	1.341368	-5.662441e-10	401.88242506980896
130	-131.83664	64.30345	2.316857	-272.65826	116.55882	-79.35503	2.4637747	-36.626045	-79.58886	524000	-0.0017633063	1794.8689	0.0	-156.10876	1.3379844	6.109476e-10	405.0059289932251
131	-130.83202	91.12472	32.812103	-435.6428	112.22857	-75.19733	0.0012096168	-75.1669	-75.19747	528000	-0.016484972	2419.1172	0.0	-50.182617	1.3439965	-1.1771918e-09	408.09846115112305
132	-134.4409	83.58427	-13.50133	-328.79224	113.65714	-72.03261	0.0033518237	-71.95166	-72.032875	532000	-0.01490069	2244.512	0.0	-19.12793	1.34368	-2.1755695e-09	411.21410727500916
133	-130.10413	68.300865	0.7700928	-282.7256	112.74286	-70.07589	0.00061672804	-70.0636	-70.076	536000	-0.01395403	1301.8706	0.0	-18.455933	1.3425814	-1.5944243e-09	414.3032670021057
134	-169.68034	82.44411	1.1286314	-349.6763	115.02941	-68.18181	0.00042993692	-68.17456	-68.18189	540000	-0.002366521	1961.0776	0.0	-124.07068	1.3400352	3.2782554e-09	417.4027421474457
135	-107.57857	62.41948	36.39596	-317.10922	114.14286	-72.641304	0.068477005	-71.3426	-72.651794	544000	-0.0109655615	1896.1183	0.0	-62.35315	1.3425493	-9.23872e-10	420.57674908638
136	-116.17869	85.1201	12.0611515	-365.77155	116.79412	-69.73994	0.0027471667	-69.666374	-69.74023	548000	-0.019928373	2351.4883	0.0	-77.62036	1.3410928	-8.3446505e-10	423.71669602394104
137	-140.66261	78.96111	-45.425976	-397.72775	109.75	-66.16788	0.0016527403	-66.128334	-66.16802	552000	-0.014053572	2067.8242	0.0	-34.097046	1.338547	-1.6987324e-09	426.8184380531311
138	-130.12381	81.16559	-9.5619	-459.12997	115.0	-68.264275	0.0007559607	-68.24103	-68.26439	556000	-0.014329942	2066.8452	0.0	-0.4177246	1.3385712	6.109476e-10	429.91480922698975
139	-125.087906	85.46718	47.930496	-315.156	111.08572	-68.10405	0.00026071828	-68.09265	-68.10411	560000	-0.009596733	2098.9622	0.0	-8.789551	1.3410586	1.9222497e-09	433.0008330345154
140	-118.808624	92.22718	33.171455	-362.4605	128.64516	-66.907425	0.019373665	-66.08447	-66.910194	564000	0.005447167	3197.1592	0.0	-35.95874	1.3376498	-4.917383e-10	437.36444902420044
141	-128.37648	90.38757	-9.184133	-374.1193	119.36364	-64.47269	0.0012439574	-64.454185	-64.4729	568000	-0.013461476	2231.68	0.0	-0.717041	1.3356977	-1.4901162e-11	440.4687542915344
142	-119.10068	86.79208	6.9266224	-422.1545	117.32353	-64.00266	0.0051431977	-63.92329	-64.00357	572000	-0.0084435735	2410.5024	0.0	-20.659424	1.3385015	5.960465e-11	443.6314449310303
143	-155.20273	90.90572	-36.51582	-351.37042	121.6875	-62.13836	0.000184677	-62.132282	-62.138435	576000	-0.004414999	2378.997	0.0	-77.57568	1.3344276	8.493662e-10	446.7278940677643
144	-134.51598	73.997795	33.738667	-289.08496	117.617645	-65.59503	0.0014819074	-65.56397	-65.59525	580000	0.0072607566	1850.0359	0.0	-5.2059326	1.3377947	1.475215e-09	449.8318531513214
145	-151.31288	93.23388	-54.21965	-395.53607	127.07143	-66.698235	0.009073805	-66.54477	-66.69982	584000	-0.013996236	3032.12	0.0	-2.724121	1.3392622	6.109476e-10	453.0846531391144
146	-127.43933	69.02732	7.946878	-299.33667	113.25714	-66.05967	0.0008172108	-66.03748	-66.05979	588000	-0.019502243	1472.457	0.0	-5.5665283	1.334074	-5.066395e-10	456.1887311935425
147	-122.700584	80.35522	-17.31025	-384.54895	112.828575	-65.04039	0.00019505233	-65.03656	-65.040504	592000	-0.009400553	1781.7104	0.0	-0.27075195	1.3327483	-1.5348196e-09	459.29375100135803
148	-146.3551	80.65853	-0.022534112	-290.732	112.42857	-65.22255	0.00015960052	-65.220024	-65.22266	596000	-0.017518753	1630.9515	0.0	-47.84375	1.3315083	5.960465e-11	462.38960313796997
149	-151.57047	90.35566	8.448374	-330.2437	115.05882	-68.179405	0.0021415467	-68.118706	-68.179665	600000	-0.0052918005	2196.54	0.0	-36.82007	1.330248	1.7881394e-10	465.48731207847595
150	-143.52698	88.162926	-1.3161987	-390.07773	110.0	-70.886375	0.0004792054	-70.8761	-70.88651	604000	-0.012287857	2051.5344	0.0	-3.060791	1.3268794	-9.0897084e-10	468.59116220474243
151	-117.466995	82.137726	-0.37061623	-298.9719	147.51852	-70.67675	3.6073465	-33.437153	-71.753784	608000	-0.0058743493	2456.1646	0.0	-688.11084	1.3330008	-1.0281801e-09	472.30839109420776
152	-147.54407	76.67806	-22.605303	-306.72784	127.344826	-68.29367	8.338792	29.38191	-69.44489	612000	-0.0053913286	2628.6836	0.0	-268.14355	1.32917	-6.556511e-10	475.4921352863312
153	-143.78198	76.89257	-44.219067	-351.28986	111.28571	-63.034016	0.85462326	-61.810867	-68.22999	616000	-0.018043883	1829.7405	0.0	-78.871704	1.3241886	-8.642673e-10	478.6086120605469
154	-125.268715	69.37563	-33.121635	-355.8499	117.23529	-70.0112	0.013995426	-69.73347	-70.04672	620000	-0.022869604	1418.265	0.0	-74.57654	1.3307598	8.940697e-11	481.7375841140747
155	-120.14118	67.196075	-20.486185	-257.48398	114.117645	-64.794586	1.3624735	-43.37744	-68.113655	624000	-0.018519806	1535.2341	0.0	-32.785645	1.3258034	1.4901162e-11	484.94856214523315
156	-127.74969	88.20433	-9.384585	-385.78232	109.5	-64.488686	1.5204539	-63.042675	-67.40307	628000	-0.000114500166	2649.838	0.0	-55.498047	1.3258954	9.685754e-10	488.06655526161194
157	-116.89557	69.33818	5.2032886	-273.4981	113.34286	-64.14828	2.9999218	-60.699615	-69.11822	632000	-0.01175412	1616.207	0.0	-164.80359	1.3269054	3.322959e-09	491.20350527763367
158	-115.78909	84.60553	13.29556	-365.52634	113.08572	-56.200912	10.613622	-36.477654	-69.932785	636000	-0.008727152	2348.5627	0.0	-209.35278	1.3227234	-1.8179417e-09	494.32168221473694
159	-146.52063	100.23469	-33.715755	-463.8695	121.21875	-55.950016	8.049872	-23.2275	-71.7759	640000	-0.00034043836	2757.0732	0.0	-238.45508	1.3222682	1.937151e-10	497.44746804237366
160	-119.51326	74.213715	10.567088	-277.8161	114.79412	-62.404125	8.256873	-46.530685	-75.53763	644000	-0.00075283553	1727.9592	0.0	-128.18665	1.3272227	-2.2351743e-09	500.5581181049347
161	-129.31992	71.78045	-14.274077	-390.1343	114.82353	-62.33879	5.578948	-52.21787	-75.62498	648000	-0.003096976	1711.01	0.0	-98.16138	1.3199126	-1.3113022e-09	503.71575021743774
162	-97.52662	74.99578	34.512005	-294.7054	113.25714	-63.899242	7.3382826	-52.90952	-76.7941	652000	-0.0036630866	1576.9565	0.0	-130.51453	1.3280658	-1.1622906e-09	506.828134059906
163	-133.70122	73.8593	-8.848836	-345.20245	120.42424	-56.18806	7.9646063	-46.291576	-75.90921	656000	-0.008038057	1735.9677	0.0	-124.07849	1.325079	-1.937151e-10	509.9662582874298
164	-123.66336	71.19802	-32.252888	-344.9036	116.117645	-65.100075	6.7125254	-55.65234	-77.56711	660000	-0.007019628	1660.0087	0.0	-94.57495	1.3258225	1.1175871e-09	513.0777540206909
165	-139.68007	90.70145	-41.19911	-417.3386	114.97059	-62.99613	9.558013	-53.44892	-78.92158	664000	-0.007739006	2176.7664	0.0	-111.319824	1.3226844	5.9604643e-10	516.1649310588837
166	-115.69947	66.02002	-24.889029	-342.16724	105.51351	-66.95296	10.188039	-55.92227	-82.0261	668000	-0.027210094	1128.6781	0.0	-75.213135	1.3204944	-1.7881394e-10	519.2462100982666
167	-111.07571	70.00437	6.962116	-305.48276	107.91892	-63.504944	9.947681	-54.174046	-82.14525	672000	-0.021505319	1629.4576	0.0	-44.03296	1.3201919	6.109476e-10	522.3337190151215
168	-138.93507	89.491005	13.648193	-401.1602	116.5	-62.407906	9.55935	-54.98128	-81.996765	676000	-0.0028731548	2148.638	0.0	-159.88696	1.3148481	5.811453e-10	525.458820104599
169	-104.76528	80.32094	17.827814	-348.85895	113.88571	-68.07441	10.644997	-56.24124	-83.93918	680000	-0.015576016	1731.1576	0.0	-181.83923	1.3168726	-1.1175871e-09	528.5720729827881
170	-93.0598	60.98465	-7.295589	-257.53625	115.088234	-59.362736	9.099301	-52.654804	-81.91999	684000	-0.0015572178	1280.4607	0.0	-147.19568	1.321013	3.2782554e-10	531.6978952884674
171	-116.86198	65.043884	19.845995	-273.79587	120.51515	-54.472313	8.550848	-49.426586	-79.626	688000	-0.012927688	1395.6483	0.0	-168.2893	1.3190725	2.8312205e-10	534.8255438804626
172	-135.47644	87.33687	-33.47936	-420.5021	121.6875	-61.502117	11.950387	-47.698257	-78.78053	692000	-0.023519883	2213.5286	0.0	-139.01978	1.3175563	8.940697e-11	537.9811470508575
173	-129.08836	87.24684	2.1994379	-343.4384	119.969696	-65.1125	10.5252	-43.25598	-79.64331	696000	-0.01706026	1963.2981	0.0	-69.55676	1.3166648	-4.917383e-10	541.1159541606903
174	-133.24945	75.294464	-16.28476	-313.35016	120.57576	-65.125725	11.639621	-49.947147	-81.97749	700000	-0.006827451	1664.1777	0.0	-128.63025	1.3137512	8.3446505e-10	544.2432451248169
175	-119.744705	86.64605	-1.450648	-387.22693	115.94118	-65.01626	10.977248	-49.842644	-82.8006	704000	-0.0029003383	2079.848	0.0	-164.39893	1.3087373	-1.0877848e-09	547.3483021259308
176	-135.7527	81.65455	-0.41930643	-313.3604	130.0	-62.865257	11.788195	-6.188465	-82.28637	708000	0.0046277186	1392.1985	0.0	-250.52307	1.3123169	-6.705523e-10	550.4968619346619
177	-112.64016	74.71348	-14.053473	-293.93326	113.0	-65.04857	13.929022	-44.532036	-84.34505	712000	-0.004522808	1705.7065	0.0	-133.09216	1.3088758	1.1920929e-09	553.6087112426758
178	-114.47958	68.17927	-14.24908	-268.87006	119.878784	-56.917767	13.26744	-47.567184	-84.45387	716000	-0.017926373	1148.5764	0.0	-98.431885	1.3106943	5.5134297e-10	556.7839090824127
179	-126.911705	86.488846	-29.544352	-321.64716	131.6	-60.199093	14.727447	-45.740128	-83.52986	720000	-0.012429548	1362.4729	0.0	-113.875854	1.3125411	-3.874302e-10	559.9558410644531
180	-117.52777	93.03574	17.580067	-369.31097	126.48387	-59.138306	13.700616	-45.095085	-83.55386	724000	-0.021161247	1884.6124	0.0	-81.453735	1.3076804	-5.5134297e-10	563.1342051029205
181	-117.48474	60.385178	-12.041849	-249.2935	119.333336	-58.059666	13.622011	-45.050106	-84.24848	728000	-0.01983075	1066.1694	0.0	-186.82977	1.3096335	-7.4505804e-11	566.2717969417572
182	-120.3509	92.78803	4.958612	-366.96014	133.06667	-58.88518	15.642049	-44.905907	-84.77872	732000	-0.000105159525	1942.7739	0.0	-110.09143	1.3096861	1.0281801e-09	569.4548981189728
183	-146.59311	77.81472	-12.03389	-333.65073	120.818184	-60.835594	16.135233	-43.897606	-84.40182	736000	-0.0042461264	1944.6322	0.0	-277.66345	1.3087445	-3.1292438e-10	572.6042370796204
184	-139.88571	84.54131	-30.13841	-344.38144	120.878784	-64.161446	15.914713	-46.829586	-88.07406	740000	0.0005599892	1780.682	0.0	-206.74927	1.3047469	-1.5050173e-09	575.734237909317
185	-122.63505	80.30041	2.6883507	-363.02597	120.21212	-66.95107	16.51322	-47.384174	-89.81566	744000	-0.017786892	1568.6383	0.0	-107.5708	1.3102487	5.811453e-10	578.8532059192657
186	-81.784164	57.744873	-6.4962792	-338.46414	123.375	-59.8629	15.079333	-47.455055	-90.7401	748000	-0.035086706	1256.0991	0.0	-310.87482	1.3119807	4.917383e-10	581.9889571666718
187	-137.54626	90.927536	-29.808144	-376.4061	136.27586	-50.90982	14.874165	-43.39886	-87.58622	752000	-0.012349015	1797.229	0.0	-283.7256	1.3023201	4.4703483e-10	585.1933310031891
188	-132.81079	91.310776	8.986492	-323.71957	122.21875	-62.110294	18.352625	-44.64167	-89.434135	756000	-0.004095556	1876.6918	0.0	-238.38306	1.2984955	0.0	588.3323180675507
189	-115.951164	78.427086	9.215435	-369.8647	127.6129	-66.435104	17.372292	-45.062466	-90.37393	760000	-0.022215636	2156.0325	0.0	-413.69043	1.3051568	1.2367963e-09	591.4850521087646
190	-126.15769	64.66311	-27.7778	-294.39282	127.16129	-57.258095	17.150137	-36.86693	-89.57503	764000	-0.008248419	1069.8246	0.0	-150.07745	1.3013089	-1.4901161e-10	594.643049955368
191	-109.88776	70.830605	34.83011	-274.78708	123.8125	-55.418293	18.412876	-15.603234	-90.360146	768000	-0.02014716	1204.2113	0.0	-99.17981	1.3065087	-1.0728836e-09	597.7916390895844
192	-114.09264	71.760864	-10.25705	-291.4988	120.30303	-59.276867	20.335333	-33.482956	-91.8487	772000	-0.018056614	1281.7539	0.0	-136.30457	1.3013654	4.3213366e-10	600.9496030807495
193	-124.09793	69.34848	-54.144287	-343.72775	121.875	-57.110703	20.014015	-21.904913	-93.45717	776000	-0.03055613	1069.627	0.0	-189.10107	1.300984	-3.7252904e-10	604.0944938659668
194	-130.12317	79.502144	11.530908	-310.5751	171.78261	-68.280716	22.017302	-37.445724	-93.91289	780000	-0.010969042	2997.8667	0.0	-1528.0867	1.3065975	6.2584876e-10	608.0260899066925
195	-93.930984	65.711494	38.380344	-309.71936	115.94118	-58.674522	17.33917	-26.800238	-91.2025	784000	-0.016750095	1126.6292	0.0	-224.16254	1.3038349	1.5646219e-09	611.1571772098541
196	-105.63184	62.18303	39.544872	-259.66153	162.45833	-47.493393	19.564676	11.982116	-90.55344	788000	-0.018207394	1248.994	0.0	-265.43585	1.3084502	1.2367963e-09	615.4859662055969
197	-131.78238	73.84853	-41.286194	-390.71805	122.25	-52.55613	14.105521	-9.4914665	-89.994804	792000	-0.012987747	1824.2295	0.0	-590.671	1.2990577	-7.301569e-10	618.6390841007233
198	-110.39559	75.80167	-16.119862	-338.28635	123.65625	-58.607548	20.87919	-16.81882	-92.54611	796000	-0.018637257	934.30383	0.0	-149.453	1.294991	-1.3411046e-09	621.7808830738068
199	-94.32483	46.428013	7.834756	-181.3478	124.09375	-53.148056	20.646164	6.60376	-93.985596	800000	-0.025732188	614.8073	0.0	-118.525116	1.3022058	7.4505807e-10	624.9433159828186
200	-123.71768	78.86016	-18.278389	-329.40387	119.51515	-50.289948	20.27189	-4.512041	-93.230545	804000	-0.013577707	1681.4315	0.0	-330.1317	1.2925382	1.4901161e-09	628.1087260246277
201	-142.83249	84.89121	30.485544	-306.05725	125.22581	-64.397385	22.474638	-24.248123	-95.51293	808000	-0.017978732	1640.4468	0.0	-85.13635	1.2892562	-4.61936e-10	631.2685942649841
202	-132.59732	78.829315	-28.967014	-402.5398	135.51724	-62.830544	21.188828	-8.757929	-97.678345	812000	-0.0092306705	1247.0576	0.0	-271.97766	1.295126	-1.6391277e-10	634.4662692546844
203	-97.386375	75.270584	33.103428	-304.5156	120.15151	-58.728676	22.416662	-24.731615	-99.40065	816000	-0.023372753	1475.9558	0.0	-201.41504	1.2935604	-4.61936e-10	637.5952792167664
204	-106.557236	96.68459	79.41625	-366.8365	183.7619	-61.99148	26.931082	-24.289795	-99.478	820000	0.011147593	3393.1692	0.0	-1513.583	1.3009689	-2.0861626e-10	641.653578042984
205	-88.32211	54.520317	10.86179	-218.12129	124.96875	-41.39146	21.296051	-20.610617	-94.943016	824000	-0.022805117	587.3018	0.0	-102.23117	1.2937263	-1.0877848e-09	644.836373090744
206	-106.5297	94.43874	73.59337	-343.4457	170.52174	-40.401127	21.503952	22.292082	-94.026085	828000	-0.012197956	1597.0984	0.0	-451.77515	1.2992073	8.642673e-10	649.3069651126862
207	-128.0096	81.837654	7.786183	-388.0046	132.96666	-48.7583	24.895144	6.5347204	-96.24466	832000	-0.005394098	1864.9072	0.0	-512.0121	1.285955	2.9802324e-11	652.4986770153046
208	-138.52777	70.78179	-48.65237	-314.2348	131.0	-53.407642	19.908358	43.659576	-96.69893	836000	-0.014616978	1605.3375	0.0	-315.4214	1.2951065	1.3411044e-10	656.5125522613525
209	-127.174	81.560905	-16.813303	-366.595	129.83333	-59.36144	21.26784	2.5770915	-97.2333	840000	-0.028828684	1129.3007	0.0	-249.33154	1.2822481	-4.768372e-10	659.6757922172546
210	-117.526085	85.20638	-8.269696	-343.3775	123.74074	-57.022778	24.936867	-6.817724	-98.93458	844000	-0.007865913	1646.8053	0.0	-309.85767	1.2923826	2.2798776e-09	663.3185160160065
211	-80.621025	54.947502	-3.5289478	-228.56462	153.07692	-34.97539	22.226917	25.111725	-99.768974	848000	-0.0045698704	1219.7465	0.0	-585.35223	1.2926147	-7.748604e-10	667.5958790779114
212	-103.52265	75.489136	24.03122	-249.00833	130.13333	-40.056984	22.30808	5.614648	-99.11749	852000	-0.022984035	1110.6261	0.0	-269.0381	1.2816285	-1.1771918e-09	670.7873620986938
213	-124.11114	90.79888	-41.43732	-491.4909	131.93333	-54.243336	22.415817	-14.095074	-101.00981	856000	-0.008255511	1377.8802	0.0	-235.91333	1.2778933	-8.1956386e-10	673.9605402946472
214	-113.43196	73.489944	-20.76099	-308.99493	137.0	-59.998936	23.457094	-2.8316634	-102.66168	860000	-0.007077238	1148.7465	0.0	-210.75885	1.2825122	-8.791685e-10	677.1790158748627
215	-126.09068	67.903145	-19.078024	-301.0016	133.24138	-51.395977	23.872818	-17.054546	-102.79899	864000	-0.023669755	1021.1678	0.0	-141.64685	1.2813591	2.8312205e-10	680.3736660480499
216	-116.14539	67.28133	-13.166712	-348.24814	131.83333	-58.248158	22.522743	-2.0950189	-103.664215	868000	-0.02939965	1212.3066	0.0	-423.86975	1.2784848	-3.7252904e-10	683.5930109024048
217	-103.784706	88.19831	-3.3850875	-375.89175	163.25	-52.76233	22.298182	-21.074228	-103.49338	872000	-0.017856382	2658.6252	0.0	-897.4663	1.2877302	-1.3560056e-09	687.3183102607727
218	-141.6845	89.12988	-29.388744	-343.31155	128.70967	-56.314007	22.467546	-13.008203	-102.79418	876000	-0.0040383595	2006.7042	0.0	-636.4315	1.2703459	-1.013279e-09	690.4969720840454
219	-96.53152	88.856926	18.347755	-364.22397	159.12	-55.10648	21.434694	-17.10833	-106.12853	880000	0.0071649426	1952.8867	0.0	-419.93408	1.2862325	-1.5199184e-09	695.2289571762085
220	-102.831	66.32355	-30.521582	-261.0574	136.6207	-44.376633	21.245497	-13.670265	-106.87039	884000	-0.018845214	864.6416	0.0	-130.31976	1.2788848	1.4901161e-10	698.7876379489899
221	-114.2259	74.73789	-19.776268	-303.204	130.93333	-54.23011	24.328537	-18.69486	-107.51039	888000	-0.009172097	1202.9447	0.0	-258.65363	1.274633	-1.1771918e-09	702.1432912349701
222	-99.21894	62.51042	-31.576614	-291.03995	129.9	-50.835632	22.302002	-22.77117	-108.33328	892000	-0.033917252	657.4412	0.0	-221.48001	1.2736267	1.3262034e-09	705.3870251178741
223	-123.86451	104.06377	12.88743	-417.8244	134.2069	-52.83795	26.991379	-22.720211	-108.79252	896000	-2.49691e-05	1827.7386	0.0	-197.61597	1.2663006	-6.2584876e-10	708.595575094223
224	-103.24396	59.176624	-13.749504	-249.33461	134.55173	-59.639908	21.458164	-17.76317	-110.249794	900000	-0.029727358	892.4968	0.0	-189.30719	1.2770473	-1.5646219e-09	711.7805030345917
225	-84.8515	68.18798	8.911063	-275.3435	136.31035	-49.342552	19.529127	-23.296473	-109.26466	904000	-0.029124822	1115.195	0.0	-148.52795	1.2757534	3.2782554e-10	714.9868049621582
226	-89.69987	80.07186	35.791668	-330.96494	131.76666	-40.5221	20.04407	-15.963412	-108.36762	908000	-0.01562897	1029.6261	0.0	-248.19342	1.2780105	-5.811453e-10	718.1813960075378
227	-113.39614	65.4045	8.565254	-255.34879	202.36842	-47.35714	28.79081	-16.255058	-108.999054	912000	-0.026571425	1584.3527	0.0	-469.9309	1.2870483	-8.1956386e-10	722.3127670288086
228	-115.89506	75.08315	-14.168835	-333.00616	121.53333	-47.47448	22.084997	-18.440424	-108.619965	916000	-0.018027263	1740.9691	0.0	-176.07532	1.2655582	4.917383e-10	725.5499491691589
229	-108.756485	85.1862	5.0148835	-279.06198	138.82143	-53.305367	18.771786	-29.57396	-109.48848	920000	-0.02336993	1376.8425	0.0	-309.56262	1.2694311	-4.1723253e-10	728.8176262378693
230	-95.13241	57.20615	48.501427	-225.45302	165.79167	-48.09396	26.701141	-7.5844545	-109.91284	924000	-0.0067133326	1635.7638	0.0	-547.22095	1.280599	-6.556511e-10	733.2442259788513
231	-101.41285	73.34702	3.999038	-295.612	132.36667	-44.893005	17.850145	-7.988932	-109.14564	928000	-0.045812096	910.7317	0.0	-260.23395	1.2672799	-2.2351741e-10	736.5013570785522
232	-71.9953	55.50054	63.26308	-200.6332	135.93103	-43.924084	21.859303	-16.105469	-109.416885	932000	-0.040374503	849.62244	0.0	-240.71411	1.2729155	1.4901161e-10	739.6807250976562
233	-104.94638	70.74714	-5.3096414	-332.06357	131.8	-43.247944	22.898531	-12.645836	-106.77421	936000	-0.022731002	1334.8938	0.0	-418.63928	1.2659537	1.1324882e-09	742.8760750293732
234	-101.257195	65.46476	-9.900276	-273.3301	136.06897	-48.15947	24.327587	-5.6607823	-110.45126	940000	-0.034280777	1052.3147	0.0	-155.53015	1.2705287	5.960465e-11	746.0985100269318
235	-113.407684	89.299965	24.472752	-376.1361	145.03703	-50.241745	20.241468	-8.287095	-110.9759	944000	-0.012409897	1787.4496	0.0	-319.81323	1.2619172	-5.811453e-10	749.3224520683289
236	-106.93404	73.04518	7.295692	-336.88245	158.0	-53.07278	25.318926	-8.801638	-111.1775	948000	-0.027027247	1357.4156	0.0	-280.61145	1.2748319	1.8775463e-09	752.8411281108856
237	-95.12388	61.090973	-8.337153	-280.81357	159.84	-47.38846	25.423552	1.2812259	-111.21823	952000	-0.030380776	947.20935	0.0	-303.73108	1.2767601	9.23872e-10	756.0832271575928
238	-117.38919	75.47649	-8.649205	-314.24896	134.68965	-41.305733	21.70856	9.232949	-106.46903	956000	-0.014331581	1447.4972	0.0	-396.59558	1.2584459	9.685754e-10	759.2574651241302
239	-116.17133	79.60941	12.160408	-293.1274	145.96297	-58.408344	24.1706	-7.785348	-111.604164	960000	-0.014253342	1886.0741	0.0	-517.41077	1.26217	-8.940697e-11	762.5713450908661
240	-120.86977	85.53418	30.03071	-248.61401	135.91304	-54.266983	28.676212	-2.5067275	-115.34655	964000	-0.0010503103	2148.3027	0.0	-978.16943	1.2660125	-3.2782554e-10	766.5428631305695
241	-101.05179	74.0633	36.59819	-296.04697	146.76923	-38.88206	24.919744	5.583107	-116.68063	968000	-0.013929218	2172.9436	0.0	-709.26965	1.2664421	-2.0861626e-10	769.8295321464539
242	-102.44732	93.44629	67.700806	-327.4418	138.17857	-52.367554	27.972565	6.7583003	-117.28252	972000	-0.026448332	1752.1854	0.0	-398.4839	1.259833	-1.6391277e-10	773.0850532054901
243	-93.069176	78.112686	16.894402	-333.72113	132.55173	-45.976124	31.004295	-0.2797897	-117.133	976000	-0.014021864	1851.9785	0.0	-437.53125	1.2592192	1.2814999e-09	776.37890625
244	-103.92436	94.74377	-12.8496275	-483.81918	158.52	-51.72074	28.905272	7.6188383	-116.989914	980000	-0.010648195	3285.738	0.0	-1476.7251	1.2605958	-9.0897084e-10	780.739443063736
245	-83.29302	55.167133	4.408421	-238.01122	137.72414	-46.588165	23.54779	9.146938	-116.011086	984000	-0.060698844	1139.74	0.0	-385.36523	1.2598261	-8.940697e-11	783.9580030441284
246	-99.594406	78.96922	6.6334248	-330.26703	139.71428	-40.5527	20.77632	-9.844947	-113.540855	988000	-0.02926069	1201.4744	0.0	-175.70435	1.2568383	-7.599592e-10	787.1702570915222
247	-90.56418	53.183186	-7.2666	-218.54141	141.77777	-43.943493	23.949965	4.5205393	-118.9967	992000	-0.047769845	1144.3562	0.0	-505.16248	1.2592056	1.2665987e-09	790.488352060318
248	-105.825714	82.59187	-0.5506819	-346.03345	132.46666	-42.241936	25.144758	-12.585592	-117.20552	996000	-0.023009108	1299.7936	0.0	-322.21423	1.2536628	-1.5795231e-09	793.6736221313477
249	-68.300995	65.06641	16.044676	-279.19193	143.14815	-48.731518	23.73504	-12.065524	-122.16272	1000000	-0.028593784	1275.317	0.0	-425.8971	1.2607034	1.4007091e-09	796.9210171699524
250	-88.73553	66.06064	2.2965684	-217.34743	235.05882	-46.336906	24.953403	-8.560361	-121.74675	1004000	-0.009705125	2223.3738	0.0	-932.6885	1.273697	-1.2069941e-09	802.3234601020813
251	-101.742836	80.11416	16.249676	-292.3163	143.62962	-34.820473	23.293674	21.767208	-118.34489	1008000	-0.026723178	1560.6136	0.0	-612.19885	1.2518711	2.9802324e-11	805.5451531410217
252	-86.25057	62.219143	-9.215272	-303.04495	136.75862	-41.798103	26.40267	-8.535354	-122.11602	1012000	-0.036340903	615.8191	0.0	-81.00995	1.2498329	1.6093255e-09	808.7594521045685
253	-93.543	102.87768	0.24728657	-453.0289	138.6923	-40.82736	26.39164	-8.685389	-121.60994	1016000	-0.026280558	1839.9589	0.0	-387.74768	1.2543696	1.013279e-09	812.0879123210907
254	-59.947044	32.17726	-9.888562	-130.61856	177.18182	-39.188698	22.41236	-4.5262995	-113.13552	1020000	-0.008370782	1107.6823	0.0	-574.83234	1.2614999	2.384186e-10	816.1933190822601
255	-84.57192	73.04297	-8.483346	-245.08861	159.28	-29.559187	22.434454	5.9768457	-114.695786	1024000	-0.026617538	929.7418	0.0	-268.0003	1.260329	1.3113022e-09	819.5150699615479
256	-71.21012	68.42662	-5.810605	-278.96725	159.56	-28.329859	22.765356	5.351048	-123.064354	1028000	-0.027091227	1419.3695	0.0	-351.7688	1.2575847	-4.4703484e-11	823.4535222053528
257	-85.08857	73.57337	20.004602	-279.60254	135.6207	-33.957226	29.091211	7.2937107	-123.70617	1032000	-0.034217205	1426.2568	0.0	-376.4464	1.2459819	-2.8312205e-10	826.6697552204132
258	-75.86685	56.663395	9.01771	-242.73174	145.11111	-43.455616	25.18998	-4.6311126	-123.5052	1036000	-0.029780822	1011.98535	0.0	-379.43793	1.2544606	1.2665987e-09	829.942291021347
259	-74.319466	58.54737	40.914024	-216.62657	142.76	-32.84636	22.067896	-1.3394451	-123.0756	1040000	-0.03316205	1297.7362	0.0	-226.12341	1.2539611	9.685754e-10	833.3316662311554
260	-77.397675	70.16413	25.792841	-238.12659	150.46153	-31.0678	21.32943	20.49255	-121.55119	1044000	-0.043889187	959.2705	0.0	-385.27094	1.2533814	-1.3411046e-09	836.7052221298218
261	-69.75768	66.8404	27.715254	-249.84975	131.1	-35.923576	26.362177	7.6467714	-124.1491	1048000	-0.017482705	824.80273	0.0	-201.59326	1.2499098	2.8759242e-09	839.9166052341461
262	-85.25961	72.744156	36.956554	-269.58627	158.52	-37.58522	27.556957	1.6574082	-124.58057	1052000	-0.03605811	1551.3959	0.0	-237.75183	1.2466791	1.3411044e-10	843.5552282333374
263	-63.203903	58.793995	25.92988	-253.02626	117.454544	-42.018173	28.014748	1.3318844	-124.39613	1056000	-0.04635891	768.25916	0.0	-203.8219	1.2321064	-1.8924475e-09	846.7439680099487
264	-70.83101	44.890068	31.916721	-202.30023	130.46666	-34.749893	23.886997	7.9564977	-123.8352	1060000	-0.04149048	625.42017	0.0	-88.08069	1.2390641	-6.556511e-10	849.9431228637695
265	-69.56339	77.1546	6.489504	-327.51486	187.61905	-35.85318	22.372147	5.542681	-122.079704	1064000	-0.011033292	1492.5574	0.0	-371.1057	1.2518227	-1.3113022e-09	853.5898501873016
266	-57.907867	47.099182	49.54607	-160.40457	162.95833	-28.797365	22.623133	18.005192	-123.57614	1068000	-0.027863437	1313.1748	0.0	-619.3522	1.2487711	1.2814999e-09	857.8676021099091
267	-90.754814	69.02343	12.00365	-298.21317	158.84	-29.65729	20.884602	28.408806	-121.03453	1072000	-0.037328932	1150.2816	0.0	-339.11755	1.248613	-4.61936e-10	861.1553640365601
268	-82.60081	100.11676	50.28372	-430.21274	141.85715	-38.464466	21.603508	-1.3807609	-123.13801	1076000	-0.008750486	2125.3772	0.0	-474.98767	1.2316848	-1.013279e-09	864.4187760353088
269	-60.672604	61.945366	-0.6577009	-248.65607	257.0	-37.88099	22.137028	0.508487	-127.40066	1080000	-0.0064278375	1776.5723	0.0	-747.28296	1.2537471	-2.1308662e-09	869.9075078964233
270	-86.32589	65.61034	9.90332	-310.80307	138.0	-24.054773	25.495108	10.700712	-127.436325	1084000	-0.02341098	1626.5293	0.0	-868.2419	1.2279962	-2.3841857e-09	873.1620121002197
271	-80.52581	72.08494	40.586067	-264.92276	158.28	-42.89436	30.349297	-1.6059144	-128.08354	1088000	-0.05331407	1344.239	0.0	-386.8764	1.233423	-1.2069941e-09	876.4626841545105
272	-65.06846	60.643127	4.80443	-233.8701	187.2381	-31.681585	22.435272	1.7278464	-117.542145	1092000	-0.0071098367	1121.6365	0.0	-260.12854	1.2380598	-1.4901162e-11	880.7025980949402
273	-61.281147	45.973785	9.654575	-157.82166	165.375	-28.682806	22.975256	3.9872015	-123.3703	1096000	-0.050524242	1056.92	0.0	-332.82953	1.2310373	-1.6838312e-09	884.2500140666962
274	-46.27196	42.295677	38.187748	-155.9095	140.47826	-22.348753	20.100834	6.984455	-105.15582	1100000	-0.043314125	773.8279	0.0	-281.59494	1.2326467	-1.4901161e-10	888.1036028862
275	-86.59997	63.739265	-4.460967	-262.1575	145.40741	-23.914375	23.83392	12.642066	-114.74189	1104000	-0.037440933	1170.6844	0.0	-423.23218	1.2182778	1.4007091e-09	891.3702390193939
276	-78.93995	56.936516	-7.9191284	-259.5535	164.47368	-34.44835	23.199919	-3.2599003	-128.50574	1108000	-0.05248751	698.6009	0.0	-168.43127	1.2365841	2.2798776e-09	895.5681281089783
277	-74.95317	57.54426	21.754372	-222.96873	154.84	-31.228745	26.0381	6.888095	-126.78691	1112000	-0.021675672	576.4878	0.0	-122.2811	1.2174687	4.1723253e-10	898.8581612110138
278	-87.59462	75.239296	21.581457	-265.551	186.5238	-34.11832	22.246674	7.175455	-126.04522	1116000	-0.014974448	1405.0016	0.0	-524.15826	1.2173665	1.1175871e-09	903.4079542160034
279	-78.21972	94.95073	41.54947	-276.40704	149.07692	-31.219112	27.968992	32.728466	-127.4278	1120000	-0.042462453	1521.1007	0.0	-421.36523	1.2082939	-2.6524067e-09	906.7014760971069
280	-57.812954	62.610645	6.2179527	-236.29666	185.5238	-34.097458	23.443367	7.351996	-132.77444	1124000	-0.02461372	1019.6964	0.0	-366.5652	1.2207494	-1.6093255e-09	911.1938621997833
281	-68.84319	65.68344	3.8383706	-247.7459	187.7619	-27.568205	28.094393	11.746381	-131.8815	1128000	-0.035684083	1124.1848	0.0	-298.90387	1.2243532	-1.475215e-09	915.7141411304474
282	-61.644417	69.25601	43.221455	-239.19708	146.53847	-33.124966	25.459146	7.508504	-131.42583	1132000	-0.040820453	1000.30035	0.0	-390.4298	1.2026968	-8.493662e-10	918.9956810474396
283	-83.49812	67.62584	-8.939628	-286.767	160.60869	-32.841896	30.83115	19.037216	-132.17513	1136000	-0.024860052	1187.822	0.0	-440.76782	1.2138126	-1.6391277e-10	922.3975851535797
284	-79.10344	74.2841	68.52053	-232.6737	182.80952	-31.922733	28.68322	10.533122	-132.23303	1140000	-0.030157967	1020.4301	0.0	-219.28424	1.226527	7.301569e-10	925.9605550765991
285	-81.8697	67.97051	-1.9804702	-247.22098	172.47368	-28.475037	25.412367	26.18952	-131.8116	1144000	-0.03450953	1113.1185	0.0	-291.924	1.2191043	4.3213366e-10	929.7287201881409
286	-80.02629	61.357685	14.806208	-206.81511	179.27272	-35.403572	27.142101	22.824955	-133.21771	1148000	-0.026234059	1203.327	0.0	-491.74902	1.2186207	1.5795231e-09	933.3641641139984
287	-70.81908	47.996773	2.7684157	-183.42395	145.33333	-32.10355	27.0156	10.006385	-131.36873	1152000	-0.05976107	761.7376	0.0	-219.94043	1.2015905	1.5795231e-09	936.6682941913605
288	-56.553333	62.906734	12.995615	-246.38438	169.04347	-34.305466	23.227352	16.704441	-131.70721	1156000	-0.052130427	1078.8499	0.0	-359.64465	1.2064973	-1.5646219e-09	940.0947918891907
289	-50.733532	34.425022	38.6098	-105.41724	185.42857	-22.014273	25.868708	26.125307	-130.11906	1160000	-0.035658594	681.11536	0.0	-120.9574	1.2147524	4.4703484e-11	943.9973731040955
290	-54.32589	58.601902	23.271303	-209.44196	158.64	-19.700747	22.448986	17.915169	-122.78969	1164000	-0.051183086	629.3473	0.0	-201.01639	1.2057128	-1.0430813e-10	947.3541569709778
291	-76.90127	72.773674	39.554497	-224.06474	163.95833	-31.252375	27.434748	18.097034	-126.09585	1168000	-0.034051146	1207.8235	0.0	-245.91187	1.1998953	-9.0897084e-10	950.7455971240997
292	-78.73231	51.894653	9.12485	-180.40291	301.6154	-42.089413	23.231943	20.666933	-116.8643	1172000	-0.02211369	1714.7294	0.0	-729.68384	1.2249151	1.9371509e-09	956.1968162059784
293	-66.62363	66.74668	11.622731	-291.09283	155.2	-21.157684	23.558775	37.322136	-112.489845	1176000	-0.027921135	934.69305	0.0	-291.50732	1.2013836	-7.8976153e-10	959.5260741710663
294	-53.939426	62.417385	60.908833	-204.08481	208.47368	-27.046768	22.65798	16.12813	-122.79045	1180000	-0.019560533	1147.4728	0.0	-354.52594	1.2100016	1.7881394e-10	964.1081919670105
295	-86.753426	68.87793	-15.061637	-243.21042	170.78947	-22.167692	27.377893	24.023144	-126.06997	1184000	-0.029695313	851.3124	0.0	-298.0274	1.2027851	-8.3446505e-10	967.9771399497986
296	-59.295956	81.38475	51.09058	-208.78708	206.36842	-28.658655	23.805288	15.540385	-134.1954	1188000	-0.030070907	1054.2334	0.0	-425.1961	1.2045643	-1.7732382e-09	972.341639995575
297	-93.289795	84.530716	-1.0626205	-284.29858	248.0	-24.160896	23.745075	12.754653	-133.51717	1192000	-0.029509446	1891.3528	0.0	-480.5525	1.2053908	1.6242265e-09	977.24649310112
298	-45.267105	62.29135	50.605953	-209.7834	171.78261	-25.814856	28.987406	20.886347	-136.65405	1196000	-0.0617198	1380.353	0.0	-548.617	1.1915718	-4.4703483e-10	980.6487221717834
299	-74.96881	72.936584	14.959221	-217.74939	226.11765	-28.25112	27.30865	63.163666	-127.8028	1200000	-0.020430425	1531.4644	0.0	-550.24304	1.2108352	-3.427267e-10	985.0565812587738
300	-86.93612	60.89929	-3.5196557	-241.09225	177.09091	-20.41062	29.946573	31.943235	-121.85839	1204000	-0.038541093	804.6731	0.0	-396.01514	1.1908046	1.5497208e-09	988.4566910266876
301	-63.622578	50.256023	2.260521	-188.2532	197.75	-37.15873	25.658085	24.436974	-130.57361	1208000	-0.019449363	976.97327	0.0	-413.18793	1.1966914	-2.2649764e-09	992.5534040927887
302	-67.20853	66.19609	7.586496	-228.24124	161.45833	-24.649055	22.650936	14.720855	-130.33049	1212000	-0.048753306	874.7022	0.0	-376.5993	1.189701	-4.1723253e-10	995.9895040988922
303	-55.56384	51.41738	30.079914	-187.27277	157.6	-31.113398	29.735508	12.925444	-135.03442	1216000	-0.054650605	472.5737	0.0	-99.225525	1.1816578	-7.748604e-10	999.2908790111542
304	-53.077774	46.838543	25.711407	-151.6252	195.05882	-35.683804	31.92464	17.379374	-128.38039	1220000	-0.024904156	1142.821	0.0	-604.81067	1.2104882	9.983778e-10	1003.4930329322815
305	-34.909958	32.356003	47.740406	-89.6318	199.5	-20.8462	18.820803	15.281533	-117.16996	1224000	-0.032100886	617.4645	0.0	-152.37656	1.1995345	-7.599592e-10	1007.8104901313782
306	-66.15009	64.603	26.761106	-237.02887	218.16667	-16.759748	19.264156	26.315306	-119.384964	1228000	-0.036713764	1048.4174	0.0	-338.16583	1.195313	-1.0430813e-10	1012.0972232818604
307	-61.065193	65.32036	35.628105	-198.903	229.76471	-23.295605	21.512558	18.521578	-131.6793	1232000	-0.03490642	781.144	0.0	-157.15912	1.1918364	4.3213366e-10	1016.6844983100891
308	-57.715324	67.91727	43.152	-265.50424	224.0625	-24.528805	24.349363	23.300781	-128.57002	1236000	-0.036843456	916.5607	0.0	-313.18915	1.197219	-4.4703483e-10	1021.4761300086975
309	-59.69145	94.279594	43.555454	-253.37428	248.53334	-23.179852	24.055637	16.996098	-123.29544	1240000	0.003054005	2088.5146	0.0	-526.27747	1.1934092	3.1292438e-09	1025.7395389080048
310	-65.11811	93.71013	16.276215	-337.50735	234.05882	-19.72998	25.468328	19.851965	-128.85608	1244000	-0.03432824	1186.0593	0.0	-260.6261	1.1875867	7.0035455e-10	1030.1629419326782
311	-32.608143	31.908113	40.75805	-73.92379	198.64706	-19.44466	23.959766	24.079832	-129.74532	1248000	-0.031152938	967.6467	0.0	-308.0299	1.1992322	-8.3446505e-10	1034.1447060108185
312	-51.829502	65.95649	9.9601965	-216.24284	312.83334	-18.597101	19.977215	15.628996	-121.3845	1252000	-0.023313377	1015.4151	0.0	-289.21313	1.2101796	4.3213366e-10	1039.722685098648
313	-48.87952	57.88947	41.398125	-193.22911	202.3158	-11.541853	25.169832	40.36685	-129.25461	1256000	-0.0058153477	757.51495	0.0	-269.9474	1.188399	5.2154064e-10	1043.957757949829
314	-53.280712	42.555824	26.958923	-150.35231	170.86957	-15.968235	31.9482	39.543434	-122.4579	1260000	-0.052496277	637.2698	0.0	-271.8268	1.1737343	-1.296401e-09	1047.3759670257568
315	-81.766235	95.283676	15.871677	-343.21863	300.92307	-23.673174	22.559538	33.67514	-135.96355	1264000	-0.014370173	1599.1183	0.0	-447.39734	1.1942315	-2.0861626e-10	1052.558449268341
316	-38.15155	56.481472	40.716537	-183.94188	207.42105	-20.992662	25.722095	33.961475	-123.46948	1268000	-0.040555313	1122.0503	0.0	-306.97668	1.17951	1.8179417e-09	1056.859001159668
317	-45.84291	70.57791	62.39803	-175.78012	326.18182	-22.032524	20.877682	29.978931	-124.561935	1272000	-0.04536136	1113.281	0.0	-380.16113	1.1984009	-6.705523e-10	1063.2386438846588
318	-74.27051	85.58761	14.696949	-306.2015	258.8	-7.738431	26.578718	40.083466	-122.64952	1276000	-0.008827534	2526.021	0.0	-953.2223	1.1816486	-1.2069941e-09	1068.0142440795898
319	-87.04588	71.84009	1.9717176	-260.85092	230.35294	-22.194767	22.333338	41.617863	-123.491615	1280000	-0.018152699	874.56586	0.0	-291.3051	1.1894779	-1.9818545e-09	1072.2131791114807
320	-84.613815	76.513214	27.389477	-283.77332	240.625	-32.66564	27.664442	31.048378	-131.55519	1284000	-0.003915497	950.20667	0.0	-289.83673	1.1908739	9.536744e-10	1077.0013220310211
321	-51.361706	64.96436	38.555847	-188.30742	241.3125	-26.56066	23.67144	23.029518	-133.14203	1288000	-0.03353536	1081.9622	0.0	-416.02344	1.1902163	1.6689301e-09	1081.5897891521454
322	-57.599575	68.349236	34.169598	-243.5588	220.11111	-16.749828	24.360907	38.9045	-119.92087	1292000	-0.031354707	1228.9681	0.0	-528.0745	1.1815027	-2.5331975e-10	1085.4065790176392
323	-53.166836	62.714413	46.24397	-185.50417	223.17647	-19.36237	25.332405	54.80485	-128.63237	1296000	-0.022112802	1073.621	0.0	-417.28094	1.1798259	-9.983778e-10	1089.7628421783447
324	-105.28303	108.250626	51.9743	-280.95975	230.23529	-24.05105	31.96163	45.25845	-132.93056	1300000	0.004994483	1664.9303	0.0	-832.1038	1.1749289	-6.556511e-10	1093.6621623039246
325	-44.122124	59.06112	57.63587	-174.13603	218.16667	-30.620766	32.931793	22.961628	-133.95906	1304000	-0.049201034	1206.7208	0.0	-501.0116	1.1729553	-6.556511e-10	1097.7360949516296
326	-28.028065	34.075466	16.785448	-110.064156	231.1875	-16.09177	22.705433	36.91002	-108.36631	1308000	-0.0062596016	738.32275	0.0	-221.80115	1.1878002	-4.917383e-10	1102.233206987381
327	-58.727436	76.30395	45.47876	-229.92679	229.52942	-22.269838	29.360102	38.603825	-124.54156	1312000	-0.010502041	1455.6158	0.0	-524.3256	1.1763774	-7.0035455e-10	1106.8956322669983
328	-75.67257	79.77096	33.299232	-234.64285	324.36365	-31.117262	24.957022	33.964806	-126.01682	1316000	-0.012225326	1603.8455	0.0	-741.26697	1.1882944	-1.7881394e-10	1112.3600130081177
329	-58.884937	104.6394	67.212814	-318.225	323.08334	-20.845848	27.608969	44.532444	-126.77605	1320000	-0.015092152	2079.3816	0.0	-647.4901	1.1869346	5.960465e-11	1117.6842050552368
330	-61.697067	64.06116	15.2454605	-206.42947	236.0	-19.733845	21.157982	34.729973	-118.92445	1324000	-0.0075670397	791.74524	0.0	-223.80634	1.1839786	-1.0877848e-09	1122.8869271278381
331	-33.08475	65.30939	49.34974	-247.14777	179.54546	-17.738205	26.532253	26.506094	-133.99884	1328000	-0.042724807	753.02423	0.0	-273.95105	1.1664953	1.0877848e-09	1126.3951082229614
332	-36.2316	48.96982	27.973892	-154.4724	283.57144	-23.068676	25.862688	23.473253	-139.01038	1332000	-0.009173289	831.68475	0.0	-288.5625	1.1878649	1.6540289e-09	1131.3012962341309
333	-51.944023	58.441486	31.998491	-217.47972	259.73334	-15.738465	21.819086	22.494547	-130.85677	1336000	-0.030007428	806.3065	0.0	-290.85236	1.1899514	-2.5331975e-10	1135.6372029781342
334	-101.24847	75.32809	-2.0797064	-220.15411	278.75	-23.600906	30.714598	51.99112	-129.56107	1340000	-0.025236031	1454.4768	0.0	-524.2759	1.1897268	6.2584876e-10	1141.0762979984283
335	-42.69913	42.69802	30.962118	-156.09982	242.06667	-19.570328	23.269285	40.021282	-127.42717	1344000	-0.054809853	908.1091	0.0	-381.20282	1.1841662	-4.768372e-10	1145.6312639713287
336	-19.152359	41.163364	35.209938	-136.31186	198.9	-11.093435	27.772234	38.077293	-124.131485	1348000	-0.04689663	575.60706	0.0	-157.96643	1.1703256	1.7881394e-10	1150.0617380142212
337	-40.952972	39.11779	48.827328	-100.85641	240.8125	-10.84033	23.492329	37.538532	-122.28533	1352000	-0.035039343	449.49844	0.0	-195.68248	1.1806197	5.662441e-10	1154.663027048111
338	-25.663004	29.555445	54.754032	-73.49523	208.36842	-14.7808695	24.015673	33.0616	-133.51845	1356000	-0.04413096	573.7775	0.0	-171.69879	1.1746104	-5.9604643e-10	1159.0008618831635
339	-43.69734	48.58708	11.674952	-164.16438	199.2	-13.269082	22.664865	37.0537	-120.01919	1360000	-0.036352098	648.9638	0.0	-171.74387	1.1664824	1.6391277e-09	1163.39519405365
340	-27.724844	47.436176	48.36748	-114.365715	283.2143	-16.962282	19.84673	36.243896	-123.87532	1364000	-0.046160582	589.0106	0.0	-160.35681	1.1946232	3.1888485e-09	1168.8558719158173
341	-57.49162	83.75468	50.879898	-186.75046	230.78572	-10.328907	26.17675	49.008984	-120.39673	1368000	-0.029386286	1396.074	0.0	-621.35345	1.1850935	4.917383e-10	1173.524274110794
342	-51.448036	67.27594	14.637182	-231.63333	230.0	-23.40713	28.438505	29.817347	-133.71518	1372000	-0.014438781	798.0778	0.0	-254.82196	1.1719714	1.5050173e-09	1177.8163902759552
343	-44.241123	59.456326	15.240922	-197.17946	217.93333	-17.361473	24.841686	28.353811	-139.70702	1376000	-0.02582386	825.40686	0.0	-247.02948	1.1783798	7.8976153e-10	1182.7848830223083
344	-89.30537	102.32707	38.951427	-353.67664	224.94118	-22.849348	31.7851	42.164177	-141.20078	1380000	-0.05312761	2113.057	0.0	-1020.3884	1.1632117	9.0897084e-10	1186.8897640705109
345	-30.43634	37.083958	47.91119	-83.87353	203.89473	-30.918375	32.23856	31.94934	-129.37491	1384000	-0.037280962	1200.7754	0.0	-719.0137	1.1723663	-7.4505807e-10	1191.304141998291
346	-57.731197	53.328976	42.8927	-158.1207	306.3846	-18.289722	22.087368	33.50723	-139.14313	1388000	-0.01950272	878.6666	0.0	-366.2719	1.1849525	-8.1956386e-10	1196.6555969715118
347	-125.15575	95.25145	-56.436653	-311.90192	719.2	-23.016504	18.119068	23.134718	-134.22844	1392000	-0.023378635	1446.9834	0.0	-797.9555	1.2065629	-3.7252904e-10	1203.8172342777252
348	-47.92811	40.19805	-0.15288189	-145.07741	251.46666	6.8327174	30.70642	54.317005	-131.44804	1396000	0.008491338	1609.5569	0.0	-1055.0505	1.1769499	-7.301569e-10	1208.798749923706
349	-73.07238	82.10001	23.025066	-270.7808	230.05882	-19.745184	28.614399	27.968737	-138.23036	1400000	-0.023646375	1265.5095	0.0	-357.20703	1.1626227	1.0877848e-09	1213.062518119812
350	-12.769605	27.366112	14.4458065	-83.91952	328.9	-30.55183	22.339493	16.032116	-122.74867	1404000	-0.0074451496	889.79517	0.0	-500.79764	1.1874932	1.5497208e-09	1219.111405134201
351	-24.386572	50.926266	47.244244	-135.2596	319.18182	-13.995281	24.937769	33.64391	-140.24307	1408000	-0.008236571	661.4876	0.0	-119.33917	1.1805772	7.8976153e-10	1225.0267820358276
352	-56.784504	84.53313	58.55538	-241.28111	239.125	-9.17788	27.503191	36.651005	-139.6438	1412000	-0.017686898	1146.2188	0.0	-409.61047	1.157637	2.6226044e-09	1229.3153929710388
353	-63.618774	92.67614	32.110435	-277.60474	285.6154	-21.114855	29.773764	30.55571	-123.06208	1416000	-0.015089504	1378.9741	0.0	-385.30176	1.1613823	-1.4901162e-11	1234.5206270217896
354	-35.829918	44.471733	33.77594	-136.1279	231.70589	-13.470424	26.753502	42.66017	-130.06554	1420000	-0.031344075	823.324	0.0	-267.0208	1.1732196	7.8976153e-10	1239.3106110095978
355	13.47158	29.040775	83.41033	-15.094991	334.0	-15.503177	18.087894	23.014172	-117.53618	1424000	-0.027333297	933.69135	0.0	-441.98715	1.1902453	1.1622906e-09	1246.131698846817
356	-41.910767	45.711483	46.606403	-93.616035	295.0	-4.7314634	24.283373	43.95013	-121.38004	1428000	-0.028379947	997.82	0.0	-434.65558	1.1871359	-6.556511e-10	1251.1038451194763
357	-26.527502	36.589943	24.67308	-114.57544	172.73914	-0.8668164	27.583544	47.451546	-123.05893	1432000	-0.036052108	718.6596	0.0	-492.0204	1.1520851	1.6987324e-09	1254.4905490875244
358	-24.618605	44.430824	35.25719	-135.93121	237.5	-24.945984	28.804493	33.05682	-118.13707	1436000	-0.026148265	900.1209	0.0	-407.34866	1.176091	-2.8312205e-10	1259.195592880249
359	-70.225746	82.0605	16.51685	-247.13615	270.16666	-17.025867	27.065876	44.35937	-117.19928	1440000	-0.016491681	931.8536	0.0	-247.6214	1.1880876	-5.9604643e-10	1264.2950921058655
360	-95.387856	120.255745	25.060713	-329.40042	561.5	-25.000402	26.664597	49.139572	-126.94528	1444000	-0.004192503	1278.4358	0.0	-480.1983	1.2079746	8.1956386e-10	1271.4742600917816
361	-45.130524	41.428963	21.542637	-111.14798	376.22223	-13.359717	31.865232	57.14961	-128.65309	1448000	-0.0012855645	1003.8241	0.0	-558.4298	1.1885775	1.6391277e-10	1277.6137962341309
362	-42.537766	68.52043	27.743877	-206.14127	256.13333	-12.111408	24.18771	28.359257	-125.44818	1452000	-0.023070892	1320.5852	0.0	-471.75488	1.1657287	1.475215e-09	1282.2999589443207
363	-87.29934	94.5598	15.878566	-292.47845	498.375	-25.215067	28.620453	39.17335	-127.36791	1456000	-0.015330427	974.07776	0.0	-304.8819	1.1855825	1.3262034e-09	1288.578912973404
364	-67.15361	114.47079	9.334923	-392.78732	338.6	-16.305008	22.322094	54.457916	-127.59399	1460000	-0.006563447	1568.267	0.0	-796.4616	1.1817113	5.960465e-11	1294.1297860145569
365	-26.59987	31.797388	33.51664	-95.415344	317.08334	-17.642958	36.499138	43.398346	-136.17596	1464000	-0.025709514	1530.1066	0.0	-951.1511	1.1823306	8.791685e-10	1299.8284611701965
366	-16.559309	44.220287	39.38612	-86.76532	361.81818	-12.747688	24.997597	40.927265	-100.71797	1468000	-0.0030476605	468.32156	0.0	-124.851654	1.1904966	-1.4454127e-09	1305.1213290691376
367	-40.99511	57.73562	19.427011	-172.53925	260.16666	-8.551818	24.336954	39.22341	-114.78885	1472000	-0.011170696	682.52344	0.0	-259.94803	1.1859372	3.1292438e-10	1310.5194742679596
368	-32.541225	57.713314	57.93558	-173.45923	232.57143	-12.558901	24.292654	39.185387	-128.77928	1476000	-0.047595296	654.2454	0.0	-148.69394	1.1723902	2.3841857e-09	1314.9677209854126
369	-30.8759	56.191944	24.817053	-178.9949	365.2	-15.069172	19.495733	47.25399	-111.296486	1480000	-0.015212522	725.0184	0.0	-244.36581	1.1847781	9.23872e-10	1320.800303220749
370	-31.795122	55.743885	34.65084	-191.18915	326.66666	-13.60637	24.947617	46.75888	-101.92203	1484000	-0.034638245	580.91693	0.0	-289.85242	1.183366	-1.0430813e-10	1326.0528531074524
371	-28.366447	36.113483	39.21977	-92.51891	213.25	-2.7881265	27.101347	72.79188	-94.89827	1488000	0.0007298825	788.7897	0.0	-273.24463	1.1676826	8.940697e-11	1330.7723619937897
372	-51.010696	59.005604	39.242	-167.41719	179.54546	-9.80521	28.732862	44.05027	-129.61078	1492000	-0.025032453	1064.7572	0.0	-569.16064	1.1439646	-1.4454127e-09	1334.1835560798645
373	-57.727116	85.85973	27.177103	-283.20383	221.14285	-26.55218	29.216654	32.406353	-125.11724	1496000	-0.039063405	1014.7929	0.0	-308.20392	1.164752	8.493662e-10	1338.9984602928162
374	-32.160923	56.80112	6.9295945	-267.59207	197.4	-12.441373	27.097464	33.77196	-117.07283	1500000	-0.014636431	820.5458	0.0	-284.03815	1.1547732	5.2154064e-10	1342.9188401699066
375	-45.140324	75.9288	35.878117	-200.59346	323.0	-33.776077	37.220707	32.40126	-119.11291	1504000	-0.016514556	1415.0525	0.0	-786.2102	1.1832496	-1.4305115e-09	1348.5493490695953
376	-33.20802	62.32937	28.166214	-188.34763	327.75	-12.397883	28.261911	45.574524	-121.87127	1508000	-0.004276891	957.4949	0.0	-349.54138	1.1935056	1.3411044e-10	1354.1796901226044
377	-21.382786	38.662395	41.58827	-79.66588	383.5	-19.11752	23.893389	21.766401	-121.529335	1512000	-0.050850034	966.4456	0.0	-515.35834	1.1937395	6.109476e-10	1360.340362071991
378	-10.289673	41.51681	79.26826	-71.15848	296.53845	-7.948793	24.708805	42.940536	-91.90368	1516000	-0.010088419	747.7464	0.0	-202.79749	1.1866881	-8.940697e-11	1365.5716452598572
379	-21.885023	36.355427	53.30228	-69.53274	318.7	-10.7002945	17.917055	35.241188	-85.14774	1520000	-0.018632416	615.02563	0.0	-147.87741	1.1916506	-4.3213366e-10	1371.4668259620667
380	-18.665886	41.777752	54.47062	-102.39842	244.06667	-4.770176	24.703222	44.83369	-109.16415	1524000	-0.04212037	549.0139	0.0	-170.75165	1.1728455	-1.0877848e-09	1376.0553531646729
381	-16.37242	37.32665	38.797165	-120.61909	283.7857	-6.6193194	20.615854	40.69201	-114.89336	1528000	-0.04750637	446.59103	0.0	-104.07431	1.1844156	7.8976153e-10	1381.8294150829315
382	-53.356876	49.013073	-6.633144	-139.80463	380.0	-14.602022	23.824457	38.51858	-125.84209	1532000	-0.02694798	850.1949	0.0	-309.9466	1.1895913	-1.1026859e-09	1388.3296360969543
383	-33.279163	29.810808	21.532625	-102.0014	193.35294	-3.574847	25.110163	43.9006	-119.93793	1536000	-0.0370782	732.72205	0.0	-364.84256	1.1596099	7.301569e-10	1392.4848010540009
384	-3.9886363	31.873808	52.420185	-79.56833	204.57895	-8.475826	24.619934	45.047386	-120.868004	1540000	-0.046226736	544.0913	0.0	-242.64575	1.1534014	-5.364418e-10	1397.1721079349518
385	-41.72053	74.160904	60.846424	-186.4618	230.47058	-16.817953	33.332603	43.622536	-119.50284	1544000	-0.051309355	645.82336	0.0	-204.7572	1.1511136	-1.3709068e-09	1401.343346118927
386	-18.53991	22.05634	18.049282	-49.96424	388.25	-15.88084	19.563368	33.47314	-106.62941	1548000	-0.036768768	711.52954	0.0	-268.74454	1.1953712	-1.3411046e-09	1407.5765521526337
387	-54.900826	99.9364	49.22943	-259.69833	523.5714	-13.911498	22.773663	46.874313	-114.225	1552000	0.013531849	1153.6489	0.0	-322.9201	1.1846105	-8.493662e-10	1414.2625441551208
388	-13.233748	28.300907	25.332651	-62.220467	243.07143	-3.3199031	21.739412	43.366108	-110.27318	1556000	-0.039674934	596.68054	0.0	-317.6829	1.174243	-8.1956386e-10	1419.1579630374908
389	-24.603634	47.5048	34.018276	-157.13005	302.6154	-7.8989363	25.775633	41.21678	-112.68752	1560000	-0.002573328	631.3425	0.0	-287.25702	1.1688354	9.387732e-10	1424.6476500034332
390	-39.969086	67.293236	29.175137	-242.48181	324.25	-12.440825	22.316141	31.314373	-114.329506	1564000	-0.023836054	927.5147	0.0	-403.29535	1.1638788	-2.5331975e-10	1430.2658820152283
391	-16.717558	35.618614	43.816006	-86.27918	185.17647	-5.8407927	25.85393	34.49038	-118.517914	1568000	-0.051130302	540.5884	0.0	-237.7745	1.144223	1.3709068e-09	1434.3177411556244
392	-33.481583	24.241177	23.300348	-65.28775	477.5	-18.130531	21.723982	27.82982	-100.976425	1572000	-0.0320869	461.37924	0.0	-193.20474	1.1776404	-4.4703483e-10	1441.3152749538422
393	-21.074257	35.6803	26.643782	-62.101585	479.0	-8.6623745	17.863153	37.570755	-101.269806	1576000	-0.019668227	316.84583	0.0	-147.98329	1.1915965	-1.6689301e-09	1448.1230261325836
394	-15.798403	77.77382	39.53712	-228.90617	399.2	-7.344086	25.452946	49.42236	-103.79747	1580000	-0.043357007	1246.8485	0.0	-467.63605	1.1738472	-3.5017729e-09	1454.144005060196
395	-32.320484	40.802246	30.282019	-145.33301	312.91666	-11.821781	31.664448	43.528023	-120.73745	1584000	-0.031031601	818.0538	0.0	-288.8777	1.1571243	-1.4901162e-11	1459.841140985489
396	0.1755755	34.771336	52.061478	-61.917164	395.875	-17.952126	21.630436	34.52154	-89.45091	1588000	-0.016775705	811.33264	0.0	-431.74188	1.1790179	-1.6540289e-09	1466.643419265747
397	-44.882065	92.2354	52.948215	-268.81342	362.0	0.16898145	29.036894	49.55855	-106.88555	1592000	-0.008216124	1035.0492	0.0	-477.06726	1.1709902	-6.854534e-10	1472.0807332992554
398	-34.423412	90.93199	28.760221	-296.43353	309.6	-11.897968	24.19831	36.330204	-121.497986	1596000	-0.005803647	797.3609	0.0	-335.12302	1.1698856	7.748604e-10	1478.0645840168
399	-39.951656	51.329487	52.75723	-124.95756	332.0	-18.229326	34.468674	45.45757	-126.3131	1600000	-0.018630201	844.6611	0.0	-385.15857	1.1702089	6.109476e-10	1484.1163189411163
400	-11.197812	32.97051	50.562233	-63.210556	198.58824	-9.335596	27.61882	37.55531	-117.17828	1604000	-0.044655997	859.39557	0.0	-438.56372	1.1403781	1.3709068e-09	1487.9189412593842
401	-26.052906	50.1762	33.194088	-161.51523	262.46667	-15.424721	31.07487	42.44682	-119.470955	1608000	-0.017665159	698.9214	0.0	-240.6084	1.146995	1.0579825e-09	1492.536711215973
402	7.4037	31.02223	50.610542	-26.360207	581.0	-25.612715	25.568645	51.664574	-100.39749	1612000	-0.014376095	982.06165	0.0	-637.172	1.1793838	-5.960465e-11	1500.452998161316
403	-63.818424	66.78993	18.1729	-196.39926	357.27274	-0.011858765	26.930725	54.503136	-81.24031	1616000	0.039998215	1674.2498	0.0	-957.8959	1.1580673	1.952052e-09	1506.0758352279663
404	-10.5922575	21.299702	21.368143	-45.237	377.1	-11.089987	20.822197	33.19288	-106.75482	1620000	-0.052603096	443.13303	0.0	-183.14658	1.1788363	-5.960465e-11	1512.1574342250824
405	-8.710519	35.193935	27.962637	-78.36922	352.9091	-7.3674865	22.617018	41.01968	-92.066696	1624000	-0.01976461	511.67346	0.0	-296.16986	1.1746788	5.066395e-10	1517.657480955124
406	4.984212	41.196735	51.676685	-80.11758	353.0	-11.031811	21.544027	40.245102	-122.79598	1628000	-0.064926155	492.36398	0.0	-217.71008	1.1721401	7.4505804e-11	1524.4153699874878
407	-52.964157	69.467995	10.159099	-199.61656	319.0909	-3.1547618	23.47781	47.968994	-117.67503	1632000	-0.0004251232	819.24805	0.0	-429.34637	1.1669401	1.3113022e-09	1529.7719531059265
408	-52.717278	64.549675	19.203455	-194.8188	543.8571	-18.06784	22.046118	35.574097	-119.27428	1636000	-1.2596369e-05	635.9833	0.0	-291.62436	1.1742067	-2.026558e-09	1536.57519197464
409	-54.58962	108.2657	47.93926	-289.6211	577.6667	-7.7939982	21.317265	53.862766	-115.11179	1640000	-0.016822351	1280.7407	0.0	-570.46674	1.1802392	-2.7269125e-09	1543.294452905655
410	-22.766064	35.43558	45.788837	-81.82067	253.0	-2.6393912	27.483288	66.04263	-117.20922	1644000	-0.01149173	567.6986	0.0	-292.11243	1.1532345	1.5646219e-09	1548.1950130462646
411	-26.615911	69.112595	40.60634	-201.01593	233.17647	-6.5182304	27.08021	52.560883	-112.383385	1648000	-0.030002834	1004.4905	0.0	-457.33118	1.1251341	-4.4703484e-11	1552.5623359680176
412	-16.702446	29.790627	23.952213	-78.450836	374.44446	-16.157635	29.765968	62.96806	-126.82634	1652000	-0.032941833	578.83307	0.0	-273.55164	1.170144	9.0897084e-10	1558.6146321296692
413	-7.7036643	42.269245	53.778507	-100.42649	382.1111	-10.961275	24.001781	46.658035	-112.145164	1656000	-0.017013203	415.40536	0.0	-127.54761	1.172886	-2.9802324e-11	1564.950245141983
414	-46.19774	55.968975	15.920062	-161.94862	438.0	-10.89292	28.025917	51.89513	-113.525246	1660000	-0.022258976	719.8617	0.0	-296.0571	1.1776501	5.2154064e-10	1570.6738600730896
415	-29.378212	57.79197	39.395042	-145.26094	275.0	-7.805923	29.917871	62.85067	-117.5963	1664000	-0.0070607886	897.19244	0.0	-390.9614	1.1527756	2.3841857e-09	1576.2291769981384
416	-32.249516	34.05942	21.417011	-116.767654	303.0	-9.456528	24.188437	58.22443	-112.47069	1668000	-0.036870185	585.21765	0.0	-195.28165	1.1516674	9.23872e-10	1581.5381722450256
417	-14.329468	55.13147	52.710693	-87.77937	815.5	-16.10464	14.397682	34.94322	-105.002174	1672000	-0.021368204	522.40985	0.0	-327.45135	1.1995488	-1.1771918e-09	1589.197299003601
418	-2.8783004	28.24731	36.580288	-37.076256	673.8	-3.1161997	24.959068	58.199387	-103.14225	1676000	0.010530447	215.22447	0.0	-47.723984	1.2049624	-2.9802324e-11	1596.8977000713348
419	-8.347798	22.559977	18.838413	-58.368607	455.5	0.8288126	23.241892	60.298935	-104.12119	1680000	8.953333e-05	505.5135	0.0	-187.47693	1.1855521	5.662441e-10	1603.1919810771942
420	-16.480598	52.024055	58.191616	-162.85684	282.5	2.3246143	19.168568	48.372086	-97.8768	1684000	-0.02780301	739.9047	0.0	-323.42697	1.1569256	-4.4703483e-10	1607.6584570407867
421	-9.79962	31.172516	30.904041	-52.119408	679.0	-22.402113	21.232609	30.35856	-101.26979	1688000	-0.021975506	606.8911	0.0	-443.1673	1.201785	-1.6391277e-10	1614.6229350566864
422	-16.014864	23.989399	45.458073	-32.331303	481.75	-0.8151731	23.277832	62.14452	-90.20922	1692000	0.0058452208	458.67316	0.0	-269.1905	1.1823652	-5.662441e-10	1621.3822860717773
423	-23.24846	25.991795	45.055073	-48.83647	381.0	-3.0551891	24.06364	52.169037	-99.04076	1696000	-0.018549385	486.93097	0.0	-210.7981	1.1832569	8.493662e-10	1627.5627162456512
424	4.1581964	43.25073	50.210014	-90.38918	390.625	-14.207131	24.128675	48.332344	-104.20918	1700000	-0.022834646	595.4921	0.0	-304.31738	1.1765096	-2.384186e-10	1633.5203959941864
425	-41.50948	50.809505	10.174575	-156.37747	417.5	-4.504487	24.516676	50.357372	-101.09663	1704000	-0.0001433916	703.0936	0.0	-230.61298	1.1882304	-8.3446505e-10	1639.9457521438599
426	-12.038433	38.542175	35.89045	-74.462425	379.66666	-13.362524	25.780155	56.255558	-106.41962	1708000	-0.009442947	710.9109	0.0	-263.8937	1.1826423	1.952052e-09	1646.3782169818878
427	-32.848778	90.709885	33.39263	-248.35364	543.5714	-12.664577	25.478418	51.069054	-114.536255	1712000	-0.0022570533	746.7376	0.0	-247.0015	1.188673	-1.1324882e-09	1653.537358045578
428	6.0045037	24.720428	42.113792	-25.409353	355.0	-1.881842	28.26372	68.40178	-110.733284	1716000	-0.03814331	508.4848	0.0	-190.70676	1.1737777	2.0563602e-09	1659.4902231693268
429	-16.234264	56.4727	50.888866	-187.82327	231.11765	5.9497967	27.992224	66.236885	-123.16326	1720000	-0.011409749	1301.694	0.0	-846.7572	1.1357204	9.0897084e-10	1663.8878810405731
430	19.315044	20.727089	46.909355	-18.732265	392.4	-21.281021	23.711748	46.248856	-109.410995	1724000	-0.084361576	747.7428	0.0	-506.9366	1.1742303	9.23872e-10	1671.4213511943817
431	2.0742538	20.191786	39.061615	-28.585379	322.66666	2.116903	18.680462	48.68428	-87.499054	1728000	-0.006649553	530.3187	0.0	-268.69113	1.1733385	6.705523e-10	1677.7752680778503
432	-13.911363	59.914772	41.88986	-151.69246	267.0	-4.575538	29.706024	54.418015	-125.684944	1732000	-0.029208526	652.7036	0.0	-217.91843	1.1569232	-1.013279e-09	1682.957750082016
433	-9.835069	32.66003	44.686058	-74.412964	326.33334	-8.438154	24.481836	58.489098	-97.37306	1736000	-0.06910719	449.1931	0.0	-160.94199	1.1699759	-1.1920929e-09	1688.445594072342
434	2.3492854	24.219263	25.928177	-42.570667	550.7143	-6.3858514	18.642775	57.46035	-88.01812	1740000	-0.018929632	339.73257	0.0	-157.36977	1.1891263	-1.4305115e-09	1695.2835710048676
435	-0.5528867	22.389723	24.236532	-35.822437	498.0	-4.418911	23.491358	67.202324	-86.59795	1744000	-0.0017928195	380.12646	0.0	-139.26988	1.19851	5.662441e-10	1702.1567652225494
436	2.3771064	36.802372	43.567596	-48.903378	590.5	-4.5163183	25.188057	72.03933	-94.448944	1748000	-0.02298623	390.6135	0.0	-120.918335	1.1945783	-1.9371509e-09	1709.0733942985535
437	-6.0498557	31.904577	37.38519	-65.39397	302.30768	-1.8038516	27.16932	53.53836	-105.52593	1752000	-0.013137012	517.115	0.0	-238.1124	1.1654772	2.4288893e-09	1714.666255235672
438	-26.46184	52.371887	54.787666	-139.84938	249.78572	-3.0221539	21.721281	48.348656	-110.978935	1756000	-0.036814906	843.67993	0.0	-407.10175	1.1528006	-1.5348196e-09	1719.0030601024628
439	-4.657764	23.519522	43.64713	-53.506836	284.85715	-13.721199	23.862047	46.69468	-115.37673	1760000	-0.05519066	583.03125	0.0	-239.9357	1.1599479	-8.9406965e-10	1724.6302151679993
440	-38.9952	102.202995	48.66533	-229.1099	640.0	-11.481923	19.780027	46.728397	-96.08965	1764000	-0.0063648787	759.5049	0.0	-463.04572	1.2059941	-1.5497208e-09	1731.4129710197449
441	10.646062	26.435246	59.68409	-24.968977	300.25	4.686723	30.171036	53.26951	-103.191826	1768000	-0.0057029934	587.2853	0.0	-277.04803	1.1678694	1.758337e-09	1737.6340432167053
442	-18.63254	39.40453	35.77498	-84.99333	330.83334	-4.80729	27.593987	49.292313	-110.25336	1772000	-0.012027785	533.8876	0.0	-219.60641	1.1730947	-1.1771918e-09	1743.4513149261475
443	-13.5820465	24.446466	29.51689	-40.370686	345.36365	-9.9665575	23.5361	46.528545	-112.72436	1776000	-0.034090027	409.98148	0.0	-109.941376	1.1786336	-1.4901161e-10	1749.5927863121033
444	1.7439352	31.46262	62.01977	-52.36822	319.16666	-9.110104	22.264463	43.877663	-99.9499	1780000	-0.053057667	423.25244	0.0	-126.245636	1.1720407	1.6391277e-10	1755.2598240375519
445	-9.37996	20.792616	15.898992	-44.55644	444.44446	-9.429982	20.415833	42.859394	-100.729256	1784000	-0.03722937	463.73557	0.0	-209.75336	1.1769174	-5.811453e-10	1761.0900039672852
446	-42.243946	73.90723	23.049345	-217.68723	498.125	-13.349783	20.341265	46.867775	-103.7502	1788000	-0.03425293	958.5292	0.0	-602.5128	1.1913399	1.6987324e-09	1767.766047000885
447	-7.992713	21.6583	18.011328	-54.56662	471.625	-14.4855995	29.84318	59.80198	-106.49567	1792000	0.0015400234	567.0899	0.0	-310.64957	1.1776104	5.2154064e-10	1774.0979471206665
448	-16.58453	37.17183	30.069632	-96.83069	328.18182	-2.9560285	20.255972	48.42052	-94.990204	1796000	-0.02565489	467.09338	0.0	-203.54736	1.1640441	-1.4305115e-09	1779.9749500751495
449	-14.880013	37.101543	44.07303	-74.37539	498.875	-11.044656	21.123533	48.483295	-113.62897	1800000	-0.009650912	471.447	0.0	-208.98227	1.18535	1.6540289e-09	1787.2606780529022
450	-13.20961	55.974327	45.8753	-118.86132	387.0	-6.3079166	24.228958	37.664383	-118.37149	1804000	-0.02488145	507.22443	0.0	-238.15173	1.1716919	-9.0897084e-10	1792.9965391159058
451	-13.174044	28.957943	39.3038	-58.670647	294.15384	-9.395463	31.06867	48.30514	-114.024506	1808000	-0.043032803	689.5734	0.0	-461.6816	1.1467434	1.3411046e-09	1798.2603151798248
452	-28.01633	27.506256	10.756096	-83.896385	479.75	-11.5526	23.206503	51.864605	-112.04577	1812000	-0.03874543	516.82214	0.0	-178.42722	1.1725662	-2.8312205e-10	1804.7459299564362
453	-11.991009	55.878433	53.178585	-143.0161	396.66666	-10.459214	26.128859	44.307034	-110.758316	1816000	-0.031663038	677.6411	0.0	-317.2848	1.1607598	4.0233136e-10	1810.0482769012451
454	-9.85638	27.972895	19.897615	-55.723976	780.5	-15.948794	23.623104	42.555153	-87.10733	1820000	-0.030116633	757.6683	0.0	-458.52185	1.1932012	-5.9604643e-10	1817.0527470111847
455	-3.9970942	78.49675	60.98233	-175.05374	622.5	-7.2013636	28.534271	54.714264	-113.92398	1824000	0.0077299117	572.4619	0.0	-263.53128	1.1859736	4.917383e-10	1825.0089020729065
456	-11.64458	27.263594	24.145987	-56.770805	386.125	-2.523604	24.855537	63.708427	-129.65999	1828000	0.0091556925	720.6734	0.0	-362.17807	1.1721519	2.7418137e-09	1830.8848340511322
457	-17.24797	30.692347	28.941565	-60.23345	314.0	-5.1369495	25.194986	44.876514	-113.551445	1832000	-0.06087704	442.8188	0.0	-151.88281	1.1696211	-3.5762787e-10	1836.692556142807
458	12.387608	26.866776	46.763966	-36.84579	359.66666	-12.767772	27.731068	46.043026	-108.03183	1836000	-0.037843104	622.1331	0.0	-337.42487	1.1651263	4.61936e-10	1842.6945281028748
459	9.793559	49.257	60.29526	-77.333	762.0	-11.015162	23.510006	56.504196	-113.29266	1840000	-0.048082598	374.70688	0.0	-223.39037	1.1998036	1.3113022e-09	1849.404935836792
460	8.377311	27.685486	55.88295	-22.124376	489.875	-2.9107122	26.34447	55.96843	-65.4651	1844000	0.0008981452	490.80246	0.0	-206.35477	1.177125	-1.8179417e-09	1855.5011141300201
461	6.627219	36.0559	54.39225	-70.73602	367.33334	-12.703763	25.989407	54.454712	-98.84594	1848000	-0.025108812	713.45953	0.0	-438.4032	1.1682184	1.4156103e-09	1861.921982049942
462	-1.3715897	48.69121	48.05189	-81.325264	665.6	-9.545748	23.535524	56.900578	-98.17201	1852000	-0.03157434	449.95544	0.0	-255.92867	1.1982446	1.475215e-09	1868.882086277008
463	-5.3609257	31.006834	57.39665	-39.59237	499.875	-0.54769	26.137354	57.682026	-94.1983	1856000	0.020201953	393.61945	0.0	-195.0187	1.1896051	-6.854534e-10	1876.900330066681
464	2.580244	61.567387	70.663414	-132.53941	490.5	-3.4694507	21.959213	59.2035	-73.37728	1860000	-0.013874383	509.29437	0.0	-193.42682	1.1771976	8.940697e-11	1883.3993861675262
465	-19.697598	76.31852	45.19631	-200.79936	352.8	0.20773388	26.070324	71.09662	-100.13305	1864000	-0.02745269	1102.3446	0.0	-737.52124	1.1593941	-2.4139881e-09	1889.1152079105377
466	-56.292934	61.753307	26.515793	-159.56445	501.0	-5.3567247	25.9776	63.907513	-98.60695	1868000	0.013278236	791.10114	0.0	-373.587	1.1866295	4.917383e-10	1895.8579032421112
467	10.170604	20.189247	55.989628	-9.381147	556.0	-5.5689974	17.792948	40.09662	-103.18407	1872000	-0.03978333	306.74408	0.0	-147.42822	1.1903061	-6.556511e-10	1902.190071105957
468	-36.439106	61.14582	26.40248	-192.30235	441.77777	-6.611749	27.806564	64.15367	-99.21469	1876000	-0.008518114	712.6878	0.0	-229.267	1.1750233	1.0728836e-09	1908.471519947052
469	-63.67436	74.22974	25.914534	-221.43884	474.57144	-14.368359	27.487835	57.85987	-111.850075	1880000	-0.02450266	545.0465	0.0	-257.79272	1.1555707	2.2649764e-09	1914.7014610767365
470	-22.347694	35.754555	26.321615	-73.47089	386.625	-12.8803005	23.468264	58.26438	-86.92218	1884000	0.011448712	454.18582	0.0	-206.26659	1.1781123	-9.0897084e-10	1921.248342037201
471	9.65307	25.01992	53.685078	-24.948038	489.875	-10.305889	24.15559	73.37786	-109.07264	1888000	-0.0093737785	413.68668	0.0	-206.50027	1.18137	-1.3411046e-09	1928.4289829730988
472	-6.9649568	41.61747	50.477768	-63.89914	361.6	-2.1748407	27.040312	60.548668	-102.2344	1892000	-0.035405807	578.1807	0.0	-204.51523	1.1533273	4.4703484e-11	1934.7235820293427
473	-10.604058	25.701378	25.521357	-60.544533	593.1667	-13.458583	24.348282	53.077713	-107.50829	1896000	-0.05145436	440.67563	0.0	-155.31882	1.180875	3.7252904e-10	1941.5761840343475
474	7.6307826	32.72518	49.43734	-59.16721	535.5714	-5.2484636	29.436155	79.761154	-91.363434	1900000	0.022905188	268.54388	0.0	-164.48901	1.1780281	-1.8775463e-09	1948.5524580478668
475	3.7536936	23.726274	43.053852	-38.015156	385.22223	2.4492373	23.86105	76.80847	-73.52534	1904000	-0.01696243	619.049	0.0	-288.24048	1.1814917	8.791685e-10	1954.7780570983887
476	-16.336603	46.465927	62.84309	-95.056175	368.9	-3.0057	26.713068	60.99653	-108.59217	1908000	-0.0363863	563.54456	0.0	-214.95038	1.154974	8.940697e-11	1960.5924680233002
477	26.466118	16.243998	57.59568	3.5608637	580.8333	-12.601662	25.671698	65.47644	-106.780495	1912000	-0.04760583	653.3804	0.0	-465.0996	1.184504	1.2367963e-09	1967.0904960632324
478	5.105103	56.52673	54.363476	-149.5395	433.33334	5.2849865	24.663258	70.14067	-97.40948	1916000	-0.016863335	606.6644	0.0	-280.06192	1.1832067	-1.5497208e-09	1973.6894571781158
479	8.431686	15.994677	30.113039	-15.309181	671.0	-13.855942	27.171644	52.106297	-111.10105	1920000	-0.0145464605	452.37677	0.0	-272.875	1.2090278	1.5199184e-09	1980.4110441207886
480	-10.604895	44.469456	45.601776	-124.47418	301.07693	7.009499	26.272335	63.375504	-85.02566	1924000	0.0015110642	755.1993	0.0	-404.78308	1.1563711	-2.9802324e-11	1986.182965040207
481	-0.1917624	38.551083	48.01172	-59.048546	341.0	-3.3131661	25.600363	60.14807	-106.55652	1928000	-0.033268683	572.0707	0.0	-233.60205	1.153204	-1.8328429e-09	1991.7711701393127
482	-4.114648	24.572582	49.35084	-36.76637	381.875	-9.685922	22.4326	46.434692	-101.26962	1932000	-0.04722592	543.376	0.0	-257.8433	1.174672	1.4007091e-09	1997.6884942054749
483	20.22445	27.59402	68.419	-32.862602	293.84616	-1.9600725	22.600359	57.939983	-105.77623	1936000	-0.06025848	456.74957	0.0	-132.06305	1.1492165	-1.5348196e-09	2003.713495016098
484	22.827442	25.313692	60.08326	-14.420873	444.33334	-7.3185143	22.974394	46.889492	-105.271805	1940000	-0.04213796	338.72766	0.0	-202.40398	1.1751335	-6.4074995e-10	2010.4041411876678
485	6.816455	51.07365	59.159866	-102.48004	562.8571	-1.2667369	25.75189	77.16195	-109.086784	1944000	-0.03143289	406.50558	0.0	-189.9713	1.1920178	1.8328429e-09	2016.8967740535736
486	-5.938441	34.46004	43.93792	-56.75946	434.77777	-7.5484886	27.269283	57.993107	-111.88266	1948000	-0.0115314275	518.0266	0.0	-308.86627	1.171459	-2.9057263e-09	2023.0203630924225
487	-25.11871	28.593338	35.42024	-58.311886	299.76923	-1.6761926	22.712473	55.93537	-104.24932	1952000	-0.029083343	601.16675	0.0	-235.57632	1.1493709	2.2351743e-09	2028.2788882255554
488	-14.976372	81.92055	41.556774	-227.6451	440.875	-14.948366	19.526445	41.791546	-98.237175	1956000	-0.019453477	1076.6663	0.0	-566.595	1.159366	-8.046627e-10	2034.3693571090698
489	17.21627	19.613007	56.46689	-5.0187697	357.0	-4.4015164	26.711683	66.61163	-111.71239	1960000	-0.011732071	343.4044	0.0	-114.98695	1.1661853	-2.2351741e-10	2040.819020986557
490	-11.836968	47.24555	51.291668	-96.68828	320.81818	-0.122995846	24.410927	70.736336	-115.154305	1964000	-0.01332779	788.819	0.0	-314.0501	1.157972	-1.296401e-09	2045.6267750263214
491	4.1317754	27.48818	49.875694	-36.339386	578.1667	-13.451528	23.11881	65.24322	-108.67166	1968000	-0.04565842	591.7449	0.0	-334.72888	1.1834337	1.0430813e-10	2052.56955909729
492	-12.66569	24.925703	22.661133	-42.024258	665.0	-5.057419	24.060392	65.39336	-70.93275	1972000	-0.015109081	346.78152	0.0	-71.277435	1.2005712	9.983778e-10	2059.939080953598
493	6.3923283	21.8956	47.816757	-17.679415	597.3333	-2.4388738	25.774784	71.25955	-81.88128	1976000	0.006262881	403.51794	0.0	-175.47676	1.1934621	1.4454127e-09	2066.6491179466248
494	6.7263994	50.595135	79.692474	-57.712112	416.125	-0.8203585	24.528906	68.29524	-91.72632	1980000	-0.023130072	694.83136	0.0	-256.02136	1.1839451	-3.5762787e-10	2072.357274055481
495	28.386366	36.791267	59.93481	-47.850662	644.1667	-5.387474	23.839014	65.593864	-106.56197	1984000	-0.018598603	415.9467	0.0	-117.168915	1.199295	-2.8312205e-10	2079.4634380340576
496	-15.046707	93.53006	69.89138	-205.27405	663.8333	-8.594673	25.463476	80.285934	-97.340126	1988000	0.0013750467	530.21716	0.0	-270.8403	1.1924493	5.2154064e-10	2086.110195875168
497	5.7701235	32.513	47.205124	-39.056675	385.375	-3.2284555	35.094242	73.89146	-104.98906	1992000	0.03606867	787.57605	0.0	-553.62585	1.172018	9.0897084e-10	2092.4068632125854
498	11.029003	29.571835	64.349495	-46.046715	464.75	-5.947625	20.131649	50.050545	-107.50027	1996000	-0.035989374	377.6211	0.0	-156.06458	1.1829501	1.9967556e-09	2099.5048780441284
499	-10.78267	54.77918	47.109024	-176.2908	311.41666	-1.9550014	24.809078	54.329937	-101.57387	2000000	-0.031379104	741.9105	0.0	-294.7191	1.1429882	2.2351741e-10	2105.0432171821594
