Epoch	AverageEpRet	StdEpRet	MaxEpRet	MinEpRet	EpLen	AverageVVals	StdVVals	MaxVVals	MinVVals	TotalEnvInteracts	LossPi	LossV	DeltaLossPi	DeltaLossV	Entropy	KL	Time
0	-190.51799	125.496574	20.71471	-595.728	92.2619	-0.15508935	0.024327867	-0.031971425	-0.2251227	4000	0.0010455847	14591.857	0.0	-876.5635	1.3787067	1.4901164e-10	0.9999768733978271
1	-207.49709	109.948006	-62.037098	-545.5597	91.5814	-4.6011186	0.7600288	3.0151842	-5.5051355	8000	-0.0004178658	14911.319	0.0	-930.23096	1.3805947	1.2516975e-09	1.9763109683990479
2	-184.87741	104.066124	-65.34718	-444.1862	91.88372	-9.178992	0.36174893	-0.10218669	-9.3373995	12000	0.00017637014	11336.447	0.0	-544.16406	1.3800842	8.642673e-10	2.953249931335449
3	-186.61797	114.824486	26.758121	-423.2177	102.07895	-12.183631	0.36458457	2.1396399	-12.285792	16000	-0.0036975518	10345.607	0.0	-432.91406	1.3787317	2.4735929e-09	3.9483120441436768
4	-156.03949	89.03759	-44.43622	-499.412	91.39535	-14.864413	0.07643158	-13.398531	-14.907566	20000	-0.0027358625	6620.1514	0.0	-300.7732	1.3780973	8.34465e-10	5.008346080780029
5	-164.13292	109.010826	-23.572575	-439.67465	91.16279	-17.107935	0.20201321	-13.345458	-17.152454	24000	-0.0026287846	8457.671	0.0	-341.53418	1.3756768	-4.3213366e-10	6.307981967926025
6	-173.75015	96.990395	-47.306324	-422.55893	96.875	-19.515516	0.029093713	-18.990154	-19.53552	28000	-0.0072898194	8264.076	0.0	-363.11743	1.3719513	-1.8477441e-09	7.502511024475098
7	-168.4192	93.81282	-26.564644	-394.088	96.48781	-21.976702	0.5161819	-14.14997	-22.031944	32000	-0.010495296	7175.5435	0.0	-321.37646	1.3701105	2.3841856e-10	8.687701940536499
8	-176.40884	105.48114	-11.404103	-578.8926	101.57895	-24.328506	0.3048089	-16.559984	-24.36682	36000	-0.009643897	7364.8096	0.0	-303.85327	1.3674027	1.5795232e-09	9.920178890228271
9	-124.28762	70.74589	7.572947	-344.86386	97.0	-26.67346	0.015117807	-26.172749	-26.68277	40000	-0.0075940657	3163.864	0.0	-113.55139	1.366195	-4.470349e-11	11.334008932113647
10	-147.7154	76.80414	-27.746864	-353.3761	106.054054	-28.173512	0.047744796	-27.514153	-28.188477	44000	-0.0056416504	4431.9854	0.0	-175.60107	1.3619009	-2.041459e-09	12.607730150222778
11	-132.00555	75.16834	-1.8149687	-350.9062	99.789474	-30.001745	0.02540994	-29.283419	-30.011005	48000	-0.011193901	2799.302	0.0	-112.35394	1.3564098	1.4454127e-09	13.993389129638672
12	-126.433655	67.51345	-6.857001	-312.05798	104.0	-31.529812	0.09761328	-28.617443	-31.542198	52000	-0.012633562	2638.4922	0.0	-102.816956	1.3566743	-8.3446505e-10	15.12933087348938
13	-143.42921	105.690384	5.1681542	-547.33594	109.666664	-32.993275	0.14147703	-31.016914	-33.017406	56000	-0.0033665728	5543.255	0.0	-157.7373	1.3523865	1.1473894e-09	16.21130895614624
14	-111.19438	56.44203	-2.251342	-256.6483	109.11429	-34.8199	0.049011365	-33.713978	-34.828953	60000	-0.008670952	1518.4749	0.0	-45.71222	1.3482158	-4.768371e-10	17.220649003982544
15	-147.13391	84.44984	32.182148	-389.50742	117.55882	-35.883102	0.18518604	-30.75873	-35.901726	64000	-0.0037012473	3728.9788	0.0	-121.79761	1.3407769	7.0035455e-10	18.274492025375366
16	-126.34158	84.58474	31.766212	-329.0051	135.6207	-37.505642	0.13339293	-36.62797	-37.548893	68000	0.006741464	2747.8376	0.0	-31.403137	1.3374563	1.937151e-10	20.21391797065735
17	-130.94182	81.47735	-16.00413	-393.53394	107.69444	-38.442226	0.035865646	-37.503185	-38.44981	72000	-0.010906547	2903.9058	0.0	-89.45758	1.3256997	-5.5134297e-10	21.390371084213257
18	-142.71335	99.08717	29.095982	-469.56918	114.70588	-39.919834	0.05141623	-38.38158	-39.92776	76000	-0.008232005	3763.333	0.0	-114.555664	1.3191048	8.791685e-10	22.59075903892517
19	-161.02356	103.81303	-23.750164	-405.94626	128.29033	-41.654236	0.07981725	-40.340622	-41.667206	80000	0.0063720345	4107.4897	0.0	-129.38281	1.3134354	1.0877848e-09	24.053421020507812
20	-128.27644	78.18071	-21.375908	-293.90207	122.258064	-43.53444	0.024624202	-43.031155	-43.540028	84000	-0.008008406	2245.6748	0.0	-38.980957	1.3119736	-2.2053719e-09	25.143365144729614
21	-131.5333	77.89686	39.41129	-318.74167	127.53333	-44.638546	0.009511639	-44.38258	-44.642574	88000	-0.0042438954	2017.6785	0.0	-33.510315	1.3036052	-1.9371509e-10	26.188792943954468
22	-127.85786	76.80023	-37.769318	-298.81546	158.375	-45.500187	0.46990064	-40.986397	-45.641216	92000	-0.002747424	2398.736	0.0	-12.22699	1.3055921	-1.92225e-09	27.827966928482056
23	-104.53362	55.04013	-13.85349	-212.52873	114.73529	-46.105896	0.33378538	-35.793854	-46.127556	96000	-0.020961836	1376.5345	0.0	-22.176025	1.2941996	-1.3411046e-10	28.886322021484375
24	-90.85263	71.7146	-5.016746	-359.2845	129.03703	-46.437145	2.0758133	-18.933828	-46.783257	100000	-0.004735319	1912.6421	0.0	-91.89728	1.3007629	-2.7120113e-09	30.03080701828003
25	-96.99064	61.521656	-0.2019442	-297.99496	124.41936	-46.432243	4.105986	30.218136	-46.72947	104000	-0.01860046	1682.805	0.0	-9.151611	1.2813379	-3.874302e-10	31.08983588218689
26	-113.26482	67.31712	-21.35999	-264.63852	128.0	-46.84971	0.055019043	-45.265514	-46.861893	108000	-0.03398325	1294.0624	0.0	-9.050232	1.2801421	1.3411046e-09	32.14793109893799
27	-133.29456	79.22771	-20.086576	-304.5846	122.548386	-46.247063	8.482623	28.37385	-47.410034	112000	-0.0067714346	2343.5278	0.0	-334.48193	1.2671703	9.983778e-10	33.183762073516846
28	-84.41257	47.278904	-7.055751	-203.0924	135.17241	-48.704575	0.0016338185	-48.677567	-48.705647	116000	-0.017990813	1047.3545	0.0	-13.802948	1.2688904	-1.0728836e-09	34.23326516151428
29	-112.84193	68.12443	13.753841	-224.06396	184.09525	-48.05293	0.060017724	-46.899574	-48.073025	120000	-0.0030751675	1818.2378	0.0	-4.40094	1.2696577	2.5331975e-10	36.184447050094604
30	-96.91668	61.883667	-9.28536	-237.86948	149.23077	-47.62623	0.18884145	-39.95356	-47.633976	124000	-0.02464347	1322.8782	0.0	-7.4729004	1.2557931	2.3394824e-09	37.28777599334717
31	-96.02845	91.57414	13.404223	-348.22937	132.2	-47.101143	0.052514937	-45.857986	-47.10768	128000	0.0061912015	2124.114	0.0	-2.2366943	1.2344909	1.4007091e-09	38.35305905342102
32	-60.937626	53.08682	39.16717	-226.8115	145.74074	-47.304962	0.022210773	-46.713875	-47.30754	132000	-0.02626793	1488.308	0.0	-43.5343	1.2446634	-4.768371e-10	39.426289081573486
33	-69.617676	42.034706	1.6982176	-180.40872	134.88889	-45.96169	0.049071774	-45.029095	-45.96905	136000	-0.057896275	1492.9175	0.0	-46.160645	1.2335842	1.5497208e-09	40.72511005401611
34	-72.6273	65.801384	19.87699	-222.03195	149.52	-44.467262	0.021327114	-44.08383	-44.470814	140000	-0.0053315237	1513.3105	0.0	-15.357422	1.2180271	-8.3446505e-10	42.2943000793457
35	-69.905495	86.12258	28.84335	-317.6595	159.28	-43.55723	0.026619734	-42.85648	-43.560642	144000	-1.2286007e-05	2351.0122	0.0	-20.230286	1.206357	-1.6093253e-09	43.5387818813324
36	-67.78502	49.247128	46.394943	-155.2776	171.43478	-42.54475	0.015379875	-42.048923	-42.546986	148000	-0.024394285	1521.9325	0.0	-46.973938	1.1937716	1.6093253e-09	44.678396224975586
37	-71.06634	70.89968	21.343998	-261.5451	158.33333	-40.988262	0.01608504	-40.559628	-40.9901	152000	-0.020942815	1833.8176	0.0	-19.77649	1.1794152	1.0877849e-09	45.800902128219604
38	-44.31126	57.997387	22.196255	-203.93056	191.95	-39.90875	0.014529852	-39.367214	-39.910873	156000	-0.027303066	2312.4204	0.0	-94.54974	1.1699519	-4.917383e-10	47.04948306083679
39	-76.171005	88.22852	24.215126	-302.27603	189.4	-37.66025	0.078135036	-36.222065	-37.669315	160000	0.003098838	2379.017	0.0	-13.080322	1.1533146	-3.5762793e-10	48.26210904121399
40	-30.533974	35.783974	32.8954	-94.9986	209.0	-36.753204	0.0010741476	-36.73871	-36.753796	164000	-0.052123617	1413.1348	0.0	-103.380554	1.1555986	-1.5050173e-09	49.57645297050476
41	-48.565556	52.060326	29.607635	-155.67503	181.66667	-34.372486	0.0144866165	-34.238884	-34.377117	168000	0.023521855	1464.7977	0.0	-42.902283	1.1235726	-1.3113022e-09	51.04194903373718
42	-110.20737	92.200325	-1.6963713	-287.4834	305.41666	-32.703568	0.05111344	-32.040436	-32.720314	172000	-0.024372809	1982.477	0.0	-2.9675903	1.1284411	-3.5762787e-10	52.7813401222229
43	-113.68427	99.59877	15.779144	-276.81598	421.44446	-32.229786	0.05550306	-31.597258	-32.251335	176000	-0.021222234	1900.1025	0.0	-13.340759	1.1437402	-1.6391277e-09	54.749666929244995
44	-48.261368	65.87173	35.3658	-163.84637	380.8889	-31.353594	0.012927008	-31.24833	-31.358004	180000	-0.04576088	1567.526	0.0	-95.11209	1.1213644	1.6838311e-09	56.8137309551239
45	-95.06175	94.04866	13.042385	-269.44598	355.7	-28.935778	0.040797785	-27.98376	-28.942593	184000	-0.011330929	2326.4292	0.0	-12.829712	1.1112881	3.1292446e-10	58.494837045669556
46	-88.219315	92.0894	-5.7706223	-291.1797	463.42856	-27.888391	0.07319827	-27.469807	-27.925365	188000	-0.020327628	1735.2395	0.0	-30.195068	1.1247897	-1.758337e-09	60.98734092712402
47	-59.709557	60.46898	25.375578	-149.47365	284.45456	-26.52313	0.03565841	-26.083208	-26.531168	192000	-0.050828066	1920.6986	0.0	-45.07306	1.0967352	3.2782554e-10	62.51939296722412
48	-40.852066	64.2407	13.166706	-178.14716	490.5	-24.749998	0.028987668	-24.459476	-24.761364	196000	-0.030137599	1293.2966	0.0	-46.260925	1.110922	-1.2069941e-09	64.84164714813232
49	-101.757324	68.21273	-45.611614	-223.14697	501.57144	-22.908607	0.16628161	-18.337595	-22.932499	200000	0.019262299	1863.26	0.0	-7.036743	1.0944364	2.3841856e-10	67.6384871006012
50	-50.19793	75.97916	34.97149	-218.48293	458.2857	-22.2864	0.008966932	-22.172834	-22.290127	204000	-0.03231182	1580.4233	0.0	-33.22348	1.0987245	1.952052e-09	70.52670097351074
51	-55.075542	97.36542	29.00107	-270.8119	427.0	-20.73176	0.04578115	-20.181526	-20.746986	208000	0.006694585	1422.9629	0.0	-21.022034	1.1077099	-1.0728837e-09	73.31519603729248
52	-85.21373	69.25772	21.582523	-164.12955	789.6	-19.441282	0.009855973	-19.322357	-19.447422	212000	-0.027575485	1191.63	0.0	-4.058075	1.1218858	-3.576279e-10	75.90926694869995
53	-43.473133	61.19549	9.696485	-171.32004	449.0	-18.826164	0.020289952	-18.643587	-18.83372	216000	-0.027120806	1156.5859	0.0	-17.141418	1.1250032	6.556511e-10	78.54013109207153
54	-45.310726	48.608658	14.6585655	-150.3993	342.55554	-17.656734	0.006308963	-17.605331	-17.66063	220000	-0.01504595	1269.7864	0.0	-3.5224304	1.1145382	2.0861626e-10	81.43943190574646
55	-15.229043	50.65658	44.053665	-126.971756	342.44446	-17.06272	0.0051750797	-17.005013	-17.065453	224000	-0.018387364	1093.2739	0.0	-26.882751	1.1361325	8.195639e-10	84.32759213447571
56	-18.521854	56.709858	37.4565	-160.41252	273.23077	-15.553497	0.0034515697	-15.51953	-15.554806	228000	-0.005781006	1437.8203	0.0	-14.731873	1.111191	-1.5348196e-09	86.72632122039795
57	-17.76231	31.247606	44.50668	-85.44171	239.3125	-14.354707	0.0035808913	-14.312041	-14.355729	232000	-0.017989002	953.8375	0.0	-4.729309	1.1212257	1.66893e-09	89.28783416748047
58	-17.927933	42.98179	45.827698	-85.46206	361.0	-13.64987	0.00533186	-13.616565	-13.653041	236000	-0.00984001	1068.2108	0.0	-11.884613	1.1401656	2.9802272e-11	91.98141098022461
59	-27.865547	33.575123	49.78793	-84.92671	248.0	-12.580819	0.0046800617	-12.500816	-12.581947	240000	-0.0131974965	1228.4479	0.0	0.02722168	1.1069613	-3.874302e-10	93.94445991516113
60	-22.764864	37.661243	23.152042	-96.76551	248.86667	-12.547128	0.0029545443	-12.515208	-12.548192	244000	-0.0036411844	997.553	0.0	-2.9269714	1.1116812	-8.046628e-10	96.04006505012512
61	0.24973106	22.751219	33.64587	-49.271076	352.77777	-12.013992	0.0068394295	-11.937762	-12.016976	248000	-0.024889324	1159.4956	0.0	-24.42978	1.1141737	2.026558e-09	98.27184820175171
62	28.350195	19.393486	54.30092	3.100861	601.6667	-10.413979	0.003011401	-10.395955	-10.416047	252000	-0.006215414	934.3894	0.0	-50.401184	1.1396583	1.3411044e-10	101.85082602500916
63	-9.815555	45.96933	48.32833	-102.40116	576.3333	-8.058905	0.0038938718	-8.020331	-8.060805	256000	0.022629399	816.15967	0.0	-3.194519	1.0856819	6.407499e-10	104.87637710571289
64	-8.338157	36.171856	57.534023	-60.387493	546.1429	-7.35303	0.0034627644	-7.3002367	-7.354717	260000	0.003371179	846.1435	0.0	-1.4803162	1.1402454	3.72529e-10	108.16029787063599
65	-4.1670713	50.69504	105.341705	-59.319756	414.875	-6.9269686	0.0020492144	-6.91075	-6.92779	264000	0.022169176	1046.098	0.0	-2.8662415	1.074093	-2.5480986e-09	110.550057888031
66	-6.928911	22.39222	23.736584	-37.82313	477.66666	-6.33559	0.0023747478	-6.308223	-6.336794	268000	-0.016006948	885.57495	0.0	-8.033966	1.0784867	8.940697e-10	113.39777898788452
67	-10.699313	46.86433	36.750984	-110.21699	308.81818	-5.333666	0.0024293736	-5.308864	-5.334428	272000	-0.0009127632	1491.0813	0.0	-1.6548462	1.0910959	-2.6673077e-09	115.4241509437561
68	-9.402226	65.189445	72.32138	-142.53069	378.5	-5.738198	0.001271988	-5.7215195	-5.73866	276000	-0.027938172	1233.3486	0.0	-4.6564026	1.0552657	2.1755695e-09	117.78922200202942
69	-0.07052335	36.91962	65.5033	-63.81413	281.45456	-6.534546	0.001293558	-6.5201454	-6.5349336	280000	-0.017771857	1762.302	0.0	-0.25787354	1.045356	2.041459e-09	120.31579494476318
70	-15.911181	40.982754	40.009895	-131.78137	321.58334	-6.7606544	0.00075042056	-6.751281	-6.760887	284000	0.00014231354	1394.2684	0.0	-10.62738	1.0200382	-1.7881394e-09	122.61732506752014
71	76.56862	159.06134	217.62384	-198.98906	643.8	-7.972991	0.001437185	-7.960988	-7.973505	288000	-0.06373771	1663.907	0.0	-95.666565	0.90915185	-1.5348196e-09	124.75355410575867
72	69.53267	94.0147	143.44171	-91.754776	850.5	-4.4575253	0.0010842787	-4.4421554	-4.45789	292000	-0.013200246	969.29724	0.0	-54.464752	0.8878064	7.4505807e-10	127.48207521438599
73	-15.973293	106.70912	179.9143	-152.41808	407.55554	-1.6080717	0.00036963678	-1.6020685	-1.6081703	296000	-0.08389472	1622.5176	0.0	-9.6571045	1.0216134	-6.8545336e-10	129.523295879364
74	39.127644	79.226204	163.35799	-70.3238	515.0	-2.624896	0.0004152852	-2.619679	-2.625042	300000	-0.048329473	1045.7253	0.0	-6.8945923	0.9414369	-8.4936624e-10	131.81365084648132
75	30.690561	112.967476	173.02295	-145.45798	578.5	-1.7168347	0.0004518861	-1.7075078	-1.7169551	304000	-0.05181117	1135.6785	0.0	-8.185181	0.8883412	2.384185e-10	133.97200894355774
76	-109.95099	85.84115	55.31073	-196.5764	564.1667	-0.5864978	0.00015802337	-0.5844562	-0.5865512	308000	-0.07046452	1705.6641	0.0	-108.88928	1.0513029	-9.685754e-10	135.85815691947937
77	-17.078781	100.89329	164.94194	-123.462265	516.2857	-4.398046	0.0006036061	-4.388746	-4.398232	312000	-0.08181309	1354.0933	0.0	-1.95047	0.98024046	-7.599592e-10	138.02071809768677
78	-134.64145	17.772528	-115.07376	-160.49672	744.25	-5.1392407	0.0018566751	-5.106911	-5.1396065	316000	0.005903128	892.75745	0.0	-47.353195	1.0704134	1.6391277e-09	140.10950803756714
79	-41.01401	142.77937	158.61205	-231.1429	573.1667	-7.711535	0.00148885	-7.6860113	-7.711975	320000	-0.03715494	1837.9596	0.0	-4.6953125	0.96192086	4.4703477e-11	142.87735390663147
80	-87.76554	75.36727	27.10004	-178.25607	606.1667	-8.659775	0.0021062312	-8.626725	-8.660612	324000	-0.00089259725	1723.779	0.0	-53.68219	1.0069911	2.5629998e-09	145.45945811271667
81	76.80255	89.82947	170.8967	-67.50206	694.6	-11.45292	0.00074394286	-11.4443655	-11.453211	328000	-0.11670589	1035.197	0.0	-130.17926	0.98223215	-3.1292435e-10	148.1650631427765
82	1.2625351	121.799484	197.4491	-131.61636	841.75	-7.423019	0.0015418929	-7.4059143	-7.4236298	332000	-0.053224325	941.8133	0.0	-7.7507324	1.019027	-2.1904707e-09	151.00821495056152
83	6.143466	79.193825	140.17612	-84.98143	744.8	-6.1840305	0.0007677701	-6.174138	-6.1843433	336000	-0.067176856	870.67065	0.0	-8.850204	1.020607	-1.6987325e-09	153.52139902114868
84	76.81025	57.079823	135.921	6.2354817	845.0	-5.0500107	0.0006684372	-5.0404577	-5.050261	340000	-0.06088329	840.75854	0.0	-63.668518	0.9200356	7.3015693e-10	156.35108709335327
85	25.732946	68.61556	112.35534	-67.72725	824.75	-2.0589294	0.00045883717	-2.0548859	-2.059135	344000	-0.090423204	801.23755	0.0	-11.1441345	0.98486876	2.4586915e-09	159.10914087295532
86	49.767124	95.86133	174.5576	-76.296295	779.0	-0.67218214	0.0002518833	-0.66793424	-0.6722693	348000	-0.042733967	1011.9794	0.0	-11.624939	0.95551527	-9.089708e-10	161.8208827972412
87	103.8598	100.95296	212.23903	-88.213554	600.6667	0.6648141	1.5018143e-05	0.6648724	0.6644064	352000	-0.14644766	1074.8013	0.0	-58.388763	0.9745393	-7.599592e-10	163.840961933136
88	84.86186	137.9537	217.78737	-106.99142	626.2	3.602787	0.00026375157	3.6028817	3.5986726	356000	-0.037405033	1205.8099	0.0	-24.190521	0.8496844	4.0233137e-09	166.3809299468994
89	-46.12934	51.45244	67.850555	-105.96785	422.25	5.6020555	0.000309776	5.6022058	5.59875	360000	0.015045736	1728.1077	0.0	-81.57495	0.9522156	-3.0100344e-09	168.34061408042908
90	125.40454	84.87483	231.13002	-21.409575	653.6	2.309168	0.00016829655	2.3092272	2.3068228	364000	-0.04594423	821.49475	0.0	-50.377502	0.85612845	-1.2516975e-09	170.8132131099701
91	69.467674	105.94964	187.96559	-54.874638	632.8	4.7601633	0.0009154237	4.760439	4.7479506	368000	-0.0686129	918.26416	0.0	-4.1325684	0.9635693	3.0845404e-09	172.8185839653015
92	105.282616	103.4779	201.91017	-51.015827	660.2	5.6687517	0.0008839951	5.669072	5.6586466	372000	-0.06681111	938.5609	0.0	-17.47049	0.8844011	6.407499e-10	175.50090789794922
93	-10.697708	116.16995	194.90546	-165.60326	589.8	7.272676	0.001207925	7.273098	7.250421	376000	0.015120793	2065.6028	0.0	-48.864685	0.9179326	-1.7881394e-10	178.2417540550232
94	103.98789	134.03284	245.70679	-96.99559	482.57144	4.712885	0.000518772	4.7130713	4.7072005	380000	-0.10797372	1290.6724	0.0	-42.5	0.9306548	-1.9818545e-09	180.540785074234
95	-63.24408	90.6662	102.20716	-149.63705	620.2	7.0272274	0.0011680427	7.027604	7.010431	384000	0.03404703	1437.9341	0.0	-89.97443	0.9554273	-3.144145e-09	183.31324791908264
96	102.658	101.95038	222.133	-63.563297	694.6	3.6655104	0.0005772128	3.6656935	3.6556873	388000	-0.09324908	946.3559	0.0	-17.407654	0.932166	-3.2782554e-10	185.83785390853882
97	114.89174	47.940025	163.20752	43.671066	880.0	5.024501	0.000776478	5.024787	5.014611	392000	-0.09125002	597.78296	0.0	-11.438812	0.9450987	5.6624416e-10	188.62961888313293
98	40.909233	92.63539	218.31062	-42.04693	678.2	6.369956	0.00070814847	6.370202	6.3586483	396000	-0.044329297	702.3622	0.0	-3.3453674	0.97908795	-2.3394824e-09	191.0141191482544
99	91.20148	120.54736	259.9341	-15.441475	561.2	5.734782	0.0005040303	5.735047	5.73042	400000	-0.049505655	1045.7582	0.0	-6.0018616	0.9102911	2.026558e-09	193.2855999469757
100	39.132717	119.74111	211.95465	-137.05473	592.5	6.637191	0.00047517434	6.6374297	6.6331096	404000	-0.03352161	1299.8435	0.0	-6.6596375	0.9071384	3.5911798e-09	196.2233440876007
101	13.2633	65.79166	87.193375	-88.41038	860.25	5.6784644	0.0004583364	5.6786795	5.6743517	408000	0.03193365	505.59192	0.0	-18.629562	0.8951113	3.0398368e-09	199.3838300704956
102	-6.788333	24.830362	29.795141	-32.87248	774.8	3.9208167	0.0003168273	3.920958	3.9155931	412000	0.01190187	516.3148	0.0	-18.105637	0.9839872	1.5497208e-09	204.0524878501892
103	118.1913	49.90615	167.36372	35.61407	919.75	2.141543	0.00017461201	2.1416345	2.139987	416000	-0.10415396	565.6918	0.0	-47.206436	0.95779395	4.1723253e-10	207.32643699645996
104	139.60818	70.871925	188.98633	17.943136	753.5	4.8063374	0.00039205304	4.8065066	4.802223	420000	-0.11248704	574.524	0.0	-45.094772	0.9731137	2.682209e-10	210.42605590820312
105	39.223866	69.29923	157.82799	-12.157286	849.0	7.6084538	0.00066825206	7.608812	7.603727	424000	-0.06824768	617.9718	0.0	-7.6596375	0.958404	2.6822091e-09	214.1080150604248
106	62.216225	132.70912	245.88942	-83.188324	743.4	6.6125236	0.00066552794	6.6128235	6.605311	428000	-0.09027928	999.03406	0.0	-0.82962036	0.9433261	-2.2053719e-09	216.96482300758362
107	71.9115	98.82562	228.82744	-29.668959	900.25	6.174999	0.0006857666	6.17533	6.169104	432000	-0.03481296	415.63135	0.0	-0.00022888184	0.92185473	9.089708e-10	221.424222946167
108	65.53436	68.16669	182.81718	19.823997	976.0	6.176302	0.0007501113	6.176661	6.1663013	436000	-0.021783758	533.07715	0.0	-2.0593414	0.9097344	8.3446494e-10	224.70048189163208
109	18.404442	86.68711	160.4778	-67.88757	752.5	5.569715	0.00082043913	5.5701127	5.563519	440000	-0.08095675	597.7439	0.0	-11.591537	0.96169996	-3.4570693e-09	227.7956919670105
110	4.1419134	24.245743	28.784872	-35.09351	1000.0	4.0762587	0.0004664266	4.0765104	4.0715966	444000	-0.04974427	217.53125	0.0	-12.96508	0.9602357	1.7285346e-09	232.1033639907837
111	-2.5717697	83.40691	107.13987	-102.56047	860.5	2.4409885	0.00022841999	2.4411044	2.4389539	448000	-0.04116325	511.13776	0.0	-6.6975555	0.947171	-1.1473894e-09	235.32043480873108
112	59.48962	103.39354	208.15831	-63.718582	754.75	1.227827	6.0075326e-05	1.2278543	1.227162	452000	-0.10287703	760.3918	0.0	-4.423828	0.98007876	-1.3560056e-09	238.44178819656372
113	-18.725348	84.960915	72.534584	-157.88338	934.0	2.1280813	0.0001713748	2.1281767	2.126697	456000	-0.018266533	496.30743	0.0	-18.175774	0.99697155	1.490108e-11	241.71994400024414
114	33.974693	53.0345	115.93926	-42.610382	711.4	0.2364169	4.5137782e-05	0.23691183	0.23639256	460000	-0.048973	582.4796	0.0	-4.184326	0.918944	1.1175871e-09	243.99754810333252
115	13.370132	38.146496	74.26099	-23.058155	1000.0	1.0940356	8.823112e-05	1.0940895	1.0931518	464000	-0.054568253	277.17126	0.0	-6.547882	0.983991	-8.642674e-10	247.55029010772705
116	33.576645	85.77778	146.01428	-92.84338	863.75	-0.054685388	7.208124e-05	-0.054054603	-0.054730937	468000	-0.06226294	617.3353	0.0	-2.553711	0.8970989	-2.0265578e-09	250.56582021713257
117	93.04535	54.807648	186.33986	49.151062	918.25	0.65164495	1.060913e-05	0.6516501	0.65149176	472000	-0.0828441	450.19427	0.0	-18.104263	0.93828964	1.6093255e-09	253.77440190315247
118	63.347374	52.00617	124.86517	-11.665836	862.0	2.7280712	0.0002133939	2.728173	2.7257504	476000	-0.0072514247	471.1662	0.0	-0.60653687	0.9783239	-1.4156103e-09	257.5669250488281
119	57.585175	32.998493	91.65199	13.002287	1000.0	2.4219441	0.00021073743	2.4220726	2.4197469	480000	-0.044918843	223.10818	0.0	-0.04170227	0.93580955	1.5944243e-09	261.1748950481415
120	29.274895	88.32167	154.42018	-54.35442	680.75	2.5041528	0.00018024279	2.5042462	2.5025866	484000	-0.05518556	548.6563	0.0	-1.5257721	0.9713259	9.834766e-10	263.78610610961914
121	70.37071	23.404865	86.09622	29.980019	1000.0	3.1348538	0.00040612087	3.1350615	3.1307275	488000	-0.04146605	202.18619	0.0	-1.2149811	0.9661617	-2.875924e-09	266.7294251918793
122	71.97846	72.47551	129.26588	-52.315056	878.25	3.7283964	0.00034596483	3.7285676	3.7255158	492000	-0.036537	417.82788	0.0	-0.0013809204	0.97753304	1.3262034e-09	269.56238412857056
123	85.069725	31.118244	129.04033	50.337723	1000.0	3.7767308	0.00032982742	3.7768767	3.7736213	496000	-0.04868401	169.81607	0.0	-4.8556824	0.9374231	3.144145e-09	272.719496011734
124	-2.9125767	104.25472	150.23494	-117.55082	847.0	4.955417	0.0008318164	4.95584	4.9493227	500000	-0.003025867	779.0532	0.0	-24.197601	1.0313706	6.8545347e-10	275.4748661518097
125	72.70747	47.916965	125.345116	22.46315	924.75	2.3642218	0.00041029838	2.3644114	2.3599498	504000	-0.11156899	297.55106	0.0	-6.5178375	0.96840847	1.6540289e-09	278.95913219451904
126	74.5577	31.46725	113.47	31.920923	1000.0	3.6444206	0.0004181456	3.644649	3.6408815	508000	-0.06789938	164.13914	0.0	-1.7238274	0.96631545	2.0563602e-09	282.2159221172333
127	116.929855	53.689266	192.14774	40.91473	920.5	4.423043	0.00058313564	4.4233546	4.4185967	512000	-0.09452155	373.6474	0.0	-16.211212	0.97857463	-1.6838312e-09	285.7421941757202
128	74.44661	21.697351	100.53934	41.282753	1000.0	6.6684384	0.0009151159	6.6689415	6.661122	516000	-0.0663075	177.3792	0.0	-2.8335762	0.9924679	-1.5497207e-09	288.4812321662903
129	63.679756	15.940922	80.6752	41.34574	1000.0	5.8016453	0.0007097385	5.8020225	5.7943716	520000	-0.055149548	143.02713	0.0	-0.47889328	0.98633873	-2.4735929e-09	291.8209729194641
130	70.56358	27.025242	97.71652	25.899717	1000.0	5.3675213	0.000914206	5.3680577	5.361306	524000	-0.068314664	178.3551	0.0	-1.5875854	0.98148614	-5.9604643e-10	295.3616979122162
131	95.00336	29.247126	141.363	68.07789	1000.0	4.6261396	0.0006213107	4.6264153	4.6199245	528000	-0.04927484	196.56381	0.0	-3.771881	0.94886106	-2.8908254e-09	298.68011808395386
132	64.64632	24.290384	105.43819	44.41493	1000.0	5.7473435	0.00040757412	5.7476006	5.7430415	532000	-0.08571266	113.9087	0.0	-0.7017212	0.99378747	6.8545336e-10	302.78887915611267
133	67.148384	14.840707	86.55974	48.127632	1000.0	5.2818456	0.0004969684	5.282104	5.278133	536000	-0.0658585	133.25008	0.0	0.0002975464	0.981563	-1.1473894e-09	305.1360991001129
134	51.810707	11.468006	71.55881	43.25684	837.75	5.2786016	0.00029945062	5.2787814	5.276189	540000	-0.071854055	247.64128	0.0	-0.18156815	0.98407364	-2.7269125e-09	308.0603771209717
135	-13.7274685	85.25716	89.19469	-138.40091	891.25	5.01453	0.00030185547	5.0147247	5.010943	544000	-0.03452366	477.6991	0.0	-54.207962	0.97549284	-3.8743017e-10	311.4735469818115
136	79.72009	49.448	136.89238	19.195396	978.75	0.55617213	1.17413565e-05	0.5561787	0.5560297	548000	-0.10237943	283.21558	0.0	-25.321678	0.96769917	1.6242266e-09	314.3906979560852
137	0.75930977	68.715965	70.37979	-97.44336	900.5	3.388262	0.00021952871	3.3883986	3.385992	552000	-0.036332343	331.14197	0.0	-11.712906	0.9753122	-2.4288893e-09	317.13277411460876
138	40.199356	63.533474	88.427795	-68.15712	1000.0	1.4800866	0.000102119986	1.4801505	1.478889	556000	-0.09660593	121.80016	0.0	-0.5577469	1.0144757	5.5134297e-10	320.9961030483246
139	29.39924	53.050995	104.15821	-45.83906	958.25	0.9576733	4.623433e-05	0.9577001	0.95731497	560000	-0.09083936	243.7801	0.0	-0.062187195	0.9877043	-1.8030404e-09	323.9008550643921
140	-18.455053	68.19655	46.529427	-127.7822	960.25	1.099978	4.3811648e-05	1.1000116	1.0996885	564000	-0.05030358	320.7914	0.0	-14.476067	0.9949487	2.5331975e-10	327.1105229854584
141	-11.500278	83.92679	129.53935	-91.13364	1000.0	-1.2196536	7.8985206e-05	-1.2191154	-1.2197121	568000	-0.096688345	143.86322	0.0	-4.731409	1.0136662	-3.6209822e-09	330.55392599105835
142	54.43364	59.6147	114.59807	-39.260925	1000.0	-2.634666	0.00036439954	-2.6316009	-2.6349108	572000	-0.0986652	229.34354	0.0	-19.161766	0.98624885	-2.1755695e-09	334.13407707214355
143	-64.67923	68.78438	39.737522	-152.17296	994.25	0.030538883	1.6576501e-05	0.03063725	0.030527502	576000	-0.029491156	469.8183	0.0	-49.21884	0.9975802	-6.8545336e-10	337.7152650356293
144	-11.033184	34.67556	47.034557	-38.731346	1000.0	-4.062564	0.00029593435	-4.0602627	-4.062778	580000	-0.090715244	98.124054	0.0	-0.96801376	1.0013962	-1.3560056e-09	341.10762000083923
145	15.140567	46.34985	76.07848	-34.254074	1000.0	-3.5962923	0.00032015436	-3.5942433	-3.5965276	584000	-0.09418686	163.87543	0.0	-5.2231827	0.98142016	2.8312208e-10	344.56422901153564
146	34.351646	19.337118	57.95918	12.961206	1000.0	-2.1904497	0.00026854777	-2.1882467	-2.190629	588000	-0.08927718	78.98342	0.0	-9.527994	0.98325384	-2.3990872e-09	348.0804920196533
147	-13.137867	72.10909	76.95642	-124.388054	983.5	-0.2702606	4.5961955e-05	-0.26989743	-0.27029756	592000	-0.03679003	299.64636	0.0	-2.8132858	0.9935807	-4.515052e-09	351.70092701911926
148	37.32706	21.276731	68.737656	12.611334	1000.0	-1.2519501	0.00017898175	-1.250474	-1.2520721	596000	-0.09231366	127.041565	0.0	-6.856411	0.99942064	-1.9818545e-09	355.10485911369324
149	30.61297	38.796482	69.15053	-33.445087	1000.0	0.34732404	4.0127234e-06	0.34732705	0.34728998	600000	-0.10977863	92.20845	0.0	-0.5842743	1.0081493	2.8908251e-09	358.4715270996094
150	72.06634	13.38258	87.50754	50.73001	1000.0	0.8842669	6.896598e-05	0.8843081	0.88347757	604000	-0.09969243	132.54509	0.0	-7.0857315	1.0031009	-7.748604e-10	361.5264801979065
151	70.838745	18.135664	98.79337	53.49515	1000.0	2.6034577	0.00023374942	2.6036022	2.6009452	608000	-0.089934334	126.13879	0.0	-1.7202759	0.9924963	1.7434358e-09	364.53976607322693
152	96.4378	23.735535	132.87738	72.34536	1000.0	3.5056612	0.00029435795	3.5058234	3.5031626	612000	-0.075671025	156.14703	0.0	-7.2300034	0.9530858	1.7136336e-09	367.4470040798187
153	97.88844	20.460802	130.89923	74.80151	1000.0	5.29798	0.0004567843	5.2982693	5.2939267	616000	-0.07636878	145.07758	0.0	-1.5153198	0.97881085	-1.0430813e-09	370.52862906455994
154	104.719315	18.243486	129.93365	79.36249	1000.0	6.1674833	0.0003920722	6.167719	6.1632495	620000	-0.08518121	150.44366	0.0	-1.3920746	0.97819173	-1.1026859e-09	373.9051630496979
155	61.23465	55.547615	114.998886	-15.728663	751.6	6.98857	0.00048420162	6.9888906	6.9834437	624000	-0.017118573	612.0068	0.0	-11.121971	0.9625037	5.066395e-10	376.39146304130554
156	78.979515	53.818707	124.52749	-9.69794	849.25	4.72473	0.00043469807	4.7250066	4.7212744	628000	-0.041200675	337.22183	0.0	-1.3840103	0.97806346	2.384186e-10	378.9692380428314
157	42.397285	66.551	117.545685	-49.399715	769.8	5.48676	0.0005656092	5.487106	5.4799047	632000	-0.007684583	605.8533	0.0	-6.867096	0.9728584	1.6540289e-09	381.6710820198059
158	43.71918	64.23849	118.880844	-57.925007	895.0	3.6776547	0.00060940045	3.678078	3.672272	636000	-0.051216174	282.33273	0.0	-0.026763916	1.0024036	4.768372e-10	384.8972918987274
159	66.88473	25.86637	107.14106	37.207607	1000.0	3.7309155	0.0013309448	3.73222	3.7202752	640000	-0.08727065	104.51809	0.0	-7.2681694	0.9602598	1.937151e-10	388.2143669128418
160	80.066185	27.333632	117.089775	52.646908	1000.0	4.2479634	0.5622513	4.76035	3.3982563	644000	-0.10050371	113.50647	0.0	-22.524725	0.9857308	-7.5995915e-10	392.07971596717834
161	72.17581	17.34119	91.37684	45.845226	1000.0	4.8040257	3.8668032	7.4665723	-1.3929445	648000	-0.0876963	89.89382	0.0	-0.6537781	0.983522	1.6242265e-09	395.16365599632263
162	3.617138	92.06142	84.82449	-151.34062	926.25	5.996134	3.4967136	7.5095305	-2.9771168	652000	-0.03656786	433.07135	0.0	-96.925255	0.999305	2.6524067e-09	398.219847202301
163	74.298874	23.004642	99.638985	37.000412	1000.0	-1.5643216	2.2861974	4.353287	-4.0282793	656000	-0.076677814	136.22151	0.0	-33.62991	0.93979776	2.5331973e-10	401.7413990497589
164	-0.57089806	83.87525	61.3629	-144.64465	994.25	3.6043923	3.6359591	5.695141	-4.266632	660000	-0.011912756	381.5761	0.0	-84.53535	0.9816048	-1.2516975e-09	404.81048488616943
165	57.755165	23.814142	98.583374	40.364887	943.25	-1.4372768	4.0546713	6.6590595	-6.29007	664000	-0.134411	254.02902	0.0	-42.486877	0.9412534	3.1590461e-09	408.2987780570984
166	62.74758	58.78617	162.52107	13.854618	928.5	2.5095057	3.4767299	6.4298882	-4.6501293	668000	-0.114623934	226.71173	0.0	-12.504612	0.95232904	8.642673e-10	411.1524221897125
167	50.81896	11.912759	66.09327	37.867115	1000.0	2.0097675	2.574044	5.9422007	-4.401017	672000	-0.07364935	60.775425	0.0	-8.470812	0.945534	-7.897616e-10	414.75703287124634
168	72.174614	32.010944	112.18834	26.487047	924.75	3.0778234	3.557803	7.5850964	-6.7136497	676000	-0.111940295	202.8302	0.0	-8.186481	0.9386208	-3.1590461e-09	418.5760340690613
169	42.146343	47.563854	72.345406	-40.16953	895.25	4.4485807	3.6420808	8.897465	-5.775503	680000	-0.01711023	271.72174	0.0	-37.2612	0.9155208	-5.960464e-11	421.3890380859375
170	89.31918	35.088737	136.01091	43.015133	1000.0	3.1243107	5.515685	10.897192	-9.159913	684000	-0.044099122	112.86162	0.0	-17.541645	0.9354533	-5.0216915e-09	425.0453600883484
171	106.242744	14.063979	121.743095	85.461205	1000.0	3.9900646	6.4662533	11.735916	-6.5212865	688000	-0.06704862	103.512596	0.0	-12.161499	0.9209517	-4.529953e-09	428.28655314445496
172	55.205635	64.20304	128.43817	-43.49645	895.0	8.168055	6.979879	13.898624	-3.472808	692000	-0.04658088	375.73898	0.0	-26.608631	0.9220981	-3.874302e-10	431.50643396377563
173	63.451046	65.130516	151.62222	-29.809488	869.75	5.19096	5.3779655	10.628933	-1.7906554	696000	-0.06444269	297.2855	0.0	-42.57373	0.90522724	4.068017e-09	434.1400098800659
174	61.312584	109.78199	131.42537	-128.58408	820.75	3.4747598	5.416319	11.431908	-5.66011	700000	-0.06695174	633.06036	0.0	-70.71481	0.9249226	-1.3858079e-09	436.8269259929657
175	56.549805	79.99501	112.213196	-81.14971	909.0	1.8885757	6.764	13.841999	-3.9685016	704000	-0.038198747	270.87433	0.0	-15.962769	0.9226924	5.96046e-11	440.17509508132935
176	-0.2955597	108.141396	157.29494	-127.26686	636.4	4.3920302	8.513588	16.262947	-5.025427	708000	-0.036426246	863.5388	0.0	-53.00081	0.9277663	6.109476e-10	442.8084030151367
177	47.4718	94.2263	173.41286	-91.15376	828.75	-1.2663838	10.352191	18.66037	-8.380309	712000	-0.050465673	536.7101	0.0	-21.634888	0.9424341	1.5944241e-09	445.83673310279846
178	103.43208	94.41334	195.45584	-54.54714	755.25	1.4820186	9.935463	19.2467	-6.990943	716000	-0.094155245	425.77356	0.0	-19.97586	0.9188962	1.6838313e-09	448.54700803756714
179	-55.160908	53.877815	36.737007	-117.722595	659.2	3.7865217	9.5591955	20.586086	-4.5239353	720000	0.02356672	744.8948	0.0	-144.05486	0.9280963	2.667308e-09	451.0991699695587
180	40.122353	56.41621	86.43387	-55.285732	906.25	-3.1789494	10.351147	21.824993	-11.618458	724000	-0.049095422	275.13956	0.0	-44.499557	0.8536353	2.667308e-09	454.1272449493408
181	52.740807	86.95632	166.11844	-66.19445	858.75	-1.7945405	10.645251	22.248898	-10.558075	728000	-0.08264811	440.14178	0.0	-15.163483	0.91762793	-4.6193593e-10	456.99134516716003
182	3.489191	35.828094	52.478607	-42.41422	904.5	1.886138	10.435516	22.653454	-9.659221	732000	-0.040405083	226.33061	0.0	-36.17996	0.9078019	1.9520523e-09	460.03214406967163
183	-52.53158	83.688515	87.73815	-117.99529	941.0	-3.4409163	8.229312	22.969858	-13.729768	736000	0.022137396	374.34387	0.0	-95.20196	0.9588777	1.7881394e-09	462.81791615486145
184	-43.31062	90.038445	87.645744	-153.48912	945.0	-6.9563875	13.467132	24.53217	-23.172144	740000	0.037461482	377.18735	0.0	-25.944397	0.9485239	3.2633543e-09	465.68255400657654
185	24.888119	54.742916	96.39532	-40.406216	1000.0	-6.1706486	11.910512	24.92898	-24.325237	744000	-0.047164135	130.33624	0.0	-49.787285	0.950139	2.5331974e-09	469.2584619522095
186	50.43191	36.587177	109.24452	11.33153	1000.0	-2.0139673	9.447541	25.253536	-22.19212	748000	-0.019545957	120.645775	0.0	-36.22777	0.94259	1.8477441e-09	473.4038510322571
187	76.73355	32.27709	112.537254	29.087957	958.0	0.069492616	7.6792316	25.317366	-8.577492	752000	-0.12541133	187.47969	0.0	-32.16031	0.8812197	-9.536744e-10	476.33404302597046
188	112.72768	64.71341	196.44458	27.745426	861.0	5.8724523	7.1735954	25.497032	-2.194357	756000	-0.10328798	307.1489	0.0	-25.418108	0.84680766	3.144145e-09	479.1464560031891
189	54.033337	54.18002	92.25514	-39.217587	893.5	6.8693805	4.5369024	26.212364	-2.3052201	760000	0.016767614	286.3187	0.0	-66.12167	0.8917084	-1.2516974e-09	482.33973002433777
190	132.53491	62.942974	233.36487	59.848583	939.25	8.114518	10.602517	26.73859	-3.2378774	764000	-0.059404448	175.57312	0.0	-58.982002	0.83575964	1.3560056e-09	485.1550269126892
191	64.51269	62.174152	104.33248	-43.094505	816.5	7.338913	11.4779215	27.703846	-2.8889456	768000	0.01999817	389.10367	0.0	-78.58873	0.8953762	6.8545347e-10	487.88654613494873
192	94.02341	29.700436	140.43422	64.17144	1000.0	3.9501863	8.484586	23.376091	-2.8445387	772000	-0.03079414	64.38601	0.0	-20.568848	0.8893719	4.5895576e-09	490.81943011283875
193	99.58882	19.059978	126.59045	75.58045	1000.0	6.1435423	10.942127	26.261047	-2.739818	776000	-0.04409554	36.802246	0.0	-2.7929401	0.8465399	-1.847744e-09	494.1273241043091
194	58.79322	92.51986	212.37938	-37.922684	521.2	10.72092	11.469612	26.843546	-2.2369127	780000	-0.03570199	750.2709	0.0	-173.1076	0.90824866	-6.705522e-10	496.66360211372375
195	107.36806	20.629246	140.64569	86.51795	1000.0	3.0995371	9.22874	27.037138	-1.99376	784000	-0.024040077	92.227905	0.0	-45.558796	0.8614313	-2.2053719e-09	499.75260305404663
196	123.2297	48.91135	178.85838	52.986973	646.4	12.777754	14.002281	28.461592	-1.7071965	788000	-0.12928966	468.27533	0.0	-64.90144	0.90577	1.5944241e-09	502.2123329639435
197	43.2369	73.443954	144.90079	-47.844322	730.0	9.435588	10.26267	28.609234	1.0623034	792000	0.018345859	438.42465	0.0	-55.649124	0.89947236	4.082918e-09	505.4056680202484
198	14.580957	88.50012	186.08162	-57.58526	342.75	9.501296	11.575913	29.170704	-1.6943829	796000	-0.01645619	1520.5518	0.0	-165.06598	0.8577775	-8.940697e-10	507.4112479686737
199	104.4183	105.560875	199.44298	-63.712383	630.5	2.4653325	13.013299	30.308983	-5.9186974	800000	-0.057598624	663.55115	0.0	-98.6763	0.8090953	2.2500752e-09	509.88008999824524
200	91.597885	92.01631	200.09013	-26.646284	562.8	7.392873	12.939114	31.434507	-2.3964424	804000	-0.070768505	703.9403	0.0	-29.357117	0.7991632	1.1473894e-09	512.1463029384613
201	101.60645	114.46862	241.8653	-72.96045	453.57144	9.899861	13.738364	33.16541	-1.0496521	808000	-0.07373895	997.3658	0.0	-19.406296	0.7760105	6.2584876e-10	514.3726749420166
202	78.43145	120.586975	247.57751	-33.163765	483.85715	11.2655115	13.439124	34.817142	0.45834547	812000	-0.04977039	846.3401	0.0	-102.651306	0.8946134	8.3446494e-10	516.3026390075684
203	125.005	69.29695	227.2563	40.266525	980.75	6.120053	12.390527	36.83337	-1.3253824	816000	-0.068170235	129.69519	0.0	-33.94893	0.8731382	9.536744e-10	518.7247741222382
204	1.6141866	85.50917	161.63884	-67.34187	468.5	12.012691	13.541988	37.53891	-1.2942482	820000	-0.011578716	1301.9497	0.0	-305.3562	0.8487687	-1.1622905e-09	521.1592681407928
205	31.952436	78.399155	145.98769	-82.35605	496.14285	6.2220607	13.104052	37.974636	-4.6374636	824000	0.0099852085	872.8873	0.0	-75.7554	0.77454686	-6.854534e-10	523.1350009441376
206	29.553827	74.704445	151.3845	-75.92521	638.6667	0.9272383	13.210919	38.36505	-6.8697815	828000	0.02379563	479.5231	0.0	-11.8449135	0.9064209	3.963709e-09	525.8109979629517
207	177.26276	62.556614	240.01215	78.36558	638.75	0.27380762	15.116412	38.757786	-8.508852	832000	-0.14479756	776.06146	0.0	-280.56348	0.74396896	1.0728836e-09	528.2606799602509
208	57.788677	112.13422	223.46564	-62.741333	450.0	12.83489	14.506127	39.69013	-2.1149611	836000	-0.044184044	1136.6035	0.0	-186.0238	0.7958247	3.531575e-09	530.4389801025391
209	102.87616	38.98763	169.94377	74.5501	870.75	4.069663	11.986841	39.52432	-2.962506	840000	-0.06860102	223.69852	0.0	-29.839159	0.8607434	-3.248453e-09	533.3030598163605
210	55.8178	103.220184	219.49492	-70.83893	581.5	12.344736	14.545694	40.235226	-1.409064	844000	-0.039776348	761.22644	0.0	-75.05679	0.8701774	1.8328428e-09	535.46772813797
211	155.27756	52.3535	231.51982	99.47014	814.75	4.234126	13.636595	40.94348	-4.0557065	848000	-0.1023635	386.42517	0.0	-119.41208	0.8403661	-2.0712614e-09	537.8755879402161
212	118.88492	83.8146	200.1963	-27.429705	623.0	12.726102	14.512438	42.216125	-1.4906498	852000	-0.1306928	597.24713	0.0	-53.688828	0.7854285	3.680587e-09	540.2651629447937
213	34.869473	99.40528	198.45702	-75.83622	636.8333	11.525923	10.991432	42.441223	0.26159966	856000	-0.019204825	873.57043	0.0	-114.1651	0.87073135	-1.0728836e-09	543.5180888175964
214	119.67429	101.32653	214.5278	-64.31898	599.0	9.270347	13.266905	42.638355	-4.547597	860000	-0.09336009	624.38306	0.0	-49.223923	0.8683666	2.4288893e-09	546.0459141731262
215	44.67968	93.13707	164.36806	-97.04719	767.25	7.2119093	10.550647	41.597683	-3.4795735	864000	-0.066431	453.80975	0.0	-18.780045	0.8830259	-1.9371509e-09	548.780944108963
216	88.70238	50.440502	151.43132	25.058977	909.75	9.396004	8.782914	43.39946	-4.4589624	868000	-0.0696493	181.36699	0.0	-15.241665	0.87956077	1.3560058e-09	551.9837439060211
217	46.253937	67.10496	109.46832	-61.851826	883.25	8.161789	10.767992	43.506836	-4.1221404	872000	-0.040210247	330.48285	0.0	-61.338127	0.8264826	4.6193602e-10	554.7708349227905
218	27.18096	90.61595	139.73784	-110.66894	848.5	2.5061035	11.651421	41.950436	-9.96933	876000	-0.04976668	416.77905	0.0	-5.1692505	0.9402533	1.385808e-09	557.8315739631653
219	12.566061	91.983536	151.59906	-99.54116	850.75	-0.012669678	10.814916	42.367764	-9.712076	880000	-0.049783647	480.43207	0.0	-9.502924	0.94071513	1.5497207e-09	561.6702010631561
220	39.474773	13.852398	62.744736	26.967627	1000.0	-1.6842082	10.416455	43.170208	-13.617292	884000	-0.08182502	76.63062	0.0	-15.973948	0.9081385	2.7716158e-09	566.2032160758972
221	37.54103	80.81414	153.65169	-73.980934	871.5	1.6779354	9.785426	43.020226	-9.407861	888000	-0.06328135	434.73798	0.0	-158.72989	0.90465033	-1.2516976e-09	570.2596578598022
222	27.946182	82.257164	140.62544	-91.50073	910.75	-1.9813213	16.559793	44.02896	-32.431614	892000	-0.056465015	325.18823	0.0	-101.247025	0.9251585	-2.6226044e-09	573.0701770782471
223	-7.837059	35.103138	19.324495	-67.356155	905.0	2.013709	11.815872	43.37844	-30.273516	896000	0.02795254	249.28284	0.0	-66.92002	0.9467854	-4.7683724e-10	576.1453621387482
224	58.80291	39.8002	119.63381	9.045038	980.75	-0.977707	10.412546	43.92636	-24.400597	900000	-0.07605731	252.10207	0.0	-55.772224	0.9086968	7.7486034e-10	579.707948923111
225	43.091206	45.819824	114.938034	-0.034498323	920.75	3.0700562	10.024348	42.97191	-6.1706266	904000	-0.11090958	190.348	0.0	-45.82538	0.9040823	-3.4272662e-10	583.1379499435425
226	55.619026	13.312189	73.79959	41.84072	1000.0	2.648365	9.953713	42.975327	-5.940284	908000	-0.020910822	72.328926	0.0	-32.300278	0.8644699	-1.2069941e-09	586.7427170276642
227	73.27142	61.18618	173.87039	8.681413	888.5	1.0215043	11.799456	43.342964	-20.185972	912000	-0.111730754	219.5086	0.0	-70.87544	0.87042814	-1.758337e-09	590.9607532024384
228	48.117252	93.03349	178.69771	-45.141727	634.6667	6.095255	12.893064	44.77525	-15.241815	916000	-0.028609488	940.49	0.0	-409.06958	0.848701	-8.046628e-10	593.8792638778687
229	63.628124	40.33796	111.66076	0.82332915	1000.0	3.9055748	11.290475	46.264713	-25.058645	920000	0.039110586	104.54072	0.0	-70.97227	0.75034857	2.9802272e-11	597.0941050052643
230	53.296864	46.509907	90.36435	-24.752893	822.5	3.2465775	12.275059	47.05339	-32.881012	924000	0.0077439025	161.66089	0.0	-56.604553	0.84143734	6.407499e-10	600.8723080158234
231	59.912952	111.34596	188.02303	-92.560394	694.6	0.9064366	17.884783	47.04033	-39.076954	928000	-0.07359933	1028.8142	0.0	-398.08487	0.8760243	-1.475215e-09	603.5334100723267
232	101.5562	18.555815	130.99895	79.83767	1000.0	4.6354346	10.74667	47.09404	-6.70011	932000	-0.020929072	65.4238	0.0	-31.235209	0.8355812	-2.6822092e-10	606.6447501182556
233	40.8143	75.406746	102.63983	-87.66792	875.0	6.8702874	10.031474	41.28504	-3.5108318	936000	0.012247678	263.5308	0.0	-30.944996	0.8827033	1.4007091e-09	609.7125730514526
234	113.89017	23.114662	152.14388	92.24015	914.5	3.7078629	11.775484	47.50777	-5.8186727	940000	-0.090659365	176.7076	0.0	-46.390026	0.83046573	-3.3825636e-09	612.556962966919
235	79.03572	97.978676	210.25647	-93.907196	793.2	7.1461587	11.945539	47.836517	-3.9851134	944000	-0.04253979	429.17404	0.0	-79.495674	0.826417	1.4454127e-09	615.1313672065735
236	26.078125	61.879074	77.526474	-77.584335	697.0	9.266725	14.824032	48.585674	-6.747262	948000	0.007190531	486.26288	0.0	-110.43222	0.836994	2.0414592e-09	617.9297530651093
237	124.434	72.58739	209.71602	15.078946	697.4	6.3373055	13.737738	48.90074	-8.751526	952000	-0.091731824	499.50702	0.0	-167.74414	0.83866966	7.301569e-10	620.3559579849243
238	96.91199	10.129811	112.12674	85.54937	1000.0	9.654153	10.919693	47.688633	-6.704602	956000	-0.0238747	55.79664	0.0	-32.587196	0.8631343	5.2899125e-09	623.0934371948242
239	124.62583	29.843428	173.20088	98.233315	904.5	6.0015187	14.137117	49.229725	-26.20849	960000	-0.09590896	193.60457	0.0	-61.260715	0.8586987	2.0712614e-09	626.0058701038361
240	57.49119	77.03998	178.07277	-30.420225	676.4	13.123025	11.760573	49.70251	-11.875134	964000	-0.027244344	528.20233	0.0	-174.24521	0.8000177	-1.9967556e-09	628.4803261756897
241	115.25883	88.42773	207.81668	-30.978325	749.0	6.556812	15.359407	50.507187	-33.57244	968000	-0.06354446	584.58844	0.0	-156.08293	0.7966409	5.960465e-10	631.5980877876282
242	106.52846	77.5561	164.64055	-42.24797	609.2	10.759742	14.646093	49.856983	-11.773355	972000	-0.07816282	787.57043	0.0	-336.1285	0.79277456	4.4703485e-09	634.3533039093018
243	62.836475	100.88119	196.73003	-85.12124	765.5	10.06082	12.264264	51.41574	-22.378586	976000	-0.057669617	510.88556	0.0	-158.26733	0.860893	-1.3411044e-09	636.665197134018
244	104.13821	97.17825	230.64069	-13.835666	610.0	11.734877	15.8829775	52.186172	-25.355804	980000	-0.047044672	521.0171	0.0	-94.55513	0.8464323	1.2069942e-09	639.3401551246643
245	106.9532	68.90692	167.77661	-20.026995	758.0	12.63758	15.877317	53.233307	-32.95439	984000	-0.032903027	456.72717	0.0	-239.91243	0.83338964	-8.195639e-10	642.0918371677399
246	86.90899	10.052471	103.62546	76.76684	1000.0	5.515744	13.234981	40.45797	-26.417181	988000	-0.011521252	41.633484	0.0	-21.217342	0.8791269	1.3262034e-09	645.1547019481659
247	92.25353	80.697525	216.64723	-37.47921	756.8	2.2859645	19.555006	53.33561	-33.540085	992000	-0.058608886	301.49692	0.0	-124.07602	0.86204386	-1.7136336e-09	648.3805930614471
248	131.31866	35.723804	192.13742	102.46869	898.5	3.6251378	26.34859	54.54729	-36.444523	996000	0.0048716664	522.2993	0.0	-365.84106	0.69683397	-1.6242265e-09	651.0978169441223
249	56.220913	55.108337	98.711464	-38.24782	881.5	10.373244	11.584588	53.61183	-4.3909125	1000000	-0.0019544512	249.09709	0.0	-89.08578	0.85741454	3.7252903e-09	654.3884799480438
250	32.103817	100.25355	192.12752	-51.94119	504.8	10.233261	15.298085	53.360924	-27.176981	1004000	0.022228718	967.3439	0.0	-213.88312	0.87050974	-1.6689301e-09	657.1787261962891
251	99.04698	16.415018	126.94661	84.700455	1000.0	3.9389772	9.70516	44.66512	-7.5022197	1008000	-0.03335037	83.763504	0.0	-45.76826	0.8695724	4.4703484e-11	660.4917821884155
252	15.167726	55.617184	82.74829	-40.232475	722.25	7.336121	15.398657	53.809414	-32.909676	1012000	0.015072034	307.33466	0.0	-51.61754	0.90101326	-3.7252906e-10	663.3340280056
253	114.13296	86.50505	215.79417	-16.735264	692.8	2.9907856	15.877992	54.070538	-32.613132	1016000	-0.06745428	505.01453	0.0	-158.54108	0.8248313	-6.5714123e-09	665.929899930954
254	87.80556	91.65319	217.43886	-69.924644	771.8	4.7197146	18.280241	55.13448	-39.333458	1020000	-0.043037213	558.3307	0.0	-114.63374	0.8230652	9.536743e-10	669.7105770111084
255	137.82751	46.95365	188.94977	89.774086	749.0	7.954612	15.917669	54.732647	-34.450764	1024000	-0.121842824	361.43384	0.0	-163.91183	0.77203673	-4.3809414e-09	672.3873670101166
256	105.7335	67.442314	193.18451	-14.340021	791.6	9.842893	15.127145	54.562153	-23.080835	1028000	-0.067480534	429.47192	0.0	-142.6564	0.81064004	-3.1143426e-09	675.95268201828
257	18.229086	62.119633	89.74335	-44.756657	715.25	7.79908	10.92166	55.238964	-30.447163	1032000	0.040052835	370.12823	0.0	-162.2247	0.8685865	1.2367964e-09	678.7809331417084
258	60.88353	77.012	142.48697	-62.259712	801.75	9.465822	13.316665	56.017376	-16.924362	1036000	-0.059618108	286.12326	0.0	-74.80536	0.8578736	-2.9802327e-11	681.4959678649902
259	80.25484	103.28493	212.86125	-50.113262	647.4	5.8568573	19.454294	56.820972	-38.35625	1040000	-0.02140668	620.2368	0.0	-210.9746	0.82603025	3.7252903e-09	683.8540840148926
260	104.85228	16.727964	125.03288	79.564064	935.5	3.355809	14.135091	55.597054	-28.786257	1044000	-0.086991094	199.85477	0.0	-63.667336	0.8553543	4.470352e-11	686.5705678462982
261	103.81238	29.793453	155.10365	81.601234	915.25	7.773788	12.025557	53.28597	-13.626824	1048000	-0.08759013	85.37824	0.0	-36.833233	0.8472153	2.5480986e-09	690.0998170375824
262	70.7845	49.255104	108.72313	-13.551474	843.75	7.366949	12.260628	52.77234	-32.776768	1052000	0.006738061	195.86655	0.0	-72.29512	0.7958989	7.1525574e-10	692.7794239521027
263	111.57731	79.74504	207.65962	11.136073	662.0	4.780589	20.008698	56.908318	-37.695076	1056000	-0.07227005	398.96786	0.0	-160.49246	0.8269912	-3.7550927e-09	695.5854032039642
264	33.698845	60.430588	140.35193	-19.421814	600.8	12.295615	16.369936	57.665676	-31.728832	1060000	0.04212466	591.9934	0.0	-237.67921	0.8477205	8.642673e-10	698.4886708259583
265	120.74093	41.865948	189.96391	77.793495	875.75	1.9748776	14.25826	49.68845	-38.067265	1064000	-0.042453513	355.59485	0.0	-205.92503	0.7985686	-2.8461218e-09	701.7781600952148
266	62.923996	64.68805	110.01627	-46.98997	868.25	11.118283	10.331266	56.322174	-11.129855	1068000	0.010000568	306.84894	0.0	-95.81854	0.86915636	1.1324882e-09	704.9707219600677
267	43.526886	60.570023	114.18118	-22.178701	718.0	7.848738	14.049816	56.931164	-32.972263	1072000	0.022853648	344.92996	0.0	-119.90554	0.8915895	-1.2814998e-09	707.3608722686768
268	86.295074	61.801605	134.9013	-18.702927	864.25	2.3311646	17.292519	58.173206	-38.74983	1076000	-0.018497225	283.24982	0.0	-101.931015	0.8471644	-3.8743018e-09	709.8403730392456
269	107.30232	73.83539	203.77797	-10.969963	669.8	10.499785	18.08615	57.413635	-36.282734	1080000	-0.12244305	530.90564	0.0	-238.44897	0.86679226	-3.0398368e-09	712.9765629768372
270	161.4569	60.65742	230.08884	89.669975	703.0	10.419949	16.173237	56.917137	-19.615854	1084000	-0.08890669	214.80344	0.0	-92.56122	0.8308908	-7.599592e-10	715.8876159191132
271	112.256035	6.2016716	119.92332	103.351974	1000.0	13.892821	19.289534	57.411327	-17.478622	1088000	0.048762888	333.76648	0.0	-296.3031	0.78724366	2.6673077e-09	718.8652248382568
272	125.20298	71.299866	191.84749	0.7979086	681.0	11.391369	15.341146	57.838463	-16.272137	1092000	-0.10646999	559.036	0.0	-111.79321	0.82300544	-5.662441e-10	721.5343680381775
273	135.86523	40.33501	176.136	76.31421	849.25	10.594868	11.407198	57.024147	-14.52191	1096000	-0.07829215	220.1729	0.0	-17.602848	0.81491697	-5.8561564e-09	724.5465290546417
274	80.9695	117.99135	186.51268	-93.64272	528.0	11.931234	13.692014	58.62756	-12.645719	1100000	-0.07819435	707.0356	0.0	-129.69151	0.8574847	2.1606685e-09	726.9129140377045
275	92.34585	110.32325	235.52489	-78.72822	574.1667	10.857558	15.609068	55.970894	-18.411745	1104000	-0.085221335	510.01672	0.0	-100.193695	0.8510304	-2.0712614e-09	729.1646158695221
276	94.9021	82.68837	161.88193	-56.873875	734.6	12.593687	16.129435	60.238922	-18.330322	1108000	-0.0032102456	370.57922	0.0	-71.65112	0.88149714	4.4703485e-10	731.8914859294891
277	42.772873	52.360645	103.222305	-41.799732	768.8	12.386395	16.441235	59.58501	-16.541504	1112000	0.07835187	397.33115	0.0	-225.32384	0.8857174	-3.501773e-09	735.0954899787903
278	106.84914	76.07919	199.99236	-5.902169	689.4	4.883401	15.151393	59.979614	-24.427391	1116000	-0.073501214	659.29126	0.0	-410.40918	0.8254318	1.7881396e-10	738.0210070610046
279	169.17398	17.408989	197.63843	149.44397	637.0	15.855545	16.557041	60.87056	-8.711364	1120000	-0.10960349	398.70227	0.0	-89.396904	0.7924976	1.5944241e-09	740.2031409740448
280	66.77702	67.42973	137.9474	-43.631252	849.5	11.7314825	12.755976	61.827217	-12.291523	1124000	0.0029822066	214.02411	0.0	-100.420975	0.8491427	4.2915342e-09	742.9758360385895
281	107.37973	67.13259	157.95857	-8.164748	821.25	9.079311	17.27671	61.818783	-19.169449	1128000	0.007627096	139.07619	0.0	-31.093237	0.82449174	4.708767e-09	745.8258018493652
282	122.2144	40.959686	189.71103	79.506134	873.0	6.7155547	17.9961	61.832626	-21.40332	1132000	-0.07732393	333.58768	0.0	-174.65767	0.83600014	5.066395e-10	748.5516138076782
283	91.59302	20.703852	111.17727	62.25773	1000.0	9.550662	11.849001	46.981155	-0.61882836	1136000	-0.059900768	35.571774	0.0	-19.467789	0.8419862	2.428889e-09	752.0040149688721
284	125.490845	73.79844	185.21759	-34.644703	603.6667	10.701517	13.441325	60.73933	-14.613132	1140000	-0.129965	703.20703	0.0	-108.270996	0.82225525	6.854534e-10	754.1841230392456
285	20.404644	95.59733	150.39226	-96.83361	665.8	11.129273	15.659144	61.47316	-23.487194	1144000	0.041337226	652.2146	0.0	-282.78958	0.85984766	-4.0382147e-09	756.3507950305939
286	0.917017	112.67448	131.05731	-142.65749	762.5	1.7445922	17.760403	62.408318	-30.139692	1148000	0.04385433	462.55518	0.0	-65.45494	0.89554954	3.218651e-09	759.3059160709381
287	164.68428	33.20224	203.27748	115.46153	593.4	3.0098083	20.009968	62.86601	-32.621517	1152000	-0.19712666	848.2938	0.0	-617.5718	0.81444204	-1.1473894e-09	761.7319159507751
288	119.11865	100.984245	182.50406	-81.35942	681.4	19.335651	16.253988	63.74569	-8.103204	1156000	0.0396224	559.51794	0.0	-151.71896	0.84636945	-2.682209e-10	764.0927951335907
289	41.182983	124.475586	249.33319	-65.01978	496.0	11.945092	18.709282	63.678974	-22.602652	1160000	0.028619803	1046.672	0.0	-317.49832	0.7935437	-1.952052e-09	766.3120648860931
290	72.87431	83.604004	169.2698	-31.610538	551.8	6.111473	17.890884	57.11252	-25.181068	1164000	-0.06328416	580.6288	0.0	-172.32214	0.8456485	-6.705523e-10	768.5181832313538
291	120.164505	61.402107	221.22368	36.346397	795.8	6.1461377	17.149446	61.25942	-33.63055	1168000	-0.06602989	288.85007	0.0	-119.63264	0.78936654	-5.0663945e-10	771.0594689846039
292	97.91862	94.69395	182.16042	-85.570595	794.4	11.121537	12.4864025	64.83152	-24.071692	1172000	-0.025536949	416.0995	0.0	-123.77556	0.8493633	1.341105e-10	773.6032691001892
293	83.034744	122.65333	213.56914	-86.04757	633.0	8.918759	19.436192	64.62383	-30.05674	1176000	-0.026822396	701.5645	0.0	-148.57672	0.83543575	9.834766e-10	776.1625571250916
294	47.90928	110.38865	168.51874	-85.265785	680.6	9.163271	20.404676	65.263214	-34.52895	1180000	-0.0038569076	509.3771	0.0	-60.02796	0.87626314	-2.2351743e-09	778.4616980552673
295	72.0845	112.32507	204.10684	-94.93013	651.0	3.6633315	20.055124	59.026134	-36.006832	1184000	-0.031508613	660.6166	0.0	-58.2978	0.87573683	-4.6193602e-10	781.5354878902435
296	142.77374	29.323921	184.487	102.41782	751.5	8.52509	17.473242	65.94217	-27.743435	1188000	-0.13426128	280.46738	0.0	-149.75243	0.8515122	-2.1308662e-09	784.3466291427612
297	49.57775	106.3642	170.31952	-105.70615	663.8	11.981778	16.83543	63.661522	-35.27842	1192000	-0.008668276	777.0256	0.0	-273.9532	0.86240757	-2.9206277e-09	786.7831258773804
298	121.17793	54.265373	183.56126	25.454035	761.4	7.964573	19.760359	67.21374	-35.31958	1196000	-0.0061751674	223.99051	0.0	-113.92276	0.81149983	-1.6838312e-09	789.376298904419
299	77.37158	90.32512	209.99939	-47.378746	636.1667	15.138513	17.108414	67.531166	-31.67993	1200000	-0.02822045	576.4381	0.0	-131.73022	0.8657111	1.5497207e-09	791.8259360790253
300	74.45024	74.05046	176.76453	-54.51816	781.8	6.473662	15.595955	65.17489	-35.825634	1204000	-0.0585835	221.66994	0.0	-42.264545	0.8270137	-5.170703e-09	794.4146890640259
301	94.44397	14.226272	116.018166	76.31369	1000.0	3.4073608	12.121535	53.71697	-32.23535	1208000	0.01942846	37.998375	0.0	-24.802666	0.7753471	1.952052e-09	797.3158531188965
302	80.23383	65.29866	145.47255	-28.505667	869.0	6.8720384	16.52314	68.56646	-35.69239	1212000	0.0042917244	269.65503	0.0	-95.49169	0.81814736	3.3229588e-09	800.3007800579071
303	95.109314	82.05415	222.90173	3.91669	590.8	11.124709	21.958368	69.12578	-23.635963	1216000	-0.026603252	633.7838	0.0	-166.42862	0.84035736	-1.296401e-09	802.8047161102295
304	107.95984	60.801163	195.73001	7.8686953	778.4	8.799264	16.60633	67.54065	-20.795923	1220000	-0.037861057	218.65509	0.0	-83.70084	0.8579999	-2.0712614e-09	805.1815888881683
305	142.10474	37.619865	206.57713	111.83791	862.75	11.485633	17.52582	67.96715	-35.57451	1224000	-0.096292384	64.230316	0.0	-24.265125	0.777113	1.2069941e-09	808.0500011444092
306	116.15434	84.97162	247.04694	-13.825293	761.2	6.1947994	18.730661	68.3873	-27.02188	1228000	-0.04279997	368.28357	0.0	-107.32301	0.8586864	-1.0430812e-10	810.8757209777832
307	109.28347	79.05659	205.63506	10.148466	597.5	13.348329	17.876827	66.78771	-33.867268	1232000	-0.09731699	682.1136	0.0	-210.03824	0.8340902	2.6375055e-09	813.2625992298126
308	18.370197	77.74185	129.92177	-56.19681	598.0	10.407124	19.792404	68.80644	-42.67087	1236000	0.057038363	716.79553	0.0	-315.9553	0.8828504	-3.3080578e-09	816.287339925766
309	147.816	103.03899	233.67828	-34.236984	565.2	2.5932837	22.876984	69.228195	-41.101166	1240000	-0.12540849	1055.4889	0.0	-608.428	0.74167705	-3.322959e-09	818.6922180652618
310	168.71628	57.75943	234.51488	103.8078	689.0	12.723541	14.762191	70.83379	-25.589499	1244000	-0.11902508	180.06145	0.0	-103.32843	0.82291615	-9.536743e-10	821.2356960773468
311	121.4186	64.43689	232.5014	74.54154	862.0	13.356185	15.786692	71.17541	-7.2189846	1248000	-0.081615135	122.109726	0.0	-47.090103	0.8508115	-3.1888483e-09	823.8270030021667
312	86.91726	60.112705	137.2893	-12.134674	830.5	10.632559	14.785309	68.705055	-4.4068413	1252000	-0.0067860372	309.24625	0.0	-130.7931	0.84680176	8.0466267e-10	826.1996221542358
313	109.98331	3.4516523	113.440735	104.32299	1000.0	6.0823426	14.0254755	53.40721	-10.676661	1256000	-0.038857985	31.816692	0.0	-16.432045	0.86972916	-3.7252904e-10	829.2310080528259
314	85.24097	88.306274	215.12872	-62.908203	755.0	10.528247	16.55112	68.4951	-30.835121	1260000	-0.030698601	334.94525	0.0	-117.73507	0.8499436	-2.1457673e-09	832.2818269729614
315	102.867065	72.013794	183.35161	-11.98862	704.0	10.214971	17.825163	63.918297	-50.734665	1264000	-0.03472308	387.1053	0.0	-92.4935	0.83125925	2.533197e-10	834.8200931549072
316	150.87698	35.836086	196.72543	105.54438	761.0	11.710611	17.493769	63.43439	-38.324345	1268000	-0.06824026	220.7762	0.0	-168.41273	0.8615731	-4.336238e-09	838.0419108867645
317	134.49832	43.74744	209.12155	97.569954	841.5	13.580631	17.942566	72.04004	-2.5011702	1272000	-0.037048493	37.863884	0.0	-19.492502	0.86002517	9.23872e-10	840.946485042572
318	78.02041	82.59446	200.65433	-30.675621	600.8	15.6440525	19.258545	72.38934	-13.826253	1276000	0.01492521	473.34174	0.0	-162.89171	0.8518685	-9.089707e-10	843.4287040233612
319	118.69127	102.63746	258.36014	-30.764442	696.75	8.15545	16.339212	70.43656	-12.948269	1280000	-0.032592066	406.77432	0.0	-190.09175	0.8136061	-1.8477441e-09	845.538999080658
320	120.02136	76.581245	230.21959	-5.992514	756.2	9.986653	19.097506	73.42171	-44.38478	1284000	-0.035177883	237.46414	0.0	-46.78769	0.81685984	-1.2367964e-09	848.2630708217621
321	114.26485	68.176796	212.77081	22.28607	679.25	10.930435	18.661606	73.58199	-40.92253	1288000	-0.059033964	529.5199	0.0	-307.7861	0.8299223	-1.0728837e-09	850.813236951828
322	125.57292	83.85261	225.36108	-17.433529	650.0	15.0514965	19.151844	72.778366	-31.116972	1292000	-0.050227884	417.01404	0.0	-265.16742	0.8025689	-2.8312205e-10	853.2675628662109
323	99.505295	17.542711	126.46713	79.655205	1000.0	6.929658	13.176416	60.468628	-18.009432	1296000	-0.02809458	35.85243	0.0	-28.565765	0.8918696	2.2947788e-09	856.2994952201843
324	168.06625	47.547955	223.89822	115.244865	841.25	14.181459	15.74301	67.60774	-32.607906	1300000	-0.07273171	175.78262	0.0	-56.049496	0.72393954	1.4156103e-09	859.0600669384003
325	157.2233	40.774902	225.41753	108.13132	750.6	14.760413	18.72928	74.14647	-22.765789	1304000	-0.06274368	52.39247	0.0	-23.659185	0.81991017	8.046627e-10	861.825700044632
326	102.3853	80.68004	207.58829	-38.872967	759.8	15.069414	18.41195	73.36026	-46.27627	1308000	-0.027565269	452.5067	0.0	-175.61758	0.75712657	1.3560058e-09	864.6091439723969
327	88.81478	75.793594	217.27791	-20.710375	735.0	8.951049	18.357346	72.254944	-51.939793	1312000	-0.03401794	281.74515	0.0	-126.83414	0.83016235	8.046627e-10	867.6506130695343
328	129.36734	86.812805	226.96255	-17.72951	650.6	12.061275	14.740761	58.882805	-42.629833	1316000	-0.07958587	444.42947	0.0	-223.48145	0.8612647	-1.6242265e-09	870.4466879367828
329	59.01179	83.98768	194.66672	-36.566326	532.4286	13.454787	21.262146	72.294716	-56.905502	1320000	0.026249314	574.4704	0.0	-357.67984	0.8605792	-1.8775463e-09	872.9057190418243
330	169.3384	57.511715	229.98961	81.79318	653.6667	8.418248	19.789946	71.65579	-57.625202	1324000	-0.12045726	767.5216	0.0	-602.96814	0.8439678	-4.2915342e-09	875.5850741863251
331	42.097668	62.074635	105.191185	-41.3511	739.2	17.574594	14.923816	59.94682	-52.68952	1328000	0.030504916	464.81958	0.0	-362.77713	0.89684796	-2.6077034e-09	878.6547110080719
332	69.48813	56.370792	135.87062	3.6709304	683.75	11.925194	16.279608	70.106575	-40.73002	1332000	0.011580061	296.32114	0.0	-115.48776	0.8742702	-2.2500755e-09	881.5907051563263
333	73.62135	51.46055	125.87883	-10.261509	827.25	2.643193	16.886417	62.459164	-62.01221	1336000	-0.021796357	73.20356	0.0	-36.99968	0.8362142	5.90086e-09	884.6113781929016
334	91.00733	25.318665	131.04106	61.02208	1000.0	6.065093	12.439159	69.99743	-3.9153852	1340000	-0.06289759	12.595793	0.0	-2.106859	0.84707654	-3.5911798e-09	887.4893732070923
335	143.29716	49.377842	228.9942	89.56115	768.6	3.7337651	23.275324	74.27638	-62.361755	1344000	-0.096402645	475.91254	0.0	-348.99844	0.713634	3.1143426e-09	889.7518582344055
336	127.31845	37.571705	187.18724	84.21626	865.0	13.113639	16.646736	78.04673	-7.8644924	1348000	-0.09129112	84.36828	0.0	-49.900917	0.80100965	-2.7120113e-09	893.1175119876862
337	106.5836	72.265526	230.34477	4.712145	743.4	18.714457	17.090467	71.608505	-52.765747	1352000	-0.0049029775	489.0974	0.0	-254.8587	0.76705885	2.9802322e-10	896.1912181377411
338	105.54256	87.92618	219.97195	-36.90685	608.6	10.792952	20.510895	76.308975	-45.949894	1356000	-0.012284026	378.44916	0.0	-99.49411	0.78452593	-1.5497208e-09	898.6266801357269
339	142.12343	44.752518	215.92946	95.316414	852.25	7.924827	15.250366	67.210106	-36.528683	1360000	-0.059576962	127.38503	0.0	-64.57724	0.75665784	3.248453e-09	901.2053740024567
340	36.722897	46.871704	97.249	-10.519572	675.75	12.414587	15.923901	74.64528	-5.269347	1364000	0.008232891	557.2815	0.0	-403.22397	0.839825	-3.3825636e-09	903.6212999820709
341	146.86252	43.83332	196.04453	90.60845	700.0	6.558659	16.744493	68.61584	-36.96257	1368000	-0.08729907	361.63797	0.0	-310.04068	0.8096274	-4.917384e-10	906.0093591213226
342	73.164566	72.55767	119.73047	-52.331486	828.5	14.949505	16.010233	74.71632	-44.247097	1372000	0.016611325	386.7204	0.0	-178.574	0.8073303	4.3213372e-10	908.4145240783691
343	114.49998	64.376945	224.0011	24.737877	722.0	8.767237	18.705896	69.25384	-37.46602	1376000	-0.0076924036	159.32404	0.0	-26.02428	0.81144917	-4.1723253e-10	910.9964962005615
344	82.60672	58.17291	128.69957	-14.584397	815.25	8.650076	15.785687	64.06265	-24.55228	1380000	-0.01274937	179.33145	0.0	-50.021835	0.8517011	2.4586917e-09	913.4601430892944
345	91.39295	84.13073	211.08412	-17.970076	616.2	16.315771	17.64584	71.985245	-11.783021	1384000	0.00039491337	534.4863	0.0	-153.19395	0.73783886	-1.4156103e-09	915.9037208557129
346	145.63742	84.05771	241.02643	0.31300193	619.0	9.472731	17.026283	63.653435	-47.797035	1388000	-0.05793957	433.69507	0.0	-193.51027	0.83566225	-4.395843e-09	918.2947819232941
347	117.665955	8.870575	127.255295	104.938126	1000.0	13.804832	12.333088	48.490376	-6.854813	1392000	0.007990737	87.05673	0.0	-69.203384	0.830968	4.1723247e-10	920.9338760375977
348	112.251366	66.187744	204.04248	-0.8467622	731.0	12.685436	17.488663	65.14976	-22.552961	1396000	-0.043394208	237.72504	0.0	-87.930725	0.8260675	-2.8908254e-09	923.5274028778076
349	139.89554	56.46031	234.4099	86.51076	857.75	5.7160034	16.038517	64.31541	-25.049772	1400000	-0.06752754	183.56548	0.0	-115.7346	0.8115033	4.768371e-10	926.4021880626678
350	151.32803	24.177588	178.73112	125.058914	715.5	16.077297	18.41422	63.61254	-38.100048	1404000	-0.08715329	88.7592	0.0	-48.407295	0.7408438	1.2367964e-09	929.2903370857239
351	117.56557	80.14235	232.16354	6.451175	654.25	15.016904	17.738546	65.591965	-20.715298	1408000	-0.0132215405	351.55652	0.0	-213.61584	0.71849597	2.7418137e-09	932.0653100013733
352	80.19999	95.278366	217.9425	-52.90012	569.5714	14.505564	22.836798	66.36725	-58.008118	1412000	0.04941818	813.034	0.0	-341.06796	0.7454028	1.2665987e-09	934.1747210025787
353	44.362686	79.46009	211.19905	-31.628288	482.125	7.5811176	19.320984	64.49479	-61.902294	1416000	-0.0015092567	753.96497	0.0	-233.79169	0.82299787	2.1159647e-09	936.9130201339722
354	99.24079	61.14741	193.3519	24.057062	662.0	2.9168081	18.1202	57.947525	-72.49818	1420000	-0.030330636	345.2099	0.0	-208.31564	0.7833196	-4.440546e-09	939.7592029571533
355	100.9994	88.009674	249.8775	-13.641395	664.0	6.460883	19.154682	65.74474	-54.69221	1424000	0.0043712887	441.44815	0.0	-97.32997	0.8298218	-3.9488075e-09	942.4032859802246
356	19.466394	59.378853	92.35611	-35.67306	584.0	11.27849	20.330832	66.686874	-51.86945	1428000	0.025613893	655.1397	0.0	-313.12326	0.83244	-2.2947788e-09	944.9302818775177
357	55.73573	62.71699	124.75932	-27.006733	736.6	2.6290839	17.987597	67.17266	-60.35034	1432000	-0.009903315	319.65155	0.0	-65.60904	0.7764822	9.089708e-10	947.4570400714874
358	111.23721	74.78807	207.18001	2.2159483	667.75	2.5890083	19.55864	67.85977	-66.49292	1436000	-0.052081957	457.09576	0.0	-280.91772	0.8409599	-1.8328428e-09	949.9832639694214
359	138.73596	46.864506	219.13692	101.45051	910.25	13.564281	17.731989	68.92643	-42.820873	1440000	-0.0028413944	142.42172	0.0	-38.29414	0.7857064	2.577901e-09	952.6105880737305
360	114.32478	75.500946	188.6406	-30.064878	737.6	10.42135	20.200693	71.27807	-49.538387	1444000	-0.04122781	252.04301	0.0	-47.153545	0.8152493	-3.1441452e-09	955.0973110198975
361	76.956116	70.029175	138.21857	-39.382885	816.25	11.854209	16.840256	72.82013	-34.852726	1448000	-0.015570788	237.10208	0.0	-147.71243	0.70687246	1.2964011e-09	957.937949180603
362	92.079834	92.55651	167.65268	-66.24163	821.75	5.0783076	16.794725	71.502975	-64.746864	1452000	-0.019149028	89.191284	0.0	-34.14849	0.80504775	3.7252904e-10	961.4105799198151
363	139.6813	36.681835	196.66573	98.045746	865.75	4.930602	21.12066	74.22222	-58.250473	1456000	-0.06583148	525.6718	0.0	-437.4952	0.817095	-4.2766333e-09	964.4104990959167
364	34.720154	108.05578	158.74225	-103.67761	593.8333	17.653273	15.791199	70.32207	-29.755941	1460000	-0.0028633792	1099.1719	0.0	-636.0795	0.8510052	1.3411044e-09	966.6641981601715
365	71.40597	107.653824	208.851	-59.977383	653.4	2.2022066	20.694746	62.977894	-66.51817	1464000	-0.020273838	457.73975	0.0	-144.38501	0.834601	-3.0398368e-09	968.9945819377899
366	82.70337	90.872246	170.53728	-78.687416	594.0	10.506859	30.645248	66.08791	-70.94107	1468000	0.062407605	1068.6168	0.0	-669.1272	0.7257185	4.0233133e-10	971.345046043396
367	100.96673	118.61435	229.54955	-94.06146	592.8333	12.355389	16.32884	64.26886	-49.107986	1472000	-0.101184264	940.50793	0.0	-296.62817	0.83554596	-2.041459e-09	973.4866449832916
368	-29.151068	77.85376	120.345314	-117.16137	432.83334	9.023119	17.98476	68.3462	-42.461098	1476000	-0.009543128	1006.27466	0.0	-367.82626	0.86513436	-7.450579e-11	975.7048029899597
369	24.064125	96.67723	134.44778	-124.699	887.25	2.1727388	26.290688	70.268875	-48.851143	1480000	0.10153897	546.41205	0.0	-352.83264	0.77637255	-1.0579825e-09	978.498251914978
370	78.73857	70.12207	189.3865	-5.347004	815.25	-4.404092	21.50127	63.294495	-56.876102	1484000	-0.109774254	512.50543	0.0	-283.20596	0.86361444	-4.053116e-09	980.9990930557251
371	-19.781977	93.77933	91.97452	-130.11017	760.25	4.612984	16.829111	68.965065	-52.666042	1488000	-0.024680728	635.2178	0.0	-284.0571	0.8365507	-7.4505846e-11	983.3876941204071
372	20.357111	92.90656	162.8203	-80.818245	703.8	0.71578467	19.199347	66.92889	-43.168446	1492000	-0.023284672	462.85663	0.0	-66.72933	0.8788539	-3.72529e-10	985.9527349472046
373	19.450712	111.81248	176.45122	-95.25503	562.8333	-2.8561254	19.962984	65.851204	-57.692547	1496000	-0.09492701	799.78754	0.0	-322.93127	0.8552512	3.1888487e-09	987.9839839935303
374	24.720778	93.86376	116.01574	-131.81802	972.5	-0.147484	21.189507	70.313	-42.892147	1500000	-0.033728074	198.30919	0.0	-90.475334	0.88585174	-1.5199184e-09	990.8808829784393
375	-51.414906	84.517746	90.07732	-132.28218	880.25	-2.3948684	12.467246	45.4676	-28.873125	1504000	0.00035189837	171.93823	0.0	-53.130398	0.8948531	-8.6426744e-10	994.0405869483948
376	-7.5536623	39.414635	46.28509	-58.47606	1000.0	-10.50501	17.6315	58.063732	-43.39448	1508000	-0.037716158	212.05167	0.0	-155.91318	0.9264583	3.874302e-10	997.1243281364441
377	60.01188	34.272762	111.25059	16.606213	988.75	4.5473037	11.525025	61.687645	-45.169716	1512000	-0.092049316	96.52929	0.0	-45.784813	0.868294	-1.2218953e-09	1000.030818939209
378	57.02373	21.277435	82.214134	34.108505	1000.0	5.6890097	12.288834	53.584274	-17.232616	1516000	-0.029403523	114.97775	0.0	-77.38129	0.92262936	2.5629998e-09	1003.177484035492
379	86.35473	40.76109	155.41582	55.384544	907.5	1.1517413	10.997939	46.16618	-30.575474	1520000	-0.07046628	133.48866	0.0	-73.75759	0.8791536	1.2814998e-09	1006.3641159534454
380	87.37128	47.260284	168.51642	51.715588	929.0	5.09559	12.809701	70.74769	-20.4438	1524000	-0.07810308	71.08962	0.0	-33.226585	0.889029	4.2915347e-09	1009.7964589595795
381	122.68546	50.28937	180.5326	47.623154	803.0	9.056248	17.305992	72.43191	-30.757555	1528000	-0.07511327	50.219776	0.0	-16.932886	0.80618054	-3.2782554e-10	1012.628867149353
382	85.44307	86.80842	196.30592	-47.264874	772.75	8.861584	11.066494	57.82006	-8.508652	1532000	-0.035763517	298.63333	0.0	-47.059196	0.8533091	-1.3560056e-09	1015.3502509593964
383	23.621588	80.36671	169.23471	-57.038925	648.6667	11.847168	15.149131	64.17597	-23.886726	1536000	0.022585351	848.8155	0.0	-338.04184	0.8373288	1.7881394e-10	1018.7572910785675
384	159.34232	38.120132	215.6809	90.89919	563.6667	8.120008	20.36652	61.88681	-36.976917	1540000	-0.11711292	449.09866	0.0	-324.6161	0.79844594	-2.503395e-09	1021.1055829524994
385	60.988686	119.7601	231.10054	-97.6111	567.4	15.317715	12.458593	69.20798	-26.73986	1544000	-0.017270219	752.226	0.0	-288.96545	0.8447571	-1.1920931e-10	1023.8974959850311
386	41.53492	94.669334	161.63628	-77.48232	680.8	7.752365	16.949837	65.92904	-33.931545	1548000	0.012738431	436.32178	0.0	-102.46712	0.8396187	1.3709068e-09	1027.2368948459625
387	158.06004	35.067204	206.45796	115.6587	811.75	14.291648	22.361963	72.689125	-22.61334	1552000	0.049648665	163.30913	0.0	-77.51679	0.7500947	4.887581e-09	1030.1955449581146
388	130.72852	24.246002	171.24551	109.73627	888.25	5.1956377	18.921665	60.3972	-30.728682	1556000	-0.029921941	120.07208	0.0	-89.10375	0.79131794	-2.2053719e-09	1033.081717967987
389	108.37842	88.999626	194.49988	-70.62799	624.1667	16.036974	18.66163	68.6473	-34.23001	1560000	-0.043538712	387.17224	0.0	-59.51188	0.83289754	2.041459e-09	1036.052941083908
390	143.05652	46.938587	191.14815	87.09325	781.75	11.192642	18.26786	67.5207	-9.293233	1564000	-0.04917723	89.515854	0.0	-31.132572	0.8428835	7.301569e-10	1039.7302939891815
391	22.683313	73.78383	94.413025	-88.018814	757.4	8.118232	11.94634	67.662476	-6.552941	1568000	0.035318654	673.0069	0.0	-236.83429	0.8674679	-7.897616e-10	1043.7776520252228
392	108.86641	21.347267	143.30165	84.78378	1000.0	1.9025121	12.728169	55.464874	-38.99629	1572000	0.002603922	72.225876	0.0	-45.986744	0.7819663	-8.642673e-10	1048.2875609397888
393	84.08398	115.74262	212.67667	-85.91453	628.6667	10.662969	17.03869	64.8044	-35.217247	1576000	-0.03408258	695.15405	0.0	-203.79001	0.8677684	4.187226e-09	1050.9761068820953
394	33.63799	61.69229	134.78027	-21.096624	574.6667	12.913479	17.551716	60.330055	-39.312317	1580000	0.035257388	703.3739	0.0	-284.387	0.8514026	-5.8114524e-10	1053.5743761062622
395	73.853745	96.28914	237.90692	-35.999256	658.2	-0.512512	18.70352	58.15887	-41.542637	1584000	-0.031122763	600.9486	0.0	-241.16458	0.8871529	-2.1308662e-09	1056.6163330078125
396	150.4336	46.269695	216.84953	102.0437	767.4	11.819018	20.540901	64.20095	-36.413437	1588000	-0.021349747	584.88544	0.0	-432.43884	0.7701889	-1.8030405e-09	1059.5424950122833
397	88.547874	107.9103	222.13763	-48.85198	593.0	20.910019	17.888294	69.41486	-35.714344	1592000	-0.00675486	800.9576	0.0	-421.96112	0.8269601	3.0696392e-09	1061.699639081955
398	136.08545	66.91442	250.51268	82.31507	848.75	7.5920687	15.473222	67.36031	-20.494862	1596000	-0.04768002	101.98841	0.0	-58.98586	0.8233427	-2.9057263e-09	1064.55415391922
399	30.884039	71.1309	119.44056	-53.91066	622.2	11.981243	18.643171	61.163284	-41.97133	1600000	0.0224739	649.84924	0.0	-301.44705	0.8430966	-2.6226044e-09	1067.1152679920197
400	18.820917	79.42779	135.77968	-61.25193	625.4	2.3316536	18.877632	59.68698	-44.036957	1604000	0.022157446	325.00098	0.0	-116.66778	0.86932135	-1.1920931e-10	1070.0538642406464
401	100.709625	110.17779	233.98503	-43.50372	523.0	5.612732	26.411322	72.654465	-47.674107	1608000	-0.0049996236	340.1149	0.0	-126.06639	0.84198356	5.9604655e-11	1072.4659078121185
402	35.900837	66.67144	128.21562	-63.26892	657.5	4.62095	20.669638	59.3467	-48.255314	1612000	0.00790111	332.3201	0.0	-109.66676	0.8628212	-2.0712614e-09	1075.6931371688843
403	146.88	63.098175	236.0931	83.1567	759.6	4.925365	19.9657	60.584682	-50.68907	1616000	-0.09140917	333.80182	0.0	-277.91837	0.78424644	3.784895e-09	1078.2953147888184
404	105.73415	91.111496	206.61649	-12.772831	498.33334	18.342356	20.954615	74.99259	-43.60108	1620000	-0.053255156	869.4791	0.0	-521.3073	0.8397907	3.0696392e-09	1080.8928508758545
405	77.808365	41.49582	113.40594	7.488472	839.5	9.115321	15.019017	67.94905	-11.439539	1624000	0.023841448	237.86124	0.0	-57.30243	0.841705	2.7865172e-09	1084.4502580165863
406	119.04977	10.194095	130.30452	106.66718	1000.0	6.0881815	14.286577	59.101715	-9.986099	1628000	-0.07850404	13.270707	0.0	-5.9722514	0.8333135	1.3560058e-09	1087.704124212265
407	96.97798	90.08497	206.00706	-56.399437	627.2	13.83484	18.465797	66.47997	-37.35387	1632000	-0.032425545	438.99185	0.0	-153.58064	0.8506123	-2.9802322e-10	1090.4830269813538
408	71.2994	59.71413	115.64601	-31.417065	827.25	5.8683763	15.350537	55.27695	-22.237696	1636000	0.010555213	166.883	0.0	-37.651546	0.84629583	-1.5199184e-09	1093.4075570106506
409	133.22734	106.68072	222.40851	-58.08759	565.6	11.357733	19.588598	70.252686	-34.58313	1640000	-0.090042934	399.18884	0.0	-76.176315	0.8214012	1.2069941e-09	1095.8475198745728
410	71.692245	97.22928	194.1916	-58.46287	683.0	11.438915	17.415728	61.32525	-47.52046	1644000	-0.008561194	501.93475	0.0	-108.47592	0.8725133	4.1127204e-09	1098.086219072342
411	108.77938	64.791115	177.67924	-12.135153	679.8	9.810646	18.775982	70.76332	-53.352688	1648000	-0.086346015	230.17932	0.0	-66.86278	0.8650783	2.68221e-10	1101.318615913391
412	137.38966	109.75039	220.00102	-71.11285	637.2	14.837926	18.725695	74.18652	-24.21512	1652000	-0.041455295	580.0662	0.0	-200.16287	0.82036924	-2.682209e-10	1104.1239128112793
413	102.94432	17.497578	132.23225	85.857445	1000.0	7.2964826	9.832687	62.55804	-6.773721	1656000	-0.035345677	25.95559	0.0	-9.073824	0.8900846	4.4703463e-11	1107.3058321475983
414	43.902725	54.12187	87.94871	-48.390747	854.75	12.3522835	11.440768	59.434124	-15.934445	1660000	0.0006104708	433.7628	0.0	-303.0275	0.88107926	5.111098e-09	1110.5114312171936
415	122.729416	42.81925	192.0548	83.96544	898.25	5.69892	11.672225	51.41592	-26.158966	1664000	-0.11737239	133.38791	0.0	-93.59016	0.89796054	5.6624405e-10	1113.2932908535004
416	40.533916	94.52395	180.63133	-68.07964	607.0	11.942612	16.492384	70.34625	-34.36325	1668000	0.013149377	554.7969	0.0	-275.27972	0.9022742	5.364418e-10	1115.3800702095032
417	67.45428	70.40661	113.64727	-54.34764	895.0	1.8532962	15.44485	62.06535	-64.83908	1672000	-0.015524734	218.3967	0.0	-122.46722	0.90425205	2.2947788e-09	1118.4058201313019
418	118.19261	96.20997	185.90749	-73.05345	611.4	5.07632	21.707874	68.48041	-59.969135	1676000	-0.1147857	1033.5823	0.0	-716.5548	0.8645998	-4.768371e-10	1120.621006011963
419	106.01649	51.455307	192.93503	60.511543	912.75	28.258776	20.963968	77.11286	-6.0018854	1680000	0.0052784346	654.75586	0.0	-551.6605	0.87579954	-4.0233136e-10	1124.586473941803
420	78.58141	17.290707	98.938095	53.095657	1000.0	4.8852572	17.145857	62.332695	-42.09588	1684000	0.04208503	171.50539	0.0	-131.37323	0.84696525	-2.399087e-09	1127.8743600845337
421	18.603764	66.98571	85.19832	-65.813354	817.75	7.473304	14.336256	64.81925	-20.687576	1688000	0.010402886	526.6321	0.0	-253.14732	0.87294865	-1.8626451e-09	1130.6553900241852
422	139.6348	43.475674	182.10141	66.525215	792.6	2.3603585	16.001278	67.41568	-43.64954	1692000	-0.14337693	613.19965	0.0	-373.53073	0.8362683	8.940697e-10	1133.984381198883
423	44.38199	52.357246	101.5858	-40.327496	864.0	12.868494	9.945052	66.692635	-2.985739	1696000	0.017043604	443.3209	0.0	-268.9947	0.8948902	3.1590464e-09	1137.2480800151825
424	65.33464	83.5994	174.6717	-60.038025	797.25	4.392521	12.727899	64.52641	-44.636112	1700000	-0.056316808	300.2113	0.0	-132.0515	0.90499896	4.5597552e-09	1140.3604669570923
425	77.74648	17.52162	106.35869	59.076004	1000.0	5.459452	9.039201	44.530926	-37.765858	1704000	-0.058970626	24.206287	0.0	-9.297213	0.8467392	2.7120113e-09	1143.8536059856415
426	24.813465	58.114902	81.53716	-47.30359	794.4	5.1998973	11.848916	59.20357	-46.68108	1708000	0.022945818	476.85425	0.0	-267.84015	0.877444	-4.3213366e-10	1146.5644400119781
427	55.777466	95.514465	214.8904	-54.46588	688.6	3.9693942	16.655588	66.3381	-45.616627	1712000	-0.040339503	304.39233	0.0	-108.88433	0.8930169	-5.36442e-10	1149.1395320892334
428	78.357864	117.5246	210.18718	-87.2281	632.4	6.277812	26.457916	65.151436	-42.05352	1716000	0.021634122	577.218	0.0	-285.50525	0.81558955	-2.9057263e-09	1151.580085992813
429	114.64179	79.60703	173.46452	-22.531137	566.0	7.196293	17.658167	68.82821	-54.96251	1720000	-0.09822193	646.0873	0.0	-420.78372	0.855528	-2.4437905e-09	1154.4083759784698
430	97.37891	20.183592	113.55831	63.74741	1000.0	6.27908	10.765616	60.748737	-30.939749	1724000	-0.11177794	17.986967	0.0	-6.445115	0.87832856	2.9951335e-09	1157.1636719703674
431	28.481632	129.64896	210.1707	-97.90229	558.8571	14.023221	15.876554	68.048965	-42.946922	1728000	-0.011567205	1473.2156	0.0	-1105.717	0.86663127	4.6193602e-10	1159.39946103096
432	22.77286	95.74182	179.19882	-92.210724	573.4	6.7232094	20.933739	66.51216	-65.85686	1732000	-0.024206784	899.16016	0.0	-319.53894	0.82257414	5.200505e-09	1161.6084289550781
433	50.82769	53.09973	103.02414	-27.165205	748.0	3.8281908	17.215248	69.68027	-48.115726	1736000	0.020241706	216.98384	0.0	-131.05693	0.8892651	-1.2665988e-09	1164.593778848648
434	36.608204	71.79727	104.38526	-52.41609	766.8	3.9422293	17.463617	61.954243	-68.07715	1740000	-0.0018361583	277.64883	0.0	-47.61687	0.83898234	1.5944243e-09	1167.2383930683136
435	83.55182	77.276886	210.24643	-28.615599	798.4	1.934237	12.953919	49.209362	-51.785908	1744000	-0.049758755	262.8655	0.0	-111.47299	0.87392175	-2.8908254e-09	1169.8513159751892
436	91.94495	90.96925	181.27242	-62.33417	546.8333	0.47585595	31.36764	71.310486	-56.86244	1748000	-0.06574774	1004.8784	0.0	-545.1411	0.8045095	-2.0116566e-09	1171.9699239730835
437	130.37106	24.866346	172.91006	109.84565	889.5	7.7704306	18.021078	67.57923	-45.72758	1752000	-0.03591833	263.61606	0.0	-208.73886	0.85233325	7.599592e-10	1175.390690088272
438	129.66621	42.294724	201.53537	92.53061	891.75	10.470326	14.436994	69.562065	-20.14378	1756000	-0.09009785	81.84127	0.0	-38.045742	0.9020738	2.7269125e-09	1178.3270950317383
439	86.72654	12.986206	103.51562	73.28654	1000.0	7.652384	11.786904	59.009823	-32.405785	1760000	-0.11250729	18.545319	0.0	-7.418434	0.85129845	-6.2584876e-10	1181.8263971805573
440	117.37721	40.257725	163.06728	52.56044	697.5	10.724631	14.261401	61.429028	-27.100374	1764000	-0.1432608	129.72226	0.0	-56.210297	0.85605395	-7.599592e-10	1184.427579164505
441	93.76298	94.86126	209.17873	-51.59236	790.5	10.077541	12.69236	56.830326	-50.50492	1768000	-0.055345982	408.05478	0.0	-206.17056	0.8791745	4.3213366e-10	1187.3717770576477
442	-7.4367204	113.93436	131.99692	-110.049965	550.2	14.295543	17.840054	71.74876	-25.236996	1772000	0.025714392	1098.5309	0.0	-454.55084	0.8454271	5.081296e-09	1189.9703259468079
443	35.25861	97.06844	107.29383	-131.87349	880.25	-0.24669068	14.021855	59.247234	-52.781048	1776000	-0.0129457	224.25145	0.0	-57.57605	0.89235175	4.4703485e-10	1192.6189329624176
444	115.31931	40.21278	152.81691	47.06747	685.6	4.2878027	21.19414	63.89046	-57.203754	1780000	-0.1170896	475.98337	0.0	-340.80124	0.8101585	-1.5199184e-09	1195.5194611549377
445	141.24487	30.806858	170.20284	91.639626	657.25	15.679505	18.89272	70.242874	-14.94705	1784000	-0.023861991	222.99835	0.0	-126.929634	0.776652	2.2649764e-09	1198.3166580200195
446	44.737385	94.20717	146.91763	-85.33567	576.8333	12.35607	17.01898	70.48888	-31.61186	1788000	-0.045354098	646.4175	0.0	-237.52013	0.8697679	-2.2351743e-10	1200.3973300457
447	24.84154	97.32545	171.80775	-76.60465	648.75	3.5581238	18.814661	70.52062	-47.723576	1792000	0.0325884	358.05164	0.0	-83.23303	0.8210105	-1.8328429e-09	1203.665834903717
448	54.467907	103.50242	182.838	-71.60616	659.6	4.3181963	14.1637945	70.87468	-44.448795	1796000	-0.037964255	742.5212	0.0	-207.13506	0.87379223	-8.046627e-10	1205.972668170929
449	116.724464	40.22585	159.47713	61.18284	824.75	4.5704923	24.518639	71.59076	-33.550907	1800000	0.0024513006	181.66232	0.0	-116.59297	0.82574904	-2.8163194e-09	1208.679698228836
450	81.31997	121.66436	192.46565	-115.749	748.25	9.608168	15.616335	68.01184	-37.98048	1804000	-0.034782365	568.7499	0.0	-224.00516	0.7996155	1.937151e-10	1210.9706740379333
451	56.68212	106.09418	172.91974	-87.425705	680.4	5.969789	20.125767	68.78712	-47.039467	1808000	-0.05014026	404.24084	0.0	-71.67382	0.8022588	-2.682209e-10	1213.6599071025848
452	78.491646	39.85466	142.72266	34.236244	918.25	5.3920135	15.012566	63.512535	-43.20206	1812000	-0.046977222	233.98134	0.0	-117.51192	0.779751	-4.1723247e-10	1217.07262301445
453	141.40479	38.597404	186.55879	95.06441	712.6	7.9322963	15.383287	65.235664	-42.681553	1816000	-0.15417412	327.84384	0.0	-198.95554	0.84014636	-3.6507846e-09	1219.7810230255127
454	3.3251743	111.92001	140.87521	-117.04796	712.5	12.739991	22.851841	76.65476	-43.765587	1820000	0.058522657	928.45844	0.0	-471.45923	0.85458076	4.470349e-11	1222.4194259643555
455	95.12883	82.64347	164.88705	-63.402134	729.4	4.209438	21.121769	65.374084	-41.544582	1824000	-0.025996136	493.16028	0.0	-133.10304	0.7999903	2.5331975e-10	1224.5687820911407
456	90.08446	126.93111	212.50021	-89.035965	841.25	4.261862	11.24014	63.743675	-24.966486	1828000	-0.038685694	415.75378	0.0	-110.28085	0.801925	-4.172325e-09	1228.1384711265564
457	90.84605	95.62584	212.33496	-63.80071	777.0	5.796909	15.942947	67.88911	-28.383806	1832000	-0.034204427	392.7364	0.0	-77.160385	0.81045556	-4.351139e-09	1231.4964001178741
458	27.320393	73.559875	85.83906	-96.51721	909.75	7.091112	12.670649	53.928787	-31.221197	1836000	0.06421066	352.38803	0.0	-201.38635	0.86306125	2.3841857e-09	1234.8009560108185
459	91.422455	54.807594	158.46031	7.3667955	980.5	2.1291387	17.900309	63.279892	-51.37539	1840000	0.01706161	280.82477	0.0	-175.9245	0.77825797	3.3229588e-09	1238.0267870426178
460	121.3936	63.813187	227.76039	64.16934	781.0	7.0014906	11.703025	62.902378	-35.502808	1844000	-0.116837256	238.19258	0.0	-129.56107	0.7736057	-2.2947788e-09	1241.2848629951477
461	51.196342	73.6521	114.57066	-73.01243	794.75	7.9250574	11.0371895	63.335445	-39.361076	1848000	-0.025500426	344.73688	0.0	-127.81178	0.81751156	-2.5182962e-09	1244.0137121677399
462	-59.733215	69.834045	56.90696	-122.01543	627.75	3.829499	10.2703495	47.693493	-40.60407	1852000	0.030601688	659.68726	0.0	-326.48737	0.81336063	6.705522e-10	1246.6386978626251
463	10.744078	118.94285	173.25777	-108.374664	620.2	-9.028254	22.596317	55.628456	-69.05048	1856000	-0.011158386	672.10095	0.0	-150.42163	0.83710814	2.2351743e-09	1249.1115629673004
464	47.187057	80.644806	121.07076	-89.18128	904.0	3.4477277	11.160558	41.674343	-59.375	1860000	-0.021871677	116.69018	0.0	-29.153076	0.89284563	1.1026859e-09	1252.2554211616516
465	92.062904	88.88655	158.7125	-80.47068	726.8	-3.286153	22.977818	56.718853	-70.53127	1864000	-0.13879988	832.7887	0.0	-583.1258	0.84407526	8.940698e-11	1255.011048078537
466	113.83984	63.24917	202.69151	41.465557	851.5	10.382165	16.690655	70.2289	-29.774883	1868000	-0.017510932	202.16675	0.0	-111.944595	0.8312462	1.8030404e-09	1257.901268005371
467	47.1432	65.67238	96.25258	-65.93386	890.0	13.472444	12.4892845	61.549473	-37.017776	1872000	0.0023624059	417.55435	0.0	-261.17923	0.84181434	7.748603e-10	1261.3554978370667
468	84.28987	94.07275	183.84697	-94.11833	788.4	7.0319567	14.595895	59.01969	-47.48414	1876000	-0.0551806	206.94138	0.0	-44.48334	0.82216185	-2.1457671e-09	1264.8201699256897
469	47.24586	108.96968	164.2626	-84.2412	681.4	3.4108224	21.987684	66.68227	-54.983223	1880000	-0.013520392	427.85748	0.0	-99.589615	0.7777107	5.364418e-09	1267.0902059078217
470	66.14824	83.75666	158.33804	-64.6896	688.75	4.9127393	17.468378	66.44109	-38.07353	1884000	-0.097712524	195.25792	0.0	-45.85759	0.83229923	-1.9818545e-09	1269.5452589988708
471	-27.06185	93.91833	117.17416	-119.97623	698.8	9.253714	12.342107	66.3673	-29.76926	1888000	0.06479579	787.8159	0.0	-477.64856	0.8299506	-2.6077034e-09	1272.2752921581268
472	84.41904	118.82839	231.63011	-94.46396	622.1667	-5.2568555	24.123495	58.685863	-65.37992	1892000	-0.09963254	757.973	0.0	-403.5715	0.7900578	5.811453e-10	1274.7075498104095
473	84.584236	98.81855	191.49886	-74.68786	831.25	12.87693	14.579954	59.646652	-56.63933	1896000	0.009291146	434.99213	0.0	-152.32654	0.82100165	1.0728836e-09	1277.5629560947418
474	-0.8191719	78.92868	93.79422	-87.093895	775.5	6.5921617	14.04473	59.225296	-44.526413	1900000	0.025106888	465.863	0.0	-187.72534	0.8868383	1.4901169e-10	1280.3823201656342
475	123.65796	95.448105	195.92163	-85.57668	612.0	-8.288782	27.613935	57.82347	-68.60249	1904000	-0.13712351	1279.9647	0.0	-885.1084	0.8211775	-6.109475e-10	1282.425050020218
476	54.589794	83.07335	155.03546	-50.88236	716.2	30.305574	24.370485	72.664986	-42.076096	1908000	0.036505233	1342.7495	0.0	-993.07574	0.81933546	2.965331e-09	1285.0139520168304
477	146.5554	45.261517	222.37517	105.84722	835.25	6.239045	19.705793	61.391327	-64.76798	1912000	-0.12052463	220.13412	0.0	-117.76678	0.8253276	-2.4437905e-09	1287.5078399181366
478	65.58902	98.62072	167.93768	-57.69305	696.8	17.423262	19.229445	76.54924	-45.00142	1916000	0.03810396	656.10016	0.0	-290.839	0.80386263	1.2665987e-09	1290.3207280635834
479	67.28945	86.17578	158.11404	-87.80991	797.4	5.9054074	13.528274	74.01218	-57.83673	1920000	0.014162272	265.84567	0.0	-44.657448	0.80125093	-1.1473894e-09	1292.853350162506
480	147.10793	42.476727	199.13968	94.07202	823.25	7.982416	21.31463	77.98633	-37.32848	1924000	-0.0025640018	167.7265	0.0	-116.3548	0.78829783	-2.4139881e-09	1295.4151499271393
481	140.54405	54.1837	211.24184	66.64934	776.75	10.280578	15.230925	72.79835	-29.36477	1928000	-0.09937074	115.33085	0.0	-49.107147	0.7950211	-3.5613774e-09	1298.1910099983215
482	97.87282	12.078013	117.91571	87.9887	1000.0	6.10001	14.0124655	55.875286	-16.470364	1932000	0.0036525317	40.579903	0.0	-21.07465	0.7801286	-1.5795231e-09	1301.309949874878
483	83.77026	94.43289	185.43652	-49.167873	674.6	8.753877	14.406971	58.48833	-53.116592	1936000	-0.04189217	803.3723	0.0	-269.11322	0.78875905	3.606081e-09	1303.7798628807068
484	86.94493	20.839125	107.24251	53.62077	1000.0	5.8957844	8.346367	50.42936	-15.900704	1940000	0.05808577	71.168396	0.0	-57.68363	0.7604691	7.4505735e-11	1306.5279378890991
485	165.58199	84.12416	239.3892	15.573734	626.2	11.646072	17.566422	73.98586	-24.229034	1944000	-0.07778779	466.386	0.0	-196.89163	0.7736619	1.0579824e-09	1308.9578039646149
486	74.59116	66.66279	120.4611	-40.499573	835.75	8.014369	14.36897	65.25521	-27.27652	1948000	0.030210122	436.16327	0.0	-241.61923	0.7157725	2.2351743e-09	1311.5752828121185
487	115.81319	15.115738	137.10611	95.71308	1000.0	5.4351926	12.519331	56.498528	-16.34634	1952000	-0.05225416	21.8418	0.0	-11.746716	0.8893392	-6.407499e-10	1314.536938905716
488	123.40896	28.472427	152.27603	76.304474	1000.0	16.485992	20.231615	61.69009	-13.472788	1956000	0.09172638	353.8087	0.0	-312.72186	0.8037791	1.9818545e-09	1317.485543012619
489	109.1783	96.21254	223.59863	-55.90595	663.2	10.73753	15.578621	57.011562	-36.305336	1960000	-0.055681624	585.80255	0.0	-127.646866	0.7852632	-3.7550927e-09	1320.0354511737823
490	59.151787	81.059906	157.52208	-42.206245	713.2	13.120515	14.055246	63.275276	-37.79024	1964000	0.043733414	368.11722	0.0	-177.06567	0.7576432	1.3560056e-09	1323.1870682239532
491	67.29241	97.787445	191.66946	-57.55196	448.16666	7.1050944	19.80763	62.731537	-45.58617	1968000	-0.040853806	458.40787	0.0	-118.87484	0.7521035	3.0398368e-09	1325.569216966629
492	92.38068	87.69122	225.8517	-23.434206	638.8333	9.842205	22.62687	65.83252	-52.64477	1972000	0.016709067	447.84976	0.0	-105.934006	0.81208175	-1.9371509e-09	1327.8967590332031
493	163.65933	68.86267	236.76505	61.879833	630.0	-2.933172	26.850376	64.83767	-46.13272	1976000	-0.0122255515	1200.6877	0.0	-902.8668	0.71706855	2.1606685e-09	1330.215451002121
494	127.132164	105.339355	250.79788	-59.760826	655.8	15.861065	20.605787	67.69071	-29.988836	1980000	-0.058880296	633.3817	0.0	-159.43404	0.77389544	-3.874302e-10	1332.637864112854
495	113.822655	125.9809	266.13812	-70.069405	406.625	17.228054	17.992537	68.59119	-44.16115	1984000	-0.06967531	1096.3047	0.0	-238.0979	0.72113514	2.861023e-09	1334.6640040874481
496	86.14262	99.71851	248.9551	-55.622654	642.3333	11.623305	20.22999	65.86727	-41.693733	1988000	-0.039505105	577.1064	0.0	-134.88348	0.8081491	-1.6391277e-10	1337.1641910076141
497	139.76688	126.08834	273.595	-61.938545	386.33334	17.822472	22.477032	72.7177	-38.776318	1992000	-0.050950013	848.4138	0.0	-200.44867	0.75087464	2.2649764e-09	1339.1527080535889
498	93.04708	102.94877	217.35547	-38.3941	511.2857	23.418695	21.197424	72.43115	-26.243933	1996000	0.0053874813	1012.13574	0.0	-465.1239	0.8087623	-2.30968e-09	1341.3683738708496
499	77.96538	93.99986	215.49821	-49.294415	690.25	13.427067	14.497141	67.76633	-39.079502	2000000	0.013728309	350.1031	0.0	-102.5823	0.81427574	1.3411044e-10	1343.9227030277252
