Epoch	AverageEpRet	StdEpRet	MaxEpRet	MinEpRet	EpLen	AverageVVals	StdVVals	MaxVVals	MinVVals	TotalEnvInteracts	LossPi	LossV	DeltaLossPi	DeltaLossV	Entropy	KL	Time
0	-201.60362	121.42462	22.124828	-478.11493	131.9	0.13161749	0.07400424	0.3125018	-0.13667512	4000	0.0013674152	12247.222	0.0	-697.9746	1.3838583	1.5497208e-09	3.8500139713287354
1	-275.95453	121.64847	-73.75327	-542.2167	83.104164	-3.4504004	1.2270061	1.7711518	-4.7907233	8000	0.020770488	27480.078	0.0	-1857.8477	1.2989743	-4.4703483e-10	6.858418226242065
2	-138.16934	56.86873	-54.476376	-303.5673	89.568184	-9.600873	0.33634847	-3.7936738	-9.715217	12000	0.00023321724	5158.062	0.0	-259.85107	1.3609031	2.682209e-10	9.836266040802002
3	-180.97906	99.8307	87.95374	-415.8142	116.882355	-11.417391	0.7027737	-5.2292547	-11.723105	16000	0.028118879	8426.688	0.0	-265.48486	1.3377434	3.5762787e-10	13.585685014724731
4	-240.08398	124.221504	-56.783455	-560.99316	99.1	-13.621346	0.16246691	-11.445112	-13.691537	20000	0.04794376	16951.764	0.0	-737.90137	1.3141773	7.4505804e-11	16.657485008239746
5	-139.07242	72.941986	5.9389353	-356.4649	98.6	-16.9106	0.035118762	-16.06269	-16.939688	24000	0.019287065	5081.7	0.0	-217.21924	1.3229336	-1.6540289e-09	19.678602933883667
6	-122.71753	51.34544	-53.53207	-300.64645	107.333336	-18.792843	0.27605322	-14.189591	-18.84381	28000	0.0018150993	2790.7615	0.0	-117.53467	1.3309202	-4.1723253e-10	22.783579111099243
7	-113.336914	50.27288	-24.652945	-273.71494	105.052635	-20.191265	0.09342248	-18.637648	-20.219435	32000	-0.009115141	2343.4412	0.0	-83.6062	1.3144187	-1.4901161e-09	25.816476821899414
8	-93.08491	40.557426	-32.0387	-247.50642	107.77778	-21.413942	0.025104942	-21.010796	-21.434294	36000	0.00041704415	1645.0223	0.0	-46.14563	1.3114593	-2.6524067e-09	28.84943699836731
9	-66.54582	22.989178	-11.512947	-114.419464	121.030304	-22.365414	0.014519497	-22.276117	-22.383036	40000	-0.011044077	868.8239	0.0	-12.427612	1.2821438	4.4703483e-10	31.939675092697144
10	-38.953648	21.693668	22.948177	-79.14865	123.09375	-22.890114	0.018098509	-22.756283	-22.909393	44000	-0.02207239	820.1074	0.0	-0.38745117	1.2485203	3.5762787e-10	35.07220816612244
11	-27.64915	25.573694	16.192125	-72.75416	194.15	-22.952868	0.13197456	-22.330088	-23.019403	48000	-0.012457393	1005.5804	0.0	-2.4282227	1.1963096	-3.874302e-10	39.221081018447876
12	-55.022076	70.87248	36.753452	-221.2127	246.125	-22.77358	0.049027577	-22.328136	-22.810835	52000	-0.03284345	1368.4808	0.0	-1.8907471	1.1008806	1.5050173e-09	43.11062288284302
13	-1348.1917	823.3393	-153.93677	-2769.173	559.5714	-22.963493	0.006768083	-22.90463	-22.968607	56000	0.06992535	53922.496	0.0	-2596.0469	0.98406214	6.4074995e-10	48.333096981048584
14	-923.39795	548.4533	-199.13885	-1522.0444	569.1429	-29.59438	0.018956205	-29.4815	-29.604412	60000	0.04462006	20300.508	0.0	-961.2285	1.0454816	-7.4505804e-11	54.062816858291626
15	-198.9269	39.590427	-139.69376	-245.04868	661.8333	-33.58835	0.015673084	-33.489204	-33.604675	64000	-0.039709173	644.8275	0.0	2.0308838	1.0793028	-6.854534e-10	60.034871101379395
16	-138.43565	37.610214	-69.61345	-191.89442	658.0	-33.811726	0.11060407	-33.21721	-33.91603	68000	-0.034224454	949.2645	0.0	-4.1954346	1.0484651	2.6226044e-09	65.83545708656311
17	-98.7596	18.887486	-71.99385	-125.230194	928.0	-33.596977	0.081198774	-33.192364	-33.71569	72000	-0.026105449	882.0599	0.0	-18.5932	1.033196	-6.556511e-10	72.85024404525757
18	-26.417425	13.625777	-5.5541673	-43.768944	1000.0	-32.887352	0.17875442	-31.90795	-33.171867	76000	-0.014295715	1055.2202	0.0	-48.480957	1.0360898	-1.2665987e-09	80.01504898071289
19	-1.2456976	34.454296	26.02489	-59.30697	1000.0	-30.908043	0.8925717	-26.909668	-32.397415	80000	-0.05214657	1277.9243	0.0	-344.4427	1.0178297	-1.296401e-09	88.1592800617218
20	76.92344	95.499016	227.00856	-37.414185	811.5	-17.855095	5.680797	-7.593441	-24.324266	84000	-0.08790595	1472.2562	0.0	-698.56586	0.98468184	8.3446505e-10	95.32260799407959
21	104.32671	38.85752	165.63391	62.825764	1000.0	-9.502713	9.702401	14.154708	-16.632996	88000	-0.021306483	584.0991	0.0	-207.67285	0.8273828	0.0	101.15389108657837
22	97.57506	45.559193	144.54813	42.01748	646.8	-4.1394534	15.502784	28.84367	-14.723942	92000	0.01564511	525.6845	0.0	-70.94464	0.6905896	1.2665987e-09	106.34710001945496
23	64.49072	65.618614	221.7167	3.3208814	286.69232	11.89613	15.937872	30.355604	-10.821467	96000	0.0131166745	1573.6904	0.0	-207.21582	0.7524977	-4.4703484e-11	110.48104286193848
24	104.49013	68.220795	205.12515	16.357508	552.8571	5.806369	10.004986	28.432137	-8.513506	100000	0.033241782	842.35406	0.0	-79.40784	0.76516706	7.4505804e-11	115.05727505683899
25	57.469383	56.28453	174.90268	14.144731	315.8	9.114621	12.414076	30.675804	-8.302142	104000	0.0194283	1032.8906	0.0	-263.86926	0.7607076	-1.6391277e-10	119.46347308158875
26	64.30619	80.28212	255.99405	-18.7952	317.45456	4.094112	14.772446	30.979715	-29.67177	108000	0.028599337	1125.3917	0.0	-67.38452	0.7340094	-8.1956386e-10	123.70067977905273
27	107.70326	117.605774	282.32907	-21.366898	418.1111	2.2886739	15.659353	31.513979	-31.552315	112000	-0.031442877	1558.509	0.0	-161.92517	0.648128	3.427267e-10	128.16844582557678
28	244.21208	51.052998	280.00174	131.68556	595.0	12.284273	11.05424	31.785988	-21.156227	116000	0.023564849	1186.8533	0.0	-344.7005	0.62436956	9.685754e-10	132.89450907707214
29	225.52257	63.00668	293.9546	118.80542	544.0	23.21935	6.5152783	32.378662	10.746666	120000	-0.03751336	849.07635	0.0	-64.621704	0.6411405	-6.854534e-10	137.2936658859253
30	178.81203	108.06593	270.36002	-48.129208	370.0	29.000614	3.9327245	32.88479	-3.3861535	124000	-0.09148813	1429.9783	0.0	-126.45715	0.71898323	7.8976153e-10	141.71237897872925
31	212.01094	51.34594	252.85236	107.432625	652.6667	27.531162	7.01159	33.24282	6.23002	128000	-0.044248834	769.86926	0.0	-30.025879	0.7194198	-8.046627e-10	147.1053340435028
32	150.6873	28.05392	195.7271	124.684875	827.5	25.164015	6.3176656	33.142757	8.585731	132000	-0.12915818	892.30194	0.0	-309.60773	0.8528448	-1.192093e-10	155.19699907302856
33	120.865326	81.25281	221.10379	34.60007	822.25	8.5823345	9.855763	32.413982	-4.8791327	136000	-0.1418982	448.81042	0.0	-32.97647	0.89002293	-2.026558e-09	163.00897789001465
34	194.10246	29.021854	230.37335	138.66278	627.3333	11.686907	14.352264	32.90402	-9.516082	140000	-0.15086557	878.9094	0.0	-197.68292	0.84960216	-1.4901161e-10	169.81711792945862
35	239.32181	28.191748	273.64764	193.41904	477.75	19.5397	7.155254	33.330868	0.46852958	144000	-0.17611709	891.1578	0.0	-262.61084	0.79706335	-1.5944243e-09	174.87409615516663
36	235.53352	30.641685	268.16058	169.65744	479.625	32.948273	0.99994546	34.134216	30.09763	148000	-0.14483884	783.438	0.0	-4.337097	0.74046534	-8.493662e-10	179.91085410118103
37	203.85307	81.21712	271.43143	-4.806436	454.5	33.525715	0.77728784	34.52716	31.253239	152000	-0.13823386	888.04614	0.0	-6.1708984	0.7035663	-1.5944243e-09	185.0916349887848
38	231.89746	35.280174	284.87308	152.33084	421.77777	32.988274	1.2091031	34.593853	29.555775	156000	-0.14877327	760.3186	0.0	-21.675842	0.6992496	4.61936e-10	189.619530916214
39	116.21293	118.95487	250.75572	-27.217995	416.33334	34.377125	0.6698343	35.38057	32.0294	160000	-0.05604914	1809.9213	0.0	-358.85278	0.7203263	1.847744e-09	194.39911603927612
40	194.75824	75.72499	253.55624	0.006135949	478.0	21.163704	7.304736	34.312096	9.071679	164000	-0.1200872	740.1999	0.0	-78.16162	0.69411993	4.3213366e-10	199.44906210899353
41	104.079895	108.2034	244.10867	-20.200745	535.5714	25.459864	5.7047634	35.22186	13.68178	168000	-0.0678701	1462.0322	0.0	-473.49463	0.7415658	1.0430813e-09	204.49518203735352
42	115.817245	117.03257	209.26256	-114.134315	785.0	10.110931	17.075527	35.203754	-24.341654	172000	-0.074891366	862.9914	0.0	-68.52661	0.729854	-2.0563602e-09	211.33049488067627
43	78.13869	132.38396	170.36957	-150.52724	816.25	4.6600733	14.552159	35.514717	-12.896657	176000	-0.0749405	567.979	0.0	-36.684326	0.7622106	2.5629998e-09	218.75806093215942
44	34.86554	61.72209	138.57007	-12.713702	987.25	-1.1386318	11.709962	35.537506	-16.749195	180000	-0.078046374	222.00212	0.0	-17.306213	0.768749	-1.6093255e-09	227.0038378238678
45	-16.04758	8.062228	-2.5249598	-23.326963	1000.0	4.1905	6.477085	27.136255	-8.628267	184000	-0.07380259	133.25546	0.0	-100.10243	0.825572	-2.2947788e-09	235.74371910095215
46	-63.350178	14.391741	-44.24197	-82.04082	1000.0	-1.6696016	6.1070886	28.308615	-12.399076	188000	-0.0328564	87.953606	0.0	-57.395504	0.8006265	-2.115965e-09	243.9311158657074
47	-103.182976	28.748306	-62.4297	-143.67258	1000.0	-5.625362	4.784666	13.747434	-16.686863	192000	-0.019189227	120.095345	0.0	-63.503685	0.8075023	3.5762786e-09	252.58468198776245
48	-32.780193	19.278076	-3.548482	-51.30559	1000.0	-15.047071	5.272872	5.5052924	-23.42619	196000	-0.07026302	106.08491	0.0	-69.2994	0.79264534	-9.536744e-10	260.4465699195862
49	51.199566	54.443943	130.18747	-19.413847	987.5	-9.674359	9.958586	35.40133	-23.200836	200000	-0.0410458	331.92532	0.0	-134.43036	0.75201064	-1.4901161e-10	268.84017610549927
50	156.08604	29.901375	193.4633	116.66244	842.5	1.746194	9.652556	35.178604	-9.191816	204000	-0.10593612	685.1212	0.0	-268.12582	0.759923	6.109476e-10	276.6214048862457
51	186.74922	17.27488	212.88005	165.4336	770.8	5.8959074	10.754825	35.98964	-16.572115	208000	-0.12056239	534.81177	0.0	-128.94308	0.73902637	-9.387732e-10	283.99364399909973
52	191.59325	29.258133	237.82579	146.5042	592.8333	13.734723	11.286285	36.805824	-15.059623	212000	-0.14767356	491.90814	0.0	-90.28171	0.7067734	1.8030405e-09	289.75743985176086
53	222.7161	28.180916	272.19702	192.21945	519.0	19.393675	12.080431	37.731693	-16.778791	216000	-0.14851296	518.08295	0.0	-94.095764	0.6592733	-3.3378602e-09	294.9342520236969
54	187.65607	104.77918	276.11514	-82.68417	481.125	23.639141	12.96494	38.90833	-8.334951	220000	-0.09285384	823.32794	0.0	-48.047302	0.64496493	1.6987324e-09	299.85663986206055
55	120.07543	126.88854	279.50858	-67.005226	475.375	24.562574	15.02104	40.080082	-9.2737465	224000	-0.011133103	1488.7545	0.0	-199.23181	0.5756608	-3.427267e-10	304.56753516197205
56	53.131847	141.7788	255.32147	-106.97198	351.0	18.72334	18.940132	39.87369	-21.233282	228000	0.02529628	2018.2454	0.0	-315.6538	0.6286967	-2.592802e-09	308.8237099647522
57	51.639507	113.55271	235.32626	-72.41855	326.5	6.4950266	25.770014	40.13899	-39.130714	232000	0.041517	1810.2704	0.0	-71.99182	0.6278561	-8.046627e-10	313.05926489830017
58	51.785027	99.896355	211.33762	-63.961403	382.2	3.7868493	28.411234	40.26459	-40.94897	236000	0.019561652	1475.9098	0.0	-180.7334	0.63973093	-4.2170285e-09	317.9182891845703
59	26.36709	88.76445	184.29301	-70.78446	511.7143	10.214113	22.07116	40.01253	-39.810814	240000	0.02573197	1324.2822	0.0	-120.15283	0.6680942	1.5050173e-09	322.60799622535706
60	49.909145	97.96559	174.97556	-43.19387	460.57144	14.780291	23.090733	38.862988	-37.908848	244000	0.04333868	1241.1215	0.0	-163.84692	0.602747	3.6507846e-09	327.78436493873596
61	105.14317	147.0216	261.86124	-95.83868	549.2857	11.495563	20.98517	34.78898	-36.23999	248000	0.006717061	1289.631	0.0	-179.38135	0.54527336	7.1525574e-10	332.7221350669861
62	9.090976	143.04515	231.96805	-146.31676	680.6	0.36732972	18.025187	37.436607	-33.18236	252000	-0.01776062	659.71967	0.0	-70.25287	0.69442004	-3.874302e-10	338.62035608291626
63	-55.11971	129.26108	160.26736	-226.18053	791.0	-5.191917	22.062372	38.08166	-28.843756	256000	-0.031142628	511.56964	0.0	-109.56854	0.6988836	-2.8759242e-09	345.61274003982544
64	-63.936386	95.20926	213.05882	-186.16525	325.33334	-1.7440804	25.65362	37.623985	-36.785767	260000	-0.020417713	1229.4927	0.0	-375.5943	0.67271084	3.248453e-09	349.8247311115265
65	-142.05766	40.41167	-74.29561	-192.4871	541.7143	-23.090252	25.65016	37.297997	-40.795055	264000	0.02667738	494.02106	0.0	-55.187744	0.69697374	5.662441e-10	355.9698529243469
66	-73.284996	108.85966	224.0576	-158.04723	441.22223	-9.807419	28.17406	39.2322	-41.47778	268000	-0.02494762	547.0745	0.0	-80.91229	0.66075975	-5.662441e-10	360.8055329322815
67	-103.26566	32.23415	1.2832261	-144.91624	254.4	-16.355297	26.67359	41.61233	-43.69853	272000	-0.0033962089	723.065	0.0	-212.37643	0.681433	-2.9802323e-09	364.751296043396
68	-76.78198	96.91434	228.34851	-142.3372	280.14285	-24.717789	25.759092	44.267666	-46.209923	276000	-0.047953956	840.975	0.0	-214.39832	0.6431309	8.046627e-10	368.7756998538971
69	-84.903534	45.387413	51.904217	-132.03012	305.07693	-23.785126	25.884876	46.370953	-48.306576	280000	0.013138655	719.57764	0.0	-256.23987	0.677606	-1.6093255e-09	372.9952509403229
70	-12.93779	150.03871	285.03177	-163.66112	399.2	-20.759815	32.42202	48.04856	-49.911617	284000	-0.08119118	1359.3717	0.0	-438.18085	0.6422044	-9.23872e-10	377.8080439567566
71	106.6471	116.24919	319.12152	-50.247845	262.8	5.243747	32.340977	48.791027	-48.76669	288000	-0.007966325	2548.7954	0.0	-713.1865	0.55431163	1.5497208e-09	382.002149105072
72	122.62518	151.60637	312.69388	-88.22337	277.64285	29.324976	18.264969	49.21855	-22.758963	292000	0.013403813	2690.394	0.0	-490.0454	0.5339005	-3.4719705e-09	386.0149099826813
73	150.39557	94.24122	259.15012	-11.768035	338.0	30.224224	24.990278	51.388027	-44.505497	296000	0.0076485705	2059.861	0.0	-494.44604	0.56111294	4.4703483e-10	390.1963381767273
74	212.16054	91.824715	297.99457	2.9849563	327.16666	44.92129	10.171736	49.690205	-3.0224948	300000	-0.019938264	1507.9767	0.0	-82.69202	0.5234156	2.9057263e-09	394.384712934494
75	149.77522	113.85643	272.9387	-15.185243	290.53845	42.152573	12.910825	50.85654	-3.615625	304000	0.0229775	1748.5565	0.0	-196.56018	0.5449326	6.109476e-10	398.2253301143646
76	157.29848	105.19073	278.9821	12.42971	299.25	36.57256	17.699594	51.400356	-14.080777	308000	-0.012016615	1928.4489	0.0	-325.52625	0.5584108	0.0	402.35937309265137
77	156.86143	113.36288	291.63467	28.219637	281.64285	48.171726	3.6876001	50.317898	9.533582	312000	-0.03171894	2076.6802	0.0	-544.2864	0.5283307	5.364418e-10	406.6082420349121
78	172.93167	112.66626	285.39996	17.649181	239.0625	39.344337	11.940993	50.152718	-16.71974	316000	-0.019151237	1835.7303	0.0	-371.09827	0.51116997	-1.2367963e-09	410.23434686660767
79	172.9832	108.04988	282.97357	14.041233	233.06667	44.48043	10.925963	52.7839	13.842228	320000	0.0067392243	1626.9795	0.0	-48.524902	0.48991296	-8.3446505e-10	413.9080100059509
80	216.58012	94.14572	299.14664	31.41807	273.7857	48.192757	9.237078	53.895138	-2.4463513	324000	-0.025411945	1098.4069	0.0	-106.01044	0.49704787	-4.2915342e-09	417.6831212043762
81	189.10513	110.088776	286.50027	-5.3742104	269.7143	51.02216	9.281127	56.208523	-6.714903	328000	-0.025743602	1271.1255	0.0	-92.026	0.5101292	-2.6524067e-09	421.43657994270325
82	196.42502	102.56081	281.4097	-7.2230663	277.35715	50.144863	12.126676	57.594078	-33.136906	332000	-0.058216684	1293.966	0.0	-29.07483	0.554767	1.385808e-09	425.30784702301025
83	189.40474	102.41442	286.27963	3.015877	299.58334	50.03978	12.87211	58.357796	-49.74784	336000	-0.052092113	1149.3313	0.0	-89.267334	0.54016256	-1.0281801e-09	429.4050600528717
84	199.63756	91.317245	265.98462	-11.851604	321.33334	45.056774	17.159744	58.17329	-50.171555	340000	-0.08621228	1052.0627	0.0	-148.04376	0.5611858	2.4735927e-09	433.43538308143616
85	212.84303	84.27397	278.50485	-7.089334	403.55554	51.785694	9.450219	57.596893	10.174559	344000	-0.017957155	1186.7622	0.0	-122.02368	0.5269475	-5.2154064e-10	438.1044409275055
86	204.0016	57.836308	279.10477	113.03559	569.7143	48.743977	7.16431	51.368008	8.526202	348000	-0.049059197	1373.4291	0.0	-378.597	0.5514708	-2.5629998e-09	443.4462308883667
87	215.00243	70.62702	264.9055	23.771877	426.55554	43.645283	1.6332272	45.87346	32.247658	352000	-0.09835292	792.5359	0.0	-75.685	0.5945427	4.172325e-09	448.1528580188751
88	210.40181	68.6509	252.74467	19.225245	391.8889	36.933372	5.6964526	44.301414	-41.13431	356000	-0.1172629	815.0274	0.0	-73.64313	0.6153551	-5.811453e-10	452.7346889972687
89	208.84409	64.78858	268.25623	36.346596	417.1111	36.01027	6.80456	45.32931	-24.933512	360000	-0.081581235	797.22076	0.0	-128.27478	0.5782427	1.4901162e-11	457.23500418663025
90	223.01755	25.584494	266.1445	175.9417	441.1111	33.96586	10.809728	46.866066	-0.5424834	364000	-0.0802729	949.1225	0.0	-72.75647	0.5230422	-1.013279e-09	461.93450689315796
91	210.0245	69.712585	259.2069	8.258952	395.6	38.114616	7.477741	48.226067	17.716612	368000	-0.109354265	764.12683	0.0	-40.38611	0.5979416	-4.6491624e-09	466.64565896987915
92	249.02083	20.411001	277.862	200.77666	390.5	37.056053	9.989496	50.00678	13.135598	372000	-0.122563794	516.6485	0.0	-159.39154	0.5563075	-2.5331975e-10	471.0319058895111
93	227.92593	74.81962	282.14276	10.868795	384.7	39.957233	12.893294	55.700737	-32.626907	376000	-0.09391843	830.2442	0.0	-70.145935	0.5739973	-2.6077032e-09	475.2704041004181
94	247.52568	28.51666	287.3729	216.99118	381.3	42.404144	11.828907	57.830017	14.208125	380000	-0.10049148	414.13745	0.0	-105.55994	0.546327	2.8312205e-10	479.7767291069031
95	225.32869	73.96964	290.41455	27.746527	388.4	43.32504	14.56316	60.44438	7.6454616	384000	-0.02704487	1167.7471	0.0	-323.4997	0.52615786	8.493662e-10	484.1906318664551
96	228.07361	65.6515	284.13138	38.213604	386.8	38.27078	15.519604	61.014317	7.7804704	388000	-0.045999978	446.49182	0.0	-100.742096	0.5105984	-1.5646219e-09	488.4824879169464
97	243.71133	18.086798	282.60287	223.47404	364.7	42.0538	16.068703	62.686142	10.308455	392000	-0.07496275	373.41495	0.0	-120.63547	0.5664053	2.0563602e-09	492.8237748146057
98	249.8478	23.044228	280.98767	193.22575	317.83334	49.359695	18.238308	64.9148	-22.952103	396000	0.0021398608	777.87085	0.0	-150.15686	0.47421604	3.874302e-10	496.7249598503113
99	209.94826	68.408195	282.54108	43.745842	350.0	49.287846	21.586853	66.980865	-16.185246	400000	0.07754039	2197.7937	0.0	-703.7655	0.3933797	2.384186e-10	500.5256230831146
100	212.34033	94.78356	289.70752	-21.668926	256.0	51.08358	14.259448	65.62323	-55.437443	404000	0.03795027	1275.9414	0.0	-169.77124	0.36060548	-1.1920929e-09	504.1678099632263
101	141.36107	119.17827	288.86835	0.7620869	202.1579	48.815388	17.38927	69.096405	-54.40949	408000	-0.002978685	2295.0947	0.0	-366.3789	0.37407959	-6.4074995e-10	507.56874799728394
102	77.9611	101.762535	289.8832	-27.338087	148.38461	52.200684	17.561787	69.44346	-22.001743	412000	0.0066347388	3387.1748	0.0	-740.06836	0.42433038	-2.682209e-10	510.7236762046814
103	69.33649	94.59234	275.73538	-24.725124	142.42857	34.458164	22.015953	66.41767	-37.482944	416000	-0.018444793	2436.0276	0.0	-474.30188	0.3990193	-1.937151e-10	513.8344829082489
104	32.84086	48.166317	278.775	-26.657576	114.94118	26.266872	28.064579	67.824486	-22.591705	420000	0.05903348	1504.5205	0.0	-570.5144	0.47491083	-1.8179417e-09	516.8440911769867
105	14.339309	25.685171	60.874165	-55.597687	104.289474	15.992588	32.81713	69.04891	-64.77336	424000	0.05182231	872.0775	0.0	-414.46317	0.4503429	5.811453e-10	519.8467130661011
106	15.502194	23.62609	48.756554	-33.977966	99.725	9.895552	35.065613	64.011925	-69.613365	428000	0.05527184	424.91937	0.0	-96.390564	0.4528464	-2.2947788e-09	522.8853161334991
107	8.6272135	44.323555	232.66055	-50.45777	101.5641	0.5339592	38.650135	56.766323	-72.50526	432000	-0.0017488146	1071.8473	0.0	-230.45148	0.41114593	1.937151e-10	525.8621859550476
108	6.6841154	27.367035	61.98712	-43.948963	110.55556	3.4076326	34.856003	56.16054	-72.59322	436000	0.064979404	491.73132	0.0	-241.85307	0.43252555	2.6822091e-09	528.8648822307587
109	28.520704	57.550293	227.87027	-39.425457	111.74286	1.4384522	42.970074	59.055008	-74.012024	440000	-0.036926452	1643.5918	0.0	-650.6995	0.42817155	6.2584876e-10	531.9220900535583
110	37.65725	87.74397	237.82541	-96.69891	153.3077	3.4229333	32.18018	58.371735	-74.21248	444000	0.014793045	1872.9553	0.0	-489.9961	0.43649897	1.8626451e-09	535.1713509559631
111	8.991529	39.155895	74.70624	-69.7913	119.40625	7.586996	38.98046	59.777973	-75.71377	448000	0.018499989	816.29156	0.0	-346.01456	0.44583333	1.937151e-10	538.2233231067657
112	55.618626	93.0574	265.43	-71.10697	208.63158	-8.99144	36.62302	60.63065	-77.24745	452000	-0.05663874	2585.2285	0.0	-1067.6611	0.43615216	-3.695488e-09	542.580913066864
113	27.56952	84.981834	278.8133	-60.1253	154.91667	15.327016	36.003628	62.856495	-77.22065	456000	-0.049328826	1865.9047	0.0	-374.3672	0.42531317	1.296401e-09	545.749617099762
114	64.32492	118.5801	301.74847	-76.81243	240.8125	9.726095	30.522808	63.313435	-77.45342	460000	-0.0082962485	1906.6344	0.0	-446.53076	0.46298417	-2.9802322e-10	549.5755748748779
115	92.46592	139.59413	308.46167	-88.36616	310.08334	15.544741	27.480995	69.68212	-72.81879	464000	-0.04740324	1757.2657	0.0	-409.8086	0.5309251	2.0116568e-09	553.6041519641876
116	80.35003	148.41818	284.3599	-127.33836	322.0	10.962402	28.57482	67.56873	-62.090916	468000	-0.039791156	1683.0565	0.0	-276.11584	0.5030953	1.5348196e-09	557.4849479198456
117	82.01992	149.19186	292.46454	-109.32836	230.70589	26.406649	35.79693	78.006836	-69.14171	472000	0.012508236	2001.0955	0.0	-371.87097	0.43657884	5.438924e-09	560.8698310852051
118	75.77318	156.91763	298.06488	-107.594215	250.8	10.221489	40.22726	81.19921	-71.56875	476000	0.019407062	1628.96	0.0	-253.24329	0.42226195	-3.4719705e-09	564.5574460029602
119	151.47768	116.18947	310.9955	-59.852673	320.58334	40.335556	38.971146	82.446594	-47.40925	480000	-0.012048899	2194.7346	0.0	-1190.3745	0.44317943	1.6689301e-09	568.5186128616333
120	168.21364	110.37707	271.2996	-33.185055	305.46155	35.64343	28.814478	81.94389	-57.19867	484000	-0.05011728	1138.4031	0.0	-143.10828	0.41343907	-1.7434358e-09	572.5159759521484
121	125.24195	146.23672	286.96976	-100.77522	350.81818	43.815834	25.65428	83.1231	-25.94117	488000	0.027716478	2757.7778	0.0	-1224.5883	0.4398765	-7.301569e-10	576.2036609649658
122	33.94351	138.87613	285.5139	-161.23721	349.0909	14.109001	32.58587	82.76382	-76.31719	492000	-0.029435031	1366.2333	0.0	-442.32697	0.5052168	3.1143428e-09	580.4722440242767
123	77.66036	123.556526	274.62704	-69.73358	344.45456	23.30368	36.81274	84.115456	-74.586555	496000	-0.0019047058	1709.4265	0.0	-615.0929	0.47351474	-1.5944243e-09	584.67307305336
124	217.2738	59.688145	270.8559	86.01848	464.375	21.622395	29.322521	83.014366	-55.447216	500000	-0.08404056	1162.1875	0.0	-583.9893	0.49977583	-5.9604643e-10	589.6366791725159
125	121.234406	116.45682	259.49155	-53.531445	434.44446	32.37258	20.578009	76.62692	-49.122314	504000	-0.069143675	1022.6579	0.0	-327.51263	0.54926294	1.1473894e-09	594.577821969986
126	57.959866	114.699356	236.65489	-55.08576	623.1667	17.13732	27.389086	70.627396	-43.44493	508000	-0.038196716	1076.1438	0.0	-589.255	0.563457	-4.4703483e-10	599.4702470302582
127	137.06308	120.79134	259.07034	-62.221935	453.375	12.154	28.281923	77.19043	-75.503555	512000	-0.07235497	1238.7506	0.0	-354.10046	0.49272138	2.2947788e-09	604.0445559024811
128	113.77844	116.061325	236.58646	-46.483177	372.9	26.00325	18.52449	67.126854	-57.665478	516000	-0.05559261	1214.5774	0.0	-330.3634	0.5165944	3.5762787e-10	608.56303191185
129	172.98834	82.26844	262.99896	-22.82117	432.0	19.868732	29.469059	74.44538	-64.16497	520000	-0.012252963	1194.5975	0.0	-494.35248	0.45599216	-1.8626451e-09	613.1111028194427
130	136.49448	132.79442	239.55818	-127.36319	395.6	27.956606	25.045275	75.74022	-65.2929	524000	0.0026756607	1669.4927	0.0	-254.43506	0.48555586	-5.1409006e-09	617.4565770626068
131	110.73668	128.04466	257.03998	-91.82721	459.125	24.656025	23.811127	76.54345	-49.444946	528000	-0.003312789	1063.2062	0.0	-189.55908	0.50105	2.7865172e-09	622.047040939331
132	177.8103	80.921684	241.50589	-18.470804	457.5	19.886585	26.640818	69.64272	-64.805885	532000	-0.017516442	1636.1246	0.0	-721.9502	0.43102002	5.1558016e-09	626.5033950805664
133	180.1505	49.290703	217.43323	69.583565	500.7143	24.688633	16.485405	64.80971	-35.018414	536000	-0.09560111	418.0958	0.0	-149.45218	0.4800045	-7.122755e-09	631.891275882721
134	124.79654	138.95363	239.76068	-142.4177	415.44446	25.669271	18.421	67.26464	-34.057503	540000	0.004145709	2083.151	0.0	-702.8656	0.47166008	1.937151e-10	636.3177180290222
135	101.58965	130.02446	246.73306	-55.82618	411.55554	19.553724	24.67607	71.57136	-50.870583	544000	-0.041922726	1311.211	0.0	-311.71588	0.48876858	1.0728836e-09	640.7147250175476
136	193.11923	56.183205	243.10538	65.01357	483.25	22.861877	25.604628	77.68604	-59.02251	548000	-0.023989739	951.74524	0.0	-603.80536	0.4750255	-5.3197144e-09	645.6250841617584
137	197.94507	78.21406	235.65135	-35.442886	391.4	31.665668	20.083838	75.721306	-61.32881	552000	-0.078165025	657.32574	0.0	-240.50949	0.40582794	-1.847744e-09	650.3026521205902
138	46.232536	154.6503	232.31929	-153.74947	748.8	20.102938	16.917915	79.44783	-13.551474	556000	-0.075321175	830.9505	0.0	-507.62756	0.532324	2.1755695e-09	656.8281779289246
139	133.59709	113.01558	225.34254	-125.93557	493.0	26.196804	29.767662	79.46548	-12.918806	560000	-0.058086656	922.0336	0.0	-493.42926	0.5027478	-2.041459e-09	662.0555529594421
140	84.50716	148.0946	236.77336	-167.56885	532.0	12.329387	25.038294	78.267494	-35.54134	564000	-0.0370103	753.12115	0.0	-139.0033	0.47640178	5.2452087e-09	666.7845408916473
141	93.48927	134.67958	261.90363	-78.40245	399.77777	25.744118	24.358812	78.31958	-54.13443	568000	0.026186636	1225.4749	0.0	-234.66986	0.46383154	-2.2947788e-09	671.5962359905243
142	11.6214075	137.49754	224.7075	-153.81845	539.2857	1.4761816	24.136341	75.53537	-33.84185	572000	0.000743492	847.57104	0.0	-154.27734	0.5100666	2.2798776e-09	677.183543920517
143	90.731285	125.16179	220.81688	-86.25107	671.0	6.668088	29.884146	78.28782	-26.84897	576000	-0.0016454745	465.96777	0.0	-152.46088	0.5001995	-5.960465e-11	683.590873003006
144	128.83609	64.412766	211.40569	20.309605	796.0	27.902107	14.945346	71.25592	-24.877497	580000	-0.025646556	655.05145	0.0	-317.42422	0.4592541	5.2005054e-09	690.7228457927704
145	99.45216	84.286316	177.99825	-19.30996	731.0	3.9250464	21.483221	62.064762	-67.81403	584000	-0.039115816	486.00687	0.0	-233.63097	0.44091228	1.8328429e-09	696.5465259552002
146	169.49376	79.74862	229.8758	-22.455519	564.0	14.855945	25.618605	71.062836	-69.17897	588000	0.009182726	696.5692	0.0	-199.92969	0.36025804	-1.0430813e-10	702.072566986084
147	220.51575	28.201242	267.11584	189.46382	491.42856	23.212152	18.239866	67.35642	-23.21081	592000	-0.05558699	373.72125	0.0	-249.4003	0.3716636	6.556511e-10	707.3289451599121
148	202.16135	94.01199	263.08932	-40.20025	435.625	29.72909	22.991158	79.23076	-14.752533	596000	-0.023723042	319.85077	0.0	-63.687225	0.3613417	1.013279e-09	712.1492199897766
149	151.87477	128.95734	279.1546	-114.51463	548.8333	29.933079	23.40611	80.81365	-33.021503	600000	0.03885516	1238.1755	0.0	-641.2748	0.2990753	1.6987324e-09	717.0226469039917
150	203.58339	88.51585	260.27826	-41.58571	440.55554	23.713669	24.521652	74.1428	-46.489502	604000	-0.04689872	671.7382	0.0	-251.48172	0.31215572	-1.0430813e-09	721.4036469459534
151	203.33324	76.062645	280.0577	16.687635	410.0	32.846607	22.267757	81.81583	-32.741043	608000	-0.014227931	702.1973	0.0	-208.05469	0.3004762	-7.4505807e-10	725.8409368991852
152	152.51808	135.4108	257.40115	-151.67244	427.66666	39.150204	23.788784	86.613716	-35.83723	612000	0.050922222	1617.0396	0.0	-816.1779	0.2575982	-4.768372e-10	729.9955320358276
153	200.09488	111.88605	293.59628	-48.452965	380.9	37.07754	19.782307	79.10922	-22.490166	616000	-0.030521179	462.88577	0.0	-235.07118	0.2867733	2.682209e-10	734.0251271724701
154	183.17998	112.45281	276.0086	-66.64494	381.8	16.456064	34.438854	85.79254	-46.264565	620000	-0.02437876	1491.0558	0.0	-701.0406	0.27871856	-3.874302e-10	737.9814419746399
155	226.09189	79.298515	277.641	-1.7690151	379.6	47.48445	19.675587	85.92411	-33.042213	624000	-0.0030761259	239.02754	0.0	-111.08579	0.27192146	-2.115965e-09	741.9939439296722
156	221.13286	91.023186	282.99335	-44.010853	372.0	50.26893	18.95327	87.112656	-35.938095	628000	0.0031430714	348.58197	0.0	-128.02464	0.27154845	-1.192093e-10	745.9461710453033
157	214.62564	76.60859	277.15045	-6.243337	382.4	31.632965	32.705914	83.57837	-39.93771	632000	0.013964554	841.06274	0.0	-446.85193	0.26527572	1.2516975e-09	749.9830470085144
158	208.64264	91.53589	263.0119	-44.88509	398.22223	47.82844	18.199997	86.53868	-26.235178	636000	0.002784335	434.56146	0.0	-217.46764	0.28474978	1.4603138e-09	754.1744351387024
159	231.67874	14.634969	256.39014	213.04758	425.22223	43.549	19.407866	85.80128	10.507521	640000	-0.023888178	70.01275	0.0	-26.618576	0.2887247	6.556511e-10	758.8900189399719
160	241.6633	16.553478	271.79367	208.8241	452.375	41.891266	22.340515	86.98268	-14.301462	644000	-0.008953734	152.34967	0.0	-100.558556	0.28699487	9.834766e-10	763.1093349456787
161	221.37901	39.97618	265.11713	129.89116	517.1429	42.204987	17.468143	83.68845	14.640619	648000	-0.1104956	504.30713	0.0	-337.58868	0.35698888	-3.5762787e-10	768.2316720485687
162	238.86751	10.897662	259.08786	219.02513	433.22223	40.575558	17.625202	82.602455	2.5007672	652000	-0.025411788	84.217766	0.0	-45.73371	0.2799685	4.768372e-10	772.6479730606079
163	238.57805	45.30935	278.00452	132.98181	517.8571	46.67332	18.484535	85.91875	17.056644	656000	-0.10990046	603.64276	0.0	-445.65784	0.34991702	-3.695488e-09	777.2749679088593
164	227.04315	13.41409	249.28084	207.61578	462.75	39.87784	16.838657	86.416	13.441181	660000	-0.035810225	137.87524	0.0	-20.40467	0.32399657	-1.2218953e-09	781.6748669147491
165	249.53313	14.520861	268.63538	221.5247	430.8889	45.008835	18.922848	87.71317	6.8067064	664000	0.026358321	153.16873	0.0	-34.71826	0.27895102	-1.6093255e-09	786.0901789665222
166	229.0566	22.104858	254.37515	185.4439	476.75	41.808434	17.183773	86.04809	11.808244	668000	0.0050078924	307.13275	0.0	-51.181213	0.27467072	-3.3080578e-09	790.5645849704742
167	230.52086	21.402664	255.54704	196.48325	426.66666	42.381767	19.253262	89.80454	-15.698025	672000	-0.011971575	56.66059	0.0	-21.487095	0.28371137	-4.768372e-10	794.8433589935303
168	179.60454	91.2214	248.7375	-40.48897	488.375	48.35113	20.54349	88.75405	-31.004713	676000	-0.043432094	1347.1823	0.0	-885.65186	0.3306906	-1.6987324e-09	799.4830739498138
169	242.869	15.1879835	263.94992	221.00468	428.33334	39.11344	14.531975	82.98005	-7.5702996	680000	-0.04284786	189.75479	0.0	-143.92532	0.2986235	-1.192093e-10	803.7548201084137
170	184.59175	95.42396	282.74365	-35.288906	493.625	42.668102	20.727291	89.232445	-35.511887	684000	-0.021306654	616.6769	0.0	-408.02258	0.31407896	2.4139881e-09	808.3987319469452
171	194.7529	79.07724	235.97014	-27.143166	418.66666	30.20096	21.275835	89.25661	-41.34449	688000	-0.047900487	780.9644	0.0	-351.535	0.30810937	-1.4901161e-10	812.665011882782
172	178.91206	89.53229	250.49416	-50.726402	433.5	37.353584	18.045267	82.351006	-52.50285	692000	-0.034340795	604.3943	0.0	-226.79773	0.31201062	8.046627e-10	817.2714040279388
173	212.64958	50.180347	258.47308	98.106155	570.4286	43.553318	19.525108	88.63781	-30.2205	696000	-0.11106171	720.3394	0.0	-481.18427	0.3825005	-5.39422e-09	822.295881986618
174	156.6551	95.061516	228.7195	-53.326553	560.5714	27.782015	16.204548	86.98159	-37.187824	700000	-0.051652078	406.28027	0.0	-62.457336	0.36894673	-5.275011e-09	827.3625230789185
175	180.83214	61.597675	261.78534	110.95129	704.8	28.43735	15.997373	85.96153	-28.586214	704000	-0.086578086	350.3928	0.0	-134.01706	0.4269753	-2.592802e-09	832.6683340072632
176	183.93214	99.543846	246.16045	-56.162796	557.4286	30.377476	18.261572	83.88151	-41.507782	708000	-0.023568466	342.57895	0.0	-161.51468	0.34213862	-2.7120113e-09	837.9457159042358
177	126.313614	112.961586	244.05673	-78.86932	696.4	21.423101	18.404871	78.42916	-51.557743	712000	-0.027335485	421.4015	0.0	-127.34915	0.38236853	-1.4901161e-10	843.2876551151276
178	216.54109	27.194403	249.65569	162.49104	556.1429	19.765388	21.342995	78.77643	-33.92657	716000	-0.058268033	424.3885	0.0	-384.96838	0.32072034	-1.7881393e-09	847.9485921859741
179	228.75659	14.701654	248.75536	202.71225	565.4286	34.269012	21.452934	85.70459	10.728997	720000	-0.006866837	57.729237	0.0	-14.837109	0.31832677	-2.7120113e-09	853.661660194397
180	168.11539	54.397198	236.00096	69.174835	699.4	28.657133	20.18509	86.88845	6.686025	724000	-0.053613637	330.88824	0.0	-221.94226	0.3554972	-4.5001505e-09	859.3823621273041
181	111.25381	124.54353	225.95648	-116.67673	735.4	18.67986	16.729618	79.54517	-51.868042	728000	0.0035546613	375.97855	0.0	-144.88081	0.32734254	-2.8312206e-09	865.1880359649658
182	128.89851	71.35084	225.0513	45.98874	799.6	9.247469	16.459036	84.3852	-38.043552	732000	-0.031990614	272.6206	0.0	-100.25745	0.3647585	-2.5629998e-09	870.9645988941193
183	177.56723	10.972842	193.23814	164.4797	697.0	17.424223	20.344517	81.92292	-9.124926	736000	-0.0053180265	76.571556	0.0	-37.50585	0.30599958	5.960465e-11	876.9142780303955
184	196.88313	17.513693	219.8478	161.39377	652.8333	23.529684	22.982046	84.3382	3.2978597	740000	-0.02389067	41.653755	0.0	-13.159256	0.3005295	-3.3378602e-09	883.04656291008
185	219.9229	18.605047	245.99753	194.36317	613.3333	25.527544	21.702911	90.211845	0.8744277	744000	-0.025484176	49.9343	0.0	-23.820984	0.29813406	-8.9406965e-10	888.1711101531982
186	218.44496	21.54896	248.52354	175.34285	561.7143	30.929943	22.747269	92.743195	7.6532474	748000	0.00560931	40.127632	0.0	-8.608936	0.28800005	1.1920929e-09	893.1126430034637
187	187.39339	87.70563	250.83376	-35.346012	498.25	30.464897	23.37836	90.05132	-53.59791	752000	0.012613063	421.72696	0.0	-170.61449	0.29669264	2.0563602e-09	897.8530349731445
188	137.97914	137.31085	250.65804	-81.420876	486.42856	33.426014	23.124561	90.08296	-64.25473	756000	0.01816241	1216.061	0.0	-503.91193	0.27939913	4.23193e-09	902.3433609008789
189	182.7221	93.30416	254.78943	-57.489826	440.25	25.987062	19.67731	82.96214	-67.446655	760000	-0.010272567	567.7445	0.0	-264.7081	0.28968024	4.6789648e-09	906.6132259368896
190	133.70644	125.8015	251.52705	-85.97293	390.4	26.94341	23.543306	88.81431	-27.119816	764000	0.010513144	1147.8093	0.0	-277.62354	0.28577006	-1.0728836e-09	910.8589098453522
191	134.02487	128.82707	251.88426	-77.255554	394.33334	32.71482	23.550962	89.04986	-37.4343	768000	-0.015534537	723.9165	0.0	-258.09247	0.27837795	-5.2452087e-09	915.1132509708405
192	137.44951	120.06228	269.39246	-52.43583	393.0	13.47684	27.3279	70.97876	-50.028587	772000	-0.025731308	1267.575	0.0	-369.01385	0.27453643	-8.046627e-10	919.3175699710846
193	118.696045	101.36722	246.58435	-59.598434	465.0	33.91299	22.45392	88.79163	-48.33459	776000	-0.04235792	1399.496	0.0	-692.98474	0.31977051	-2.9802323e-09	924.3150949478149
194	168.51733	128.97226	292.80396	-90.660614	368.2	21.290781	22.001768	77.37014	-50.70596	780000	-0.026151355	1418.3716	0.0	-471.22357	0.274161	-2.0861626e-09	928.2398221492767
195	114.098724	133.24037	270.89188	-93.34764	338.0909	30.098679	23.483013	86.8166	-45.363525	784000	0.0025289047	1193.7068	0.0	-137.17749	0.28117406	-1.9669533e-09	932.1339039802551
196	144.46262	140.80177	280.8393	-35.911594	324.58334	39.09597	24.222687	89.98575	-56.17171	788000	0.030917102	1345.2264	0.0	-708.5577	0.28642967	1.6093255e-09	936.0211591720581
197	136.70009	109.73676	227.26625	-64.32245	333.27274	17.056551	28.12466	71.23065	-65.12544	792000	-0.015889414	1684.5804	0.0	-411.37146	0.26624724	-4.4703483e-10	940.0012080669403
198	165.6884	131.5346	291.04645	-69.575005	322.91666	34.009792	28.57286	86.69265	-64.92302	796000	-0.0046079354	798.8877	0.0	-153.63794	0.25990844	-1.7285346e-09	943.8290359973907
199	135.2966	139.57536	289.746	-63.416348	281.0	35.984142	29.36726	88.19152	-64.29713	800000	0.0077838968	1637.9235	0.0	-386.10217	0.26212543	2.7120113e-09	947.4866118431091
200	120.69296	144.47021	303.07233	-39.400364	292.15384	35.114143	31.397072	91.316345	-62.689514	804000	0.029320328	1120.9948	0.0	-357.76526	0.24555795	-9.23872e-10	951.2304940223694
201	50.50925	141.38908	295.77866	-151.37456	296.6154	29.02385	31.828794	97.95788	-66.49149	808000	0.013785878	2028.7656	0.0	-1312.641	0.2964723	-1.7881394e-10	954.839989900589
202	45.40244	127.40631	298.5585	-78.69676	210.10527	7.9686613	39.94072	84.57463	-81.37141	812000	-0.044038076	1735.7472	0.0	-486.05103	0.27447703	1.192093e-10	958.1538438796997
203	29.1114	108.92632	253.23804	-64.70381	196.5	9.886036	43.890133	86.95347	-72.00477	816000	0.04142474	1596.8223	0.0	-432.43396	0.26586482	-2.3245812e-09	961.3468849658966
204	23.857304	94.54569	276.273	-86.40922	187.09525	2.5088947	41.385105	92.6242	-72.75402	820000	0.0015274273	1649.7184	0.0	-712.48114	0.2909352	9.834766e-10	964.5440828800201
205	46.98349	119.08039	264.65292	-99.9877	199.21053	9.58445	42.069862	82.51967	-73.84568	824000	0.021000633	1520.2657	0.0	-401.39685	0.26569772	8.046627e-10	967.8694279193878
206	69.31969	138.05824	289.8374	-85.93543	218.77777	4.3601375	43.4587	89.87686	-92.12898	828000	0.0005844358	1743.9054	0.0	-283.27148	0.24501131	-1.1920929e-09	971.2600350379944
207	93.46645	129.86197	275.5854	-48.19634	264.33334	25.333433	34.47591	87.545395	-79.35317	832000	0.00435016	1268.4955	0.0	-133.96411	0.33352503	-3.0994416e-09	974.8441951274872
208	128.6176	135.44763	283.4588	-63.485237	241.1875	25.54652	39.70278	94.281784	-83.40259	836000	-0.0070832674	1364.1929	0.0	-279.1521	0.25834906	1.1920929e-09	978.2874789237976
209	92.46312	123.09761	272.82538	-71.50527	229.82353	26.857344	40.43583	81.87103	-74.208336	840000	0.003999385	2227.1753	0.0	-615.7993	0.26745847	-4.4703483e-10	981.6526551246643
210	119.515594	141.39217	283.262	-40.647648	239.8125	28.473804	38.989334	99.41673	-73.15165	844000	-0.01795452	1253.7223	0.0	-511.64117	0.27375373	-3.0696392e-09	985.167751789093
211	94.25657	154.00668	299.84625	-110.463394	237.8125	22.37133	44.159363	93.61307	-73.30868	848000	0.014353239	855.5994	0.0	-187.71332	0.27980605	3.3378602e-09	988.6114499568939
212	102.55353	144.80606	281.83047	-64.634224	241.25	22.234308	48.852898	97.38255	-75.20722	852000	0.0049636243	518.3613	0.0	-188.02768	0.27948764	-1.0728836e-09	992.046215057373
213	86.93205	149.37679	287.72507	-101.02887	294.07693	29.126102	47.25475	82.1929	-76.25252	856000	0.024076747	2524.433	0.0	-1104.1589	0.26643538	6.2584876e-10	995.7446949481964
214	109.3352	133.97766	249.4033	-99.059944	311.58334	1.9252977	39.830585	71.487625	-74.44002	860000	-0.0090604015	1856.2415	0.0	-725.1892	0.28497857	-1.4305115e-09	999.5833871364594
215	30.827171	127.47538	262.14923	-119.72118	316.08334	24.229124	32.03778	78.857605	-73.0367	864000	0.016277451	1738.3153	0.0	-976.19293	0.29577726	-8.493662e-10	1003.5489599704742
216	163.5024	136.46501	291.1703	-106.73873	366.4	12.351397	39.10161	73.83338	-75.38119	868000	-0.00874394	1269.2986	0.0	-930.4512	0.27510267	1.475215e-09	1007.5081470012665
217	46.274113	139.90306	260.4544	-112.108826	358.27274	17.20123	32.830994	84.19409	-72.026245	872000	0.020886356	1708.125	0.0	-438.38953	0.32647502	1.8030405e-09	1011.6020441055298
218	60.029037	122.86455	226.44121	-109.40248	341.54544	-6.4191236	32.486088	82.00105	-71.64971	876000	-0.021498537	1189.2483	0.0	-602.5456	0.35216036	4.3213366e-10	1015.7987859249115
219	5.6965203	107.26601	161.42123	-103.974106	432.44446	22.778282	27.557432	83.857285	-56.984528	880000	0.0143485805	3133.6228	0.0	-1761.855	0.37164232	-1.2367963e-09	1020.2323160171509
220	-0.6390983	118.45521	179.61299	-170.1655	441.1111	-2.7366114	30.504326	71.52874	-71.41155	884000	0.010737874	1275.9716	0.0	-284.03546	0.37579894	-1.7732382e-09	1025.3918960094452
221	32.100056	90.76687	137.34328	-112.26274	609.6667	-1.957205	28.270317	47.06305	-74.54095	888000	-0.09427937	1114.7909	0.0	-440.72906	0.38364726	8.493662e-10	1030.994271993637
222	16.752502	132.02724	157.6079	-175.66434	582.3333	1.0127542	20.02089	63.448826	-72.82734	892000	-0.026652213	950.39575	0.0	-206.48718	0.3765528	1.8924475e-09	1036.6615600585938
223	0.58688736	127.0548	169.58553	-155.7271	665.0	-1.2711321	23.197104	70.0387	-74.61874	896000	-0.021372575	655.2822	0.0	-88.57922	0.36503917	6.556511e-10	1042.7405450344086
224	97.79651	106.82361	188.79425	-109.44649	702.2	1.4716487	24.088062	71.41909	-68.62557	900000	-0.04589435	757.1905	0.0	-300.10425	0.37286532	-4.917383e-10	1048.6109039783478
225	93.51868	93.91681	174.52777	-66.47408	804.5	13.730603	20.824818	82.64689	-55.905552	904000	-0.053729065	361.66812	0.0	-128.5341	0.37976953	-1.2218953e-09	1054.6121819019318
226	87.9798	73.325455	145.94014	-37.80442	922.5	9.015054	17.206955	83.932884	-13.296757	908000	-0.061823152	156.73918	0.0	-35.039825	0.38535777	2.503395e-09	1062.5569341182709
227	41.9664	43.421753	115.82624	3.9779906	992.75	11.9124155	20.076818	85.70617	-26.172426	912000	-0.025593806	430.45068	0.0	-282.30676	0.39554965	4.127622e-09	1070.4339518547058
228	33.9945	69.80759	147.88821	-23.482798	962.0	4.276951	17.882309	83.70593	-30.957743	916000	-0.020796325	196.48438	0.0	-79.31027	0.39313498	-4.1723253e-10	1077.7519941329956
229	45.712135	93.2035	137.30542	-86.532776	858.75	7.6489162	14.59755	77.959755	-34.232605	920000	-0.011641467	602.78766	0.0	-160.0491	0.3611559	-2.026558e-09	1084.502865076065
230	5.346382	100.5103	160.89445	-94.63368	797.75	1.8040944	15.128578	72.81995	-39.507618	924000	-0.007928319	524.7631	0.0	-84.02606	0.369699	8.3446505e-10	1091.068216085434
231	24.980118	113.978775	166.61592	-105.18314	759.2	7.216672	19.514206	77.7305	-35.036163	928000	-0.018036645	817.3868	0.0	-203.91992	0.37289524	2.965331e-09	1097.2632749080658
232	107.006256	88.297295	177.55847	-77.951195	611.3333	4.7322493	16.390427	61.543777	-55.164238	932000	-0.06572861	797.3769	0.0	-273.28772	0.31253573	1.6540289e-09	1102.6789560317993
233	135.19604	20.764723	150.6399	94.231766	717.2	6.907701	16.563818	88.84963	-46.72279	936000	-0.06956056	603.16235	0.0	-358.73743	0.31253663	-5.1409006e-09	1108.4206991195679
234	45.6203	141.212	203.68208	-173.77853	522.4286	13.741107	19.485924	95.69838	-21.462828	940000	0.01682725	1544.0073	0.0	-411.60474	0.31238148	-2.0712614e-09	1113.6407778263092
235	12.918625	78.52951	144.10358	-81.26689	480.125	11.755914	18.305796	57.005016	-27.2262	944000	0.011431349	964.8001	0.0	-337.3651	0.28820124	5.379319e-09	1118.6062278747559
236	18.880598	126.75688	186.2329	-116.09829	512.0	-9.198449	18.250135	46.133823	-40.754105	948000	-0.008880579	1170.5486	0.0	-254.01581	0.30690286	1.5050173e-09	1123.4854369163513
237	-37.68217	93.8507	160.90991	-140.08488	481.57144	3.405308	23.787096	58.338238	-64.1784	952000	-0.0038445625	1270.6807	0.0	-311.24683	0.34038824	1.1175871e-09	1128.9696071147919
238	79.432434	88.0055	145.81226	-86.32718	492.625	-3.3759475	13.130778	48.211594	-62.18322	956000	-0.06105755	1203.0208	0.0	-835.7968	0.28910455	1.7434358e-09	1134.062663078308
239	-41.6109	99.00648	162.23653	-133.08058	496.25	11.430539	21.879686	60.378723	-17.503878	960000	0.0050920174	1936.2273	0.0	-1053.8223	0.35290304	-5.617738e-09	1139.1431181430817
240	53.60024	124.756714	164.3025	-126.325516	485.75	-3.4782798	17.018372	46.919243	-68.94642	964000	-0.04750378	1449.4645	0.0	-622.705	0.2657809	2.5331974e-09	1144.2408859729767
241	-116.95005	25.52539	-91.381775	-184.86993	357.18182	-0.15661709	7.594212	39.883125	-59.623383	968000	0.014095776	2204.7827	0.0	-1739.5109	0.32256186	-3.5762787e-10	1148.4711349010468
242	-61.170975	87.899124	176.23666	-135.87172	320.5	-22.818953	23.751524	16.276865	-72.3352	972000	-0.030180147	1391.5065	0.0	-494.3181	0.3044377	-2.115965e-09	1152.6812431812286
243	-52.72653	109.9355	197.68239	-166.33337	304.23077	-22.560375	15.581259	38.980835	-72.88323	976000	-0.010449051	1412.6304	0.0	-66.46033	0.31909722	1.1324882e-09	1156.7459177970886
244	-46.354774	107.183655	133.48454	-175.95879	350.45456	-17.246601	20.917048	48.87737	-81.92703	980000	-0.0061403112	1304.6267	0.0	-184.68884	0.30705383	2.384186e-10	1161.1361889839172
245	79.60549	81.33975	155.27962	-88.72553	665.6667	-11.072646	20.208212	58.28305	-69.724174	984000	-0.024222508	909.07904	0.0	-583.7999	0.3249521	2.1904707e-09	1166.7452569007874
246	5.999041	104.01093	119.48394	-133.27457	548.5	10.189632	17.714119	71.58376	-42.30137	988000	-0.034613304	684.4913	0.0	-135.69348	0.3264948	3.2782554e-10	1172.252580165863
247	56.5992	114.22875	160.37505	-129.6027	562.8333	1.4573632	17.335314	79.89452	-75.52217	992000	-0.029539661	792.36646	0.0	-150.52283	0.30296862	-3.322959e-09	1177.2510919570923
248	81.95388	62.821888	130.91794	-34.037903	777.6	12.195422	24.935074	100.82782	-42.456264	996000	-0.041668445	398.16284	0.0	-167.38124	0.31203502	-2.30968e-09	1183.3165910243988
249	-76.50844	47.68464	-27.56709	-134.32028	913.0	2.6199715	8.674424	60.11054	-64.58292	1000000	0.00392603	472.25644	0.0	-178.9372	0.32436106	2.7418137e-09	1190.254133939743
250	-100.363495	59.399418	-47.945484	-199.92393	993.5	-5.9418554	7.77503	43.14034	-62.836525	1004000	-0.02037049	236.94336	0.0	-12.47023	0.3364933	2.8014182e-09	1196.946464061737
251	-85.01276	71.338615	-27.039425	-205.41222	993.5	-8.775334	8.218191	9.740374	-66.73043	1008000	-0.002896001	148.49919	0.0	-27.33332	0.33519068	-6.3180923e-09	1203.9094560146332
252	-16.336025	68.394455	98.09439	-82.46648	941.5	-5.839336	7.63253	16.992865	-65.653305	1012000	-0.046080574	205.01305	0.0	-76.40384	0.32669914	3.054738e-09	1210.3562428951263
253	-44.126816	17.095867	-24.599777	-71.58737	1000.0	-7.388081	7.0877285	11.345894	-19.009256	1016000	-0.045027897	28.185493	0.0	-6.497177	0.33290386	1.3262034e-09	1217.2126808166504
254	-63.26309	20.618027	-31.674494	-84.63626	798.75	-4.461109	8.161923	18.326126	-17.859219	1020000	-0.0132266255	179.65068	0.0	-53.237823	0.34388596	2.4288893e-09	1224.021003961563
255	-82.72829	17.010685	-58.4519	-103.18031	1000.0	-8.703199	4.708518	2.9548738	-19.334589	1024000	-0.030217633	32.49484	0.0	-5.6731415	0.33954588	1.296401e-09	1230.4754328727722
256	-124.169945	28.935743	-93.33168	-179.94699	632.3333	-6.024297	5.8418565	6.639056	-20.406181	1028000	1.958704e-05	375.53122	0.0	-133.43141	0.33797473	-1.1473894e-09	1235.8684720993042
257	-141.8664	47.358894	-92.79631	-228.1868	678.8	-13.790307	2.821464	-10.765031	-27.099512	1032000	-0.008203272	300.31274	0.0	-39.159576	0.3466614	-6.556511e-10	1241.5938799381256
258	-139.25275	12.356031	-125.6419	-159.28346	1000.0	-16.064684	2.676911	-11.966544	-27.515827	1036000	-0.0158573	38.063354	0.0	-10.164	0.3439416	4.2170285e-09	1248.0545749664307
259	-120.42566	30.39342	-72.75256	-150.46341	795.5	-15.530732	3.0953069	-6.7072887	-26.22171	1040000	-0.026154524	86.190384	0.0	-7.0991287	0.3456072	3.248453e-09	1253.8674108982086
260	-87.2343	14.407142	-74.73939	-111.44638	793.0	-14.21424	3.0784404	-4.695119	-24.69499	1044000	-0.016419979	116.54615	0.0	-18.536888	0.33791763	-4.61936e-10	1260.5792119503021
261	-103.91083	32.915077	-64.33779	-140.62112	1000.0	-11.7512045	2.5916183	0.36514306	-18.255888	1048000	-0.020968929	53.70957	0.0	-25.99325	0.33837485	4.708767e-09	1267.229609966278
262	-88.877	22.511997	-70.29299	-127.247635	1000.0	-11.688788	6.644532	8.940346	-25.437132	1052000	-0.005555	26.758413	0.0	-7.3952084	0.3299538	2.9206275e-09	1273.813178062439
263	-87.49958	18.369173	-72.74574	-118.987335	1000.0	-11.133652	4.903551	11.505339	-19.630133	1056000	-0.019925697	19.520884	0.0	-4.317093	0.33773267	-6.2584876e-10	1281.1381039619446
264	-95.33302	28.494	-65.94262	-127.42264	1000.0	-12.110977	6.274449	16.794806	-18.234337	1060000	-0.0246142	11.842811	0.0	-1.5705252	0.3308356	-1.6838312e-09	1287.9568779468536
265	-58.52246	10.564927	-46.126842	-73.54364	1000.0	-12.466096	6.567073	15.562636	-19.841278	1064000	-0.018527752	28.95484	0.0	-17.460876	0.3265502	2.3692845e-09	1296.0005512237549
266	-79.040115	13.867287	-69.26055	-102.9602	1000.0	-10.570549	6.7991533	18.225842	-17.525736	1068000	-0.041484877	11.999238	0.0	-1.4345922	0.335802	1.5050173e-09	1303.955001115799
267	-37.08515	12.892784	-23.266714	-58.10888	1000.0	-9.822731	9.306869	21.937124	-17.431189	1072000	-0.031888597	27.05176	0.0	-4.5733967	0.3224394	-6.854534e-10	1312.5783491134644
268	-48.254204	15.179522	-24.960697	-67.07706	1000.0	-9.35308	5.8929625	17.818335	-16.531261	1076000	-0.021722835	26.941683	0.0	-12.22748	0.32246193	3.889203e-09	1321.3912088871002
269	-71.40701	16.053686	-58.02993	-98.52205	1000.0	-8.777353	7.915514	22.239965	-17.692501	1080000	-0.015175732	12.671135	0.0	-3.8934326	0.30853868	-2.0861626e-10	1329.9343888759613
270	-68.860565	5.129014	-63.87743	-75.67915	1000.0	-9.874899	6.587802	23.48993	-17.226892	1084000	-0.014484421	11.408088	0.0	-1.3083401	0.31865144	3.5464764e-09	1337.0593678951263
271	-79.8228	22.351593	-46.58966	-102.81642	1000.0	-10.078092	7.059545	21.228498	-17.919998	1088000	-0.021737922	17.13245	0.0	-6.7650757	0.31135646	-1.8775463e-09	1343.8284139633179
272	-83.631	9.483861	-68.24721	-93.62797	1000.0	-10.577292	5.6100674	16.777729	-18.982351	1092000	-0.020932732	21.263138	0.0	-4.1597595	0.31449184	-3.1292438e-10	1351.6727139949799
273	-58.60529	21.76183	-35.70699	-94.46563	1000.0	-11.66692	6.502907	21.266577	-20.360655	1096000	-0.025713785	20.130371	0.0	-5.6359205	0.30799353	-3.2782554e-09	1358.942393064499
274	-54.54213	22.057564	-33.576347	-89.23955	1000.0	-9.712668	7.5372314	13.757312	-20.468008	1100000	-0.0061594574	25.498909	0.0	-8.158857	0.31582662	4.0084123e-09	1366.106320142746
275	-57.13519	11.023729	-38.239906	-64.90275	1000.0	-8.955533	7.747691	21.318012	-19.895565	1104000	-0.025581887	20.321451	0.0	-5.4393816	0.3105406	-1.192093e-10	1373.1208369731903
276	-61.664528	24.46161	-22.080635	-88.98023	1000.0	-9.581573	6.893475	22.536898	-19.42711	1108000	-0.024255	29.221718	0.0	-4.0982456	0.30650258	-1.4156103e-09	1380.2145352363586
277	-48.86316	18.631712	-30.456373	-72.65906	1000.0	-8.668172	8.479757	22.672266	-19.965242	1112000	-0.012561056	31.0116	0.0	-11.297272	0.30842298	-1.1026859e-09	1387.6652767658234
278	-54.46601	31.915163	-4.701046	-90.72189	1000.0	-8.13831	7.9510317	21.782284	-20.396173	1116000	-0.0058254614	43.23949	0.0	-13.419832	0.3120929	-3.4868717e-09	1395.6595911979675
279	-21.776546	11.417826	-6.8191557	-38.791782	1000.0	-5.970003	7.3119903	23.00541	-15.67531	1120000	-0.023543917	28.536385	0.0	-13.96043	0.3187448	-1.937151e-10	1402.4951348304749
280	-39.989246	27.678885	7.463893	-62.23454	1000.0	-1.3855792	7.4558883	23.388252	-14.922531	1124000	-0.054756675	61.625763	0.0	-38.29965	0.3243451	-1.2069941e-09	1409.8716568946838
281	177.9374	17.692331	201.39769	156.69533	773.0	4.0555334	21.327024	94.5835	-40.948143	1128000	0.005141286	610.8169	0.0	-465.2272	0.31663126	2.4437905e-09	1416.707757949829
282	99.21289	75.50528	219.21745	23.334646	922.0	37.11114	32.86121	93.52102	-0.069190025	1132000	-0.051575113	1508.3817	0.0	-1120.9894	0.39059588	4.0233137e-09	1423.1572678089142
283	102.57697	142.0887	236.5181	-81.13353	471.125	12.997781	11.421941	47.27397	-39.499268	1136000	-0.020909658	1076.6449	0.0	-145.18542	0.33864278	-1.6391277e-09	1427.8447649478912
284	63.093708	101.863235	213.34505	-89.9448	570.1429	22.842403	18.84396	55.28126	-62.24657	1140000	-0.018607061	1162.624	0.0	-409.38757	0.40374106	-3.0994416e-09	1433.43195104599
285	81.1229	118.51847	218.94292	-68.71897	485.57144	9.149476	14.988089	40.3929	-93.13808	1144000	-0.053970724	1169.4106	0.0	-396.89874	0.40570277	-3.516674e-09	1438.2197880744934
286	56.34702	94.29859	195.45131	-77.30007	540.2857	19.381378	19.317982	53.769787	-33.79663	1148000	0.022135066	1017.9605	0.0	-485.57123	0.43938273	1.3709068e-09	1444.0617880821228
287	38.29951	96.34283	203.8079	-72.443726	442.55554	8.1662655	19.73032	38.246365	-64.88991	1152000	0.021683168	913.6374	0.0	-407.79816	0.4829901	3.412366e-09	1448.9580700397491
288	180.00883	83.70257	246.75508	6.4278727	503.83334	7.3581786	17.955753	38.705395	-73.86028	1156000	-0.07946591	1130.325	0.0	-731.8331	0.515833	-1.0430813e-09	1454.5868699550629
289	98.73538	119.233	253.05055	-42.628082	440.77777	25.011908	14.916317	42.846874	-66.719696	1160000	-0.031803317	1186.0309	0.0	-270.48615	0.4811998	-5.8710574e-09	1459.2426040172577
290	41.917923	101.213394	249.85269	-60.32889	267.6154	14.478789	20.108614	54.18778	-71.93748	1164000	-0.0025979676	1468.317	0.0	-514.20996	0.43130615	4.3213366e-09	1463.3566341400146
291	13.536776	94.99759	233.94843	-63.51481	335.8889	15.508975	25.18605	57.128334	-76.57326	1168000	-0.042654946	1336.6521	0.0	-430.68677	0.45185438	8.791685e-10	1468.0458920001984
292	125.54198	122.961205	284.54703	-16.287764	372.1	1.9017351	25.81753	41.90613	-83.28996	1172000	-0.043111995	1569.0642	0.0	-523.7467	0.33542746	1.9371509e-09	1472.7840299606323
293	70.91038	111.51023	242.0471	-51.86637	376.1	19.102926	21.22683	46.813435	-75.18238	1176000	-0.03350254	1221.7135	0.0	-271.17346	0.40884063	1.192093e-10	1477.2269711494446
294	95.394196	128.06017	249.11592	-96.79916	397.5	19.566355	25.842836	67.45796	-79.683044	1180000	-0.019889949	1292.8063	0.0	-486.27692	0.3291065	-3.8743018e-09	1481.7260479927063
295	82.67444	110.90124	217.18759	-74.2047	391.2	20.362867	26.57706	50.60648	-76.892136	1184000	-0.072947145	1439.9182	0.0	-491.0196	0.33948758	3.516674e-09	1486.284231185913
296	118.516624	130.66281	269.37662	-66.45223	489.5	17.4971	19.85549	48.15302	-73.36987	1188000	-0.018682308	1133.5896	0.0	-264.68262	0.35359445	8.940697e-11	1491.0390031337738
297	27.805449	108.83794	256.9337	-47.46308	292.0909	17.162203	23.450243	58.219425	-75.38103	1192000	-0.008152502	1181.444	0.0	-394.4474	0.31036708	5.2452087e-09	1495.3233032226562
298	33.303932	92.0865	229.26277	-51.93643	386.25	8.173735	30.34316	77.521645	-76.31236	1196000	-0.01938973	882.3126	0.0	-241.55035	0.31664973	1.0728836e-09	1500.1970942020416
299	73.54615	112.5772	218.49187	-87.25848	377.2	3.4352384	25.98728	61.42879	-88.29037	1200000	-0.052506287	1191.2092	0.0	-419.99	0.27330822	-2.4437905e-09	1504.9542169570923
300	42.461	113.3628	242.14198	-90.909164	563.1429	24.053635	30.458477	91.21791	-76.298874	1204000	-0.006312146	1113.0989	0.0	-570.4065	0.24436063	-5.960465e-11	1510.7487390041351
301	128.52945	118.46447	249.36714	-38.914116	478.5	0.8864883	25.76277	55.564297	-82.729904	1208000	-0.04620265	1375.8982	0.0	-638.6868	0.20528677	3.218651e-09	1515.6352701187134
302	99.17226	115.72479	229.99983	-71.03162	559.1429	27.878391	21.219868	73.44715	-67.20849	1212000	-0.008910732	1221.0496	0.0	-451.49323	0.20813099	2.5629998e-09	1521.284984111786
303	115.52477	84.683876	223.37274	-36.263096	584.1667	13.88484	16.843422	57.49097	-73.00832	1216000	-0.029081056	772.7396	0.0	-263.38013	0.22752538	-1.013279e-09	1527.4201619625092
304	41.550835	102.85371	208.66167	-63.919117	603.4	19.447916	11.349306	47.245857	-67.83906	1220000	-0.030256527	857.64557	0.0	-323.2243	0.30320698	-2.115965e-09	1532.6292028427124
305	55.767075	134.02354	231.07661	-107.588486	498.625	6.1606865	17.304241	46.24831	-80.69576	1224000	-0.033032607	1269.327	0.0	-461.3742	0.22002341	5.9604643e-10	1538.1478130817413
306	67.371765	108.618126	236.09572	-86.428085	560.0	7.587047	20.758177	46.395958	-76.11397	1228000	-0.044788335	679.9661	0.0	-137.0075	0.31702226	4.1723253e-10	1543.7690119743347
307	49.833454	66.494995	152.0797	-55.83976	740.0	17.93646	20.599333	56.235695	-66.052345	1232000	-0.021794252	819.13074	0.0	-490.37402	0.2334548	-5.632639e-09	1550.2605831623077
308	42.269066	124.385994	214.34306	-123.27194	377.4	11.124992	17.917862	46.64589	-75.643745	1236000	-0.046579674	1357.5795	0.0	-324.73657	0.22999889	6.3031913e-09	1554.8792581558228
309	18.228134	82.35353	179.33945	-48.28992	461.875	2.0647311	20.829048	45.95859	-63.430542	1240000	0.0018034832	730.25226	0.0	-43.73108	0.24263515	4.7683715e-09	1559.9945168495178
310	124.13902	78.970955	200.2315	-17.124146	540.8571	12.060876	21.603148	66.98096	-67.911545	1244000	-0.06472174	885.83344	0.0	-284.4107	0.21100913	2.026558e-09	1565.9706959724426
311	68.163895	110.93148	207.40189	-67.45941	370.5	17.2091	15.423256	46.8916	-64.66075	1248000	-0.041187577	1039.0974	0.0	-173.237	0.21895793	-4.8726796e-09	1570.5439558029175
312	15.524839	92.402664	181.25491	-96.88475	427.22223	15.607499	14.135105	54.40093	-55.78665	1252000	-0.010497819	1175.9946	0.0	-415.1126	0.25939354	-2.3543836e-09	1575.4456729888916
313	38.58244	123.235794	200.24368	-91.28124	396.22223	0.99418193	24.014881	44.96997	-76.06955	1256000	-0.027629921	1152.8112	0.0	-106.746826	0.22178727	1.3411046e-09	1580.029247045517
314	53.019104	106.84986	208.36351	-99.28454	380.2	8.824506	22.81881	61.990467	-75.03372	1260000	-0.05037207	1075.0376	0.0	-180.27612	0.2763723	3.5762787e-10	1584.81387424469
315	46.834095	113.63208	182.74434	-95.273056	375.2	9.865506	19.619858	65.84773	-54.12398	1264000	-0.028918374	1173.507	0.0	-172.66205	0.21965902	-5.736947e-09	1589.2450730800629
316	146.3239	44.6153	212.2633	67.86814	648.1667	18.555025	22.120296	76.851654	-67.58961	1268000	-0.10458868	667.9487	0.0	-414.16275	0.34693572	-8.1956386e-10	1594.274689912796
317	38.784714	92.285904	194.56221	-72.05031	444.33334	18.14829	12.944405	49.57444	-59.764168	1272000	-0.016631646	878.5189	0.0	-274.57666	0.36091506	-7.703901e-09	1599.010428905487
318	65.273094	116.55578	232.39566	-69.48938	547.1429	7.064751	18.671946	45.843292	-72.46635	1276000	-0.01932295	666.3296	0.0	-148.41803	0.34654707	-2.2798776e-09	1603.7222199440002
319	8.300989	82.99723	204.7847	-52.10315	410.0	7.258133	19.294847	46.68737	-71.85734	1280000	0.01588287	757.59985	0.0	-235.8935	0.29943848	2.8461218e-09	1608.1418941020966
320	59.17524	114.81714	213.5988	-73.559944	437.66666	11.365206	29.083208	56.873085	-80.55043	1284000	-0.04140899	888.04736	0.0	-172.39606	0.25060782	-1.5199184e-09	1613.436466217041
321	101.30574	114.35832	248.96208	-97.114914	566.1429	20.635525	27.203888	70.445305	-89.28548	1288000	-0.04284997	908.8194	0.0	-406.35867	0.31078488	-2.5182962e-09	1619.175889968872
322	13.110997	98.400536	212.78687	-93.014786	430.8889	20.478489	18.088465	54.166065	-68.5591	1292000	-0.010185188	1421.0873	0.0	-607.5441	0.22683023	2.682209e-10	1623.920217037201
323	98.42281	136.22609	258.01303	-65.68031	399.7	0.48754835	25.755316	45.228523	-79.389366	1296000	-0.031158162	1582.7367	0.0	-583.41235	0.2138915	-3.3527612e-09	1628.6407599449158
324	133.28268	136.28062	271.97455	-48.163788	391.1	19.031422	24.005789	66.6514	-77.41064	1300000	-0.022060167	1146.593	0.0	-265.08057	0.20554712	3.3825636e-09	1632.9944229125977
325	170.83861	103.45371	266.12488	-19.349596	429.1111	29.07899	24.486267	88.596375	-85.44148	1304000	-0.019697143	701.35895	0.0	-120.81464	0.21094497	2.2649764e-09	1637.5637040138245
326	50.252926	106.543755	246.99648	-53.66686	354.18182	29.077734	22.845678	91.86044	-76.60305	1308000	-0.011863148	1764.4642	0.0	-962.88025	0.23007073	1.0430813e-10	1641.9354319572449
327	137.72511	110.60793	261.92114	-67.723755	418.44446	11.765667	29.537647	78.764336	-84.34943	1312000	-0.055084754	1363.7786	0.0	-538.8327	0.2559949	2.1010638e-09	1646.3955850601196
328	219.46944	71.386345	277.8269	25.549152	413.33334	29.044744	23.799839	89.187454	-79.47359	1316000	-0.0062022237	647.09564	0.0	-253.84225	0.19283544	5.960465e-11	1650.9273850917816
329	172.04956	98.44608	270.15018	-8.498888	440.1111	46.570454	20.938122	86.64652	-82.51466	1320000	-0.07417846	1308.3429	0.0	-806.8634	0.24989761	-2.9802324e-11	1655.829094171524
330	190.51689	67.82606	273.88892	90.01257	640.8333	38.817806	15.607415	87.9331	-84.69595	1324000	-0.08313156	889.2808	0.0	-538.746	0.30750346	-5.8710574e-09	1661.4684100151062
331	242.4375	20.782866	281.3965	212.61208	439.625	35.26962	21.256393	82.529305	-85.75942	1328000	-0.013248052	357.98413	0.0	-132.84077	0.19135424	-2.2649764e-09	1666.2182130813599
332	190.19228	71.55067	272.94928	76.383995	605.0	34.43967	15.650135	86.656296	-58.305798	1332000	-0.06721679	361.61218	0.0	-176.85565	0.28855205	-1.0430813e-08	1671.5292332172394
333	204.87526	67.21202	252.71306	56.63215	599.3333	30.21706	20.348267	80.311806	-1.6880898	1336000	0.024324035	332.03525	0.0	-98.80644	0.2713199	-6.8843367e-09	1677.1834480762482
334	205.60094	71.924225	271.55075	14.113493	428.55554	32.764225	16.95572	76.69105	-62.89271	1340000	-0.0067680273	436.08557	0.0	-153.61432	0.23579608	-4.336238e-09	1681.6657500267029
335	194.6572	57.54038	263.09854	93.16855	776.0	24.713722	16.703989	87.79983	-47.6155	1344000	0.008451083	479.57925	0.0	-113.365295	0.34964904	-1.1473894e-09	1687.4025249481201
336	201.91486	63.277447	273.60864	116.98537	635.8333	25.823355	20.930204	92.63866	-37.294262	1348000	-0.021710496	199.40791	0.0	-51.530197	0.31029454	5.185604e-09	1692.4079620838165
337	211.17424	45.813007	253.08957	116.313354	571.8333	29.936485	20.73196	85.10748	0.34907317	1352000	-0.0018304058	119.766655	0.0	-14.808479	0.26680854	-2.220273e-09	1697.8150670528412
338	207.18808	53.87205	263.75217	90.52437	545.7143	28.499891	18.343472	82.44783	-61.58408	1356000	-0.04276413	306.20413	0.0	-93.95592	0.24611776	-5.9604643e-10	1703.2866458892822
339	171.98993	67.213066	225.91179	72.91643	642.8333	29.057652	14.296336	82.42195	-8.372101	1360000	-0.06787064	287.39877	0.0	-171.35623	0.29667845	4.053116e-09	1708.6560208797455
340	180.90129	51.989796	253.56345	106.95357	757.4	27.982235	27.317747	81.50331	-2.0279999	1364000	-0.08433336	1017.8624	0.0	-722.8302	0.3570753	-2.682209e-10	1714.4824409484863
341	179.81488	45.645737	236.45172	119.774734	779.6	23.179863	10.941852	66.79641	-2.627335	1368000	-0.08888358	379.892	0.0	-156.01378	0.36546555	-1.6391277e-09	1720.8405108451843
342	221.47801	35.526993	256.80893	144.17624	551.1429	23.723038	15.989724	75.08174	-22.323923	1372000	-0.06764512	472.34238	0.0	-277.7116	0.27689812	-5.945563e-09	1726.1269018650055
343	221.91522	57.21163	269.06628	99.46653	562.1667	32.28545	11.6696205	76.646484	2.5740616	1376000	-0.09211036	343.87262	0.0	-69.514465	0.29728115	3.5613774e-09	1731.4174461364746
344	147.42097	47.193573	211.43883	95.27739	854.25	21.542217	13.803502	79.79335	5.72967	1380000	-0.11240156	166.91122	0.0	-91.865906	0.41049397	6.0796737e-09	1737.406631231308
345	214.19154	50.7338	264.8359	124.43661	566.1429	24.054136	13.396785	78.281395	1.8198411	1384000	-0.10170911	491.23932	0.0	-153.24075	0.34730288	6.854534e-10	1742.6539390087128
346	248.12424	20.670403	278.9653	210.23875	375.3	39.371246	11.789437	72.87127	-10.8172245	1388000	-0.054744214	686.1787	0.0	-400.69196	0.1918889	-2.2351743e-09	1746.8957560062408
347	228.76073	35.319263	265.23392	145.11981	430.125	47.81249	8.794072	83.18115	12.076959	1392000	-0.12572202	603.7992	0.0	-95.86606	0.27438283	-2.0861626e-09	1751.3727238178253
348	191.91315	88.08023	280.9473	21.181639	338.22223	47.16658	9.433169	83.282486	4.810819	1396000	-0.04377174	1178.382	0.0	-228.2699	0.24393491	-5.0216915e-09	1755.6604731082916
349	192.42212	107.18461	286.53613	-2.2790792	391.9	41.303963	12.217447	81.673485	-33.24737	1400000	-0.060955085	1026.9956	0.0	-116.83923	0.2360192	2.965331e-09	1760.2205820083618
350	228.44562	48.665245	274.3979	109.148575	409.25	39.476578	13.209569	82.039856	-60.81475	1404000	-0.096621595	674.1936	0.0	-216.62961	0.27665251	2.8908254e-09	1764.9928691387177
351	230.14412	69.258804	276.7433	8.81092	317.75	49.746716	11.447478	87.248985	-54.6907	1408000	-0.03016736	547.7596	0.0	-74.02649	0.1800834	-9.998679e-09	1769.0488271713257
352	220.40608	71.159386	282.09738	-5.1132393	318.33334	52.13865	13.578546	88.01515	-66.93958	1412000	-0.012432142	502.53824	0.0	-48.20804	0.17464499	-1.4305115e-09	1773.1173050403595
353	250.83992	23.916649	284.0668	207.33478	328.0	55.66909	13.891606	89.785545	-1.7953167	1416000	0.00022020262	167.34445	0.0	-75.115845	0.17202856	4.738569e-09	1777.1150970458984
354	218.74701	81.76738	289.99496	40.207317	326.75	60.2885	12.363947	89.50727	-7.2502337	1420000	0.0048265187	1336.6136	0.0	-401.5611	0.17684512	-2.5331975e-10	1781.2619190216064
355	228.57149	45.74251	259.69592	105.12337	391.8	48.830307	16.074287	89.76328	-58.41074	1424000	-0.051941324	392.24478	0.0	-101.09024	0.23385105	7.1525574e-10	1785.841012954712
356	255.33766	26.262182	284.13345	206.56926	316.36365	52.772747	14.207106	90.4623	-36.08655	1428000	-0.024170913	288.71072	0.0	-64.77025	0.17848194	-8.165836e-09	1789.9163649082184
357	179.82956	101.492775	279.97604	-6.0134044	297.30768	59.358494	12.726338	90.94904	-36.09688	1432000	-0.008112087	1522.1925	0.0	-439.61475	0.18048222	-3.7252903e-09	1793.8359489440918
358	229.5121	85.86703	311.99518	26.158442	303.23077	47.18891	19.915625	85.576164	-65.69612	1436000	0.006702814	983.11755	0.0	-218.4638	0.17555489	1.5795231e-09	1797.8158791065216
359	182.03291	116.198204	305.58377	0.7283547	278.07144	56.117508	16.778086	91.13775	-65.32178	1440000	-0.0025151893	1624.2344	0.0	-415.84888	0.17994857	-8.9406965e-10	1801.6998991966248
360	161.26244	115.454865	270.53943	-33.778378	316.25	42.164265	23.44013	90.3661	-79.528625	1444000	0.010361816	1022.8414	0.0	-91.91876	0.17898333	9.0897084e-10	1805.7495348453522
361	229.3324	29.22511	273.2771	159.51869	351.9	37.253	20.018467	90.279144	-77.8176	1448000	-0.03548172	689.2098	0.0	-333.91342	0.21044783	-2.592802e-09	1810.050682067871
362	205.76834	104.81682	284.79675	-18.699123	285.2857	52.51881	16.64638	91.46573	-78.316635	1452000	-0.022245618	1221.3333	0.0	-318.28998	0.17914428	-8.046627e-10	1813.8975338935852
363	167.58878	98.64786	282.99985	8.071632	303.3846	55.659916	18.523903	92.57928	-30.892424	1456000	0.013297571	1293.4991	0.0	-336.60944	0.17229809	-3.6358834e-09	1818.0302350521088
364	189.16585	95.18791	287.6699	21.718021	327.91666	39.419247	24.666958	90.736534	-81.308014	1460000	-0.023649845	1064.2438	0.0	-302.92188	0.2295761	1.2814999e-09	1822.389517068863
365	247.36377	28.323477	284.90173	190.15886	384.7	40.14843	25.181252	92.410126	-70.94186	1464000	-0.04370914	566.9739	0.0	-219.77176	0.22721656	-4.4852495e-09	1827.0251970291138
366	213.8629	61.239124	265.80127	27.233849	346.18182	52.01979	20.542727	93.922325	-45.112488	1468000	-0.009518382	619.702	0.0	-64.9624	0.2119956	2.384186e-10	1831.3494300842285
367	130.74641	118.263855	282.0928	-13.297859	299.69232	52.947437	18.46452	91.532555	-59.831097	1472000	-0.0032539647	2045.7455	0.0	-1112.0798	0.20393418	-1.2367963e-09	1835.4256310462952
368	214.70917	93.92442	325.72214	9.138495	294.53845	33.883217	27.18171	88.96954	-81.94312	1476000	-0.020450937	1447.3217	0.0	-654.6675	0.17274824	1.6987324e-09	1839.2928519248962
369	171.98318	119.75786	281.35364	-32.174664	299.23077	46.31545	21.444624	93.38672	-65.00892	1480000	0.0052414224	1171.4581	0.0	-185.25952	0.17517881	5.066395e-10	1843.1057991981506
370	199.2446	114.2137	290.99942	-73.065926	274.92856	47.463085	22.678612	94.02185	-69.13085	1484000	0.005265139	966.81055	0.0	-226.99658	0.17686005	-3.4719705e-09	1846.8736259937286
371	207.06969	107.34719	295.93533	-40.713615	277.2857	54.29551	25.82242	95.13098	-54.362175	1488000	-0.0103336675	1002.1651	0.0	-158.40704	0.17633009	3.6656858e-09	1850.6233370304108
372	200.83047	96.34761	274.3985	14.878335	353.54544	58.515633	22.866617	95.06564	-61.515373	1492000	-0.059473433	1268.7233	0.0	-898.43054	0.23926789	-1.758337e-09	1854.7509191036224
373	245.01236	33.07314	287.8146	165.372	350.9091	48.061054	22.641197	95.5644	-41.22122	1496000	-0.030767603	824.5221	0.0	-476.75928	0.20913811	5.543232e-09	1858.5868289470673
374	260.311	20.614998	299.1548	223.20132	270.35715	66.38422	13.108232	102.456894	-6.347173	1500000	-0.043579277	195.48276	0.0	-114.18088	0.18027905	-1.1622906e-09	1862.4123420715332
375	246.74342	57.73864	290.76776	46.002132	271.92856	70.95928	11.7908	96.618416	5.9263554	1504000	-0.010038827	411.53622	0.0	-54.158356	0.18514849	-7.599592e-10	1866.1280391216278
376	204.99873	88.97089	291.7906	36.025166	349.0909	64.37181	14.701881	102.479675	-22.974136	1508000	-0.057357863	1564.6078	0.0	-929.37964	0.24078809	-2.667308e-09	1870.336508989334
377	233.33286	82.40506	295.36517	8.677532	276.5	56.562263	18.751736	97.315125	-65.987946	1512000	-0.013713432	813.0719	0.0	-145.38751	0.17097537	-4.1127204e-09	1874.0517559051514
378	235.81955	48.811398	284.75735	140.2346	464.25	63.736797	13.568372	102.09882	-28.147705	1516000	-0.061142426	1518.4321	0.0	-1229.8643	0.23574473	4.351139e-09	1879.0306260585785
379	239.8945	75.51655	307.02747	-7.12313	291.92307	59.45489	21.533268	97.45488	-52.323635	1520000	-0.044570662	763.17206	0.0	-289.82773	0.20146462	-4.5597552e-09	1883.0360980033875
380	206.57332	63.58702	302.7006	125.52012	645.1667	77.22608	17.286337	97.71456	13.633039	1524000	-0.12994865	3900.389	0.0	-3406.6992	0.36954936	-1.1846423e-08	1888.4568769931793
381	205.11073	61.01216	273.20242	77.693665	523.1429	34.66486	26.390297	96.357735	-64.25221	1528000	-0.052117385	682.1573	0.0	-407.4623	0.31475243	-3.784895e-09	1893.179626941681
382	192.85757	79.24563	255.68684	26.847979	475.75	33.344673	21.668608	95.43718	-65.61159	1532000	-0.05081928	449.4024	0.0	-218.83315	0.29668206	-1.0728836e-09	1897.9102730751038
383	197.896	96.16093	283.51865	14.812318	380.3	37.54531	23.228428	92.36413	-60.855152	1536000	-0.015517702	754.879	0.0	-231.78436	0.23873895	9.804964e-09	1902.3641769886017
384	187.94304	98.30894	269.1766	-7.2591043	365.4	42.5644	17.075874	92.03273	-64.48915	1540000	-0.0312229	916.98114	0.0	-279.78326	0.24200861	-1.1533499e-08	1906.7477040290833
385	208.67207	51.881454	266.64618	142.05145	709.0	41.998135	29.632795	77.43247	-49.19295	1544000	-0.08227945	1520.37	0.0	-1148.799	0.34645382	1.3113022e-09	1911.7120938301086
386	189.66174	61.735615	259.66367	108.54071	655.8333	19.444973	24.492165	88.567566	-18.902454	1548000	-0.071637444	267.1854	0.0	-23.46695	0.3553482	5.632639e-09	1916.8620460033417
387	155.51862	11.7889385	169.64742	137.78822	1000.0	8.720101	24.144775	89.94573	-18.750385	1552000	-0.015623558	25.989902	0.0	-9.712164	0.41751552	8.314848e-09	1922.630086183548
388	184.6332	83.868546	300.8712	39.329613	571.4286	17.305332	25.203028	94.74936	-55.27019	1556000	-0.050796982	679.6197	0.0	-197.8031	0.3752193	-6.9588424e-09	1928.0073540210724
389	236.29678	61.704155	295.1	130.49849	473.85715	25.553352	26.85438	96.18868	-52.416027	1560000	-0.07224802	570.1366	0.0	-170.93774	0.34645557	-1.6674399e-08	1932.928466796875
390	265.50446	17.62587	293.1618	237.976	290.6154	53.793713	24.195904	96.78626	-12.141875	1564000	-0.06402234	762.4924	0.0	-363.79163	0.19657367	-3.2782554e-09	1936.9291179180145
391	267.81256	18.627222	301.38858	226.39601	247.8125	69.07928	17.740307	97.70071	10.193467	1568000	-0.06475268	376.65497	0.0	-207.77725	0.1732578	-1.013279e-09	1940.5590879917145
392	236.97592	81.283775	311.7573	27.005947	243.625	70.6765	15.600613	105.14889	-15.576084	1572000	-0.0088283215	891.4754	0.0	-277.61627	0.17767212	-1.192093e-10	1944.2666201591492
393	223.02348	80.80242	298.39343	52.756584	425.44446	68.62063	11.756427	100.38211	37.729614	1576000	-0.08810973	1985.4285	0.0	-1207.2651	0.32324094	-3.874302e-10	1948.25865483284
394	259.18744	53.48338	294.97882	60.24594	248.0625	61.674183	16.46978	96.94044	-7.2558074	1580000	-0.034719076	702.7314	0.0	-300.88544	0.16740024	4.3213366e-09	1951.8158020973206
395	245.01048	67.10833	292.93427	47.28975	305.84616	67.44084	17.813581	98.3518	13.062543	1584000	-0.05673111	886.94965	0.0	-116.66138	0.26700598	8.493662e-09	1955.5573489665985
396	261.85223	52.480743	301.15955	66.097336	245.6875	72.06101	14.619525	98.293785	22.0506	1588000	-0.010421537	513.34717	0.0	-114.935486	0.16574623	-2.9802324e-11	1959.0745368003845
397	232.50021	89.76463	303.4611	28.210535	234.58824	76.5041	13.156318	105.91967	20.018476	1592000	-0.028849943	1012.3808	0.0	-217.8634	0.18051769	6.28829e-09	1962.7302589416504
398	231.56604	95.0206	293.85492	12.545797	223.29411	70.00845	15.528214	100.72281	-28.984505	1596000	0.0022788763	1073.58	0.0	-344.81598	0.18445413	9.23872e-10	1966.1986858844757
399	210.08484	91.47835	277.54788	33.250874	275.2143	62.489864	29.448048	106.01952	8.492003	1600000	0.015267234	941.79626	0.0	-372.64954	0.24923877	1.3709068e-09	1970.1426601409912
400	156.8082	108.12619	297.41656	16.649797	226.0	65.13741	20.910034	103.689384	-31.127764	1604000	-0.0021402366	1870.2573	0.0	-536.5608	0.18738884	9.179115e-09	1973.7177410125732
401	147.51434	121.50649	305.7825	-15.308483	252.6	45.50408	31.642517	84.57961	-65.19043	1608000	0.005250018	1213.1018	0.0	-253.96515	0.25717854	-3.4570693e-09	1977.4545321464539
402	200.90274	100.4529	297.5419	25.064676	227.82353	54.75999	21.940083	85.59851	-58.083763	1612000	0.00052070856	1656.3304	0.0	-407.9303	0.1757435	9.0897084e-10	1980.8633441925049
403	186.62689	109.288216	305.9649	21.783957	226.47058	59.354645	21.680803	92.05487	-65.11384	1616000	-0.011643277	1719.1886	0.0	-256.45203	0.17177835	9.298325e-09	1984.2858500480652
404	201.29257	101.73615	293.21487	30.86909	279.2143	44.251617	33.3325	93.49763	-68.87921	1620000	0.0025777903	1136.5795	0.0	-176.40405	0.22260524	2.8312206e-09	1988.2337210178375
405	155.13586	117.70462	290.50967	-4.7054415	197.94737	60.210377	24.713255	97.74201	-49.183346	1624000	-0.012943216	1621.6626	0.0	-263.56213	0.18363166	2.0861626e-10	1991.6047458648682
406	188.76422	89.73602	274.61646	27.786203	305.23077	46.81004	29.127747	95.46252	-44.458794	1628000	-0.0036702314	901.2731	0.0	-270.51678	0.22464907	-5.334616e-09	1995.6059129238129
407	167.38733	115.60179	277.21768	3.9897058	226.0	55.88911	20.358025	90.98872	-69.546074	1632000	-0.0054515395	1993.1029	0.0	-710.02295	0.17396347	-1.6987324e-09	1999.008231163025
408	146.72757	118.11522	294.00827	6.4491463	216.44444	43.253593	32.69025	96.30378	-73.53571	1636000	-0.0006167908	1688.6658	0.0	-404.0769	0.17687742	3.0696392e-09	2002.418359041214
409	175.73074	112.42051	297.2359	-13.058064	224.23529	55.318874	25.227034	95.787224	-67.26537	1640000	0.00096879894	1338.008	0.0	-155.2362	0.17296313	-5.364418e-10	2005.883260011673
410	128.98665	121.137695	284.60553	-11.763408	219.35294	43.690063	31.823631	95.639145	-82.6446	1644000	-0.013080723	1456.4814	0.0	-289.8224	0.1813302	-4.1425228e-09	2009.396301984787
411	193.06718	117.91638	316.81113	-24.101955	231.82353	53.088875	30.035381	96.45111	-76.96754	1648000	0.0044480087	1316.4797	0.0	-343.69177	0.16635603	3.2782554e-09	2012.849596977234
412	173.47597	113.79962	279.9022	-2.2237365	248.3125	43.36511	34.22587	99.795845	-79.0001	1652000	0.01387504	1530.97	0.0	-347.06018	0.16751413	4.2617323e-09	2016.4530239105225
413	199.07095	113.049225	299.06418	-48.993572	247.21428	47.156826	29.233091	98.82516	-80.13678	1656000	-0.0021952144	1600.2029	0.0	-443.33618	0.16933824	-1.8179417e-09	2020.1525869369507
414	131.63237	110.47564	271.86313	8.082035	280.5	43.762955	33.74662	102.19829	-76.81284	1660000	0.0059261234	1154.3174	0.0	-469.008	0.2030409	-5.4687264e-09	2023.7507948875427
415	197.09233	103.48853	293.6228	-8.362951	242.1875	41.217747	36.769444	101.234825	-81.73952	1664000	-0.014802291	1491.5642	0.0	-479.1494	0.16660707	-3.2782554e-10	2027.2702341079712
416	207.85442	82.71957	277.34406	36.0506	327.41666	56.101475	29.58306	103.06502	-78.53034	1668000	0.02606465	999.532	0.0	-448.30035	0.19229472	2.7120113e-09	2031.0974349975586
417	199.9726	113.042305	305.07245	-19.309608	253.73334	54.46495	16.956133	95.58248	-78.30829	1672000	-0.011248441	1692.6362	0.0	-581.43726	0.16493045	-4.3213366e-09	2034.7332558631897
418	264.4869	27.28683	307.7362	223.89114	263.8	64.650276	20.524714	103.141426	-37.032867	1676000	0.018318556	430.48117	0.0	-276.27826	0.1459208	2.9802322e-10	2038.3095910549164
419	265.38672	17.479923	298.97675	232.11182	315.16666	70.98433	15.080392	107.31442	17.698015	1680000	0.022500983	452.69238	0.0	-166.98651	0.1278496	2.384186e-10	2041.9818589687347
420	251.07964	65.01692	302.48755	17.295275	249.4375	72.68914	18.3314	108.0681	-74.94696	1684000	-0.043170188	327.2271	0.0	-121.66087	0.14160797	-3.0398368e-09	2045.6113450527191
421	199.7205	118.93996	307.755	-0.012560053	231.41176	73.99574	17.752525	106.17975	-63.434193	1688000	-0.003258696	1819.1759	0.0	-693.25134	0.15414982	3.5762787e-10	2049.267819881439
422	220.04808	91.46919	314.3948	20.587923	297.23077	51.549248	28.561981	104.489586	-77.56927	1692000	-0.030114844	891.7128	0.0	-247.1029	0.21612817	2.7865172e-09	2053.2023611068726
423	200.89534	106.05816	310.27582	8.548732	248.375	53.04479	28.721786	105.10132	-80.98933	1696000	-0.009927466	1126.429	0.0	-169.35297	0.15668878	1.2218953e-09	2056.767821073532
424	240.46815	59.351734	314.5248	40.94823	255.66667	63.024223	25.107832	106.47157	-64.8521	1700000	0.007476303	588.33215	0.0	-226.83875	0.15069887	-2.2351743e-09	2060.3752460479736
425	245.99574	64.39822	299.58432	42.704277	307.30768	64.55045	20.43901	110.73666	19.075487	1704000	-0.026280088	710.2369	0.0	-199.63278	0.18989615	3.248453e-09	2064.3698790073395
426	268.32928	16.524025	298.74075	243.23724	256.93332	69.786224	16.44244	107.14626	1.6585379	1708000	-0.010698213	246.93147	0.0	-146.73978	0.15558575	-2.861023e-09	2067.874760866165
427	249.85303	61.109043	289.1181	28.48286	266.66666	77.51235	13.990082	108.55798	12.147407	1712000	0.009884849	745.3776	0.0	-150.55023	0.1499701	3.3080578e-09	2071.4318430423737
428	210.12808	103.05032	305.9577	33.2262	266.4	69.51634	18.176165	114.898026	-3.0298624	1716000	-0.005489605	1432.439	0.0	-432.90686	0.15453032	-2.0861626e-10	2074.97602891922
429	264.54178	22.409328	299.79434	205.5622	319.83334	50.278835	29.15224	108.678085	-46.1814	1720000	-0.012681556	427.16098	0.0	-204.02165	0.21323568	2.5331974e-09	2078.8621921539307
430	183.16902	114.81754	289.93216	-16.589186	281.92856	62.02843	28.392538	107.46445	-49.065834	1724000	0.0035615163	1929.0769	0.0	-768.30664	0.21276982	9.834766e-10	2082.74200296402
431	239.82767	74.46377	306.41913	44.2993	245.4375	60.97104	19.462484	99.22862	-69.965576	1728000	-0.008706124	779.9341	0.0	-318.43195	0.14822376	-1.013279e-09	2086.2893228530884
432	254.97102	56.149734	307.55048	60.030502	261.86667	68.94015	16.316353	105.1145	-33.751083	1732000	0.010669329	363.90378	0.0	-87.385315	0.14467697	2.9802323e-09	2090.1589770317078
433	217.19528	92.2508	282.57748	-0.5581334	238.875	73.184204	15.198081	106.064735	-30.386705	1736000	-0.0054766242	1161.2726	0.0	-464.6668	0.16007632	-5.8710574e-09	2093.921198129654
434	222.35779	94.038	295.12405	13.314232	245.6875	69.98357	15.236497	98.44189	-64.45451	1740000	-0.0059788018	863.7809	0.0	-121.079895	0.1452174	-1.7881393e-09	2097.465292930603
435	235.23454	82.54899	306.33908	6.9390025	254.53334	67.70185	16.12505	101.73359	-62.769905	1744000	0.0048466492	570.523	0.0	-214.20557	0.14417692	-2.9802324e-11	2100.9587440490723
436	224.45476	79.71035	282.20206	41.52507	308.75	65.67253	19.915628	99.44118	-37.94083	1748000	-0.027599517	1355.5093	0.0	-690.00836	0.19850671	2.9802323e-09	2104.84334397316
437	240.29683	73.11212	286.34915	44.99851	255.0	64.83964	17.72643	100.4392	-51.858753	1752000	-0.0107799815	497.7232	0.0	-99.39606	0.1481308	-2.1755695e-09	2108.408413887024
438	271.807	17.956354	301.235	229.04178	261.06668	66.90939	18.957796	101.660866	-30.078249	1756000	-0.0045114765	630.81104	0.0	-560.8362	0.13851008	8.642673e-10	2111.9929440021515
439	263.69064	19.000546	302.63452	242.73462	282.2143	74.52517	10.959539	102.926506	34.756695	1760000	-0.022416877	59.321304	0.0	-15.506779	0.14923097	2.9802324e-11	2115.643047809601
440	260.92776	18.343466	300.31592	240.30241	282.35715	76.49839	11.274302	103.50845	38.61004	1764000	-0.023731278	80.68304	0.0	-32.00487	0.14752534	2.2947788e-09	2119.306960105896
441	258.4089	19.277597	288.73053	224.99637	300.76923	71.88144	11.43627	101.09267	41.39545	1768000	-0.019965919	81.1925	0.0	-27.690086	0.14650765	5.960465e-11	2123.061269044876
442	251.74527	31.774414	298.65195	187.52808	342.27274	66.690285	13.378812	99.455345	40.71951	1772000	-0.029658303	242.00139	0.0	-100.99109	0.15721951	-4.172325e-09	2127.035840034485
443	255.95857	23.577314	288.93896	224.4558	368.5	59.008038	11.823558	97.79306	38.387455	1776000	-0.08746428	435.29105	0.0	-79.25137	0.18710738	-6.1392784e-09	2131.4759438037872
444	235.57222	44.71248	279.7674	130.30566	449.75	55.006054	9.647482	94.31345	34.257576	1780000	-0.10338813	664.274	0.0	-109.81616	0.21077897	-1.6093255e-09	2136.092448949814
445	190.15738	52.237827	255.38287	137.17972	765.2	53.354874	10.582608	96.10433	30.934595	1784000	-0.120962344	1466.4893	0.0	-1032.1313	0.30630013	7.152557e-09	2141.446368932724
446	147.47668	18.496853	161.66357	115.71052	1000.0	29.329819	7.994504	55.95515	8.561504	1788000	-0.103996955	407.639	0.0	-352.1399	0.34179914	1.31726265e-08	2147.2974891662598
447	129.32962	12.670649	141.0642	108.04956	1000.0	14.388305	14.825755	70.87768	-35.876064	1792000	-0.00064620114	70.28169	0.0	-41.80209	0.345842	2.4139881e-09	2153.5131969451904
448	122.78887	71.1018	232.916	34.134655	848.25	13.693607	16.231607	83.60626	-25.622782	1796000	0.0001684301	281.62204	0.0	-79.879944	0.3140484	6.854534e-10	2159.652709007263
449	137.11159	25.166143	172.05711	106.804634	1000.0	10.390308	10.789249	40.781654	-24.468437	1800000	-0.05999807	69.09903	0.0	-38.867188	0.33780554	-5.90086e-09	2166.409204006195
450	172.94247	41.49474	230.93947	128.81923	779.0	13.416732	21.153837	82.04794	-22.060043	1804000	-0.03771335	395.63672	0.0	-190.84923	0.2563844	5.960465e-11	2172.1733548641205
451	120.125275	55.795677	213.91637	72.58611	886.25	14.615068	10.233657	42.328766	-0.56990767	1808000	-0.023824964	128.38492	0.0	-50.046494	0.2636636	2.0861626e-10	2178.475186109543
452	107.72435	34.898216	139.95108	54.4699	1000.0	14.118328	16.532398	89.056015	-1.7584991	1812000	0.055847045	148.2126	0.0	-102.07356	0.25536457	-3.784895e-09	2184.995330095291
453	70.87178	22.684637	102.205765	38.475983	1000.0	9.80497	11.176758	56.8504	-1.9113276	1816000	0.028471382	108.77097	0.0	-56.758606	0.188048	-1.4156103e-09	2191.994745016098
454	138.55043	73.32267	228.05104	41.87838	789.5	9.301713	12.973877	69.91885	-17.32672	1820000	-0.022828834	355.52032	0.0	-88.88287	0.1513802	1.2814999e-09	2199.0718681812286
455	94.06798	20.027288	118.415085	67.41451	1000.0	11.342197	10.873815	66.374886	-0.18212819	1824000	-0.00461669	89.38138	0.0	-45.773186	0.21491602	-1.7881394e-10	2207.0762338638306
456	70.82985	27.623852	99.49943	39.43582	1000.0	8.108167	10.776206	62.341244	-9.584138	1828000	-0.01586928	59.03468	0.0	-15.355278	0.20703225	3.784895e-09	2214.7846388816833
457	58.442215	18.395496	74.32799	28.620338	1000.0	5.490583	12.377618	79.29707	-12.663564	1832000	-0.035708055	63.78927	0.0	-14.963413	0.18051386	8.940697e-11	2223.539771080017
458	67.802284	25.247341	93.30188	26.490864	1000.0	4.3375597	12.790391	68.09929	-15.088255	1836000	-0.020508999	41.942566	0.0	-6.205593	0.22424842	-7.390976e-09	2230.4494450092316
459	42.911823	19.109919	57.676437	10.603496	1000.0	4.91083	11.568206	64.69795	-12.015874	1840000	-0.024054516	106.13666	0.0	-49.00318	0.16704743	-4.529953e-09	2238.221575021744
460	11.459087	24.361925	33.16349	-28.673317	1000.0	1.0027307	13.856972	39.244274	-17.316126	1844000	-0.0069774883	70.28091	0.0	-16.16557	0.16649954	1.013279e-09	2247.8263630867004
461	25.234116	19.16108	55.95945	5.850679	1000.0	-0.4426298	13.675674	65.352905	-20.971512	1848000	-0.011221912	48.22698	0.0	-8.071453	0.15960617	-2.0861626e-09	2255.2132658958435
462	18.453768	15.381871	34.513016	-1.5974028	1000.0	-1.3851027	16.36983	73.91834	-25.165075	1852000	-0.0048859436	63.34843	0.0	-10.071419	0.1663891	-4.082918e-09	2263.621304988861
463	22.854794	24.832285	54.32249	-8.107261	1000.0	-2.538874	16.796255	70.01884	-27.359943	1856000	-0.0009888819	47.19764	0.0	-10.475441	0.16772406	-7.2419644e-09	2271.793576002121
464	7.2433367	26.486677	38.579937	-34.51345	1000.0	-4.1121564	16.511045	69.175606	-18.9252	1860000	-0.018211069	23.163198	0.0	-3.995615	0.17147739	0.0	2281.042100906372
465	12.950174	17.213503	28.945827	-15.853812	1000.0	-2.9413257	20.687038	77.930756	-30.311226	1864000	-0.007683899	30.356468	0.0	-13.0231495	0.16725613	6.3478947e-09	2288.442393064499
466	7.0820847	21.908766	39.689438	-14.84212	1000.0	-5.9559126	17.259644	74.16238	-19.131554	1868000	-0.005124403	19.18917	0.0	-2.8258305	0.17102502	3.606081e-09	2296.1825671195984
467	7.634488	25.541712	39.095116	-32.102913	1000.0	-5.9665504	19.125889	78.676994	-33.041203	1872000	0.0067062117	33.937656	0.0	-8.180134	0.16748132	-1.758337e-09	2304.1310620307922
468	25.930906	23.997038	43.37604	-15.279045	1000.0	-5.8610225	18.386734	75.71608	-36.352703	1876000	0.008384929	50.61408	0.0	-24.800093	0.16097064	-6.854534e-10	2312.0160100460052
469	15.021978	14.334116	29.409525	-7.779961	1000.0	-4.8171053	18.650925	66.87922	-35.482563	1880000	-0.014401714	27.822813	0.0	-10.31142	0.15954933	-1.9073487e-09	2321.039700984955
470	14.763255	22.34772	49.132534	-7.9278283	1000.0	-4.54216	17.580801	55.67093	-31.949627	1884000	-0.019687021	25.655783	0.0	-5.9471703	0.15657769	1.192093e-10	2330.221739053726
471	24.348682	14.46863	47.967064	10.46263	1000.0	-5.5176525	18.77841	60.145737	-42.35501	1888000	-0.020401174	28.95245	0.0	-12.358953	0.15046126	-7.1823596e-09	2338.208325147629
472	16.899307	25.267527	42.18641	-22.188156	1000.0	-4.2392483	20.206799	73.26609	-38.56082	1892000	-0.0064843986	17.19679	0.0	-4.873412	0.14318806	-3.218651e-09	2346.2391228675842
473	5.6718106	16.220186	29.610615	-16.164385	1000.0	-4.5929503	18.85874	48.47834	-36.95644	1896000	-0.009561847	14.835638	0.0	-5.332349	0.13826935	-2.7418137e-09	2354.1813728809357
474	37.10652	27.846172	72.569466	4.6169605	1000.0	-4.0613985	20.670898	81.16834	-32.134823	1900000	0.0006957009	13.422392	0.0	-4.1598663	0.12685268	-5.960465e-11	2362.166438102722
475	46.89644	8.801248	60.41758	35.766293	1000.0	-2.932151	21.65261	76.90086	-31.042397	1904000	-0.008075216	16.248384	0.0	-3.809945	0.121712185	4.4703483e-10	2370.3959019184113
476	38.015255	14.301947	62.692196	28.333054	1000.0	-3.1262417	19.503939	50.636246	-30.654436	1908000	-0.0024367752	16.116562	0.0	-3.0837517	0.121889554	8.642673e-10	2377.6653690338135
477	44.363804	21.432281	61.625397	7.631985	1000.0	-1.2817647	21.592781	74.82396	-30.08747	1912000	0.0031696467	11.173627	0.0	-2.3018122	0.12680236	-2.9802323e-09	2385.712578058243
478	43.635735	16.503675	67.03719	26.698992	828.5	0.6729895	22.831621	78.29634	-33.174202	1916000	-0.005303584	168.16597	0.0	-87.14945	0.122069396	1.3411046e-09	2393.1619288921356
479	87.59527	94.36425	249.058	15.965388	868.5	-4.1768856	22.134863	75.94761	-39.870205	1920000	0.009349834	327.43457	0.0	-151.55788	0.1332382	-1.1920929e-09	2400.2568230628967
480	73.25107	85.35168	220.26448	16.026625	871.75	4.214424	20.1217	62.907623	-25.931244	1924000	-0.0028495514	179.50221	0.0	-18.976608	0.122536	-1.0430813e-09	2408.334002971649
481	32.906815	13.436079	45.30172	11.67118	1000.0	1.778666	18.116863	54.714954	-25.13086	1928000	0.0060691168	24.540058	0.0	-18.350025	0.124891184	-2.503395e-09	2416.280242204666
482	79.72818	46.630833	151.5559	21.85246	952.25	1.2784603	21.266628	77.84867	-26.119083	1932000	-0.0064272326	186.91731	0.0	-38.37886	0.12208109	-2.682209e-10	2423.7366399765015
483	85.12336	56.855217	182.7607	40.555767	900.25	6.116808	20.743448	76.82662	-24.87041	1936000	0.0014086564	159.86546	0.0	-10.378204	0.11881405	2.8014182e-09	2430.750407934189
484	52.43396	15.820623	68.726974	27.803305	1000.0	1.2865579	17.530848	63.957718	-24.639479	1940000	0.03216803	40.90962	0.0	-25.869144	0.10701793	2.5629998e-09	2439.437402009964
485	83.295044	103.834984	260.88388	-1.4369811	848.75	0.858359	22.00579	79.01003	-25.67998	1944000	-0.019018298	205.14903	0.0	-51.914154	0.11901104	-3.0696392e-09	2447.1554670333862
486	86.4426	80.000175	212.7234	-13.04994	750.8	8.198241	20.286287	59.34169	-24.784492	1948000	-0.020593876	395.80148	0.0	-97.66348	0.21121329	6.496906e-09	2453.4586679935455
487	68.88262	31.08784	103.0891	18.310987	1000.0	2.104602	19.394577	68.24609	-24.094149	1952000	0.010062706	44.72521	0.0	-26.736238	0.10597259	-2.026558e-09	2460.8586931228638
488	126.98025	82.49895	255.49649	43.035763	782.2	4.4917855	21.882952	68.85295	-39.79002	1956000	-0.016301168	386.65497	0.0	-122.513306	0.119133964	-2.9802322e-10	2467.404223918915
489	99.59483	65.90925	213.41159	54.95643	909.0	6.0452433	18.95475	60.863842	-21.947313	1960000	-0.004173693	136.0075	0.0	-15.543831	0.110361926	3.695488e-09	2474.078394174576
490	164.02905	93.2942	264.9235	-7.0131097	554.1667	14.495672	21.778791	79.64143	-23.894566	1964000	-0.01147805	760.6557	0.0	-140.75507	0.12571128	4.768372e-10	2480.0780708789825
491	101.97835	72.44609	203.90547	21.395697	791.2	10.384744	16.010395	62.34524	-41.24517	1968000	-0.004385264	369.26645	0.0	-121.44083	0.11041837	-2.5629998e-09	2486.8454689979553
492	121.56594	87.59576	227.45912	-8.6582365	615.1667	14.378503	19.11013	79.63083	-21.473585	1972000	-0.014365576	702.15344	0.0	-195.05637	0.12497235	3.1888485e-09	2493.3568041324615
493	74.64491	111.96915	233.11465	-67.73394	486.125	17.687086	18.356503	55.04189	-50.36015	1976000	-0.006199281	1029.185	0.0	-354.80933	0.13480476	-1.1026859e-09	2498.651473760605
494	109.99812	118.139015	270.16455	-84.06247	569.5714	6.9541006	20.73313	56.323105	-73.12422	1980000	0.0013848188	813.544	0.0	-165.37988	0.11599182	-7.1525574e-10	2505.2283968925476
495	195.02048	62.939934	255.96379	47.549503	520.5714	11.212853	20.997335	66.4873	-66.9525	1984000	-0.016405743	1007.7668	0.0	-591.93604	0.119831115	-2.5629998e-09	2510.8713150024414
496	116.25059	102.49372	257.8972	-59.643517	662.8333	22.2505	16.17083	66.79314	-12.780958	1988000	0.0012161284	764.55176	0.0	-261.2869	0.11144603	1.7285346e-09	2517.9228389263153
497	143.80647	100.414154	236.07396	-36.417973	494.625	13.644371	20.465008	66.77467	-68.818565	1992000	-0.00354145	878.3621	0.0	-176.99982	0.12334495	1.0728836e-09	2523.1581811904907
498	93.144	104.0977	249.98035	-20.913996	551.2857	19.102304	18.248009	67.74148	-50.170692	1996000	0.01161595	856.31494	0.0	-340.5097	0.11829483	-8.642673e-10	2529.423972129822
499	135.65727	76.98175	240.98439	44.636143	749.8	8.87746	19.557669	69.10667	-70.74178	2000000	0.006044016	408.84555	0.0	-222.3239	0.110337935	3.8146974e-09	2535.6674389839172
