Epoch	AverageEpRet	StdEpRet	MaxEpRet	MinEpRet	EpLen	AverageVVals	StdVVals	MaxVVals	MinVVals	TotalEnvInteracts	LossPi	LossV	DeltaLossPi	DeltaLossV	Entropy	KL	Time
0	-247.92952	132.31685	-8.068876	-518.4439	87.422226	-0.09015047	0.028073769	0.024739295	-0.28091323	4000	0.018165477	24107.912	0.0	-1130.7676	1.3498904	1.9967556e-09	2.9439728260040283
1	-219.2194	124.310196	-71.993515	-501.73486	85.478264	-4.130073	0.43986177	-1.2534304	-4.7259555	8000	0.019146593	18116.328	0.0	-895.5508	1.3516198	1.7881394e-10	6.034976959228516
2	-213.3123	108.514465	-54.009464	-517.2496	87.17778	-8.144467	0.19509643	-4.350062	-8.288006	12000	0.016737947	15884.606	0.0	-645.86816	1.3525177	6.556511e-10	9.013944864273071
3	-188.49092	106.95438	-29.176706	-554.03174	82.9375	-11.107494	0.89223593	1.4369797	-11.242762	16000	0.017587382	13240.904	0.0	-531.76855	1.3537043	-5.066395e-10	11.988286018371582
4	-219.80199	125.38803	-8.114887	-494.41537	85.391304	-13.831975	0.079389594	-12.304858	-13.873029	20000	0.013959892	17002.69	0.0	-599.8008	1.3548568	-9.536744e-10	14.990234851837158
5	-247.22691	126.52265	-18.55154	-486.4533	89.454544	-16.662846	0.038240973	-15.736781	-16.686216	24000	0.010000988	19043.521	0.0	-688.6621	1.3554	-1.7881394e-10	17.95163607597351
6	-248.59698	133.31961	-16.463123	-582.08136	88.844444	-19.648874	0.050269343	-18.326908	-19.665812	28000	0.015825672	19546.781	0.0	-683.9004	1.3560935	-1.3709068e-09	20.900863885879517
7	-238.61568	123.47983	-54.48126	-493.2954	84.297874	-22.594734	0.0080132345	-22.54424	-22.606209	32000	0.014772294	16268.033	0.0	-574.0322	1.3571755	2.0861626e-10	23.856406688690186
8	-205.69257	110.20093	-37.633728	-438.345	83.02128	-25.288519	0.028126651	-24.390587	-25.299425	36000	0.009301264	12026.903	0.0	-415.9463	1.3583101	-1.2516975e-09	26.80223798751831
9	-199.82724	95.61349	-54.539818	-428.34164	90.59091	-27.603825	0.039604336	-26.391113	-27.61594	40000	0.0026467645	9649.023	0.0	-345.6338	1.3596294	-1.6689301e-09	29.750577926635742
10	-229.51541	118.78121	4.847421	-501.4197	86.86957	-29.735304	0.03960745	-28.301176	-29.743881	44000	0.0068538855	13510.356	0.0	-460.42578	1.3600473	2.9802324e-11	32.7111120223999
11	-194.50816	104.31198	-49.09943	-454.56976	88.26667	-32.181736	0.010151061	-31.784348	-32.18914	48000	0.008134304	9457.968	0.0	-321.37793	1.3610318	1.4901161e-10	35.74323797225952
12	-217.58348	105.72228	-74.88838	-473.10916	85.152176	-34.286133	0.01797828	-33.455498	-34.291973	52000	0.005711198	10277.798	0.0	-376.708	1.3613186	1.7881394e-10	38.68040680885315
13	-185.04362	111.397995	27.118198	-472.77234	80.20408	-36.549026	0.019443253	-35.984737	-36.554626	56000	0.010016333	8703.059	0.0	-251.67285	1.3623976	1.6391277e-09	41.63362383842468
14	-191.19054	117.37299	12.687527	-491.38837	84.42553	-38.453117	0.035394944	-37.58215	-38.46062	60000	0.0038633654	8925.303	0.0	-243.24707	1.3626279	-6.2584876e-10	44.5860538482666
15	-218.98633	108.49178	0.23971102	-462.2686	88.6	-40.331394	0.036743123	-39.476177	-40.33809	64000	0.009348259	9704.039	0.0	-342.17676	1.3637853	2.861023e-09	47.55534482002258
16	-198.47856	125.90187	4.613549	-490.13943	88.68889	-42.56155	0.050790217	-40.646156	-42.567787	68000	0.0050603487	9271.036	0.0	-244.86719	1.3639002	9.536744e-10	50.50784683227539
17	-198.14375	121.32641	27.517284	-522.1254	89.704544	-44.50571	0.028704884	-44.014183	-44.512535	72000	0.008282505	8613.549	0.0	-247.88867	1.3643715	-2.2947788e-09	53.4631130695343
18	-154.67674	111.60133	37.107704	-425.99777	86.391304	-46.456337	0.2885578	-32.757538	-46.470383	76000	-0.0020237016	5986.271	0.0	-109.89209	1.3650134	-1.4603138e-09	56.39785981178284
19	-207.57674	102.35756	2.1465182	-419.91864	88.844444	-47.825855	0.0029333383	-47.777542	-47.829063	80000	0.007028863	7427.285	0.0	-263.53662	1.3650609	0.0	59.34693694114685
20	-161.34505	100.43367	22.82363	-395.5368	81.14286	-49.863705	0.0066697216	-49.630013	-49.86697	84000	0.009268603	5310.991	0.0	-129.80566	1.3654839	2.9802324e-11	62.31831192970276
21	-193.682	101.650696	-81.0762	-434.2729	86.478264	-51.38491	0.0027365377	-51.31486	-51.38767	88000	0.0066749775	6426.036	0.0	-224.4165	1.3660328	1.2516975e-09	65.3118097782135
22	-174.52234	92.591125	7.8702054	-418.06845	85.565216	-53.33019	0.0068765734	-53.18084	-53.333023	92000	0.00419629	4478.162	0.0	-128.63379	1.3667203	8.046627e-10	68.27095985412598
23	-193.81023	96.43062	-4.4807568	-411.6212	91.790695	-54.875637	0.008183746	-54.605965	-54.878433	96000	0.00968194	5596.2437	0.0	-187.77832	1.3675652	0.0	71.22006392478943
24	-180.37227	102.05627	15.109726	-470.6498	83.020836	-56.712494	0.007504046	-56.52388	-56.715004	100000	0.0051056584	5394.033	0.0	-143.33008	1.368204	1.4305115e-09	74.15580487251282
25	-174.8634	103.703514	49.54613	-441.18933	115.64706	-58.333042	0.15852684	-57.047886	-58.373528	104000	0.007369284	4523.1426	0.0	-312.73926	1.369095	-4.4703483e-10	77.7976861000061
26	-148.9611	67.896416	-23.663994	-301.75397	94.28571	-58.95004	2.6997516	1.8728886	-59.226486	108000	0.0010729339	2039.2473	0.0	-43.944458	1.3689469	-1.2814999e-09	80.7546238899231
27	-154.1634	88.43331	12.02822	-441.6466	84.53191	-59.96861	0.19110392	-55.472527	-59.99704	112000	0.00029426385	3033.6807	0.0	-57.64795	1.3697184	-9.834766e-10	83.70485472679138
28	-182.8142	108.23751	-14.0290165	-533.3807	90.15909	-60.890026	2.9190185	13.33377	-61.08009	116000	0.0049564647	5615.6475	0.0	-166.70557	1.368466	2.9802322e-10	86.70473194122314
29	-176.38509	98.82467	-43.789642	-432.78598	88.68889	-62.741413	0.15810992	-57.667744	-62.754375	120000	0.0049830927	4313.4824	0.0	-121.10498	1.370195	1.4901161e-10	89.65820693969727
30	-182.52792	122.50605	69.2999	-483.89322	111.4	-62.191223	8.230186	-13.213033	-64.38386	124000	-0.0018048924	5174.487	0.0	-580.3174	1.371237	-1.0728836e-09	93.27040696144104
31	-196.40352	107.13876	27.770325	-421.23026	91.53488	-65.18129	4.1715493	13.708774	-65.58549	128000	0.00037303625	5473.6924	0.0	-233.21582	1.3702303	1.3709068e-09	96.26004886627197
32	-159.1623	112.437485	19.242043	-504.12622	92.5814	-67.3504	2.852756	-2.6068745	-67.563965	132000	0.0018876405	4788.558	0.0	-93.70703	1.3706275	2.9802322e-10	99.22501683235168
33	-159.70502	92.524086	-2.9883993	-400.3448	88.31111	-68.32014	0.5317592	-35.446964	-68.33691	136000	-0.0037541352	2914.5305	0.0	-43.023438	1.3707379	1.4901161e-10	102.17220687866211
34	-176.76846	86.58735	-40.062557	-351.13235	93.11905	-69.33602	0.15515865	-64.80104	-69.35028	140000	0.0032127036	3014.1738	0.0	-67.36255	1.3699553	1.1026859e-09	105.14073610305786
35	-171.95595	110.85341	-12.429182	-471.2416	90.068184	-70.60052	0.9074935	-49.099068	-70.66415	144000	-0.00076981424	4441.743	0.0	-75.151855	1.3714597	1.4603138e-09	108.10050797462463
36	-155.6601	103.319496	-5.445455	-419.44305	88.244446	-72.06278	0.20147389	-64.65684	-72.07752	148000	0.0038767916	3491.5383	0.0	-29.304443	1.3711601	9.536744e-10	111.0617790222168
37	-178.51146	98.17355	-43.586624	-512.96326	85.28261	-73.00125	0.1101325	-70.8117	-73.01418	152000	0.003229707	3453.5786	0.0	-86.06177	1.3712902	1.4007091e-09	114.02054476737976
38	-174.50162	88.048096	-46.57385	-421.31894	91.69768	-74.53833	0.014046543	-74.178314	-74.540985	156000	-9.89244e-05	2510.7004	0.0	-45.25171	1.3723468	8.940697e-11	116.97901892662048
39	-180.3168	95.51154	21.777054	-408.46735	98.25	-75.68531	0.53343713	-64.092926	-75.72989	160000	0.005183015	3346.8535	0.0	-42.744385	1.3718116	8.046627e-10	119.95418095588684
40	-168.49507	102.6845	22.08179	-454.32953	92.95238	-76.79738	0.7846078	-60.454544	-76.8555	164000	-0.0005050943	3457.5684	0.0	-31.261719	1.3719903	3.2782554e-10	122.93083381652832
41	-143.20836	95.27959	41.843407	-339.3653	121.59375	-77.77603	0.9280066	-53.89248	-77.857346	168000	-0.0018604862	3861.3406	0.0	-45.41382	1.3728386	1.6391277e-09	126.7982189655304
42	-139.54015	72.70965	20.346905	-337.49533	89.86364	-77.038124	0.20498917	-70.42327	-77.05525	172000	0.00027867316	1794.1526	0.0	0.043701172	1.3724946	-7.1525574e-10	129.77183294296265
43	-154.00398	97.76829	-7.827317	-573.20245	95.60976	-76.97005	0.12962617	-72.50818	-76.980995	176000	0.00046765752	2895.9653	0.0	-5.4282227	1.3735253	-8.642673e-10	132.7357177734375
44	-159.54663	97.616005	7.215677	-473.2782	93.61905	-77.2517	1.3662157	-44.266285	-77.3986	180000	-0.0024047699	3445.7742	0.0	-45.402588	1.3733448	-3.5762787e-10	135.6958258152008
45	-154.54594	89.97479	3.8754127	-480.87686	94.61905	-78.002266	0.18530384	-74.55411	-78.03669	184000	-0.0021022027	3319.103	0.0	-7.6970215	1.3733505	-3.5762787e-10	138.69687294960022
46	-169.33676	98.91721	-19.725172	-428.73602	83.95744	-78.46492	0.024802221	-77.76969	-78.467186	188000	-0.0023809108	3097.0745	0.0	-55.88745	1.3727627	-8.046627e-10	141.65437483787537
47	-153.31258	91.28871	31.08434	-418.38553	89.431816	-79.89519	0.12968236	-76.68447	-79.904335	192000	-0.0035559803	2734.0083	0.0	-1.9333496	1.3736093	7.4505807e-10	144.61347484588623
48	-166.47969	105.46161	-21.22316	-406.86993	91.62791	-80.24928	0.05830112	-78.670425	-80.25284	196000	0.0018832085	3310.3606	0.0	-14.635498	1.3731389	-5.066395e-10	147.575679063797
49	-163.86897	94.52142	-52.627544	-446.43063	92.790695	-81.001205	0.10281724	-77.235275	-81.008156	200000	-0.0023478405	2727.07	0.0	-13.260498	1.3738347	7.748604e-10	150.54004192352295
50	-130.99974	65.522514	16.052422	-313.82983	85.195656	-81.77561	0.0049848477	-81.682236	-81.776306	204000	-0.0019173203	1484.3601	0.0	-5.8796387	1.3743218	-1.847744e-09	153.5083200931549
51	-167.42859	110.25975	62.00119	-505.22885	92.88372	-81.306595	0.21080494	-74.78551	-81.319435	208000	-0.00738976	3732.2947	0.0	-16.239014	1.3731438	1.9371509e-09	156.48460483551025
52	-139.98482	85.0763	20.587101	-334.77078	92.790695	-82.05695	0.03276494	-81.18062	-82.061104	212000	-0.0033736664	2360.415	0.0	-4.183838	1.3740529	-1.013279e-09	159.44527888298035
53	-152.6153	67.61691	-59.062042	-324.0295	89.818184	-81.665344	0.09753102	-78.965576	-81.673164	216000	-0.002776082	1525.6619	0.0	-1.2310791	1.3746904	9.536744e-10	162.41283106803894
54	-129.27058	69.57134	37.801712	-337.25504	92.11628	-81.75216	0.032159053	-80.69151	-81.75475	220000	-0.0027184356	1731.2853	0.0	-20.174683	1.3750772	1.4603138e-09	165.38204789161682
55	-151.72153	102.92747	18.030846	-413.6249	94.14286	-80.773155	0.06694112	-77.65235	-80.77596	224000	-0.0038187422	3377.3943	0.0	-0.040283203	1.3740654	4.1723253e-10	168.36059975624084
56	-133.25423	95.14353	91.34555	-390.0172	126.09677	-80.69512	0.46062043	-65.65813	-80.7541	228000	-0.0031038024	3739.4465	0.0	-242.74976	1.3752855	2.9802324e-11	172.23288893699646
57	-154.26208	93.84357	-4.4494185	-370.98654	92.860466	-78.22474	3.0367303	-21.812305	-78.49016	232000	0.0032701117	2872.9038	0.0	-74.26538	1.3732468	-9.23872e-10	175.20050692558289
58	-161.71606	85.28636	-10.501436	-432.86716	93.309525	-78.89617	0.43692297	-68.20042	-78.953156	236000	-0.002807239	2452.4966	0.0	-26.89917	1.3737781	-5.960465e-11	178.16757893562317
59	-146.15607	79.03521	-5.9016414	-317.73215	91.4186	-79.95084	0.21681963	-74.22951	-79.96596	240000	-0.005236506	1956.4205	0.0	-0.50598145	1.3742037	1.1920929e-09	181.1383957862854
60	-169.02866	102.5256	-56.396667	-483.3847	92.25581	-80.05302	0.19026864	-74.43329	-80.07073	244000	-0.0049139657	3604.7424	0.0	-32.243896	1.3732946	-4.768372e-10	184.139976978302
61	-131.00749	53.758606	-56.696224	-278.90964	90.77273	-81.33446	0.08692364	-77.94068	-81.33908	248000	-0.0049822195	892.1066	0.0	-9.799438	1.3747058	6.556511e-10	187.1150300502777
62	-135.74683	82.45157	18.438335	-401.3684	90.23256	-80.64856	0.15325485	-77.071434	-80.662445	252000	-0.005590412	2133.7385	0.0	-6.2595215	1.3737117	-3.2782554e-10	190.08852696418762
63	-150.08842	91.83746	-8.725291	-459.39365	92.833336	-80.03983	0.5445766	-66.86172	-80.07343	256000	-0.011049902	2440.015	0.0	-1.4897461	1.3740796	9.536744e-10	193.07465386390686
64	-159.00719	97.37747	0.8138391	-435.98816	95.04762	-80.288956	0.13615054	-77.12137	-80.3016	260000	-0.0029849429	3016.468	0.0	-10.054932	1.3731248	-3.2782554e-10	196.05860090255737
65	-177.56561	102.82247	-36.218086	-387.99622	89.318184	-81.07801	0.07067233	-78.463135	-81.08152	264000	-0.008409665	3000.4604	0.0	-79.12158	1.3727407	-1.6093255e-09	199.03229975700378
66	-126.51211	63.08428	-37.77354	-261.98917	91.25714	-83.2542	0.50579506	-79.83159	-83.452065	268000	-0.004402588	2800.5654	0.0	-1104.1768	1.3742859	-1.9669533e-09	202.41214084625244
67	-131.84329	61.700447	-54.269623	-304.8953	92.5	-75.514534	3.1593046	-15.638952	-76.72893	272000	-0.0043314775	1129.5947	0.0	-51.825684	1.3734848	1.5795231e-09	205.38928270339966
68	-143.02321	70.613716	-14.748641	-373.39554	95.68293	-70.59274	5.6801515	8.705844	-71.96559	276000	0.00020265722	1736.8862	0.0	-144.6305	1.3738618	5.9604643e-10	208.38320803642273
69	-145.54652	77.10587	-54.860466	-394.4223	93.95238	-76.745316	1.4383914	-39.47638	-80.82567	280000	-0.005657572	1504.433	0.0	-69.677124	1.3724079	8.940697e-11	211.37164402008057
70	-141.32236	91.836296	15.045836	-439.31146	96.414635	-74.121346	3.4555552	-31.014301	-81.82837	284000	-0.0052775126	2654.8635	0.0	-39.276855	1.3735217	2.0861626e-10	214.36417698860168
71	-144.08954	104.23604	27.423965	-644.11	103.0	-73.96351	4.9101233	-30.454998	-82.35009	288000	0.0039730584	3208.926	0.0	-22.14331	1.3729719	2.682209e-10	217.365375995636
72	-152.78082	75.63883	-12.861423	-403.96582	94.14286	-74.58975	5.406734	13.636085	-82.57406	292000	-0.008076768	1785.577	0.0	-117.54028	1.37225	-1.4901161e-09	220.35426902770996
73	-170.6514	80.21309	-16.77831	-417.0525	97.51219	-75.282936	3.2147338	-70.46504	-83.66044	296000	-0.013294134	2370.3582	0.0	-83.60254	1.3724166	3.1292438e-10	223.3425989151001
74	-147.80501	71.90796	-59.550934	-360.45883	96.414635	-78.00597	3.324601	-65.95466	-86.04183	300000	-0.0023086043	1271.5431	0.0	-22.288696	1.3726453	8.3446505e-10	226.32692980766296
75	-152.7869	87.084816	-48.525425	-357.61752	97.268295	-78.7962	3.5665488	-48.064262	-86.86993	304000	-0.00794337	2134.8132	0.0	-15.374756	1.3723209	-2.399087e-09	229.30761694908142
76	-139.00766	72.46202	-10.5238495	-338.95868	96.097565	-79.84225	3.5539746	-73.307	-87.65461	308000	-0.007422668	1392.0977	0.0	-40.00415	1.371875	-1.7881394e-10	232.301127910614
77	-158.84442	93.98724	-32.34451	-399.92566	94.97619	-77.64497	6.1453514	32.61449	-87.211876	312000	-0.0061594504	2626.598	0.0	-209.28271	1.371309	-1.2218953e-09	235.30102491378784
78	-150.09886	88.575806	-17.012314	-503.5473	89.5814	-81.532234	4.440513	-44.813705	-88.741165	316000	-0.0075553446	2606.7349	0.0	-58.207275	1.3714424	7.8976153e-10	238.28758883476257
79	-130.9444	61.283478	2.3984404	-256.44125	95.60976	-81.85894	3.2353718	-79.96156	-90.3802	320000	-0.006483791	1442.3998	0.0	-48.951294	1.3726348	-1.192093e-10	241.29559683799744
80	-161.24902	87.5265	-61.18793	-377.88437	95.36585	-79.93222	2.950821	-78.700676	-89.25155	324000	-0.0036649401	1980.9137	0.0	-47.827393	1.3700831	-1.2218953e-09	244.30121779441833
81	-129.71579	62.65405	-12.7472725	-305.44748	94.809525	-80.958435	2.1518211	-79.93824	-90.65292	328000	-0.009557437	1577.6515	0.0	-43.344116	1.3723419	-1.1026859e-09	247.28165197372437
82	-147.45256	99.02434	44.31332	-386.41428	95.09524	-79.287186	2.76412	-68.40929	-89.14566	332000	-0.0028789553	2866.5193	0.0	-104.95581	1.3702976	-1.3560056e-09	250.276104927063
83	-136.67126	83.485756	0.9639683	-430.89374	91.674416	-80.70694	4.0438695	-78.20443	-89.32435	336000	-0.0064718868	1959.2086	0.0	-21.825928	1.3705931	4.3213366e-10	253.26325678825378
84	-142.50165	81.113174	-32.38506	-417.67755	96.51219	-80.28504	4.3655972	-77.429756	-89.0353	340000	-0.013766762	1570.793	0.0	-16.5542	1.3697231	-9.536744e-10	256.26620984077454
85	-148.075	79.07245	-21.869905	-350.07095	100.410255	-78.68073	3.7493408	-76.62507	-88.759964	344000	-0.003221861	1644.9354	0.0	-10.098511	1.3689787	-7.599592e-10	259.2707438468933
86	-147.45584	96.888374	68.2902	-472.11258	99.45	-77.5839	3.04635	-76.12916	-88.62225	348000	-0.008643232	2449.8105	0.0	-19.716797	1.3699485	3.874302e-10	262.2776389122009
87	-128.87564	50.104527	-52.70614	-258.30084	100.71795	-78.13132	3.5200255	-76.489525	-89.0425	352000	-0.015363046	964.95636	0.0	-78.351074	1.3696977	1.1622906e-09	265.2961518764496
88	-135.49013	91.8444	46.34283	-411.52954	125.0	-74.457924	1.6091971	-61.513573	-87.14825	356000	-0.0008116957	3671.0002	0.0	-893.3242	1.3715602	5.066395e-10	268.9056468009949
89	-135.60838	74.007835	-46.617035	-369.9737	96.04878	-74.387	4.0331798	-41.01276	-85.54169	360000	-0.00832796	1380.6852	0.0	-30.9823	1.3692408	-9.0897084e-10	271.9213798046112
90	-147.45789	84.28474	-8.47577	-363.12338	98.4	-75.38419	5.68332	-24.066357	-86.220955	364000	-0.0072601195	1908.6575	0.0	-97.0448	1.3683774	1.5944243e-09	274.9397358894348
91	-131.94908	78.70909	6.331427	-354.49542	95.65854	-76.89983	6.438982	-24.791277	-87.260216	368000	-0.0062555494	1459.1427	0.0	-50.46753	1.3679491	-4.4703483e-10	277.94258284568787
92	-132.84486	104.72634	71.728546	-456.98212	130.8	-62.16435	24.67411	5.486332	-86.59025	372000	-0.0089995675	2705.419	0.0	-197.95386	1.3703986	-1.1771918e-09	281.48276376724243
93	-123.32141	57.514896	-12.746132	-297.89688	98.725	-62.523724	14.341082	40.376575	-86.06886	376000	-0.008110181	1716.973	0.0	-368.76196	1.3689764	1.6391277e-10	284.48245310783386
94	-118.671104	73.76844	11.62533	-357.13806	97.14634	-63.237415	3.5210254	-27.094563	-86.38382	380000	-0.0057379846	1924.1598	0.0	-96.86597	1.369212	6.2584876e-10	287.49259972572327
95	-128.97406	71.855705	23.147604	-298.17834	98.325	-64.97296	4.1035213	-59.583897	-87.74719	384000	-0.0096473545	1597.5369	0.0	-29.083862	1.3695563	-1.8775463e-09	290.49957489967346
96	-126.01064	63.242275	0.8852957	-278.18912	99.925	-68.69209	7.038447	-34.456997	-89.10733	388000	-0.010029789	1375.4448	0.0	-67.828125	1.3659825	1.6987324e-09	293.49732208251953
97	-111.48808	48.870663	-36.875107	-263.17807	93.690475	-65.73886	2.8606317	-60.339417	-88.91064	392000	-0.012047781	955.14056	0.0	-7.208557	1.3693192	-2.682209e-10	296.4927968978882
98	-157.85583	78.55886	-52.18074	-328.14023	97.175	-66.85502	5.891221	-53.136326	-88.493355	396000	-0.010214931	2134.224	0.0	-324.23962	1.3656036	1.6391277e-10	299.5027458667755
99	-139.10736	82.08236	-3.8912344	-354.91504	98.725	-75.21678	8.86651	-49.673313	-92.23906	400000	-0.014239124	1780.7297	0.0	-79.15503	1.366109	-1.1771918e-09	302.51309967041016
100	-96.77048	51.83318	13.069202	-305.30173	130.0	-65.717155	12.78069	-29.324003	-93.59138	404000	-0.012455233	1819.9329	0.0	-460.93066	1.3709614	1.7881394e-10	306.04383182525635
101	-114.24176	54.901173	6.5456057	-257.85577	94.809525	-66.06298	4.402726	-11.746536	-90.28787	408000	-0.013777816	1069.3943	0.0	-22.63916	1.3646785	-5.960465e-11	309.0525619983673
102	-126.76479	49.54994	-10.587992	-270.79456	103.07895	-64.60019	2.4044816	-45.796234	-86.982735	412000	-0.008570629	843.2364	0.0	-23.968018	1.366787	-9.0897084e-10	312.06759572029114
103	-139.60367	68.38781	-53.167233	-409.48956	99.75	-66.38047	5.2440867	-54.74137	-89.65974	416000	-0.016506972	1388.8792	0.0	-54.289917	1.3637028	4.0233136e-10	315.07514691352844
104	-137.16985	82.573044	20.244345	-386.55756	98.925	-68.904945	5.871001	-13.851895	-91.80185	420000	-0.009034449	2492.9084	0.0	-42.189697	1.3632507	6.854534e-10	318.07527780532837
105	-118.260925	59.87648	-30.145498	-351.90952	98.225	-70.74183	4.5362725	-69.35554	-93.14284	424000	-0.014817869	1030.1815	0.0	-37.889038	1.3642883	1.1324882e-09	321.095027923584
106	-120.70654	58.333008	-41.57715	-294.97372	99.35	-69.110596	3.527462	-68.106544	-92.36597	428000	-0.020798046	1004.30664	0.0	-103.32013	1.3634958	4.4703484e-11	324.1070737838745
107	-131.97647	64.4332	-25.881653	-371.88757	102.28205	-68.71304	5.9599233	-40.168823	-91.2854	432000	-0.016419739	1215.9365	0.0	-92.21875	1.3615723	-4.61936e-10	327.1203088760376
108	-144.50603	80.67849	-25.489714	-321.30057	100.76923	-69.71011	6.399337	-65.87283	-92.38979	436000	-0.010722709	1918.1846	0.0	-77.88672	1.3617356	4.4703483e-10	330.1232388019562
109	-133.75641	78.31946	18.900602	-457.79642	110.388885	-73.45871	8.101689	-31.34585	-94.76394	440000	-0.0065651615	1962.1163	0.0	-83.69885	1.3630235	1.3113022e-09	333.14647793769836
110	-122.93934	61.199265	0.27078152	-315.72327	103.26316	-71.42852	6.0165997	-54.731125	-94.61435	444000	-0.009971058	1246.766	0.0	-91.49121	1.3605249	-4.917383e-10	336.19090580940247
111	-122.37176	73.72933	52.32944	-332.28784	135.89655	-62.022003	16.226902	-13.8801365	-93.35373	448000	-0.0060015856	1778.8655	0.0	-317.56067	1.3652312	-2.4884939e-09	340.13600993156433
112	-128.09143	62.289623	-20.020212	-328.04675	96.02439	-66.59211	5.6837773	-3.7890098	-92.12513	452000	-0.013444034	1140.8073	0.0	-101.573364	1.3572979	5.811453e-10	343.1359188556671
113	-130.69229	92.09202	-1.617562	-509.8635	98.45	-68.7647	6.7911396	-14.470196	-92.71859	456000	-0.01281538	2460.9993	0.0	-46.234863	1.3579308	-5.5134297e-10	346.17522287368774
114	-141.85562	91.787636	-26.344603	-434.119	101.4359	-71.93677	8.411375	-29.880388	-94.02642	460000	-0.012671521	1875.9292	0.0	-140.09937	1.35467	-7.4505807e-10	349.2034499645233
115	-122.42573	66.63214	19.926003	-273.3946	100.23077	-73.347374	8.919731	-20.902555	-95.76159	464000	-0.017466934	1343.1217	0.0	-60.863037	1.3568588	-5.5134297e-10	352.25117087364197
116	-134.39015	73.524475	28.617804	-270.1866	103.81579	-69.84572	7.7751846	-57.12844	-93.93965	468000	-0.013424755	1688.5115	0.0	-21.592041	1.3569709	4.0233136e-10	355.33000779151917
117	-123.78445	63.947006	24.009874	-340.60428	132.86667	-58.673275	18.419233	-3.9956648	-94.2455	472000	-0.010661461	1522.9501	0.0	-75.06958	1.362113	7.4505807e-10	359.19358587265015
118	-125.36209	71.177414	-38.839134	-367.1265	111.0	-67.687225	6.1681046	-20.972979	-93.45054	476000	-0.012505293	1218.6808	0.0	-92.09912	1.3541055	-4.4703484e-11	362.2393181324005
119	-124.819374	79.297356	44.96022	-366.5397	102.48718	-67.90525	8.713283	-50.340736	-92.72003	480000	-0.007842989	1643.8507	0.0	-23.346924	1.3534207	9.387732e-10	365.2803966999054
120	-147.27612	84.60629	34.687893	-335.16315	103.210526	-67.091156	7.6992583	-21.1812	-93.40537	484000	-0.015597021	2246.1704	0.0	-96.184814	1.352253	-1.5199184e-09	368.33394289016724
121	-154.12004	81.44753	-11.023529	-385.18805	109.69444	-71.76402	8.770707	-51.848988	-96.50957	488000	-0.0071461666	1728.5748	0.0	-130.89648	1.3512707	9.536744e-10	371.38443088531494
122	-92.81694	59.114277	62.860363	-291.6943	96.95122	-77.65081	10.572701	-64.99111	-99.21722	492000	-0.0104015805	2178.1165	0.0	-576.443	1.3517557	-3.1292438e-10	374.4033570289612
123	-104.003296	65.361305	-35.136726	-363.1208	101.84615	-66.04222	4.0014415	-26.531712	-94.566696	496000	-0.006771032	1420.6466	0.0	-108.31091	1.3524803	-9.685754e-10	377.4422118663788
124	-116.07412	60.675003	-8.49031	-281.69122	104.289474	-63.767002	6.3649693	-39.84091	-92.107025	500000	-0.0126517145	1295.5817	0.0	-18.37378	1.3532298	-1.9818545e-09	380.4804039001465
125	-122.428444	73.21877	-15.29172	-299.57974	107.08108	-63.73735	6.718163	-46.809544	-92.160736	504000	-0.008382382	1438.5302	0.0	-14.417725	1.3526815	-1.2218953e-09	383.53708481788635
126	-101.8704	64.9598	13.115062	-251.93831	98.825	-65.84708	9.285179	-41.097366	-92.68253	508000	-0.013212911	1667.0819	0.0	-159.82397	1.3494093	1.2069941e-09	386.56536388397217
127	-125.8487	62.962315	-30.375637	-292.31107	110.166664	-61.626232	6.0433726	-1.1189668	-91.6934	512000	-0.017923135	1309.049	0.0	-30.843018	1.3505582	1.0281801e-09	389.66030073165894
128	-136.42604	106.61086	-4.199895	-542.2513	107.810814	-63.62401	6.745636	-47.754547	-92.51558	516000	-0.002566724	3663.8325	0.0	-418.25195	1.3477103	2.6822091e-09	392.7375349998474
129	-113.37956	63.889866	-27.701178	-273.2706	103.26316	-72.63275	12.912442	-24.591274	-95.15856	520000	-0.019987537	1399.5001	0.0	-205.61328	1.3434144	1.8328429e-09	395.75969099998474
130	-145.99487	95.16535	-43.799774	-415.76843	102.051285	-65.29933	8.913417	-61.97642	-93.73933	524000	-0.011961351	2553.6218	0.0	-152.93286	1.3444564	-1.6391277e-09	398.8059198856354
131	-130.81633	85.39187	-8.325004	-367.1564	109.916664	-70.73451	10.4443445	-48.116898	-97.078026	528000	-0.00683952	2119.809	0.0	-89.20911	1.3475636	-4.917383e-10	401.87307500839233
132	-116.12784	60.750828	-37.041824	-305.73538	108.55556	-68.67673	6.8938727	-30.99089	-97.602264	532000	-0.013571526	1563.5157	0.0	-64.67102	1.3453083	-1.5348196e-09	404.9454998970032
133	-126.3725	74.07657	-17.554607	-346.0546	104.1579	-66.030045	5.9209332	-64.35084	-96.27886	536000	-0.019004755	1585.6327	0.0	-34.96057	1.3465747	7.4505804e-11	407.9989650249481
134	-130.76149	80.91618	21.479933	-325.4132	106.48649	-66.86346	6.509753	-64.67683	-96.92892	540000	-0.004772263	1697.7345	0.0	-14.2126465	1.3444353	-5.5134297e-10	411.0322320461273
135	-137.09904	85.0697	-4.173369	-444.00314	115.14706	-68.551346	7.266837	-66.13518	-97.83536	544000	-0.010505965	1873.9657	0.0	-54.12195	1.3415035	-3.1292438e-10	414.1130020618439
136	-127.34981	67.861404	-26.774376	-398.73145	99.65	-69.77466	8.421551	-66.16169	-98.17712	548000	-0.028311456	1239.492	0.0	-40.071045	1.3419378	6.109476e-10	417.1444580554962
137	-134.22324	90.724815	-19.269875	-373.23404	107.324326	-71.59333	9.891311	-66.35223	-98.62555	552000	-0.0046508727	1918.4952	0.0	-35.303467	1.3393902	1.3709068e-09	420.25535798072815
138	-117.67124	74.58074	-12.2538395	-452.73193	106.37838	-70.2022	8.003268	-67.00127	-99.43864	556000	-0.019939693	1726.7246	0.0	-84.94641	1.3436733	7.8976153e-10	423.30040669441223
139	-96.89345	44.293827	-21.352901	-238.11667	102.947365	-66.22822	4.002067	-64.39426	-98.01894	560000	-0.022173446	819.7449	0.0	-95.651184	1.3415259	9.23872e-10	426.35517597198486
140	-104.94745	70.41916	19.877121	-352.7601	102.57895	-62.073833	4.423209	-56.40949	-94.80705	564000	-0.010052796	1670.2328	0.0	-13.506592	1.3377402	-7.0035455e-10	429.4224488735199
141	-142.8504	86.09257	-25.321686	-367.69183	109.138885	-61.30764	5.74638	-57.141693	-93.950226	568000	-0.01321533	2172.753	0.0	-195.65173	1.3384938	3.0249356e-09	432.4731698036194
142	-114.10538	69.04005	-27.665546	-296.1266	110.138885	-66.864944	6.3593884	-63.129566	-97.62313	572000	-0.02027167	1427.2383	0.0	-45.30481	1.3410977	9.23872e-10	435.53460788726807
143	-120.953186	60.403446	-28.832468	-268.93338	104.5	-66.94591	9.664893	-63.02364	-96.430466	576000	-0.01890161	886.9359	0.0	-34.761414	1.3345038	2.5331975e-10	438.5625207424164
144	-117.59645	77.50056	14.901886	-302.94183	142.46428	-69.085266	12.975593	-35.80888	-95.67994	580000	-0.00923753	2812.0688	0.0	-886.2449	1.3459629	-1.7732382e-09	442.3847041130066
145	-109.699745	66.01445	9.81569	-245.89133	112.25714	-63.93575	9.156842	-7.4540644	-94.2102	584000	-0.018376507	1644.9275	0.0	-126.32605	1.3333113	9.0897084e-10	445.47208285331726
146	-124.456406	77.08029	23.910366	-339.3913	108.47222	-61.818512	7.6738167	-29.176031	-92.90167	588000	-0.0036533345	1747.1698	0.0	-146.43518	1.3321239	-5.811453e-10	448.5282597541809
147	-103.33164	52.91766	11.422516	-222.0673	109.94444	-67.90886	10.276356	-29.858288	-94.48165	592000	-0.014609099	1122.72	0.0	-136.89008	1.3277878	-4.1723253e-10	451.6126048564911
148	-130.51866	84.098145	-2.5454118	-373.57315	110.48572	-62.433277	10.63364	-35.97203	-92.23743	596000	-0.019516898	1947.2955	0.0	-95.56543	1.3289547	-1.6242265e-09	454.6783618927002
149	-116.87786	76.61113	6.0285897	-327.25607	108.72222	-63.148773	10.563235	-5.882557	-93.70352	600000	-0.023257019	1368.699	0.0	-36.12146	1.3342198	-7.599592e-10	457.77633476257324
150	-124.28191	70.63155	-10.845298	-280.6064	149.61539	-60.978508	17.95675	-6.3217115	-94.37214	604000	-0.023051575	1797.8478	0.0	-303.89746	1.3364415	1.937151e-10	461.4565088748932
151	-131.9082	91.05791	-2.3286011	-456.21896	108.05556	-61.310543	7.7523513	-14.974904	-93.47407	608000	-0.012058669	2326.583	0.0	-196.55664	1.3230034	1.7881394e-10	464.53289771080017
152	-108.19448	47.77498	-15.023445	-212.7467	117.454544	-66.229294	9.270741	-29.172983	-95.75043	612000	-0.023491591	780.1406	0.0	-82.980774	1.3288081	8.046627e-10	467.60892391204834
153	-101.17626	71.9147	29.964838	-306.30273	109.75	-64.13609	9.675474	-32.557537	-93.7173	616000	-0.020766314	1466.519	0.0	-75.32556	1.3241116	1.3411046e-09	470.67803978919983
154	-98.01404	48.824944	8.005128	-224.76321	110.27778	-59.479713	9.733104	-4.800403	-91.44943	620000	-0.025675694	885.4283	0.0	-105.94293	1.3263047	-2.0861626e-10	473.7680058479309
155	-98.89438	67.68093	15.362759	-248.0239	147.88889	-48.603695	18.706478	-1.5841024	-88.84689	624000	-0.0118056815	2097.8528	0.0	-242.02148	1.3342075	7.4505807e-10	477.54423785209656
156	-130.57658	106.58212	32.414654	-451.20108	154.76	-48.57158	17.072512	-3.3274126	-88.14299	628000	-0.014379806	2576.8113	0.0	-257.51514	1.3305078	-5.960465e-11	481.42205786705017
157	-130.35312	75.81049	-38.19854	-388.60492	121.65625	-58.84674	11.305475	-10.767857	-89.29246	632000	-0.018765328	1681.967	0.0	-159.51282	1.3257247	4.3213366e-10	484.5181419849396
158	-120.18617	82.57467	-0.24726526	-340.07138	121.59375	-61.46474	12.272233	-52.028576	-91.242294	636000	-0.012718224	1673.4486	0.0	-59.13623	1.3153557	5.066395e-10	487.62678503990173
159	-122.7333	63.625923	-16.40818	-305.08054	111.685715	-59.544437	10.033305	-21.320599	-90.9163	640000	-0.022762742	1079.6173	0.0	-40.075928	1.3210347	-1.4007091e-09	490.6871659755707
160	-147.55685	94.08264	-22.613161	-454.71786	114.67647	-63.644375	11.148731	-29.161554	-91.97962	644000	0.005460548	2101.771	0.0	-345.1488	1.3118598	4.3213366e-10	493.78912901878357
161	-141.81995	94.66761	-20.520535	-390.03	121.3125	-71.89797	12.383843	-54.65925	-94.63697	648000	-0.018807877	1957.1006	0.0	-476.05786	1.3166499	1.2367963e-09	496.9075229167938
162	-105.44873	90.243355	59.091423	-378.82855	136.58621	-62.677387	18.271158	-5.9143543	-95.46258	652000	-0.013445913	2261.1536	0.0	-586.8738	1.3238528	6.109476e-10	500.9970018863678
163	-141.78772	81.17737	-24.405542	-273.81024	147.66667	-57.969852	21.797672	5.687109	-92.71899	656000	-0.016460767	1816.4473	0.0	-175.11914	1.3229679	8.9406965e-10	504.3177819252014
164	-138.6572	89.45401	-13.952361	-391.92374	122.75	-63.70192	12.066594	-39.466827	-93.92613	660000	-0.01354733	1756.3352	0.0	-102.12976	1.3083552	-8.940697e-11	507.42651081085205
165	-131.90446	84.54651	-14.88201	-342.33008	128.09677	-64.78819	12.697092	-8.441588	-95.072945	664000	-0.017427256	1889.9995	0.0	-87.9115	1.3131679	-1.937151e-10	510.5490880012512
166	-111.432434	63.356915	-3.7157032	-254.15671	119.78788	-65.762245	12.462094	-36.10394	-95.43222	668000	-0.015955351	1107.6173	0.0	-170.95496	1.3123188	-2.2500752e-09	513.6633379459381
167	-136.11432	86.68472	-12.566203	-265.08212	159.6	-55.29112	24.82711	1.9076369	-93.55133	672000	-0.02220049	1760.234	0.0	-201.88867	1.3197377	4.3213366e-10	517.6096858978271
168	-103.592766	85.09273	67.15714	-288.2882	159.96	-49.937733	22.351831	3.3711286	-93.269775	676000	-0.020189377	1850.7042	0.0	-227.44226	1.3170128	-4.61936e-10	521.4652769565582
169	-139.20815	88.35298	-17.225786	-351.62067	120.0	-57.737484	13.195093	-4.2041345	-91.46972	680000	-0.004404352	1972.2272	0.0	-341.07068	1.298965	5.066395e-10	524.5686028003693
170	-139.51703	81.53484	-42.66204	-421.19336	122.25	-69.63709	14.00594	-43.11508	-95.05173	684000	-0.013987728	1118.9174	0.0	-51.16858	1.3089751	-3.1143428e-09	527.6898267269135
171	-112.47936	65.59581	1.6766568	-287.80402	112.42857	-64.68866	14.007275	-46.217785	-96.451004	688000	-0.025490765	1021.7837	0.0	-64.63623	1.3020626	9.685754e-10	530.7852807044983
172	-95.20661	62.830288	8.924307	-223.12706	113.34286	-62.998684	14.650386	-48.473095	-96.08066	692000	-0.033968292	983.53894	0.0	-104.24524	1.3044385	-1.3560056e-09	533.8653259277344
173	-120.63901	77.01033	-13.12138	-319.41663	126.16129	-57.403656	13.315672	-45.8165	-93.34198	696000	-0.015886365	1274.5431	0.0	-208.92957	1.3068035	1.385808e-09	536.9789190292358
174	-93.01541	66.71964	26.926897	-228.80385	171.55556	-45.668934	24.74237	5.399879	-93.72193	700000	-0.016114226	2221.7122	0.0	-689.05615	1.3289727	1.192093e-10	541.6111218929291
175	-97.647865	66.32857	17.449121	-266.8231	108.97222	-44.636955	8.7283945	-10.231918	-90.199455	704000	-0.008867573	1381.4395	0.0	-376.9574	1.2937746	5.960465e-11	544.7188019752502
176	-112.87942	89.756935	-12.132577	-433.52966	117.55882	-59.119408	16.31806	-28.57489	-91.717354	708000	-0.012054294	1695.5321	0.0	-262.5453	1.291677	1.296401e-09	547.8365609645844
177	-115.29732	66.59982	-14.072906	-249.58124	159.28	-50.010265	23.871206	7.4669056	-91.50081	712000	-0.025410946	1206.8368	0.0	-225.11029	1.3135474	2.682209e-10	551.7272868156433
178	-123.24952	66.67167	-18.423172	-341.3269	119.06061	-59.222157	17.219524	-37.09066	-91.08718	716000	-0.02075556	946.4306	0.0	-104.22125	1.2943434	6.854534e-10	554.8202998638153
179	-102.07687	84.87668	18.812094	-365.3189	118.30769	-49.071186	24.986744	8.40477	-90.84054	720000	-0.0078090867	1859.1805	0.0	-130.9878	1.3067316	9.23872e-10	558.6781039237976
180	-107.31012	71.68587	-3.7276447	-268.38574	116.97059	-57.07888	18.172007	-14.0340185	-89.81216	724000	-0.025876464	852.4923	0.0	-50.078796	1.2953414	-1.2516975e-09	561.7977910041809
181	-92.62961	56.278305	-22.562449	-204.83272	131.26666	-53.106346	16.674322	-38.889725	-90.27421	728000	-0.022226876	879.19714	0.0	-101.38501	1.2998949	1.952052e-09	565.0063438415527
182	-119.09267	94.91605	37.945107	-348.02237	158.28	-41.945824	24.044182	10.173792	-88.57537	732000	-0.004658865	1909.8085	0.0	-282.66614	1.3068484	-8.791685e-10	568.8884880542755
183	-107.179375	74.87134	10.894857	-357.42105	132.53334	-56.01899	17.954098	-2.0082479	-90.115395	736000	-0.01418485	1308.4554	0.0	-298.6433	1.297289	-1.937151e-10	572.0464646816254
184	-107.872604	60.567806	-29.920324	-262.9458	120.09091	-58.916084	18.452715	-4.6655493	-90.069244	740000	-0.01166341	1461.0067	0.0	-142.77063	1.2843208	-1.952052e-09	575.1852097511292
185	-99.87584	65.2093	16.03812	-250.92279	127.51613	-52.24044	15.317555	-30.355703	-88.850365	744000	-0.03192676	998.9716	0.0	-99.8833	1.2935207	1.9669533e-09	578.3615448474884
186	-66.495636	48.27746	48.632618	-186.1929	119.15151	-48.907276	17.151867	-35.131817	-88.89291	748000	-0.026432436	1060.4012	0.0	-308.40082	1.2867961	1.9669533e-09	581.4698929786682
187	-98.732574	67.63368	10.739545	-263.06317	123.37037	-42.601875	15.879476	-2.4025383	-86.86645	752000	-0.029647907	1604.8553	0.0	-283.24866	1.3039194	9.834766e-10	584.955983877182
188	-114.46623	69.751076	-5.5195956	-251.63475	136.10345	-46.363384	15.239402	-28.82476	-86.5668	756000	-0.03235994	991.30304	0.0	-184.2351	1.2939274	-8.9406965e-10	588.0864861011505
189	-114.98783	65.006805	-3.174129	-305.8124	131.36667	-51.238903	16.533096	-30.153276	-87.71756	760000	-0.023463372	1124.353	0.0	-126.29138	1.2856009	1.6391277e-10	591.2420089244843
190	-98.557205	68.55446	16.79885	-276.154	150.8077	-50.72911	16.855103	2.351152	-89.05438	764000	-0.011180776	1440.719	0.0	-308.0221	1.3015062	5.2154064e-10	594.9916250705719
191	-94.86494	62.073322	25.816454	-269.53375	152.5	-39.247814	18.608318	6.5666337	-89.07235	768000	-0.022876125	1246.4178	0.0	-227.36096	1.3019878	-3.427267e-10	598.7085299491882
192	-96.02614	52.474285	-13.856696	-309.736	113.74286	-46.57034	17.144712	-29.52564	-88.88815	772000	-0.04017605	538.25214	0.0	-57.53134	1.2837688	-7.748604e-10	601.8143928050995
193	-118.333626	67.41333	-22.769728	-288.19452	131.63333	-51.638737	17.962057	-31.078684	-89.56139	776000	-0.036829524	852.84125	0.0	-94.43689	1.2785298	1.9669533e-09	604.9754559993744
194	-97.16294	59.62546	-10.4022255	-273.54282	124.84375	-52.513943	17.633846	-31.69123	-91.053635	780000	-0.01397484	818.4571	0.0	-87.776245	1.2864058	1.847744e-09	608.107745885849
195	-98.069336	72.89868	21.424776	-349.0205	131.3	-53.373158	18.375246	-30.306095	-90.519585	784000	-0.0046506985	1578.7136	0.0	-192.70471	1.2911136	6.109476e-10	611.2608330249786
196	-107.13851	63.474197	0.9175993	-296.656	119.606064	-50.40038	17.786123	-30.420198	-90.798775	788000	-0.028419664	813.4436	0.0	-107.47766	1.2786075	-9.834766e-10	614.3760008811951
197	-78.80116	43.968937	9.79609	-194.35765	126.16129	-56.458744	18.292803	-20.33359	-90.93954	792000	-0.02825034	1076.8656	0.0	-404.91724	1.2768939	1.0728836e-09	617.5040199756622
198	-119.639175	73.78013	-12.546626	-306.04138	136.86208	-41.574287	16.348854	1.7145462	-89.520485	796000	-0.016900824	1235.0516	0.0	-297.78027	1.2902098	-3.695488e-09	620.6598427295685
199	-113.519585	88.99259	13.905454	-392.10245	139.03703	-52.034985	18.60201	-9.163575	-92.033806	800000	-0.008886858	2213.9458	0.0	-181.78674	1.2861905	-2.6822091e-09	623.8671808242798
200	-107.62761	93.25692	-5.4197264	-324.41397	124.125	-54.814213	20.603912	-16.665733	-93.47032	804000	-0.0139887715	2110.939	0.0	-196.26416	1.2680881	1.3262034e-09	627.0081388950348
201	-86.21924	63.061764	-23.178244	-292.94543	131.93333	-51.32	16.887384	-31.023146	-93.771355	808000	-0.039866563	1092.4075	0.0	-365.81042	1.2802436	2.0861626e-09	630.1993458271027
202	-103.49467	73.01721	28.409756	-308.92807	132.66667	-51.151627	19.51623	-3.8173757	-92.399796	812000	-0.03615162	1302.5968	0.0	-245.84802	1.279681	-6.854534e-10	633.4007039070129
203	-104.229546	72.88556	5.9113207	-295.31482	141.5	-53.340324	18.733246	-27.17391	-91.481224	816000	-0.017561836	1334.5583	0.0	-250.87488	1.2690263	-9.23872e-10	636.5882549285889
204	-108.27631	75.70356	3.7793705	-322.57208	129.66667	-48.952435	18.88865	-26.809313	-92.00071	820000	-0.0020989864	1301.8594	0.0	-192.50867	1.2786024	4.4703484e-11	639.8328249454498
205	-111.209335	81.93972	6.443477	-343.58865	136.7931	-55.092316	19.74929	-27.963734	-93.68423	824000	-0.0320896	1313.6171	0.0	-148.71204	1.2705073	1.0579825e-09	643.0259897708893
206	-109.030396	74.74327	-12.499166	-295.93484	131.33333	-51.385075	21.171644	-24.763441	-95.094536	828000	-0.021339051	962.8251	0.0	-119.9577	1.2680677	-8.3446505e-10	646.1985077857971
207	-98.72619	62.95822	-4.059778	-282.40894	127.451614	-56.18143	21.347227	-26.021013	-97.23452	832000	-0.011290545	1122.8531	0.0	-289.55573	1.265141	7.4505804e-11	649.345948934555
208	-104.77282	59.88803	-19.69323	-280.21365	138.60715	-45.73958	17.104614	-25.868994	-97.59293	836000	-0.030492876	904.1202	0.0	-216.70953	1.2748717	2.026558e-09	652.5395019054413
209	-98.828674	60.92885	11.7951765	-256.8999	127.80645	-55.798115	22.608845	-27.219614	-99.52898	840000	-0.041627966	1006.5124	0.0	-149.93219	1.2699881	-5.9604643e-10	655.6843938827515
210	-111.89587	70.013306	-6.599638	-273.52637	144.37038	-53.530968	18.837605	-16.396425	-99.21257	844000	-0.019742295	1320.9779	0.0	-91.67236	1.2749807	7.8976153e-10	658.9131498336792
211	-116.33251	64.587296	-9.771885	-278.3164	132.65517	-50.308304	18.217966	-26.578777	-98.63605	848000	-0.033495117	793.0887	0.0	-74.74359	1.273317	-1.3262034e-09	662.103709936142
212	-76.827225	66.240776	26.374052	-286.67172	138.67857	-48.20036	18.858517	-26.361261	-99.054596	852000	-0.029737169	1121.1324	0.0	-173.38818	1.2613847	-2.9802324e-11	665.3000710010529
213	-105.14109	84.8188	61.077328	-292.2849	180.72728	-45.418427	19.86669	-16.47382	-96.04844	856000	-0.0001296637	1793.4537	0.0	-387.35706	1.2831144	-1.6093255e-09	669.2948098182678
214	-125.009735	104.944626	45.012356	-362.85168	149.61539	-48.231014	21.518864	-1.8257859	-96.68599	860000	-0.01940839	2597.587	0.0	-551.86475	1.2539772	-2.384186e-10	672.5213027000427
215	-97.171776	68.3351	4.5752378	-283.35062	131.9	-50.486874	21.25667	-15.969007	-100.74048	864000	-0.029868692	893.1314	0.0	-107.34613	1.2583458	3.1292438e-10	675.7090308666229
216	-101.94952	78.41348	5.522057	-275.52502	132.0	-47.330353	20.9457	-21.01733	-101.56776	868000	-0.021260347	1170.115	0.0	-95.08911	1.2671071	-7.0035455e-10	678.862664937973
217	-106.886185	86.841064	16.701942	-439.35394	139.53572	-52.036045	25.486074	-21.422096	-103.444565	872000	-0.024105066	1922.7722	0.0	-218.40747	1.2629558	1.5199184e-09	682.036416053772
218	-77.77919	71.35017	13.638053	-284.26578	137.48276	-50.238228	23.618319	-10.823696	-104.181816	876000	-0.050483048	1421.0198	0.0	-354.67078	1.2650925	1.6093255e-09	685.2152037620544
219	-106.26159	70.84753	10.871224	-287.81195	140.57143	-39.586586	23.295935	-19.354807	-100.35053	880000	-0.03291872	974.5202	0.0	-184.1106	1.2511187	-2.2351741e-10	688.4227819442749
220	-85.05452	81.56774	19.091188	-286.78235	191.35	-46.4621	23.412289	9.376153	-104.41764	884000	-0.035532102	1695.0315	0.0	-634.9645	1.2810005	-6.2584876e-10	692.5673778057098
221	-70.16901	65.188934	32.7679	-228.86053	147.14815	-34.688713	20.882706	-14.436867	-102.897095	888000	-0.020803161	945.88684	0.0	-274.46655	1.2575502	3.874302e-10	695.8269109725952
222	-88.160805	68.93917	1.7722418	-238.15828	141.0	-38.903458	21.186275	-18.930126	-103.74506	892000	-0.033595733	1205.4457	0.0	-295.9298	1.248975	4.4703483e-10	699.0314269065857
223	-121.16442	75.1106	-0.9973748	-272.39624	145.77777	-43.37297	20.829231	-19.27308	-104.10054	896000	-0.020481857	1281.9878	0.0	-240.41638	1.241365	1.4901162e-11	702.2378399372101
224	-100.416145	77.13898	3.6689646	-308.48425	135.34483	-56.035538	20.482912	-22.37554	-106.29935	900000	-0.02775467	1284.718	0.0	-183.86475	1.2479783	8.642673e-10	705.4586548805237
225	-91.463936	48.68992	25.376045	-203.39265	146.59259	-48.041767	22.336557	-21.621853	-106.894646	904000	-0.02076509	588.18134	0.0	-89.5639	1.2575626	6.2584876e-10	708.6976189613342
226	-105.52102	63.293556	31.81458	-234.45558	181.22728	-46.352306	23.079935	-0.5275905	-106.63257	908000	-0.01712466	1268.3943	0.0	-459.43243	1.2640063	4.768372e-10	712.7254748344421
227	-92.62113	72.375595	16.25051	-291.08093	151.92308	-40.577236	17.700632	-9.826783	-105.77407	912000	-0.03420677	1660.4182	0.0	-750.31854	1.2393894	-2.1308662e-09	716.1107258796692
228	-122.02909	101.38139	-5.6231785	-348.60028	146.07408	-45.05919	23.486292	-18.997478	-106.84538	916000	-0.018511789	1648.2953	0.0	-450.50476	1.2308799	-2.4437905e-09	719.3877229690552
229	-86.09008	61.68517	1.4814085	-256.8739	152.65384	-52.16286	24.794611	-20.912445	-110.57318	920000	-0.021379147	1017.10364	0.0	-387.1256	1.2440461	2.3841857e-09	722.5892779827118
230	-76.34113	57.96079	17.397203	-227.84315	132.56667	-40.07074	23.92944	-18.648827	-109.56557	924000	-0.023112556	526.6637	0.0	-125.092224	1.2257333	-3.427267e-10	725.8043510913849
231	-77.84646	60.876637	-5.1424446	-254.43169	172.65218	-52.35883	26.070995	-18.327612	-109.13174	928000	-0.021633236	1591.3684	0.0	-839.23596	1.2466906	-2.9802324e-11	729.5380969047546
232	-76.47513	61.824875	31.183233	-252.39406	156.32	-36.51434	21.279577	0.8722389	-106.71972	932000	-0.049057424	1207.7672	0.0	-423.74884	1.2502738	-2.8312206e-09	732.9029610157013
233	-102.559364	73.18564	-12.683297	-250.38509	165.25	-36.921066	22.670061	-0.10130811	-105.73058	936000	-0.026364215	1807.6742	0.0	-359.33643	1.2395729	1.6689301e-09	736.3007678985596
234	-133.3828	75.090935	24.332924	-299.78323	193.65	-51.504078	23.614532	-15.863933	-107.90429	940000	-0.016317053	2069.882	0.0	-696.1876	1.2601055	-4.4703484e-11	740.3460459709167
235	-74.62268	73.07425	10.042622	-272.47925	161.29167	-53.46743	21.148258	-11.375757	-107.619415	944000	-0.017674338	1594.9473	0.0	-630.0446	1.2427431	1.0430813e-10	743.6220560073853
236	-91.170364	64.73431	2.0506077	-256.1361	161.56522	-34.212463	25.782066	-12.377184	-106.44711	948000	-0.037773427	607.78674	0.0	-81.44348	1.2528429	-3.5762787e-10	746.94273686409
237	-73.39805	52.978622	21.24822	-218.7382	206.52632	-37.43218	21.742283	-11.235139	-105.96804	952000	-0.027304217	875.60223	0.0	-114.37677	1.2688595	-9.983778e-10	751.1045451164246
238	-93.108376	75.8359	35.75235	-229.91574	189.33333	-32.950493	24.541424	-6.692112	-105.06344	956000	0.004686745	1257.9808	0.0	-230.44763	1.2454196	-9.685754e-10	755.3437979221344
239	-96.76443	81.0886	22.058342	-250.51666	164.91667	-40.71002	28.80192	-11.506653	-106.11348	960000	-0.048100926	1155.845	0.0	-230.74164	1.2442968	9.23872e-10	758.7584788799286
240	-78.709114	70.62632	11.0321045	-322.834	166.66667	-37.000076	19.725916	-11.846655	-106.76146	964000	-0.015524482	1676.6713	0.0	-220.83789	1.2351373	7.599592e-10	762.0597147941589
241	-61.178753	66.157974	20.95858	-223.4673	145.28572	-36.61339	20.594412	-11.928795	-108.22038	968000	-0.02654284	1135.0773	0.0	-329.74188	1.2396284	1.7881394e-10	765.9372007846832
242	-64.01936	68.54578	12.724822	-323.09628	139.32	-26.61032	18.170267	23.962317	-102.22076	972000	-0.057068452	1162.5463	0.0	-255.55542	1.2330462	7.1525574e-10	769.4539108276367
243	-82.260376	71.35272	16.744446	-252.1041	147.6923	-33.64632	21.298758	-10.841544	-107.05277	976000	-0.01259425	1049.32	0.0	-216.28314	1.2254583	-5.662441e-10	772.6949398517609
244	-84.59027	64.789215	35.342297	-230.646	140.57143	-37.65224	24.893818	-9.731819	-106.783646	980000	-0.05396836	833.2911	0.0	-183.50342	1.2265879	1.2069941e-09	775.8892979621887
245	-77.31303	75.2541	0.35644692	-365.44382	147.0	-43.3787	20.551025	-10.290491	-106.99706	984000	-0.042684417	1098.5939	0.0	-200.21088	1.2199651	-1.1324882e-09	779.1300768852234
246	-112.964966	93.33101	8.069804	-323.46765	212.22223	-33.149586	26.021612	53.67998	-107.44959	988000	-0.0025710291	1493.3774	0.0	-486.8999	1.2538974	-7.599592e-10	783.4525709152222
247	-74.58884	76.09595	39.954704	-295.6618	145.0	-47.063515	27.184408	-10.693247	-108.5954	992000	-0.03423091	1259.829	0.0	-366.56982	1.2220902	1.9818545e-09	786.7304127216339
248	-63.154766	44.67931	-8.953991	-181.99776	207.73685	-40.569782	25.277933	-11.437077	-109.723	996000	-0.030648071	1328.077	0.0	-659.2567	1.2393202	5.066395e-10	791.122377872467
249	-74.86966	76.83064	12.014524	-330.49844	153.07692	-29.521746	22.080034	-9.902706	-105.53066	1000000	-0.015180967	1389.3057	0.0	-275.59387	1.2167795	-1.3411046e-09	794.3790829181671
250	-75.82264	56.21725	15.216061	-179.40785	155.88	-34.64876	26.080832	-11.929348	-110.6284	1004000	-0.035831418	685.0975	0.0	-144.98804	1.2270799	5.960465e-11	797.6519827842712
251	-76.97862	66.793434	11.899729	-235.04042	199.1	-31.342308	23.822218	10.281112	-110.75127	1008000	-0.04036477	1078.3698	0.0	-438.81787	1.2523667	-9.983778e-10	801.8900349140167
252	-84.46409	85.47713	25.517828	-319.05954	165.75	-29.73426	27.156227	-8.880909	-110.312706	1012000	-0.031092798	1296.3594	0.0	-306.57788	1.2265273	-7.8976153e-10	805.1809799671173
253	-65.144684	55.3613	11.443112	-220.08331	214.88889	-30.38811	25.80007	19.841213	-111.249405	1016000	-0.039981917	615.8461	0.0	-147.2828	1.2480992	-1.7136336e-09	809.2364728450775
254	-55.43829	62.223587	75.87993	-229.42665	153.0	-32.99617	26.848011	43.36423	-110.691734	1020000	-0.028446494	1433.9987	0.0	-388.6178	1.2144802	3.5464764e-09	812.4851658344269
255	-72.82072	67.493065	12.736881	-262.37308	143.2381	-24.614595	20.750422	1.4600489	-106.07686	1024000	-0.015976302	1021.4613	0.0	-238.56866	1.2328372	1.6391277e-10	816.3913559913635
256	-64.546875	52.87198	54.36704	-164.18376	172.91304	-34.07413	24.828726	19.422266	-110.85986	1028000	-0.053046092	943.5991	0.0	-217.75519	1.2239842	-7.1525574e-10	819.7423179149628
257	-55.45325	71.934906	28.913641	-250.64403	161.45833	-26.949587	21.559929	-5.54152	-109.257164	1032000	-0.050721444	1208.8158	0.0	-299.33728	1.2184639	-2.5331975e-10	823.0219938755035
258	-60.507305	58.94097	27.249426	-198.0226	195.7	-24.8923	20.168573	1.1902108	-109.47371	1036000	-0.0393893	918.9331	0.0	-160.26599	1.2349105	-2.9802324e-11	827.3843929767609
259	-74.56958	69.95873	22.881083	-242.31474	173.43478	-28.24938	23.715494	-1.5636101	-107.345535	1040000	-0.04137908	1146.1356	0.0	-272.25598	1.2153552	5.811453e-10	830.8480589389801
260	-59.757862	82.30858	27.394802	-283.12103	285.57144	-34.851616	24.754124	-1.5364916	-109.89216	1044000	-0.02951783	1708.6637	0.0	-587.8887	1.2608864	4.3213366e-10	836.4778628349304
261	-53.59669	63.87629	34.747997	-226.58994	206.8421	-14.77261	17.144733	27.479029	-108.08109	1048000	-0.053337935	1061.1041	0.0	-307.70746	1.2294633	-1.3560056e-09	840.8883678913116
262	-65.41822	53.621918	18.833048	-222.63167	150.0	-23.231266	17.926346	10.512358	-108.37604	1052000	-0.026736354	727.1322	0.0	-292.85107	1.2074723	-2.682209e-10	844.1247727870941
263	-86.97818	85.112755	38.913128	-315.54733	160.90909	-35.195858	25.152401	-2.69728	-111.09464	1056000	-0.030938279	1667.1857	0.0	-238.42151	1.2028105	1.6391277e-10	847.6041469573975
264	-62.595375	67.17526	26.462538	-243.7246	171.43478	-35.579014	26.859617	-0.19444156	-111.47878	1060000	-0.030304763	878.9021	0.0	-246.383	1.2027034	-1.5646219e-09	850.9614148139954
265	-63.17955	79.56762	32.413635	-327.98706	239.375	-31.080664	21.77756	5.1311727	-110.518005	1064000	-0.019908722	1640.8136	0.0	-464.43335	1.2336509	9.536744e-10	855.2219839096069
266	-57.713253	48.758442	15.156521	-212.63832	171.04347	-21.119024	20.51272	19.310083	-110.9338	1068000	-0.029753126	623.5279	0.0	-164.64172	1.2089754	1.6838312e-09	858.5769920349121
267	-90.302536	78.334045	18.757492	-245.64612	245.4375	-36.437187	27.48193	4.8959284	-110.56559	1072000	0.01787496	1572.4258	0.0	-540.78723	1.2384297	-8.3446505e-10	862.7857439517975
268	-61.239002	79.837166	38.711655	-252.10596	184.95238	-31.900425	23.842371	1.847367	-110.714294	1076000	-0.04410195	1475.5958	0.0	-256.59888	1.2156785	-1.3411044e-10	866.9442927837372
269	-56.25239	70.08717	21.435429	-250.34532	200.26315	-32.829758	26.34931	31.983738	-108.57743	1080000	-0.055624187	1533.1835	0.0	-720.576	1.202424	2.5331975e-10	870.4584000110626
270	-64.41217	73.79024	29.889318	-253.53113	196.8	-21.074203	28.635372	13.045255	-109.80447	1084000	0.014250747	1577.376	0.0	-926.3858	1.2135513	1.1175871e-09	874.6062710285187
271	-65.42519	75.44735	30.241339	-257.4687	219.66667	-30.34924	21.568476	15.023586	-110.36016	1088000	-0.015648384	1003.5897	0.0	-240.18481	1.221626	4.917383e-10	878.3864378929138
272	-45.891014	51.816666	22.017282	-185.34013	199.45	-24.540012	23.403902	14.301535	-106.98868	1092000	-0.024025816	825.6177	0.0	-289.1101	1.2125045	-8.493662e-10	882.4154140949249
273	-72.38856	81.376205	32.244316	-352.37802	173.86363	-21.724968	27.367151	15.287277	-106.95293	1096000	-0.02022319	1155.1399	0.0	-312.63574	1.1867906	-1.7732382e-09	885.7842669487
274	-66.9094	80.67175	39.962	-238.07065	217.88889	-26.859426	22.739302	9.804104	-107.894356	1100000	-0.03449513	1144.4916	0.0	-213.07391	1.2239063	1.8179417e-09	889.7852799892426
275	-43.820625	58.70808	15.125613	-177.9896	230.52942	-23.595945	22.901949	7.8707466	-108.59803	1104000	-0.0014839882	1222.7927	0.0	-284.75452	1.2363743	3.5762787e-10	894.2219588756561
276	-66.874275	88.94615	79.21407	-292.37564	171.08696	-18.217226	23.892412	12.799017	-109.08491	1108000	-0.020468969	1722.513	0.0	-606.0674	1.1913879	-5.364418e-10	897.588278055191
277	-77.55833	74.41127	51.487324	-212.30464	258.73334	-29.432234	25.885042	4.98905	-113.472855	1112000	0.0007393453	1534.5159	0.0	-409.8152	1.2350997	-4.768372e-10	902.3409507274628
278	-63.576504	71.2102	15.956416	-211.04477	173.16667	-23.687567	21.954294	4.860609	-112.54646	1116000	-0.009457104	1319.7717	0.0	-538.5888	1.2198735	-8.940697e-11	906.5464489459991
279	-52.52074	89.16902	47.90401	-211.05148	305.0	-35.535126	21.441948	4.8794527	-113.49365	1120000	-0.043832973	1659.4291	0.0	-520.73035	1.2365084	8.791685e-10	912.2303438186646
280	-60.33069	92.77135	39.816288	-331.24094	169.39131	-15.581501	22.818628	7.6203175	-110.45228	1124000	-0.012939897	1834.613	0.0	-977.4816	1.1817298	2.0861626e-10	915.7266540527344
281	-80.56253	78.91262	-11.298186	-272.17902	352.54544	-33.415924	26.433668	32.132652	-114.38508	1128000	-0.026376156	1697.6283	0.0	-888.1748	1.2456231	2.384186e-10	921.0080568790436
282	-48.202614	46.769207	54.100094	-136.63019	194.15	-14.979446	25.624958	21.012447	-114.46105	1132000	-0.01220199	923.6786	0.0	-320.315	1.2149004	-2.69711e-09	925.443785905838
283	-48.60596	74.145256	45.24962	-238.91287	221.35294	-20.407555	22.182253	16.125298	-113.711876	1136000	-0.017323088	964.8811	0.0	-429.2221	1.2172537	1.2218953e-09	929.7954890727997
284	-28.770893	54.31894	104.34912	-111.255844	196.2	-13.258722	17.87015	15.447819	-108.481895	1140000	-0.058688074	961.32794	0.0	-137.2226	1.2158233	2.9802324e-11	933.7482299804688
285	-44.294407	51.333626	60.186493	-125.45709	218.94444	-16.172943	19.871803	8.430471	-110.63904	1144000	-0.019188622	907.7927	0.0	-120.532104	1.2173905	-1.2814999e-09	938.3336319923401
286	-82.44829	73.367836	8.067894	-208.35039	256.84616	-16.291023	17.315586	8.093857	-109.76914	1148000	-0.0051246374	971.9462	0.0	-216.33075	1.2328961	8.493662e-10	943.0896127223969
287	-30.034723	40.953564	36.69517	-129.52347	202.52632	-17.619566	21.755877	27.265257	-105.008095	1152000	-0.04229342	466.2602	0.0	-94.34509	1.2123264	-1.6093255e-09	947.0987629890442
288	-50.626785	68.84351	48.476837	-163.96173	490.125	-17.21194	17.592337	9.655993	-101.38213	1156000	-0.020301033	1195.236	0.0	-242.75806	1.2556894	-4.0233136e-10	953.144690990448
289	-34.515606	45.349216	31.651638	-149.77573	234.64706	-5.3230515	17.230892	33.028465	-106.18025	1160000	-0.021730993	738.5019	0.0	-201.99182	1.2234086	1.7881394e-10	957.860424041748
290	-58.77449	67.89553	8.807	-263.09103	244.76923	-20.672228	21.66728	11.304138	-107.97196	1164000	-6.1631204e-06	878.953	0.0	-263.69733	1.2244556	2.2798776e-09	962.8752088546753
291	-55.50731	62.905632	26.218418	-269.0694	170.65218	-21.271645	22.977804	10.33242	-108.308525	1168000	-0.014347418	1127.7445	0.0	-358.96173	1.1912366	-9.983778e-10	966.2804307937622
292	-32.177025	71.2746	73.0324	-159.9682	375.625	-24.853191	16.955208	2.8988795	-111.54913	1172000	-0.023569087	1430.108	0.0	-563.8476	1.2491488	-5.960465e-11	972.9571390151978
293	-45.68991	61.499714	38.33443	-218.70279	207.73685	-6.22071	23.143036	12.048032	-111.09331	1176000	-0.010139305	1052.9078	0.0	-388.80707	1.2072204	1.192093e-10	977.0684270858765
294	-39.806316	58.06301	38.487865	-158.02486	260.06668	-17.44014	20.665215	15.859365	-101.515816	1180000	-0.06539316	1104.5074	0.0	-381.4408	1.2091442	4.0233136e-10	981.857428073883
295	-51.422028	60.143913	29.626093	-190.78705	219.11111	-16.073475	23.75069	14.314423	-112.98291	1184000	-0.03432619	984.4234	0.0	-107.27655	1.1996132	-5.960465e-11	986.2785370349884
296	-69.66163	59.229473	52.76928	-182.49548	220.88889	-14.971584	19.518879	16.91211	-108.00683	1188000	-0.022398826	810.89667	0.0	-224.76672	1.2192518	-2.9802322e-10	990.3702299594879
297	-69.71805	86.42753	40.222343	-310.76978	169.13043	-30.998579	26.301346	5.394766	-115.17541	1192000	-0.024466591	1290.7562	0.0	-441.2893	1.1647078	1.2516975e-09	993.8005330562592
298	-17.975845	46.04285	37.804646	-156.73975	206.6842	-37.10434	33.21489	13.202418	-116.690445	1196000	-0.014931556	1984.5471	0.0	-1147.2295	1.2098528	-1.4901161e-09	997.7932138442993
299	-49.483566	51.90112	15.132996	-150.99239	216.11111	-10.55998	21.843756	17.147383	-114.53411	1200000	-0.02736572	827.33954	0.0	-243.8628	1.1996466	-2.8312205e-10	1002.5123820304871
300	-30.102163	70.45553	36.253254	-209.32617	258.86667	-21.045515	19.502834	11.480599	-107.66388	1204000	-0.04119702	950.4435	0.0	-312.01465	1.2132995	2.5331975e-10	1007.5688977241516
301	-63.644093	58.347645	27.442465	-181.16418	178.95454	-19.291502	25.26234	10.622087	-111.24978	1208000	-0.037126977	728.27814	0.0	-228.64822	1.1759102	-2.9802324e-11	1010.9559259414673
302	-61.85913	99.84994	82.10737	-312.10846	232.41176	-24.010056	23.718988	8.472999	-112.889046	1212000	-0.025493307	1484.344	0.0	-396.97314	1.2026527	-2.2351743e-09	1015.1126208305359
303	-20.564697	74.81744	90.83656	-205.42497	228.85715	-19.672981	21.32464	16.402407	-114.66495	1216000	-0.020709006	1327.3567	0.0	-482.29724	1.2200583	2.0563602e-09	1020.1236608028412
304	-41.733315	65.66999	28.988152	-188.71252	315.66666	-11.590729	20.987442	21.780901	-106.16965	1220000	-0.046684433	1269.6035	0.0	-364.6903	1.215913	-3.1292438e-10	1024.7885038852692
305	-49.03474	63.5273	93.49392	-137.65709	300.7	-11.209989	21.871967	22.75142	-108.087616	1224000	-0.015050339	1267.3195	0.0	-248.76398	1.2301006	4.4703483e-10	1030.5939557552338
306	-54.312756	69.08453	15.703013	-200.83372	332.58334	-9.472258	20.219112	26.374077	-97.60753	1228000	0.007870062	992.8822	0.0	-519.2174	1.2135414	4.187226e-09	1036.2554669380188
307	-45.974438	62.73633	69.16963	-182.13538	246.0	-23.368593	27.2386	23.654057	-107.04732	1232000	-0.023195835	1366.3103	0.0	-268.1526	1.198766	-4.4703484e-11	1040.7418570518494
308	-51.35893	61.5947	54.86935	-206.79956	231.0	-10.631517	19.758856	19.547302	-104.002815	1236000	-0.0068294746	835.3108	0.0	-347.4933	1.196988	9.23872e-10	1045.5924727916718
309	-46.331463	77.192795	64.326935	-207.5334	219.0	-23.140472	25.537758	23.587303	-105.65871	1240000	-0.01963202	1530.2338	0.0	-703.7434	1.1759292	3.874302e-10	1049.304839849472
310	-86.318054	69.011665	20.457394	-209.93031	178.04762	-17.196226	31.461412	27.097929	-115.912445	1244000	0.016828343	1548.5815	0.0	-504.02856	1.1557816	-3.5762787e-10	1052.7117540836334
311	-25.639404	48.35576	40.829838	-167.79723	220.05556	-33.84615	26.84434	12.747927	-114.30976	1248000	-0.013264314	1275.602	0.0	-735.4362	1.1965618	4.61936e-10	1057.002398967743
312	-29.087843	59.597553	48.541496	-206.30067	216.27777	-15.416196	23.080208	25.317547	-103.09623	1252000	-0.043072905	595.8121	0.0	-159.04819	1.1909288	-3.427267e-10	1060.9064178466797
313	-60.701595	99.04845	30.96321	-248.3925	497.25	-36.384415	31.936377	23.8404	-114.57679	1256000	0.031280357	2034.1576	0.0	-1182.8378	1.2553098	1.6391277e-10	1067.6773200035095
314	-46.18321	56.027046	74.70716	-174.56679	222.2	-18.592108	24.399508	27.210007	-98.34056	1260000	-0.0047461586	1185.2218	0.0	-386.39337	1.1963264	4.4703483e-10	1072.6567687988281
315	-44.328583	43.992043	31.430408	-117.69946	333.16666	-15.399984	20.938398	47.105194	-108.133354	1264000	-0.04142937	860.01666	0.0	-277.88477	1.2092553	2.6375055e-09	1078.176118850708
316	-62.356808	96.33102	24.584213	-358.03754	250.0	-13.57685	18.513885	40.417023	-108.29387	1268000	-0.010074665	1319.6373	0.0	-311.71295	1.2022792	-1.3113022e-09	1082.406399011612
317	-60.72515	61.053272	15.029995	-172.11804	254.86667	-15.724361	19.932112	25.51596	-110.71309	1272000	-0.039499536	980.5619	0.0	-200.91937	1.190269	5.5134297e-10	1086.5965869426727
318	-26.686195	50.218765	36.61543	-155.16946	296.0	-20.727348	23.537716	31.344866	-106.473885	1276000	-0.024650203	720.6915	0.0	-245.60156	1.2239403	6.705523e-10	1092.014881849289
319	-32.409615	49.63924	35.42319	-187.07935	182.90475	-8.974386	22.921747	26.031836	-108.88969	1280000	-0.02547974	954.26544	0.0	-373.9298	1.1686989	-2.5331975e-10	1095.4489119052887
320	-29.720718	58.793232	33.35872	-194.13501	186.4762	-18.97439	23.729147	19.465908	-107.80751	1284000	-0.035059955	1139.4136	0.0	-443.47144	1.1658591	9.834766e-10	1098.8690340518951
321	-57.78024	62.745903	30.016504	-208.25743	243.0625	-22.29923	31.107244	22.577316	-109.40914	1288000	-0.009610245	809.1275	0.0	-187.50476	1.2029406	-4.0233136e-10	1103.3885929584503
322	-50.628193	76.030975	47.98212	-189.39001	266.66666	-20.908007	25.923765	22.660748	-107.562836	1292000	-0.019347686	1030.4314	0.0	-349.13794	1.2068536	-2.0861626e-10	1108.4008209705353
323	-38.688572	61.92032	42.820713	-177.65367	213.55556	-17.045256	28.172758	26.190346	-112.73462	1296000	-0.013814184	878.69385	0.0	-213.31409	1.1934124	1.6540289e-09	1112.6755180358887
324	-27.470835	36.95083	16.226774	-84.91287	392.75	-25.151342	24.432262	23.764832	-103.61879	1300000	-0.009101494	844.5662	0.0	-463.5094	1.2351621	2.0563602e-09	1118.4859218597412
325	-27.917946	37.508244	36.222065	-79.74167	326.83334	-6.043947	15.993194	25.139925	-103.022644	1304000	-0.0105462475	639.978	0.0	-109.61224	1.2147862	1.4901161e-10	1123.617425918579
326	-16.743053	65.23228	58.879818	-180.36467	361.2	-9.745269	17.513264	25.726862	-94.38228	1308000	-0.043531563	1002.1511	0.0	-325.0448	1.2350059	-1.937151e-10	1129.460774898529
327	-54.644035	75.79567	21.711916	-294.48596	198.35	-0.5767396	18.97486	33.85593	-91.13203	1312000	-0.03474807	1466.841	0.0	-773.79285	1.176434	2.384186e-10	1133.0827839374542
328	-36.19923	46.049625	39.95275	-120.36038	194.35	-17.56122	27.743393	25.828861	-109.94327	1316000	-0.015460708	472.75375	0.0	-121.79343	1.1790181	-6.109476e-10	1136.5981130599976
329	-19.486225	55.389896	45.318424	-178.0944	281.7143	-28.725008	30.927711	23.996407	-112.26396	1320000	-0.019315537	1592.3663	0.0	-793.5545	1.2129029	-2.5182962e-09	1142.045905828476
330	-21.485386	60.469128	38.407555	-213.09576	233.4	-7.023388	18.653528	24.804516	-93.78717	1324000	-0.027633887	909.0595	0.0	-171.49646	1.2076855	-2.5331975e-10	1146.7274298667908
331	-64.43043	75.51199	21.83057	-213.73299	239.375	-11.897198	24.292898	25.774221	-112.48672	1328000	-0.02766018	1292.8057	0.0	-487.41022	1.19306	1.1771918e-09	1151.1299149990082
332	-55.58424	78.23314	27.94683	-243.16728	231.35294	-19.64528	26.272709	24.504242	-117.4079	1332000	-0.0006651859	817.5544	0.0	-153.32648	1.1695728	7.8976153e-10	1155.282539844513
333	-30.938023	50.827362	53.554398	-169.8735	215.55556	-29.641613	28.877747	20.840101	-112.42387	1336000	-0.021394474	892.94025	0.0	-529.8834	1.1848011	-5.811453e-10	1159.250655889511
334	-17.404675	43.526524	70.5847	-97.32981	258.4	-12.030902	19.485018	24.360847	-105.86946	1340000	-0.024663053	645.883	0.0	-172.56711	1.2067786	-3.7252904e-10	1163.5406301021576
335	-56.88827	97.20188	36.34879	-301.6153	480.5	-12.503995	18.731762	25.398184	-111.20139	1344000	-0.023614448	1327.0864	0.0	-404.77203	1.2379395	-8.046627e-10	1169.5808320045471
336	-39.215034	67.560104	30.232718	-246.63364	279.5	-7.5683427	21.515575	27.625729	-105.563065	1348000	0.0035597116	1045.4994	0.0	-279.06653	1.2122035	-9.23872e-10	1174.9231498241425
337	-58.213192	53.14796	13.999582	-187.21414	207.36842	-14.091707	26.023092	33.287556	-107.96053	1352000	-0.042792033	1201.549	0.0	-464.85175	1.1874629	8.940697e-11	1178.6594450473785
338	-63.512905	56.81546	20.18117	-210.22871	181.66667	-20.43186	28.968624	31.878223	-115.56115	1356000	-0.031510074	885.2506	0.0	-352.67554	1.1678753	-1.6838312e-09	1182.0282299518585
339	-31.423931	50.141953	30.561375	-146.68909	306.92307	-41.006523	26.719349	15.276841	-120.01682	1360000	-0.034572598	1426.4958	0.0	-940.5288	1.2123597	-3.874302e-10	1187.614590883255
340	-33.382072	65.9949	49.163986	-199.33397	211.41176	-10.185284	20.129728	25.470009	-91.50006	1364000	-0.008206947	991.21326	0.0	-391.89203	1.1829547	3.427267e-10	1192.4031438827515
341	-30.087671	45.48937	52.2374	-179.17575	163.70833	-14.094099	24.920874	30.903347	-106.12961	1368000	-0.015495674	666.7319	0.0	-231.41388	1.1538284	2.1308662e-09	1195.7265219688416
342	-53.675667	45.68763	39.94959	-132.91785	182.23529	-21.366554	26.71356	16.242691	-112.112885	1372000	-0.041573454	612.4469	0.0	-201.12857	1.1836482	-1.2218953e-09	1199.8719696998596
343	-49.122826	73.27764	31.253662	-217.86299	278.5	-21.741093	21.257303	20.483208	-112.54145	1376000	-0.017917199	1325.3807	0.0	-506.0653	1.2074246	8.9406965e-10	1205.0527789592743
344	-27.894432	57.22583	35.76743	-173.02014	244.07692	-14.910974	21.382511	25.214228	-102.62105	1380000	-0.03910851	798.36554	0.0	-235.79675	1.2172328	-9.983778e-10	1210.1206648349762
345	-47.91369	48.692173	35.109203	-163.0838	233.5	-11.227314	26.109797	36.928135	-112.92366	1384000	-0.013896773	1049.7952	0.0	-250.0069	1.1888012	1.6838312e-09	1214.3601820468903
346	-7.420275	33.81519	63.949535	-78.019684	215.83333	-11.626386	21.792446	32.665073	-98.91921	1388000	-0.045383736	390.3862	0.0	-104.03204	1.180399	4.61936e-10	1219.2046678066254
347	13.10643	24.043585	58.139977	-19.077011	475.625	-10.658798	18.647026	29.559393	-91.60668	1392000	-0.038810965	536.4732	0.0	-200.46957	1.2278687	-1.3411044e-10	1225.7642860412598
348	-23.75385	35.808895	52.07397	-73.533676	330.33334	-3.2151933	24.490067	33.314915	-90.33126	1396000	-0.009725834	637.5977	0.0	-272.25574	1.2076328	8.1956386e-10	1231.0154719352722
349	-29.32259	22.651377	0.9783925	-72.70681	244.9375	-7.502399	20.756962	27.265015	-110.85912	1400000	-0.02601029	453.90753	0.0	-137.10925	1.1911281	3.874302e-10	1235.7903287410736
350	-47.266323	72.6591	35.13906	-202.54369	216.93333	-16.94297	22.62924	23.695799	-102.66277	1404000	-0.052905656	1141.3087	0.0	-428.14148	1.1740361	-7.4505804e-11	1240.1014547348022
351	-27.307333	55.188175	65.20119	-99.73943	386.9	-18.3778	23.040337	24.762596	-103.84643	1408000	-0.027316906	898.4772	0.0	-281.46722	1.208762	-2.2500752e-09	1245.997428894043
352	-33.204247	61.509308	60.227013	-196.58084	166.60869	-0.098550536	24.703686	34.57321	-119.5963	1412000	-0.010614301	1151.0931	0.0	-592.87195	1.1357248	-7.0035455e-10	1249.4893729686737
353	-59.868877	78.984184	36.63912	-236.80739	226.05882	-19.95024	27.49559	24.888697	-121.20614	1416000	-0.02744842	1095.1414	0.0	-142.63593	1.1708933	2.1904707e-09	1254.0879790782928
354	-35.453625	62.36502	35.95041	-143.06613	550.8571	-30.816273	19.616875	25.73444	-110.65494	1420000	-0.054516997	1515.4031	0.0	-913.0447	1.2349644	8.3446505e-10	1261.0737578868866
355	-44.791145	57.706577	32.050117	-156.94444	194.5625	-2.053223	21.850164	32.68128	-109.65687	1424000	0.027614424	1254.9172	0.0	-711.18646	1.1731684	-1.0877848e-09	1265.4808819293976
356	-32.30028	66.51879	45.661785	-152.3002	416.8889	-21.016758	24.929157	16.530706	-111.0976	1428000	-0.018094786	726.92957	0.0	-263.66595	1.2082236	3.427267e-10	1271.3196909427643
357	-64.59727	83.12812	49.906273	-177.19037	564.1429	-18.257141	20.049051	27.577854	-112.80203	1432000	-0.01856761	1188.6166	0.0	-646.22253	1.237312	5.2154064e-10	1277.5386147499084
358	-56.399998	45.520542	2.2630112	-155.60924	331.33334	-11.297257	25.890516	29.267176	-108.16779	1436000	-0.012821024	894.4429	0.0	-404.48892	1.1837271	3.0100347e-09	1282.7853269577026
359	-39.782463	74.413826	82.84088	-186.53587	362.44446	-15.114448	15.412461	21.090244	-109.39617	1440000	0.0010245924	945.44336	0.0	-209.40009	1.2178382	2.682209e-10	1288.7309608459473
360	-31.341158	31.547375	12.738503	-86.561455	252.53334	-9.744189	21.730844	30.352196	-100.29652	1444000	-0.04577049	668.33124	0.0	-206.88425	1.1833146	8.9406965e-10	1293.1245520114899
361	-12.452973	34.11185	45.09005	-66.86859	274.27274	-11.444084	17.832157	28.833435	-99.61274	1448000	-0.026938016	391.96207	0.0	-111.32355	1.2133654	-1.6838312e-09	1298.3306698799133
362	-22.322817	36.496983	29.904655	-97.54858	296.16666	-6.7290993	20.316914	35.28277	-100.99663	1452000	-0.0081832195	628.65485	0.0	-177.58224	1.2089504	-5.811453e-10	1303.8917677402496
363	-20.363804	37.74685	35.261627	-110.3562	243.23077	-9.134265	22.15513	34.15549	-89.335205	1456000	-0.032687504	572.6039	0.0	-206.72626	1.1930928	1.2814999e-09	1308.7360949516296
364	-24.178629	45.47535	60.749855	-126.52469	325.5	-8.638668	16.81609	28.92624	-104.09118	1460000	-0.045598596	679.57556	0.0	-133.49432	1.2090302	5.5134297e-10	1313.9948618412018
365	-34.27672	70.87192	39.26007	-181.63899	326.0	-10.345332	23.235826	31.057661	-116.6906	1464000	-0.011008579	635.15564	0.0	-266.63928	1.2026869	-3.7252904e-10	1319.260078907013
366	-30.57352	50.383553	69.15531	-99.88822	239.1875	-11.126185	27.330511	29.058	-106.58963	1468000	-0.048948195	455.24	0.0	-153.21161	1.1672093	-3.2782554e-10	1323.806088924408
367	-50.3807	38.985195	-1.9316019	-139.04707	262.2	-13.042622	21.71469	24.69804	-105.0739	1472000	-0.03347734	557.7948	0.0	-180.00397	1.1667871	1.8775463e-09	1328.0269138813019
368	5.619708	45.33288	94.82751	-75.02986	487.0	-15.155371	17.636745	28.129942	-99.20272	1476000	-0.033342443	874.7767	0.0	-437.45453	1.2250359	-1.0579825e-09	1334.4960978031158
369	-15.134612	53.900486	58.351463	-160.87645	341.45456	-1.6752349	19.199736	36.28946	-105.838486	1480000	-0.028301397	698.21796	0.0	-281.45343	1.2033039	8.791685e-10	1340.0883889198303
370	-36.224968	63.2982	55.72298	-160.61143	283.64285	-4.4380507	23.841208	39.519485	-111.7344	1484000	-0.014558346	1228.8933	0.0	-606.16113	1.1808418	-4.3213366e-10	1344.8981347084045
371	-26.016846	49.03789	46.064213	-110.33418	329.0	-7.391825	19.802229	35.8248	-111.82578	1488000	-0.021890348	644.52246	0.0	-200.89658	1.2135657	1.2814999e-09	1350.401850938797
372	-44.542427	53.29614	23.610374	-195.12108	279.46155	-10.87361	23.61067	34.08005	-109.37034	1492000	-0.047699764	819.78687	0.0	-242.75238	1.1968321	-7.1525574e-10	1355.0025639533997
373	-69.2883	89.380035	36.86375	-306.63654	356.81818	-11.366132	24.740393	41.86834	-109.80272	1496000	-0.024761211	1369.6205	0.0	-564.3076	1.2108198	1.3411044e-10	1361.1475868225098
374	-17.914604	52.419727	67.233444	-149.5629	249.1875	-13.840724	24.157167	35.842228	-109.81849	1500000	-0.013832537	709.2339	0.0	-286.91058	1.1776577	2.3394824e-09	1365.5721900463104
375	-12.146967	37.623024	88.89901	-59.73347	322.45456	-8.493509	18.574245	39.950592	-103.14309	1504000	-0.04055166	708.7121	0.0	-193.12683	1.2132146	-2.9802322e-10	1371.048753976822
376	-29.340378	76.88163	76.91752	-247.02147	241.9375	-7.065041	28.327091	41.77607	-108.107704	1508000	-0.019282898	1107.9196	0.0	-527.5779	1.179537	-9.685754e-10	1375.6504459381104
377	-26.07734	39.325134	47.820534	-130.72586	244.0	-7.819337	23.59755	38.341267	-108.04525	1512000	-0.025737526	440.24747	0.0	-176.43335	1.1781564	6.854534e-10	1380.2166857719421
378	-54.376144	57.766594	38.288937	-174.05185	256.8	-19.278425	32.084114	33.051506	-116.21426	1516000	-0.0293941	818.58563	0.0	-248.81781	1.1716238	-5.5134297e-10	1384.5494620800018
379	-24.656525	46.970726	46.41396	-109.211105	239.25	-21.494284	24.655157	29.552023	-111.567406	1520000	-0.05107388	593.7868	0.0	-234.57855	1.1709446	2.9802322e-10	1388.5136198997498
380	-33.012188	73.74263	62.3333	-228.27634	223.47058	-20.32913	31.636063	34.62685	-108.4492	1524000	-0.0070914766	968.5641	0.0	-270.1336	1.1374445	9.685754e-10	1392.7097418308258
381	-20.322182	37.962723	49.30599	-74.79947	388.75	-14.536978	20.482546	31.361418	-107.7107	1528000	-0.040840615	807.298	0.0	-336.49985	1.2343519	-2.0116568e-09	1399.105968952179
382	-51.147335	101.23368	45.362743	-251.45132	331.0	-5.3785725	22.127668	41.15738	-98.715866	1532000	-0.023780636	1233.4441	0.0	-535.1663	1.2072536	2.7269125e-09	1404.7258939743042
383	8.314463	29.736744	65.36215	-27.22488	541.7143	-16.19389	17.518173	39.563805	-101.535645	1536000	-0.03584409	648.82996	0.0	-372.24786	1.2269851	8.046627e-10	1411.4919078350067
384	-29.106749	42.99402	43.82387	-121.95489	322.0	1.8739522	25.211842	46.447544	-108.08487	1540000	0.014261091	974.6677	0.0	-516.44586	1.2024736	-1.5795231e-09	1416.7242000102997
385	-18.884617	43.328518	22.51669	-159.98616	226.5625	-10.00754	20.300798	28.511454	-105.41242	1544000	-0.029166702	726.33563	0.0	-195.01154	1.1566411	5.2154064e-10	1421.52073097229
386	-28.144642	73.92302	69.57331	-273.5663	256.4	-11.002283	24.658508	33.175472	-112.30077	1548000	-0.022541482	1019.5857	0.0	-360.03894	1.1517063	-6.854534e-10	1425.8737778663635
387	-8.659925	37.14459	61.37508	-65.59013	300.1	-9.65797	19.045664	24.976469	-107.132675	1552000	-0.048578415	509.81528	0.0	-154.04022	1.2047179	6.109476e-10	1431.3001317977905
388	-16.611238	61.58589	50.51577	-158.52426	231.29411	-2.4053037	22.874887	37.412468	-106.78581	1556000	0.012030392	1075.288	0.0	-428.51117	1.1398721	6.705523e-10	1435.5006399154663
389	-37.210266	51.5147	29.965492	-117.52982	323.16666	-11.501988	23.729897	31.524105	-109.166855	1560000	-0.031520955	644.64685	0.0	-110.4964	1.184322	-3.5762787e-10	1441.0121088027954
390	-6.031099	25.968008	13.086471	-62.338005	569.8333	-17.368866	20.60673	35.998882	-117.1526	1564000	-0.02603472	877.2896	0.0	-497.00885	1.2268755	1.5944243e-09	1447.603908777237
391	-3.7009678	30.743042	34.2306	-77.87243	368.3	5.5384927	20.01502	48.028625	-94.35536	1568000	-0.028172467	710.01514	0.0	-212.08432	1.2113459	-1.4603138e-09	1453.1418340206146
392	-19.401731	34.709267	33.133335	-100.54899	320.5	-3.2368245	23.047878	41.617207	-106.07813	1572000	-0.030832274	537.87524	0.0	-173.22614	1.1919533	-1.7285346e-09	1458.7052178382874
393	-29.084673	52.10652	37.444942	-134.44388	362.0	-12.315227	22.34973	35.700237	-109.76047	1576000	-0.012513616	490.83545	0.0	-102.71207	1.2019849	2.682209e-10	1464.705462694168
394	-34.467155	27.395678	6.173039	-84.39965	440.77777	-13.831662	19.214317	35.72323	-103.610695	1580000	-0.017249003	769.22565	0.0	-283.16235	1.2045945	8.493662e-10	1470.9833800792694
395	-59.680664	74.14146	19.318079	-181.86575	441.22223	-8.341064	17.05477	37.250267	-94.275986	1584000	-0.024781786	1185.8802	0.0	-416.28668	1.1983782	4.917383e-10	1476.446249961853
396	-35.94523	58.77476	33.02192	-168.4141	241.71428	-9.765065	25.757008	37.78743	-102.33959	1588000	-0.00807929	832.116	0.0	-322.3425	1.1619215	-4.61936e-10	1481.0925650596619
397	-6.8197327	30.457548	15.943268	-70.437225	587.6667	-13.871742	16.704578	28.128254	-83.69164	1592000	-0.029887646	844.39856	0.0	-381.3277	1.2289364	-2.5480986e-09	1487.5337398052216
398	11.725609	26.480156	43.284454	-35.983673	594.5	-5.2858152	17.613207	52.265293	-66.5482	1596000	-0.024564376	511.4242	0.0	-140.55524	1.2379388	-5.960465e-11	1494.209891796112
399	-60.46472	96.47961	22.487326	-243.32803	759.4	-3.1769633	23.754969	56.7693	-91.375	1600000	0.01203713	1248.0537	0.0	-397.8239	1.2236323	-2.0861626e-10	1500.7623839378357
400	-43.411343	65.245926	50.99156	-166.9559	325.58334	2.7890594	28.423594	53.53367	-120.30343	1604000	0.028059531	1546.8276	0.0	-930.231	1.1697994	-1.5199184e-09	1506.33629488945
401	-3.2913332	34.205853	44.84189	-63.673996	327.16666	-17.438421	21.082716	34.142677	-101.54466	1608000	-0.045347225	768.59283	0.0	-361.71985	1.1905946	1.2516975e-09	1512.6104357242584
402	-9.485291	44.314754	62.47598	-90.28	325.0	-7.444621	22.501728	48.126133	-104.04037	1612000	-0.019792337	464.2323	0.0	-166.06519	1.1914445	-1.192093e-10	1517.7858459949493
403	-41.999664	57.635506	16.288881	-166.85583	355.0909	-3.1359122	20.84021	39.11486	-121.019875	1616000	0.0080771735	704.331	0.0	-218.81146	1.1963326	-4.768372e-10	1523.4277119636536
404	15.904081	31.903162	62.980022	-36.869076	481.0	-10.767213	15.424015	36.88881	-99.62939	1620000	-0.076317936	539.76215	0.0	-333.0935	1.2265085	4.61936e-10	1530.19456076622
405	-9.639106	39.39298	34.540188	-88.58936	559.4286	-3.960006	20.860722	46.862717	-93.22342	1624000	-0.050062638	475.58978	0.0	-134.40097	1.2242372	-2.2351741e-10	1536.6327497959137
406	-41.78377	59.026894	24.110077	-177.56885	369.0	2.1584191	22.05478	47.806488	-112.61583	1628000	-0.0012529783	978.9316	0.0	-374.81006	1.2094749	-4.917383e-10	1541.9348590373993
407	-29.189892	62.870045	23.492369	-177.6709	560.1429	-10.754116	17.022047	36.576344	-88.78676	1632000	-0.035099305	799.14514	0.0	-399.14832	1.2156366	-5.662441e-10	1547.8875257968903
408	-10.319845	55.37781	53.81272	-139.25204	319.25	-2.3556855	25.36523	44.486214	-109.90679	1636000	0.015723787	755.0571	0.0	-347.04208	1.1705575	-8.791685e-10	1553.9464049339294
409	-11.762344	66.068054	56.98912	-190.78886	327.83334	-11.61576	29.521582	36.40932	-112.038376	1640000	-0.03502313	667.60077	0.0	-213.88843	1.1921101	-1.5199184e-09	1559.4188117980957
410	-9.819121	33.429146	39.575073	-49.174103	476.125	-9.549871	19.617258	37.84601	-109.24841	1644000	-0.05023657	466.744	0.0	-221.98871	1.2143015	-2.0861626e-10	1565.5789020061493
411	-5.683348	62.620575	57.30173	-154.49503	387.125	-5.821791	24.082216	43.872166	-114.5709	1648000	0.006264276	789.75464	0.0	-254.65533	1.2073699	8.9406965e-10	1571.5450897216797
412	-3.7374904	50.86469	59.536415	-112.14176	384.33334	-0.20702545	20.547104	37.434063	-107.47775	1652000	-0.024815213	616.4554	0.0	-145.94919	1.2031543	1.013279e-09	1577.11079287529
413	-16.131218	65.54664	78.15336	-129.64207	569.8571	-9.003222	19.768492	37.03575	-121.71269	1656000	-0.029427761	854.2872	0.0	-301.59247	1.223595	1.0579825e-09	1583.5107908248901
414	-48.144737	34.68241	-12.7604475	-120.69639	473.2857	-4.350615	26.771345	47.94841	-114.02201	1660000	-0.01362302	1037.9023	0.0	-406.8059	1.210684	-2.2798776e-09	1589.4816658496857
415	4.7311516	39.1492	64.62142	-55.67534	438.2857	-11.7165	18.588188	35.307026	-101.58148	1664000	-0.0037003388	481.21924	0.0	-124.06732	1.2376106	5.9604643e-10	1595.468318939209
416	-24.597673	62.39188	36.09786	-204.73082	318.5	-9.291546	24.68411	37.619946	-115.40282	1668000	-0.032544315	659.4039	0.0	-273.84015	1.1942369	1.7881393e-09	1600.8468837738037
417	-8.044683	73.01809	86.47451	-168.31216	543.7143	-3.9849596	21.153334	38.679504	-110.86876	1672000	-0.016230138	1173.2677	0.0	-289.40198	1.2127297	1.6391277e-09	1607.0527350902557
418	-13.553885	57.029747	30.854414	-148.48355	408.33334	-16.788664	32.124702	40.456676	-118.9563	1676000	0.02141291	886.9371	0.0	-401.1175	1.1924834	-2.5331975e-10	1612.5378468036652
419	4.1662583	35.642982	43.706722	-55.46598	558.1429	-3.277519	15.303106	42.98994	-97.0477	1680000	-0.037920788	372.104	0.0	-129.76628	1.2363565	8.046627e-10	1618.8981997966766
420	12.474302	29.669214	55.619827	-32.043808	530.8571	-5.398219	20.94612	40.453598	-75.959694	1684000	-0.028221395	540.07587	0.0	-252.1648	1.2250285	2.9802324e-11	1625.325092792511
421	-21.33557	43.838917	44.868877	-80.80767	338.36365	7.1065383	21.724726	45.60886	-98.95649	1688000	0.0047967182	879.8087	0.0	-380.29053	1.1880248	2.8312205e-10	1630.3984220027924
422	-23.421741	78.76723	91.1722	-181.45544	398.1	-14.036707	19.882324	26.264912	-91.22803	1692000	-0.05476359	812.1869	0.0	-466.52606	1.1994735	-5.364418e-10	1636.183266878128
423	8.445956	32.460598	61.58123	-53.82513	330.4	-6.6164527	22.64966	40.992493	-105.40463	1696000	-0.013356345	493.56192	0.0	-176.21445	1.1991068	1.7881393e-09	1642.253101825714
424	-11.65191	28.065954	32.429424	-55.876205	322.83334	-1.8100972	20.102253	35.636726	-98.99007	1700000	-0.009945583	615.9995	0.0	-221.79364	1.1862577	1.5795231e-09	1647.5739829540253
425	3.4626312	67.02151	88.340034	-197.67389	302.30768	-6.7956233	17.712872	30.107107	-99.79645	1704000	-0.025870534	982.1226	0.0	-526.9049	1.1733311	2.041459e-09	1653.0020589828491
426	1.0691321	53.23955	74.186646	-136.05107	352.3	-10.934532	28.563723	90.39844	-102.50512	1708000	-0.023071717	1337.0043	0.0	-656.8706	1.185587	-7.8976153e-10	1658.1766648292542
427	-19.606396	51.19062	55.623203	-138.81076	331.0	2.1087127	25.900608	54.851288	-97.85845	1712000	0.009355345	963.8073	0.0	-511.7764	1.212041	-2.2500752e-09	1663.694088935852
428	-15.349234	43.94072	41.01014	-79.27585	336.63635	-4.0958323	21.878134	38.63237	-115.8898	1716000	-0.047400042	556.4163	0.0	-123.635895	1.2044904	8.791685e-10	1669.0311408042908
429	-3.0392761	51.56052	61.69885	-80.13693	404.75	-8.827628	20.168398	35.217033	-104.33781	1720000	-0.045805454	560.87036	0.0	-179.43121	1.2197418	5.364418e-10	1674.6000809669495
430	-68.32157	81.9042	47.851482	-202.70468	425.8889	-4.043854	24.215357	42.69853	-114.49699	1724000	0.010671695	1022.1249	0.0	-408.43274	1.200872	-2.9802322e-10	1680.4940938949585
431	-50.764606	95.72317	39.37595	-241.46031	466.0	-16.6512	27.583714	38.96142	-112.29332	1728000	-0.049433555	1017.5996	0.0	-403.87646	1.2158576	-1.7285346e-09	1685.8467588424683
432	-25.14063	36.11252	52.566525	-67.60513	321.5	-4.906438	25.16229	42.8923	-110.679245	1732000	-0.026042603	798.7672	0.0	-479.21756	1.2059231	-2.3692845e-09	1691.2300109863281
433	-8.627866	43.15266	47.10278	-96.16673	313.33334	-8.236908	21.334412	38.880848	-104.16334	1736000	-0.036321945	473.54852	0.0	-117.85181	1.1878158	5.811453e-10	1696.7398710250854
434	-29.308716	67.68172	41.412617	-221.1232	206.0	-7.8935637	29.531122	30.389923	-114.24876	1740000	-0.066663004	1039.7325	0.0	-697.9397	1.1233916	-6.109476e-10	1700.3169889450073
435	1.8798809	41.61839	76.87628	-61.573704	332.83334	-27.768883	34.95922	39.98931	-113.64061	1744000	-0.008818264	1363.2255	0.0	-906.7241	1.2010663	-2.5331975e-10	1705.5345499515533
436	-1.2526264	39.94562	75.57651	-69.31115	488.5	-11.881798	21.960318	27.32665	-105.22281	1748000	-0.049610022	487.44592	0.0	-165.44574	1.2103757	6.854534e-10	1712.0019299983978
437	9.915436	45.32389	81.71574	-73.13328	307.16666	-2.0052342	23.13929	49.0461	-98.99987	1752000	-0.037256498	598.6318	0.0	-146.8346	1.1706551	-3.874302e-10	1717.9960079193115
438	9.933273	46.448128	92.81713	-60.020275	485.75	-3.4110417	21.437284	42.498154	-98.629135	1756000	-0.03704106	490.79382	0.0	-132.3399	1.2144822	-1.5944243e-09	1724.3469619750977
439	-35.463135	66.51315	16.187948	-207.68526	277.7857	1.420533	23.012394	46.359253	-113.69055	1760000	0.01847335	1196.2028	0.0	-614.8067	1.1450139	2.2500752e-09	1728.9050188064575
440	-42.962337	64.233284	21.23985	-145.94711	464.2857	-23.41013	25.151508	29.618515	-123.060936	1764000	-0.016067192	894.6338	0.0	-473.6724	1.2286582	6.556511e-10	1734.8662106990814
441	-25.821915	46.51988	31.74456	-127.91099	307.0	-9.175282	23.170826	41.337616	-106.04073	1768000	-0.025808865	463.79602	0.0	-181.41089	1.2008059	-8.642673e-10	1740.8395159244537
442	13.785813	46.190235	93.51075	-54.56837	396.5	-5.4260597	22.934687	40.424458	-106.41311	1772000	-0.00363387	663.7398	0.0	-175.08856	1.2238061	-4.0233136e-10	1746.9800698757172
443	14.164133	45.03546	75.49308	-83.36159	328.0909	-3.4599838	23.531752	40.102036	-98.52434	1776000	-0.023913845	538.3755	0.0	-104.044464	1.1962159	5.662441e-10	1752.7322478294373
444	-15.833695	59.043007	63.332424	-169.78171	258.15384	0.378516	25.972797	41.02755	-109.41829	1780000	-0.021171283	577.5888	0.0	-212.80917	1.1643604	1.3411044e-10	1757.4270401000977
445	-15.675656	77.16144	92.88036	-201.73048	310.2	-11.631262	25.894045	33.9499	-111.330055	1784000	-0.035278402	604.72034	0.0	-275.12457	1.1946775	-2.7567149e-09	1763.0332469940186
446	-16.666218	54.53805	58.02757	-169.04689	260.73334	-0.36832958	25.806261	45.361362	-115.729645	1788000	-0.0014104056	809.6789	0.0	-330.9093	1.1447487	1.6540289e-09	1767.5459730625153
447	2.019208	36.38682	48.554653	-68.084785	392.5	-11.235113	19.497345	39.667286	-94.063034	1792000	-0.03223534	635.704	0.0	-343.31784	1.2180727	4.4703483e-10	1773.494108915329
448	-39.256138	87.47341	73.76539	-203.70929	360.9091	-6.308599	28.518826	45.646126	-122.70907	1796000	0.01871634	832.7325	0.0	-296.25012	1.1772252	-1.1026859e-09	1778.7374188899994
449	-14.121926	63.94608	40.01034	-168.69574	260.13333	-15.792433	34.787495	43.64805	-118.09884	1800000	0.00094928313	817.7816	0.0	-411.39557	1.1541094	1.5944243e-09	1783.5620648860931
450	-32.17268	60.876038	50.494267	-193.0348	338.72726	-10.522367	25.525084	41.34753	-109.689804	1804000	-0.025328033	904.7888	0.0	-223.30829	1.1860753	-8.046627e-10	1788.5383088588715
451	8.912971	45.69287	67.02737	-90.862175	377.7	-8.3473835	23.84263	41.04885	-104.35111	1808000	-0.033145573	343.1935	0.0	-117.20294	1.201584	3.874302e-10	1793.8141980171204
452	-8.987697	28.805195	31.935354	-58.63663	432.33334	-20.87786	30.515472	49.39362	-100.48642	1812000	-0.0102851875	1013.33527	0.0	-750.4923	1.1972393	-1.4007091e-09	1799.9287078380585
453	-33.52886	60.665966	45.426983	-153.66624	336.54544	-5.8213	21.021498	37.469616	-97.57657	1816000	-0.008829359	655.4547	0.0	-201.4585	1.1896194	-1.1175871e-09	1805.0489449501038
454	6.394542	24.09872	35.927303	-47.692734	442.8889	-11.686281	23.21036	41.614067	-106.039986	1820000	-0.044504333	756.29974	0.0	-454.9362	1.2163117	1.4305115e-09	1810.747981786728
455	-9.689383	62.437317	54.429173	-163.73576	382.9	-2.6920595	23.010412	50.07476	-99.19346	1824000	-0.045102417	753.3024	0.0	-376.73544	1.1944814	7.599592e-10	1815.9690709114075
456	-1.6067686	32.643272	48.270298	-54.439335	276.64285	0.26513672	23.415539	41.61894	-102.60248	1828000	-0.028940372	524.83624	0.0	-193.27942	1.1563936	1.192093e-10	1820.475439786911
457	-8.428002	57.58196	54.691895	-164.26625	326.36365	-11.540401	20.643007	41.68609	-102.62054	1832000	-0.052933764	716.4347	0.0	-262.2073	1.1971368	8.1956386e-10	1825.5655057430267
458	4.056858	58.17087	99.71843	-133.59312	306.84616	0.43978807	23.060513	44.520947	-97.69736	1836000	0.0075745964	671.5649	0.0	-246.25336	1.1856793	1.3709068e-09	1830.3985097408295
459	-41.75528	69.201385	44.863655	-155.8514	524.3333	-5.279638	18.087236	29.33724	-96.12191	1840000	-0.015459938	804.41974	0.0	-245.48523	1.2445107	-1.8924475e-09	1836.8629279136658
460	-12.654715	43.996937	71.73832	-98.29578	338.72726	-10.358939	26.643188	41.37527	-98.91835	1844000	-0.0385665	782.57263	0.0	-384.34048	1.1984559	1.1920929e-09	1842.031847000122
461	24.289291	46.94216	88.87841	-33.553875	669.2	-8.082259	15.938201	27.770317	-94.21967	1848000	-0.065927535	652.7067	0.0	-348.0787	1.2486209	2.503395e-09	1848.944433927536
462	-5.349705	38.96577	56.866417	-62.077652	564.0	3.229891	21.093824	50.057983	-78.85717	1852000	0.0044558905	559.8801	0.0	-302.5942	1.2380664	5.9604643e-10	1854.6692597866058
463	49.921276	35.991817	77.73465	-11.540296	791.5	-6.0400143	15.52512	39.913486	-81.83658	1856000	-0.031087246	523.1136	0.0	-338.93607	1.2701567	4.4703483e-10	1861.7799198627472
464	9.8363285	30.06383	80.07028	-40.2082	350.8	11.142858	25.614307	55.710205	-91.85074	1860000	0.014387527	935.1642	0.0	-418.2768	1.1994132	-1.4901161e-10	1867.8360967636108
465	-12.649296	56.870895	50.943417	-165.36176	323.83334	3.0444057	20.254509	48.524544	-107.92552	1864000	-0.030171191	847.91223	0.0	-359.19922	1.1884859	-9.685754e-10	1872.9784829616547
466	16.531122	31.480726	65.30049	-24.936995	345.9	-9.67628	19.060774	42.56794	-101.89782	1868000	-0.034800164	544.92914	0.0	-187.1431	1.2109802	1.3262034e-09	1877.906882762909
467	21.239399	33.454906	82.66937	-8.809904	691.8	-5.3035903	19.325947	45.96029	-100.78269	1872000	-0.055431254	508.05402	0.0	-249.59424	1.2498102	-8.3446505e-10	1884.792739868164
468	-22.268307	69.79193	55.73921	-137.08536	416.0	5.8737397	23.534992	52.408028	-98.18928	1876000	0.022791483	1010.6085	0.0	-500.66263	1.2009562	-4.3213366e-10	1890.3287937641144
469	-16.329573	31.716917	29.089144	-71.27131	540.7143	-8.718709	19.94685	41.82562	-108.69955	1880000	-0.019839348	482.60843	0.0	-277.99426	1.2204151	-8.1956386e-10	1895.929925918579
470	-15.415425	53.035007	49.057007	-158.53307	345.2	-4.684985	19.393597	44.39057	-110.24031	1884000	-0.032040436	737.83704	0.0	-297.23386	1.1869758	3.7252904e-10	1901.4813599586487
471	0.61892146	39.28347	56.881573	-77.72487	323.41666	-5.617371	18.811886	34.629734	-106.074066	1888000	-0.052551568	463.35648	0.0	-151.27414	1.1992538	0.0	1906.8963317871094
472	12.223244	49.25982	88.08306	-60.057587	488.0	-8.328892	18.887194	42.66444	-108.56225	1892000	-0.060567304	656.72174	0.0	-325.1125	1.2284338	4.4703483e-10	1912.9988598823547
473	-19.119078	63.357624	59.266518	-159.13728	378.33334	-2.5030723	23.249151	55.643566	-93.35255	1896000	0.005723592	749.72766	0.0	-336.98672	1.2009995	-1.2516975e-09	1918.3196489810944
474	20.805725	36.2742	96.077515	-40.969353	348.0	-3.4041793	17.024746	49.72476	-100.14981	1900000	-0.046526045	446.17767	0.0	-162.01468	1.2059817	-1.4007091e-09	1924.1659758090973
475	10.544405	48.793438	109.57119	-56.12088	530.4286	-3.6533294	20.939203	57.002007	-107.495964	1904000	-0.01456371	471.40103	0.0	-225.34956	1.248233	-1.3411044e-10	1930.3799378871918
476	-13.230508	58.39058	41.905396	-118.08041	386.22223	4.615737	25.99626	57.33532	-105.52937	1908000	0.02573211	723.13965	0.0	-344.2495	1.1998858	-1.7881394e-10	1936.6559798717499
477	14.496188	29.915775	78.39661	-48.78924	352.8	-3.583698	20.756615	56.549767	-107.14063	1912000	-0.046474583	503.6305	0.0	-255.11496	1.2090659	4.768372e-10	1942.398449897766
478	-0.98182696	31.396254	53.208218	-39.234425	380.1	-0.52102077	24.821632	49.569492	-100.337944	1916000	-0.013052391	409.33664	0.0	-145.59637	1.2101492	-2.8312205e-10	1947.9566810131073
479	-11.7204895	49.241333	63.82921	-100.488914	397.22223	-1.7529402	23.74738	48.67503	-106.37765	1920000	-0.037683196	638.49634	0.0	-337.25583	1.2015313	9.983778e-10	1953.824325799942
480	-9.228403	42.382343	61.19535	-116.1562	249.0625	-1.449134	28.858221	46.74425	-112.030945	1924000	-0.013292763	740.9568	0.0	-339.34982	1.127366	-1.385808e-09	1958.4654359817505
481	33.73495	22.799873	79.47209	8.943481	601.8333	-14.037716	20.259361	37.52317	-109.661705	1928000	-0.050457865	620.17596	0.0	-355.15488	1.2351857	9.983778e-10	1964.3265180587769
482	-15.8233185	37.507923	45.225445	-83.12585	348.27274	0.603641	26.292727	51.123554	-109.80636	1932000	-0.0057023563	528.0197	0.0	-173.59433	1.1955857	-6.109476e-10	1969.6947798728943
483	33.631638	57.222282	88.8229	-38.098484	689.4	-9.703027	17.90939	43.081997	-109.84775	1936000	-0.0452102	698.4683	0.0	-409.11484	1.2686538	-2.5779008e-09	1976.058529138565
484	21.603794	43.18842	89.821434	-30.841982	671.6	-1.2562243	21.63142	48.183178	-73.53415	1940000	-0.025147868	393.33023	0.0	-95.77826	1.2489569	-6.2584876e-10	1983.4049890041351
485	-17.757336	78.49158	103.58468	-190.44934	377.1	9.433881	26.709946	60.1945	-94.35191	1944000	0.023858417	1395.586	0.0	-783.22815	1.1966134	-1.2665987e-09	1988.9573357105255
486	-24.241943	36.20129	19.186562	-89.18582	548.4286	-8.08693	25.356007	42.283768	-108.97936	1948000	-0.027129605	733.3712	0.0	-378.20142	1.2173918	-3.2782554e-10	1994.6770210266113
487	28.985807	31.588604	94.75823	-8.551247	343.9091	-1.7023419	20.492832	47.267296	-91.80632	1952000	-0.05070698	329.24606	0.0	-134.95163	1.1717532	-2.3841857e-09	2000.267276763916
488	-14.792811	74.60561	89.994835	-166.87111	378.1111	-2.8842666	22.06595	49.38576	-110.40199	1956000	0.005890063	1024.9893	0.0	-315.995	1.2068887	-1.5944243e-09	2005.5790977478027
489	-10.240225	73.09953	73.45938	-201.87132	381.3	0.7940054	18.467182	50.497086	-108.38674	1960000	-0.04254706	849.711	0.0	-349.39023	1.1945345	4.61936e-10	2011.2959129810333
490	10.023603	19.849714	38.71957	-25.664722	348.2	-0.6195347	23.5643	51.75652	-108.33081	1964000	-0.0376118	484.90683	0.0	-198.54776	1.17816	-1.0877848e-09	2016.965637922287
491	20.594244	25.970766	56.194668	-14.905402	528.5714	-5.131293	19.892069	52.78726	-102.979416	1968000	-0.052900247	433.2558	0.0	-203.83304	1.2114197	1.3411046e-09	2023.3512828350067
492	11.845929	40.72322	58.951946	-45.861504	685.4	-0.11498789	19.204557	42.33177	-93.182625	1972000	-0.048136216	209.83263	0.0	-84.311424	1.2435825	8.046627e-10	2029.4855108261108
493	21.691532	26.076536	59.075832	-8.893766	408.75	-0.892947	22.397282	49.41797	-110.661995	1976000	-0.041640766	470.1025	0.0	-129.3872	1.2063237	-1.0579825e-09	2035.5374557971954
494	32.61816	40.77789	84.27988	-22.59407	498.625	-9.50951	21.355028	52.066975	-96.94768	1980000	-0.044030342	512.46246	0.0	-271.24045	1.2357553	-2.384186e-10	2041.7364218235016
495	18.740723	59.83818	116.28278	-70.90735	599.3333	0.6035786	23.110424	54.26816	-76.019135	1984000	-0.0142073445	627.88574	0.0	-148.77252	1.2324239	4.4703483e-10	2048.395175933838
496	9.941219	39.228073	98.7551	-55.757965	329.81818	8.053278	21.221815	55.58734	-90.57251	1988000	0.005006331	671.4991	0.0	-353.7761	1.1834025	1.2218953e-09	2053.6089618206024
497	-20.718561	50.50079	45.391785	-131.21075	431.625	-3.0859668	21.046236	51.789787	-118.826935	1992000	-0.01881245	575.33685	0.0	-263.7136	1.1780045	2.3692845e-09	2058.6047899723053
498	-12.926117	92.93548	96.32629	-198.76608	440.7143	-7.352461	20.503424	38.156082	-90.956985	1996000	0.0016471462	885.23773	0.0	-410.17047	1.2198137	1.1175871e-09	2065.1996228694916
499	-9.756558	47.610207	48.87597	-104.394394	544.2857	-6.231686	21.31017	44.49308	-105.14842	2000000	-0.0505067	471.97507	0.0	-215.1966	1.214744	6.2584876e-10	2071.525421857834
