Epoch	AverageEpRet	StdEpRet	MaxEpRet	MinEpRet	EpLen	AverageVVals	StdVVals	MaxVVals	MinVVals	TotalEnvInteracts	LossPi	LossV	DeltaLossPi	DeltaLossV	Entropy	KL	Time
0	-255.1732	139.32756	-59.77071	-548.3096	87.954544	-0.082746305	0.03558344	0.05485645	-0.21296883	4000	0.028282136	25612.416	0.0	-1186.5234	1.34915	-1.1324883e-09	1.0073940753936768
1	-212.88191	116.42449	20.794092	-507.77164	95.07692	-3.5901518	0.9861859	2.6865351	-4.4534883	8000	0.006526023	15780.626	0.0	-845.26416	1.3597254	-8.9406965e-10	2.0632190704345703
2	-139.37044	74.184425	-21.620308	-363.18195	104.91892	-7.7423077	0.17861494	-5.174487	-7.8593397	12000	-0.009309299	6382.4097	0.0	-314.17798	1.354929	-2.6226044e-09	3.087559938430786
3	-135.01251	85.331314	-30.99398	-364.50803	113.35294	-10.081824	0.15233769	-7.3956947	-10.180072	16000	0.02332751	5445.847	0.0	-243.91138	1.2984431	2.667308e-09	4.110079050064087
4	-120.873566	98.840675	13.78182	-434.41418	122.71875	-12.181889	0.13967489	-9.416821	-12.265001	20000	0.047985807	5542.2607	0.0	-183.2102	1.2529213	-4.0382147e-09	5.188626050949097
5	-89.21248	61.562157	19.941408	-220.9339	123.34375	-14.066671	0.14782102	-11.551514	-14.127941	24000	0.011347361	2517.8635	0.0	-85.39209	1.2322714	2.682209e-10	6.242269992828369
6	-44.87513	36.556488	47.622997	-121.81703	128.5	-15.307533	0.43080193	-13.007136	-15.469989	28000	0.019908104	1092.3308	0.0	-5.9124756	1.2230948	-7.1525574e-10	7.70512318611145
7	-85.4973	83.97435	22.9163	-366.06302	211.66667	-15.283836	1.4211388	-8.048476	-15.882952	32000	0.0045954185	2466.8613	0.0	-51.861023	1.1408517	-8.7916857e-10	9.422483921051025
8	-148.43448	55.486767	-32.885635	-253.67914	407.55554	-16.428658	0.16281766	-15.708566	-16.561636	36000	0.025637932	2626.5234	0.0	-30.901794	1.0859098	-3.4272674e-10	11.665890216827393
9	-154.39412	45.60223	-96.39268	-233.0167	479.83334	-17.35412	0.0979105	-16.870441	-17.427498	40000	-0.019015273	1373.934	0.0	-3.3778076	1.0377822	4.768371e-10	13.77818512916565
10	-186.10474	100.35656	-111.43949	-402.3828	554.6667	-17.687475	0.13400891	-16.744726	-17.770428	44000	-0.012149215	2046.9758	0.0	-13.849548	1.0433402	8.940696e-10	15.934146165847778
11	-129.01863	63.918236	-37.829838	-211.41673	621.8333	-18.321241	0.016830435	-18.184576	-18.341686	48000	-0.0024322346	965.43994	0.0	-3.1214294	1.0533004	-1.2069941e-09	18.174882173538208
12	-92.85972	96.87682	182.42136	-190.9445	359.0	-18.648289	0.04164312	-18.317198	-18.681189	52000	-0.07823475	2058.406	0.0	-5.164551	0.9947548	-2.0116568e-09	19.861698150634766
13	-28.00608	120.26862	186.62541	-260.47562	315.5	-19.044413	0.047074284	-18.828869	-19.07512	56000	-0.016367227	2915.433	0.0	-3.7155762	0.9234696	-1.2665987e-09	21.60691809654236
14	-7.482287	131.79855	247.59807	-187.1341	317.25	-18.714949	0.045750774	-18.444891	-18.7465	60000	0.0047568306	3745.435	0.0	-7.805542	0.9197163	-5.364418e-10	23.376376152038574
15	-19.409641	109.252235	232.20258	-175.50967	279.53845	-18.180866	0.036566913	-17.889383	-18.200953	64000	0.035596177	3620.9277	0.0	-7.2391357	0.8643254	1.1622906e-09	24.857972145080566
16	60.245693	124.645035	240.04578	-192.7686	271.85715	-17.634768	0.02726038	-17.434134	-17.651047	68000	-0.0181988	3621.3254	0.0	-114.824585	0.777087	8.791685e-10	26.295670986175537
17	22.19434	114.667244	200.86795	-163.93666	358.9	-15.494014	0.027854662	-15.302267	-15.511966	72000	0.082254	3063.3767	0.0	-34.35193	0.730345	8.493662e-10	28.073594093322754
18	116.84699	115.75281	235.59854	-123.24371	363.1111	-14.197208	0.019164715	-14.080129	-14.211192	76000	-0.05721991	2609.7537	0.0	-166.99182	0.7357835	-2.5182962e-09	29.929084062576294
19	-72.28065	128.95317	208.62466	-169.0741	505.83334	-11.532044	0.021361653	-11.414497	-11.549704	80000	0.108422145	2075.6409	0.0	0.24206543	0.8344312	-1.0430813e-09	32.04626727104187
20	33.18849	131.80676	169.98134	-119.97974	528.0	-11.489658	0.024658194	-11.350337	-11.509444	84000	-0.11258195	1621.6797	0.0	-25.172058	0.92952603	9.685754e-10	34.120453119277954
21	-106.214035	138.30055	147.99344	-260.95316	729.6	-10.463653	0.018583698	-10.39502	-10.480677	88000	0.013726853	1262.6261	0.0	-2.9381104	0.94621074	-9.685756e-10	36.66278100013733
22	-90.145676	109.36722	94.617035	-202.85353	739.4	-10.770999	0.009524951	-10.669198	-10.78121	92000	-0.08754466	758.8918	0.0	-0.6564331	0.9809731	9.983778e-10	39.29090619087219
23	-125.90876	58.2236	-87.114296	-226.57527	727.25	-10.980895	0.0019841196	-10.968308	-10.983764	96000	-0.030505972	566.13794	0.0	-14.423248	0.9949049	1.5795231e-09	41.96960210800171
24	-218.81519	44.86038	-146.54677	-276.66983	688.0	-11.836413	0.001387046	-11.831231	-11.838653	100000	-0.0042093173	873.0499	0.0	-58.91844	1.00956	-4.023315e-10	44.80362010002136
25	-68.299706	58.315807	-11.922524	-165.94868	984.5	-13.61279	0.0141897835	-13.534197	-13.627861	104000	-0.03244954	315.35236	0.0	-2.1524925	0.98015034	2.2202729e-09	47.85097813606262
26	10.133579	204.24269	219.81885	-275.79517	709.25	-13.357857	0.014550502	-13.270645	-13.373067	108000	-0.11574133	1344.3958	0.0	-21.317932	0.8804487	-8.940696e-10	50.26697301864624
27	-14.270094	113.87015	116.02702	-144.24489	724.25	-12.2441845	0.025871633	-12.027286	-12.260139	112000	-0.079882875	1208.1505	0.0	-15.665405	0.8554034	7.450579e-11	52.76405715942383
28	-81.404396	87.122215	95.41448	-191.14125	602.3333	-11.238799	0.01221324	-11.154539	-11.249965	116000	0.044633716	1249.2188	0.0	-3.255127	0.8792207	5.5879354e-09	55.05403804779053
29	-142.38445	82.37187	-4.906366	-219.80898	776.0	-11.626006	0.016916977	-11.54032	-11.641161	120000	-0.011480648	1089.4325	0.0	-4.5630493	0.9116508	1.6689301e-09	57.204501152038574
30	-136.99677	48.525932	-82.258484	-214.44038	751.75	-12.187188	0.008616568	-12.147075	-12.196693	124000	-0.03243793	491.5065	0.0	-5.711258	0.94052887	3.6507846e-09	59.717188119888306
31	-71.12578	13.275418	-55.23386	-91.970764	909.25	-12.821442	0.009174745	-12.791119	-12.834231	128000	-0.03233852	351.02454	0.0	-0.16244507	0.90447646	-2.682209e-10	62.601643085479736
32	-17.476513	71.78707	96.86318	-100.12106	975.25	-12.742832	0.012658264	-12.704174	-12.758335	132000	-0.12359217	412.1024	0.0	-13.723068	0.83098257	-2.3841857e-09	65.63885021209717
33	12.515007	92.594376	163.47891	-82.621155	850.25	-11.746871	0.015480181	-11.703745	-11.764704	136000	-0.07869769	832.6144	0.0	-28.36084	0.86271906	-8.4936613e-10	68.29559302330017
34	52.854385	99.6267	173.52158	-68.0011	862.25	-10.253713	0.014966307	-10.188172	-10.269588	140000	-0.06513643	839.3062	0.0	-43.769775	0.80894053	-5.066395e-10	71.14950704574585
35	-56.29157	36.121094	-8.856082	-94.732735	1000.0	-8.366278	0.014756697	-8.310955	-8.38195	144000	0.1152958	679.98926	0.0	-0.8891754	0.7507647	9.2387203e-10	74.64906120300293
36	-19.440979	12.442269	-6.5148826	-37.637424	1000.0	-8.543119	0.015584072	-8.503964	-8.564111	148000	-0.094492055	184.29102	0.0	-2.8971634	0.90391445	2.2500755e-09	78.23569893836975
37	-1.1999464	51.69506	87.25804	-42.77657	892.75	-8.092208	0.012599888	-8.048938	-8.104268	152000	0.051383298	562.88696	0.0	-7.0276947	0.693426	4.0978194e-09	81.71452403068542
38	48.559032	85.48762	146.31828	-79.612465	854.5	-7.2958055	0.013541664	-7.2343187	-7.308548	156000	-0.060367055	686.4826	0.0	-20.3508	0.69507676	1.2367963e-09	84.9874861240387
39	60.79653	137.02065	181.18222	-174.81465	702.0	-5.9310174	0.011831509	-5.8714733	-5.9399304	160000	-0.014796384	1482.2949	0.0	-32.6203	0.6610949	-4.8130753e-09	87.12662100791931
40	43.939373	122.011986	151.16992	-150.74963	595.4	-4.158594	0.010135427	-4.097858	-4.166544	164000	-0.07305676	1243.188	0.0	-20.500397	0.7419983	1.5944243e-09	89.61254906654358
41	41.761898	84.18543	135.30275	-73.89829	571.5	-2.7020376	0.0074559264	-2.6607125	-2.7078695	168000	-0.06332452	1146.9324	0.0	-15.849777	0.7316911	2.1457671e-09	91.87896704673767
42	11.289462	74.485794	113.379875	-77.48023	745.2	-1.412664	0.0039379476	-1.393846	-1.4156103	172000	0.028863372	958.9522	0.0	-1.6772461	0.6384585	-2.980232e-09	94.59686827659607
43	51.60277	113.38695	178.16933	-89.70188	567.6667	-0.9419923	0.0031209688	-0.9247742	-0.9445555	176000	-0.08115792	1072.2684	0.0	-11.042984	0.69235206	4.3958424e-09	97.52970290184021
44	40.801018	121.40044	157.27013	-133.82855	668.4	0.1328943	0.0012245205	0.13733365	0.13178256	180000	-0.08854198	1207.1106	0.0	-3.1798706	0.72905844	2.9951335e-09	99.6175811290741
45	18.481318	89.73378	170.69159	-49.192368	900.5	0.76771337	0.0005781732	0.76811683	0.76488674	184000	-0.012257086	411.3083	0.0	-0.13911438	0.6712098	-2.861023e-09	103.94936203956604
46	-56.018044	25.021633	-29.500559	-85.689995	1000.0	0.66842264	0.00038817798	0.6688071	0.66701293	188000	-0.105116874	243.89719	0.0	-24.88028	0.8613343	-4.4703477e-11	107.09472322463989
47	-50.247482	22.174547	-28.330458	-87.289116	1000.0	-1.013607	0.0009687939	-1.0111771	-1.0153165	192000	-0.06767524	255.45059	0.0	-17.711418	0.8459432	2.9802322e-10	109.63241195678711
48	-67.15604	20.78178	-43.56204	-95.81826	1000.0	-2.5339615	0.0016422189	-2.5296085	-2.5368376	196000	-0.083450094	176.17264	0.0	-15.943954	0.8334737	-5.7667497e-09	112.81279015541077
49	-56.16967	5.0924964	-50.74885	-62.820446	1000.0	-3.9823515	0.0013802969	-3.978166	-3.9855783	200000	-0.06207423	297.55115	0.0	-12.728119	0.83079267	-2.8759242e-09	115.16208791732788
50	-98.9917	7.113244	-89.39534	-109.46841	1000.0	-5.300513	0.0018524543	-5.295749	-5.3043113	204000	-0.050874267	103.18562	0.0	-16.072403	0.8451514	5.9604544e-11	117.7572832107544
51	-16.578339	97.38069	149.8348	-97.37209	910.5	-6.7841964	0.0059780558	-6.735798	-6.7915115	208000	-0.07574421	559.87006	0.0	-4.2039337	0.7222636	-2.9951333e-09	120.61399912834167
52	-36.490864	102.80926	116.06558	-172.76677	908.0	-6.1036615	0.009577148	-6.051294	-6.115843	212000	-0.09982361	1180.0525	0.0	-1.8953857	0.7337059	-5.8114527e-09	123.87037324905396
53	-81.41613	22.789474	-65.51525	-120.736305	937.75	-5.5571256	0.008725255	-5.532767	-5.5690136	216000	-0.041617904	310.65546	0.0	-8.829964	0.8269851	1.0728836e-09	126.186527967453
54	-76.22239	73.126045	2.7579367	-187.98326	944.5	-6.6461945	0.009138732	-6.623291	-6.656712	220000	-0.026758214	463.7763	0.0	-0.4553299	0.74350727	8.7916846e-10	128.65247797966003
55	-2.439571	108.02907	194.24689	-114.25889	561.7143	-6.9535065	0.008806167	-6.9035125	-6.96115	224000	-0.019862384	1511.5406	0.0	-3.10437	0.62201375	-2.7120113e-09	131.1080460548401
56	93.0909	81.22026	180.22389	-38.706867	697.25	-6.2837563	0.006238308	-6.257046	-6.288908	228000	-0.08821167	1280.947	0.0	-93.66919	0.55860597	-2.2351743e-10	133.46376514434814
57	-51.3198	25.893433	-16.07514	-83.31211	701.6	-2.5246816	0.00296943	-2.5091116	-2.527887	232000	0.013976839	746.3986	0.0	-10.249298	0.72333103	9.0897084e-10	136.02418518066406
58	-20.733486	11.965465	-4.6030855	-36.241978	788.25	-3.5905907	0.002802505	-3.5840096	-3.595022	236000	-0.0560103	278.27618	0.0	-2.4626923	0.808159	1.0579825e-09	139.12810111045837
59	-48.983055	40.41489	-15.994777	-120.87375	784.4	-4.2798715	0.002855611	-4.2731347	-4.284119	240000	0.0017448643	631.67175	0.0	-8.304199	0.77910423	-1.5348197e-09	141.81493210792542
60	-35.448067	28.873507	-1.0661236	-80.08117	1000.0	-5.449338	0.0031299018	-5.4045486	-5.4536023	244000	-0.045060664	259.56897	0.0	-0.3421631	0.7741714	-1.8775463e-09	144.79191708564758
61	-29.5084	20.57368	-8.386969	-63.316586	1000.0	-5.74594	0.001710479	-5.741322	-5.7487416	248000	-0.07108742	207.88742	0.0	-0.10845184	0.82503664	2.0712614e-09	148.60923600196838
62	-30.040194	28.371595	-3.181674	-77.72271	1000.0	-5.8896303	0.0015478058	-5.8858767	-5.8922853	252000	-0.10021223	272.53784	0.0	-0.04411316	0.80939907	1.0579824e-09	151.7051820755005
63	-36.559555	12.16788	-20.393753	-50.56796	1000.0	-5.9834785	0.0014609051	-5.9798574	-5.985845	256000	-0.08577546	155.813	0.0	-0.15024185	0.8123082	-2.1904707e-09	155.18458604812622
64	-38.818733	8.816736	-30.481668	-52.308296	1000.0	-6.1540112	0.001109421	-6.1515837	-6.1559896	260000	-0.10112755	157.3754	0.0	-0.81288147	0.8121487	1.1175871e-09	158.4235270023346
65	-30.26964	14.606983	-21.331242	-55.56393	1000.0	-6.556559	0.0016325612	-6.552754	-6.5591145	264000	-0.12252717	161.57393	0.0	-0.014472961	0.7991736	-1.847744e-09	161.71643209457397
66	-6.161502	37.852444	48.746685	-52.16744	808.25	-6.5178537	0.002449034	-6.5040855	-6.521278	268000	-0.09187889	309.14963	0.0	-2.1911469	0.77455705	2.0861626e-09	164.89212799072266
67	-22.08994	18.30345	8.823751	-38.99488	1000.0	-5.8379335	0.0024843768	-5.8320956	-5.841534	272000	-0.113074645	182.95358	0.0	-0.0271492	0.80441403	1.4305115e-09	168.68616199493408
68	24.031954	95.57199	186.66925	-59.095802	915.25	-5.7284055	0.0033815275	-5.7086983	-5.73307	276000	-0.13091141	476.17072	0.0	-16.837746	0.7398454	-3.1888485e-09	172.13185906410217
69	-20.052563	82.33267	101.185814	-128.07791	774.5	-3.7937436	0.0027788142	-3.7869308	-3.7972038	280000	-0.08798513	462.03903	0.0	0.013000488	0.7583302	-6.705522e-10	175.2202820777893
70	54.305145	107.732475	152.34204	-118.46362	608.0	-3.6564038	0.002125067	-3.6504095	-3.6585844	284000	-0.08120885	1052.6278	0.0	-39.596832	0.67625153	3.2484533e-09	177.81971216201782
71	-17.842718	125.259384	214.34738	-179.25706	378.625	-0.651608	0.00061812147	-0.64818794	-0.6520917	288000	0.002315621	1774.9235	0.0	-21.998596	0.5742135	3.5315753e-09	180.34245705604553
72	131.24069	99.06564	216.57787	-95.945076	473.0	-2.7631552	0.001451879	-2.749638	-2.764326	292000	-0.11591836	1367.7996	0.0	-224.64514	0.6132371	4.068017e-09	182.43317914009094
73	85.21052	114.69149	201.19942	-142.2544	423.33334	3.593692	0.0028567489	3.5951188	3.5680318	296000	-0.03955321	1525.1239	0.0	-140.49188	0.43660128	1.4901178e-11	184.49180912971497
74	134.57523	105.77186	207.59048	-139.48576	447.5	8.583289	0.0035342113	8.585745	8.559366	300000	-0.08319542	1422.1606	0.0	-126.13165	0.5105779	-1.6689301e-09	186.6644742488861
75	69.472496	120.89553	209.98987	-129.94304	387.77777	13.062155	0.0043416936	13.065361	13.008506	304000	-0.027489616	1644.7285	0.0	-2.6414795	0.5806068	-1.2814998e-09	188.492928981781
76	103.632095	70.749825	179.5814	-15.394719	454.0	13.8975115	0.008160855	13.902743	13.855246	308000	-0.012649198	1417.9275	0.0	-6.32428	0.50623566	1.8179416e-09	190.60501313209534
77	78.30921	129.53114	240.50348	-125.801765	230.38461	14.890802	0.0052630273	14.894013	14.86958	312000	0.030495504	1497.6863	0.0	-47.089233	0.43189186	-2.9355287e-09	193.00319004058838
78	39.967785	125.66066	227.51582	-109.74695	264.13333	17.601925	0.006162936	17.605549	17.50377	316000	0.028229313	2352.69	0.0	-5.792053	0.46539766	-2.8312206e-09	194.64612317085266
79	29.88811	77.18767	159.63503	-45.955578	390.44446	16.77577	0.014311416	16.786133	16.730364	320000	0.040898517	1978.6033	0.0	-90.34912	0.5120307	-1.1026859e-09	196.3771960735321
80	93.63611	102.85206	236.66861	-53.19567	331.58334	13.061595	0.04594825	13.087329	12.81672	324000	-0.027302304	1806.6257	0.0	-26.79779	0.4623143	1.296401e-09	198.29633212089539
81	110.55854	97.97228	228.4398	-26.269148	292.91666	14.875709	0.040807605	14.90744	14.631074	328000	-0.042618874	2106.0168	0.0	-60.703552	0.43681931	4.917383e-10	199.88245511054993
82	63.033607	80.837715	210.84225	-10.574705	236.93333	17.933887	0.06740177	17.986746	17.602451	332000	0.04081286	2062.185	0.0	-345.25604	0.47362068	7.092953e-09	201.67841696739197
83	97.69849	106.595375	264.14838	-15.284874	285.66666	4.2931457	11.47221	18.892035	-15.612766	336000	0.034706775	1711.0436	0.0	-218.64548	0.4862353	-4.6193582e-10	203.80499815940857
84	118.27324	105.03516	281.04352	-17.658813	292.3846	13.39235	8.462609	21.58796	-20.306046	340000	-0.011689362	1923.8401	0.0	-205.28754	0.49753797	4.4107438e-09	205.64772820472717
85	152.30827	94.58685	260.1725	-30.428652	328.0	19.88427	9.391478	25.781153	-24.0569	344000	-0.004330216	1422.4188	0.0	-217.99646	0.4578549	-2.6226044e-09	207.34667229652405
86	170.35991	81.03912	250.95627	12.34571	314.18182	23.935	10.730602	28.952572	-27.342016	348000	-0.0069744466	1291.4194	0.0	-119.96466	0.45289195	1.4603139e-09	208.90919303894043
87	191.85098	70.74539	269.05124	-7.1547	341.18182	28.078213	8.930465	32.512753	-29.339182	352000	-0.060846254	1424.247	0.0	-180.30426	0.49849096	-2.5182962e-09	210.51397514343262
88	185.67876	69.56916	249.89754	43.19608	352.0	34.07872	5.1497254	35.856308	-31.899588	356000	-0.039022885	1199.4749	0.0	-99.02869	0.5084188	-7.897616e-10	212.13275289535522
89	113.55419	95.004906	263.3221	22.478483	483.5	34.75243	7.573138	37.802864	-35.667946	360000	-0.0022241734	1424.8113	0.0	-584.85156	0.46738607	-1.743436e-09	213.96409511566162
90	142.15712	90.13606	244.0727	12.558748	584.5	15.846264	16.046825	37.77291	-35.52844	364000	-0.01749688	635.5255	0.0	-45.627472	0.47304147	3.144145e-09	216.2041380405426
91	106.344345	50.578827	187.48145	49.359615	992.25	13.128863	11.481557	38.282223	-20.741255	368000	0.10523475	314.01233	0.0	-104.37826	0.46088842	-4.1872266e-09	218.96885418891907
92	175.41342	68.67887	284.72986	77.731926	716.4	9.054054	13.584179	38.53976	-23.304325	372000	-0.004505113	862.95734	0.0	-310.3717	0.396764	-1.9520523e-09	221.3413712978363
93	130.30618	90.113304	240.55685	6.5917583	597.6	19.495722	18.098965	39.90446	-26.831469	376000	-0.051516585	599.81335	0.0	-68.56639	0.47319764	-4.127622e-09	223.61438512802124
94	176.92705	39.595177	224.09694	125.67548	780.4	11.806086	16.123985	39.43336	-14.735185	380000	-0.07556535	337.15375	0.0	-48.223843	0.5961869	-8.434057e-09	225.75464010238647
95	146.86894	102.65536	284.88452	4.9122705	518.3333	19.367006	14.883777	39.875046	-29.663288	384000	-0.06163846	504.50372	0.0	-16.851608	0.5564604	4.2170285e-09	227.84635591506958
96	74.71917	129.71509	215.0522	-136.6211	655.25	23.058664	11.129669	40.28214	-22.421892	388000	-0.0019003479	783.164	0.0	-403.81976	0.5526625	-2.2500752e-09	229.94567823410034
97	159.77403	86.264435	285.05676	15.5673485	675.4	10.52721	14.013667	40.09625	-37.823605	392000	-0.08546674	780.8746	0.0	-377.2927	0.5651802	-2.965331e-09	232.20998907089233
98	156.64124	83.59318	262.68204	32.955612	667.2	20.987507	15.766203	40.928726	-4.3631725	396000	-0.09007638	404.24792	0.0	-61.7795	0.59838563	6.526709e-09	234.66196990013123
99	179.24753	48.00275	234.62245	120.3802	858.25	18.369886	14.04257	40.16792	-5.3114705	400000	-0.08365299	371.80792	0.0	-23.7117	0.58992493	-1.9818542e-09	237.01445198059082
100	241.46057	19.042292	268.92484	220.0867	416.125	28.970785	9.515182	40.858467	1.6776178	404000	-0.15744932	971.61163	0.0	-400.46222	0.5478476	6.8843367e-09	238.81291913986206
101	173.42735	105.323746	269.20325	-6.4237223	340.0909	36.669094	6.2490664	43.540154	-36.946724	408000	-0.08969317	746.9065	0.0	-174.09088	0.47972035	1.1771918e-09	240.48799204826355
102	149.59714	102.66372	263.38812	14.071321	619.5	40.27301	3.589944	45.220154	12.16736	412000	-0.03587191	1091.3145	0.0	-453.86398	0.5132926	1.564622e-09	242.52174425125122
103	85.37337	159.41652	223.1398	-235.76837	442.75	30.765146	12.553209	42.123775	-35.226387	416000	-0.046882536	1485.1232	0.0	-307.61353	0.5128902	-2.30968e-09	244.48712015151978
104	169.55832	62.942394	238.24815	27.87527	559.2857	30.84489	3.4921112	39.792534	13.889716	420000	-0.107852146	793.0345	0.0	-73.47258	0.52181166	1.9669533e-09	246.8638210296631
105	127.07648	143.18146	267.4443	-96.06272	610.8	26.238487	11.051461	39.7858	-36.664627	424000	-0.05208807	1368.8473	0.0	-403.4783	0.5148456	4.127622e-09	248.99798607826233
106	27.087782	121.30088	214.5623	-80.48183	577.8333	22.286995	6.1802807	36.867676	-19.882153	428000	-0.04648628	1325.6902	0.0	-222.89685	0.5490711	2.6226044e-09	251.09927105903625
107	60.940678	108.82887	198.74083	-82.51174	542.1667	16.859945	7.8289585	34.53883	-28.544472	432000	-0.055864155	761.6112	0.0	-111.14891	0.52300197	2.220273e-09	253.25044894218445
108	34.870625	143.23888	247.30754	-108.87699	559.0	11.727369	7.76416	33.800926	-26.859436	436000	-0.046333235	1300.8898	0.0	-182.97772	0.5273271	-2.2351743e-10	255.66897320747375
109	136.52441	32.540245	189.2878	103.21345	759.5	9.8990755	10.428663	33.548492	-29.735828	440000	-0.09051524	568.4068	0.0	-20.860733	0.53003776	1.2218953e-09	258.85685205459595
110	-32.05532	123.28741	135.13727	-147.04865	647.4	10.212013	10.067129	34.738533	-33.08119	444000	0.007780854	1065.2744	0.0	-112.85077	0.54747385	-2.8312203e-10	261.42540407180786
111	77.022766	150.53523	220.5119	-109.187805	603.0	6.896613	12.635441	34.29762	-32.736378	448000	-0.02099313	1266.9935	0.0	-239.0379	0.47451282	5.6624405e-10	263.48944115638733
112	-15.068765	111.95218	166.74718	-134.11472	535.1429	11.171152	14.573377	34.9003	-31.918686	452000	0.021053426	1489.9082	0.0	-162.92346	0.4899654	-7.4505735e-11	265.3139750957489
113	110.0555	91.36666	159.19257	-72.538086	660.4	3.3835075	14.709093	34.59438	-32.79047	456000	-0.036514506	751.22797	0.0	-178.21465	0.46903032	-8.791685e-10	267.1484191417694
114	-115.44323	178.97429	217.05911	-456.63297	338.125	10.814155	14.223686	35.434967	-33.629814	460000	0.0030738954	3410.8623	0.0	-572.8092	0.4810542	4.8130753e-09	268.9620201587677
115	-25.506767	92.44259	222.15157	-120.9045	411.77777	2.1762981	17.91096	35.951424	-34.8834	464000	0.04731516	1740.5037	0.0	-341.82312	0.44951582	-3.3527612e-09	270.5582790374756
116	14.49411	152.57713	221.42972	-235.75206	422.125	-2.1032217	24.700647	37.328773	-36.221104	468000	0.023785064	1883.8486	0.0	-255.5683	0.41735515	-6.6310166e-09	272.13886308670044
117	-16.8722	208.58055	229.63376	-272.83957	370.22223	2.828638	19.62874	37.47528	-36.520554	472000	-0.018586766	1999.0886	0.0	-360.91156	0.4042626	4.0382147e-09	273.7576940059662
118	123.447395	113.38174	193.2832	-127.4731	590.8333	15.803607	12.33517	39.627	-37.90598	476000	-0.035892457	854.9806	0.0	-71.977875	0.40938437	2.3692848e-09	275.4670841693878
119	58.973846	143.58511	171.46065	-198.04922	539.1667	16.126183	12.196377	40.83247	-39.73589	480000	-0.026300194	708.6752	0.0	-43.820312	0.40708095	2.6077034e-09	277.4008901119232
120	-31.016434	197.61414	220.33533	-259.90082	380.0	8.934338	19.668526	41.70535	-40.77539	484000	0.0029634926	2156.9568	0.0	-115.510376	0.38310027	6.5118075e-09	278.99872517585754
121	97.26178	109.18798	209.62387	-83.55888	529.8333	11.571109	16.1886	42.583218	-41.398678	488000	-0.0012797173	803.2776	0.0	-103.32089	0.37900063	-2.0563602e-09	280.77079820632935
122	11.220678	129.75911	193.53358	-97.150375	663.4	14.217364	9.8684635	43.830032	-29.24796	492000	-0.006445322	866.49457	0.0	-165.91176	0.41629502	6.0349703e-09	283.01375102996826
123	-9.881506	103.97664	193.08113	-85.102425	663.4	2.6458917	12.292198	43.8283	-37.991344	496000	-0.00046461448	839.7296	0.0	-152.48587	0.43514842	5.8710574e-09	285.00492906570435
124	167.76343	31.464485	211.75775	130.12624	783.75	0.6700275	14.258442	44.3808	-37.728832	500000	-0.049791507	943.6053	0.0	-425.62958	0.42469785	2.2202729e-09	287.24901008605957
125	-10.101031	178.39262	158.51898	-248.71054	629.8	7.454973	14.824742	46.138317	-44.7133	504000	-0.002630435	758.621	0.0	-156.65431	0.41691256	-7.3611734e-09	290.4649510383606
126	-25.938725	146.96707	189.05742	-271.03238	763.6	6.4328656	15.882362	47.880085	-46.899776	508000	-0.014905117	568.80676	0.0	-52.99866	0.42080963	4.112721e-09	293.14499711990356
127	-66.256065	138.93561	189.06221	-235.90887	754.4	2.4852235	12.076693	48.060642	-46.681293	512000	-0.0027374448	647.4115	0.0	-66.857285	0.45912266	-2.0414592e-09	295.38342928886414
128	-128.77892	91.03597	-16.17483	-269.4784	783.5	-0.06621448	11.292137	47.996006	-47.326237	516000	0.014955109	434.5351	0.0	-44.80253	0.46041137	-7.1227553e-09	297.8177990913391
129	-76.15703	22.85867	-48.523308	-109.93667	1000.0	-0.81495476	8.237752	47.397392	-42.83121	520000	-0.020104695	100.60669	0.0	-21.130976	0.4558106	2.9951335e-09	300.32524394989014
130	-150.87503	17.78322	-122.063614	-170.18001	1000.0	-4.091405	2.3821666	15.493477	-33.03065	524000	-0.026902132	147.74591	0.0	-65.30628	0.50471044	-9.23872e-09	303.0949921607971
131	-152.40703	33.829525	-115.20451	-189.82962	1000.0	-7.199629	6.3975754	36.848362	-33.737362	528000	-0.021445096	141.81471	0.0	-40.9086	0.49868536	-4.4703477e-11	305.96685314178467
132	-364.3852	47.489204	-331.11505	-445.96457	1000.0	-9.760787	8.20527	41.78299	-35.3715	532000	0.05639275	750.3618	0.0	-328.90988	0.5174818	-5.2005054e-09	309.4400200843811
133	-573.8539	15.083187	-551.6841	-588.1556	1000.0	-19.307487	1.2112272	-17.306358	-31.472986	536000	0.06562905	1461.3539	0.0	-1171.2125	0.5591396	5.811453e-10	312.7038950920105
134	-378.4405	66.704254	-265.58517	-438.4629	1000.0	-43.47766	4.444356	13.040424	-44.111748	540000	0.04347228	230.77826	0.0	-99.73242	0.5496125	1.0281802e-09	314.9538540840149
135	-234.56721	51.088947	-146.79807	-274.06772	793.0	-36.347992	13.105574	43.207237	-43.83907	544000	0.042788073	627.996	0.0	-211.38477	0.51063	1.9073485e-09	317.4670829772949
136	-97.43451	40.752163	-44.23169	-153.63136	1000.0	-22.386211	10.37428	38.974083	-43.913883	548000	-0.04157498	215.48071	0.0	-142.55711	0.51341385	3.3527614e-09	320.2852511405945
137	-77.39627	61.066193	-1.7184647	-172.28052	797.5	-9.878608	12.225482	43.04742	-43.49029	552000	-0.0019826517	252.59459	0.0	-29.632214	0.48912784	-2.2649764e-09	323.1238842010498
138	-17.741402	23.043165	10.79507	-51.902775	1000.0	-2.867059	8.979406	42.912704	-30.04141	556000	-0.0022523906	84.56869	0.0	-22.475033	0.4827	-5.364418e-10	325.44355821609497
139	107.75831	126.04986	196.68513	-109.75388	762.75	0.8102687	12.784892	42.59991	-35.507805	560000	-0.02838935	716.4775	0.0	-142.35089	0.45913908	1.9669533e-09	327.6834502220154
140	127.08218	109.64936	190.6738	-91.61492	625.2	11.942765	10.266087	42.905277	-11.962954	564000	-0.007104057	818.1283	0.0	-46.114365	0.44245878	-6.9141386e-09	329.66499614715576
141	189.08684	25.077116	230.97594	156.31615	587.6667	15.950909	12.552604	43.04338	-38.198425	568000	-0.01902033	695.5967	0.0	-201.09187	0.4067088	-4.068017e-09	331.56047010421753
142	159.95956	111.97117	239.71498	-109.4634	527.2857	25.990686	8.843094	43.782417	-12.952492	572000	0.010025896	1022.7013	0.0	-63.583572	0.407371	3.2782554e-10	333.3986511230469
143	205.9067	87.42007	263.18518	-16.149958	433.875	27.5808	8.644849	44.540165	-16.129675	576000	-0.027401496	743.1181	0.0	-118.735794	0.40626693	2.2351743e-09	335.1515100002289
144	171.71616	90.203865	266.15628	18.608755	454.5	34.970932	7.38723	45.753315	4.0823	580000	0.018652251	1094.2463	0.0	-151.1708	0.3658338	-2.6077032e-09	336.8708438873291
145	186.02621	85.96468	265.93008	-28.735035	416.66666	28.853086	8.010605	46.46889	-15.583855	584000	-0.018149152	1080.1929	0.0	-186.4154	0.34543663	-2.9802327e-11	338.4574770927429
146	232.37935	20.241175	276.9572	198.80554	378.5	38.584984	5.3577023	47.236206	-8.3449955	588000	-0.09777969	430.87848	0.0	-138.14174	0.37233508	-2.4139881e-09	340.0437870025635
147	235.34688	17.439661	278.58322	207.26889	394.5	45.630085	4.686273	50.219315	19.178135	592000	-0.082387134	246.83801	0.0	-28.89656	0.3826114	-2.3692848e-09	341.7221472263336
148	184.43784	121.8063	256.97903	-127.90909	434.25	44.90525	5.7217507	52.079483	0.54830015	596000	0.038265303	1504.9086	0.0	-348.011	0.36276197	3.7550927e-09	343.33539509773254
149	242.88278	13.385492	259.2247	213.29074	394.77777	41.780415	4.368392	51.98739	12.762375	600000	-0.0711277	325.017	0.0	-88.35427	0.36479092	2.577901e-09	344.8870232105255
150	220.35455	32.97226	279.11942	164.82462	418.125	43.832504	6.2895923	53.53595	-5.9407597	604000	0.005069433	718.47546	0.0	-88.12457	0.37106442	1.013279e-09	346.57639026641846
151	179.9762	83.913475	264.56573	33.488132	393.0	38.077003	6.960865	54.27223	5.8994527	608000	0.001567173	893.1598	0.0	-43.83792	0.3625216	2.7418137e-09	348.3066461086273
152	198.7946	136.66867	276.4768	-181.99846	409.22223	36.895706	6.856758	55.10998	21.163603	612000	-0.011908317	1563.2227	0.0	-184.1819	0.35290003	9.76026e-09	349.96914625167847
153	175.95784	95.15958	259.8918	-28.804165	401.44446	43.19273	7.482056	56.861115	-1.837395	616000	-0.0070582964	932.8134	0.0	-108.32474	0.35761112	4.2319295e-09	351.59770107269287
154	200.39874	78.67485	252.01295	-16.793726	400.0	36.69307	7.3003287	57.33023	15.467683	620000	-0.049787	600.4518	0.0	-54.99141	0.34579813	6.7204238e-09	353.18698716163635
155	195.01642	85.497246	280.8348	-35.61728	386.77777	38.081116	11.267923	58.597485	-39.747314	624000	-0.046285547	365.69638	0.0	-61.339157	0.34608406	3.5911798e-09	354.90182089805603
156	174.4656	68.817635	261.66666	25.751032	468.0	39.810272	11.945593	60.07644	0.0062530786	628000	0.017829467	1044.6011	0.0	-261.23883	0.2930976	2.8610228e-09	356.5725781917572
157	202.00565	99.97787	262.1443	-56.189213	422.625	30.452684	11.781791	60.431225	-35.210094	632000	-0.0015600589	591.6048	0.0	-133.23053	0.28802013	6.213784e-09	358.29419016838074
158	213.89484	87.136	268.7375	-24.925505	428.1111	39.278942	10.11673	61.60323	-21.571539	636000	0.0029772697	472.5511	0.0	-30.547287	0.2773878	1.490116e-09	360.137246131897
159	221.42847	19.48167	256.66754	202.52869	425.125	40.502453	9.041215	62.36317	15.02882	640000	-0.0706438	164.38489	0.0	-53.728367	0.33020496	2.9802383e-11	361.9221591949463
160	215.17415	24.765265	247.68935	163.40038	448.875	40.168556	13.6846	63.784332	-10.377071	644000	0.014965854	662.3879	0.0	-114.61045	0.2916624	8.0466267e-10	363.7795331478119
161	193.34836	105.33465	276.24557	-24.29503	353.4	38.694218	13.016795	64.224625	-2.115722	648000	0.008000663	627.9153	0.0	-89.39374	0.30167887	2.2351743e-10	365.30665707588196
162	227.17216	38.042736	283.29758	150.05728	379.1	42.37081	10.840866	65.44743	8.4547825	652000	-0.04294502	432.72345	0.0	-81.75208	0.3189336	2.9951335e-09	366.8977680206299
163	238.63062	18.983091	276.82034	216.52785	349.8	47.36157	10.070678	67.134415	15.27853	656000	-0.059744082	174.04602	0.0	-41.548164	0.34907895	-2.2649767e-09	368.4859631061554
164	226.67387	77.72712	280.21982	8.757658	351.6	50.485733	12.012632	68.94256	15.175053	660000	0.048651926	967.1059	0.0	-213.64433	0.32632697	-1.3411039e-10	369.95662808418274
165	213.16362	65.96006	256.16556	14.791789	343.81818	45.45125	11.059513	69.72725	9.761989	664000	-0.02019795	602.33484	0.0	-20.933258	0.342655	3.7252903e-09	371.47248697280884
166	170.1454	101.65144	269.80585	17.372608	301.83334	46.748177	11.505588	71.01673	7.458406	668000	0.03279769	1472.5154	0.0	-209.262	0.36034632	-1.5944243e-09	372.8524601459503
167	152.63078	131.93929	276.47736	-143.9638	305.6154	42.57747	15.077962	71.24427	-4.381866	672000	0.035498373	1919.1034	0.0	-384.9879	0.347099	3.1888487e-09	374.3278269767761
168	205.7506	99.90702	287.80396	3.6065078	279.3846	41.724236	14.584551	72.26767	-39.467255	676000	-0.013701838	1275.6318	0.0	-188.5765	0.3531884	1.847744e-09	375.6994950771332
169	196.81068	95.42397	281.20175	-5.002491	292.92307	51.142742	14.343744	75.1265	-10.738109	680000	0.027059693	975.2861	0.0	-287.27502	0.3266393	-2.1755695e-09	377.1821539402008
170	205.97523	87.13383	282.61566	21.659466	273.14285	48.43016	20.482151	75.80798	-41.839745	684000	0.033851855	929.443	0.0	-182.50488	0.34609902	7.405877e-09	378.5087060928345
171	209.09023	88.61052	284.5711	18.386013	258.7143	52.062084	23.547924	77.02459	-55.510082	688000	0.021860313	439.70853	0.0	-127.57753	0.37861657	-2.0861626e-09	379.78379106521606
172	223.56528	77.61567	296.54166	43.578568	272.76923	61.22381	16.036629	78.87064	-19.351278	692000	0.055505514	1044.3718	0.0	-206.44731	0.3651625	2.0712614e-09	381.0622811317444
173	207.58154	83.3624	283.4493	4.053094	285.0	53.10142	15.164332	74.99555	-7.495672	696000	0.003953222	1045.6342	0.0	-127.65811	0.36046028	-4.455447e-09	382.5021140575409
174	211.9269	95.604904	276.48245	22.640533	271.7143	56.827156	11.218799	76.623	-17.124672	700000	-0.025094137	1154.5198	0.0	-83.3313	0.37159786	1.4156103e-09	383.79405307769775
175	223.58443	72.24036	280.20938	14.43621	334.27274	55.46514	17.096191	78.432976	-19.002876	704000	0.056801233	1418.5112	0.0	-615.9927	0.30924273	4.4256447e-09	385.3289542198181
176	228.18303	77.93011	282.871	-9.220242	322.33334	52.25618	17.107409	79.51292	-18.396181	708000	-0.047250118	778.71045	0.0	-101.56712	0.32950813	-2.5033953e-09	386.83376693725586
177	235.93727	27.986273	272.09732	181.92915	345.0	50.42797	17.285532	79.97118	-11.115223	712000	-0.034592714	400.4013	0.0	-47.888046	0.3165405	1.4305114e-09	388.3331472873688
178	173.09894	118.70117	303.70764	-11.555546	305.66666	52.419647	14.27964	80.82563	1.5212584	716000	0.0058412426	1704.6846	0.0	-289.0393	0.33129412	-6.0200693e-09	389.76483511924744
179	177.78687	87.308975	246.40933	-4.6035085	359.7	43.18357	18.226192	78.25376	-13.430699	720000	0.015359905	979.2242	0.0	-83.95328	0.31565252	-5.3644182e-09	391.3171741962433
180	192.3267	101.986786	265.05823	-48.37922	330.0	41.697105	14.843393	73.2933	-19.008945	724000	-0.021943945	765.4058	0.0	-192.9708	0.32214975	-8.7916857e-10	392.8733570575714
181	135.34076	119.81313	283.14297	-28.048494	310.58334	44.52074	15.101185	80.35533	-3.4546623	728000	0.021139666	2192.3882	0.0	-438.0421	0.3103162	5.0514934e-09	394.29288029670715
182	181.08545	110.64874	259.39642	-54.49032	351.0	36.40768	17.960278	74.63598	-20.550919	732000	-0.020420766	929.4518	0.0	-69.36957	0.32665583	2.68221e-10	395.7668550014496
183	195.28148	81.547615	273.60434	-20.22556	417.33334	45.826454	21.319674	79.863205	-20.252533	736000	0.025996413	829.8776	0.0	-200.30704	0.26055717	-4.470349e-11	397.30635714530945
184	180.39696	111.79647	290.31055	-25.037052	398.44446	37.956978	18.150522	77.51766	-21.528624	740000	0.015904361	1077.4264	0.0	-91.15988	0.25967604	-5.7816507e-09	398.83184003829956
185	218.51407	80.79464	296.89297	1.1499608	359.66666	35.622383	17.559006	77.9934	-33.799267	744000	-0.02685142	1003.3135	0.0	-100.144104	0.25724372	-2.4586915e-09	400.4859371185303
186	183.05869	125.41897	265.14233	-120.48513	383.1111	40.770947	19.3112	80.297516	-27.153109	748000	0.024051517	1128.6007	0.0	-424.60416	0.2560925	-2.5331974e-09	402.0415711402893
187	171.39496	114.885025	306.57886	-44.903458	366.1111	32.426052	24.75281	81.57912	-53.904617	752000	-0.017629005	1186.7008	0.0	-169.11017	0.27554572	1.1771917e-09	403.64480900764465
188	229.93706	41.84381	277.11972	139.29933	471.875	33.331085	27.554567	81.51353	-39.57028	756000	0.012232776	752.9166	0.0	-324.91736	0.22348708	-2.2798778e-09	405.4696969985962
189	197.81764	105.580826	272.75323	-23.709978	343.0	38.346313	16.261938	80.77614	-35.505074	760000	-0.029796215	1167.4274	0.0	-177.36404	0.27655903	5.5134297e-10	406.94588017463684
190	189.18642	118.460915	289.19754	-4.1354427	332.54544	44.656605	17.863668	82.9954	-47.742455	764000	0.0075411904	1079.6942	0.0	-78.23602	0.27516907	2.2202729e-09	408.4579792022705
191	226.00224	66.398315	289.06564	60.863125	355.1	40.91622	20.046646	82.00248	-38.790382	768000	0.004619199	919.7557	0.0	-274.48068	0.25478056	-9.343028e-09	409.96785616874695
192	246.96196	54.277073	309.60126	113.56296	349.9	48.136047	17.676905	83.9654	-28.686855	772000	-0.028027091	655.7334	0.0	-143.95462	0.24571288	-2.6524067e-09	411.6271102428436
193	258.9168	27.582617	294.5859	211.6175	332.72726	51.287975	16.050814	85.847244	-9.672567	776000	-0.04004871	357.45398	0.0	-79.5562	0.26702207	-2.533198e-10	413.07802510261536
194	236.66838	63.13528	294.26328	41.75641	309.83334	57.1275	14.5705805	87.70516	11.717685	780000	-0.008521729	317.47708	0.0	-45.52742	0.26474148	1.0579824e-09	414.470427274704
195	235.73628	73.7311	283.1457	-1.3259653	308.58334	61.456078	13.399843	87.25159	15.027919	784000	-0.0002344558	396.48682	0.0	-61.192253	0.28409195	1.341105e-10	415.93496918678284
196	249.48877	69.48686	303.59326	31.086113	293.58334	62.49784	14.155354	86.540726	15.609559	788000	0.0021286444	323.93094	0.0	-33.784466	0.27500415	-3.8146974e-09	417.4002721309662
197	243.75465	87.27377	302.43417	-49.013744	291.69232	66.52164	12.881759	86.065285	24.78449	792000	-0.0064864308	370.50693	0.0	-87.60882	0.2858464	1.2084842e-08	418.77809405326843
198	235.27777	88.15498	282.34445	-66.915504	285.23077	65.516075	15.104112	86.63202	20.137434	796000	-0.012546825	331.94617	0.0	-38.776848	0.28415456	-1.8626451e-09	420.11581897735596
199	166.5071	134.1469	279.57074	-87.687904	316.63635	68.26253	13.528574	85.94302	19.719158	800000	-0.027849317	2406.2888	0.0	-1224.1328	0.34163076	-4.5448543e-09	421.92976689338684
200	175.32237	182.81454	275.70804	-406.47467	277.85715	54.498756	13.906024	83.320595	-15.195152	804000	-0.035243683	2169.1636	0.0	-651.2008	0.2517963	-1.7881393e-09	423.2535951137543
201	135.47836	151.29494	279.7255	-137.87811	236.86667	54.743965	23.545828	81.5825	-23.820614	808000	0.02164079	1681.4	0.0	-546.42566	0.25993484	4.574656e-09	424.56084728240967
202	48.28771	279.82138	268.95398	-662.5418	262.85715	44.825687	25.733973	77.680954	-38.390625	812000	-0.010718543	6103.176	0.0	-959.7701	0.2634791	-3.8146974e-09	425.8479082584381
203	-69.12088	305.86008	277.22836	-538.9227	279.84616	33.29486	39.9878	79.1799	-77.17003	816000	-0.007793814	6463.9414	0.0	-1654.4078	0.31972882	-1.589954e-08	427.51347827911377
204	57.1229	187.3615	260.6392	-317.56277	367.75	29.730335	30.39615	81.12089	-85.860374	820000	-0.016500048	1702.3754	0.0	-581.4087	0.4188655	1.3485551e-08	429.45070910453796
205	-121.42401	260.34332	261.5139	-596.19824	201.63158	7.5544214	43.342648	79.27316	-84.71703	824000	0.04183107	8622.648	0.0	-1609.9924	0.27731258	-5.5134297e-10	430.65307211875916
206	-54.86146	323.47406	278.46048	-626.06635	245.125	2.1775556	47.53314	84.35332	-90.931816	828000	0.023143169	8148.266	0.0	-983.24536	0.25839674	-5.5879354e-09	431.9942500591278
207	47.027	285.19696	246.07338	-648.8304	381.6	29.628555	40.697094	88.8929	-98.15705	832000	-0.016732763	3475.8232	0.0	-695.7543	0.30805993	-1.078844e-08	433.69753408432007
208	-113.797356	261.85678	230.47978	-558.20825	251.86667	5.9410496	49.874855	86.32568	-100.30481	836000	0.041610584	5787.054	0.0	-762.8047	0.33868152	-1.5199184e-09	435.1307101249695
209	7.2873354	259.46017	282.94748	-648.1076	239.13333	9.1909	35.31077	68.00964	-104.94786	840000	0.003408772	5372.7666	0.0	-884.72424	0.2701944	-8.73208e-09	436.3820559978485
210	-162.3484	339.38528	258.3965	-638.21985	246.8	5.0553994	55.73104	94.219986	-107.75432	844000	0.055469614	9318.875	0.0	-1111.824	0.28246176	-6.8545343e-09	437.97411012649536
211	-159.32713	199.76523	94.56929	-587.10535	224.76471	-7.141342	48.534092	69.10154	-113.7136	848000	0.07198106	5256.3394	0.0	-1880.7278	0.32741132	1.0251998e-08	439.4905071258545
212	-36.92955	269.51065	244.7833	-497.8247	275.30768	-26.18491	45.3398	76.46356	-117.259155	852000	-0.0012943048	4590.091	0.0	-1794.558	0.25708014	3.874302e-09	440.8776340484619
213	-52.722168	248.37036	220.98686	-582.73004	206.64706	4.3045936	47.46069	102.05055	-119.349106	856000	0.00019293278	4625.854	0.0	-592.8436	0.2172052	-9.283423e-09	442.0636212825775
214	-55.032978	261.77707	252.74542	-550.26965	211.61111	4.521309	59.00591	102.54219	-121.54959	860000	0.049440272	4309.975	0.0	-443.0564	0.18609557	-2.294779e-09	443.26700592041016
215	-173.71614	263.404	237.26266	-589.8181	185.7619	-18.935774	63.536163	99.9011	-124.35255	864000	0.013529829	7225.992	0.0	-884.2058	0.21803313	4.36604e-09	444.43682622909546
216	-14.064766	289.82462	258.6827	-648.34735	235.75	5.364872	56.647118	96.63664	-129.5571	868000	-0.0004704669	4588.824	0.0	-493.88336	0.19922295	-2.7269125e-09	445.7547860145569
217	-117.33156	305.50644	243.92516	-569.2533	208.29411	-14.222223	71.09457	80.27841	-132.29643	872000	0.0029114312	5025.714	0.0	-802.6199	0.20690376	-4.4703474e-10	446.9962270259857
218	-202.54735	257.56067	227.86075	-654.9434	170.36363	-20.957521	75.96537	69.09013	-135.60349	876000	-0.0014933199	8615.414	0.0	-1859.9497	0.22541371	4.768371e-10	448.1429400444031
219	55.932545	151.36108	254.12685	-207.33353	241.06667	-6.2538576	43.20295	90.4563	-140.05884	880000	-0.019047616	2827.8472	0.0	-1023.9956	0.21277702	3.0100347e-09	449.4011781215668
220	34.97258	191.49857	250.12831	-379.66013	251.06667	6.5848556	51.4027	86.258606	-141.39995	884000	0.03202828	1797.916	0.0	-398.37988	0.21823424	6.1243774e-09	450.68166518211365
221	-73.4946	206.99467	223.26547	-589.71356	207.33333	-5.012736	59.015488	89.459526	-141.44525	888000	-0.0013315096	3742.2456	0.0	-904.1509	0.23466358	-8.702278e-09	451.85765409469604
222	60.12191	134.76474	249.26355	-198.41164	255.93333	2.170364	47.18937	81.62549	-141.74588	892000	0.01661086	2025.3077	0.0	-545.7602	0.19804594	6.3478947e-09	453.15907621383667
223	9.571601	130.21068	247.99396	-275.1992	203.16667	11.278397	34.51354	63.36181	-142.36824	896000	-0.013737553	1860.6079	0.0	-396.8028	0.24846457	6.556511e-09	454.36875104904175
224	15.952659	86.28406	211.24445	-81.31479	212.35294	4.032187	37.388676	88.740875	-131.0913	900000	-0.011226337	1561.7439	0.0	-456.85233	0.2383215	4.7087667e-09	455.5887460708618
225	-17.302343	130.55798	230.51555	-344.3876	203.27777	-5.3938584	38.54381	64.10074	-142.50848	904000	0.012969268	1839.3855	0.0	-422.76776	0.236841	1.3068319e-08	456.745108127594
226	47.91656	123.39421	234.30345	-75.23813	213.76471	-1.4397035	36.79472	73.52209	-141.15948	908000	-0.005762106	1815.9532	0.0	-506.38324	0.22556804	2.384186e-10	457.955206155777
227	-45.63908	120.9087	218.77534	-352.22617	189.3158	0.718478	40.44739	85.4161	-142.88477	912000	0.007099086	2041.1218	0.0	-600.5853	0.24671227	-1.9371504e-10	459.1334421634674
228	25.263351	116.73023	251.18065	-87.66737	223.82353	-7.7307844	41.13954	77.18415	-140.29344	916000	-0.012283066	1428.648	0.0	-145.50903	0.2368333	1.1473893e-09	460.33421206474304
229	47.161552	147.50613	256.3701	-285.60345	260.64285	2.2092369	41.14166	87.408066	-132.19987	920000	-0.010260237	1547.9666	0.0	-281.3634	0.23078382	-1.4901161e-09	461.6841311454773
230	58.36218	166.51624	230.3034	-371.68082	293.07693	20.652388	43.249443	113.73763	-143.34431	924000	-0.022066835	2486.3342	0.0	-735.4577	0.27219433	-5.4687264e-09	463.09116220474243
231	58.157707	121.392166	244.60165	-67.97593	265.07144	15.696523	26.40012	78.98545	-102.598274	928000	-0.008976837	1901.6146	0.0	-437.73712	0.23834649	3.8295984e-09	464.4789559841156
232	73.00855	121.92909	271.22073	-74.768234	308.0	15.014581	30.955004	69.70897	-105.699265	932000	-0.021675989	1397.9553	0.0	-197.12726	0.24077252	-5.5879354e-09	465.9942820072174
233	100.80962	115.66225	246.98387	-50.087944	289.76923	10.251517	33.709564	82.87405	-123.064514	936000	0.009433701	2068.2192	0.0	-480.41608	0.2389932	-1.4156103e-09	467.30410289764404
234	70.04422	119.7699	242.8026	-41.456795	273.69232	22.764677	26.7191	90.90059	-104.37142	940000	-0.013871564	1694.1743	0.0	-334.67365	0.25420004	-1.296401e-09	468.7382981777191
235	153.36511	114.91031	265.65717	-44.351173	303.30768	19.518927	33.426826	90.361	-93.93228	944000	-0.006651071	2175.4663	0.0	-846.07043	0.2247045	-2.6226044e-09	470.15951704978943
236	136.86467	122.68313	268.08917	-40.182644	284.23077	34.95536	24.93052	96.9079	-101.35786	948000	-0.028628776	1493.8212	0.0	-85.99762	0.23276538	4.172325e-09	471.51146388053894
237	173.18565	118.59742	290.44702	-14.479494	298.75	33.4895	25.83732	86.45868	-96.3958	952000	0.0064701624	1770.9119	0.0	-437.11884	0.21639115	-7.301569e-09	472.87907314300537
238	125.57133	117.30301	264.49283	-34.23046	289.75	42.81843	22.72185	98.91843	-99.00244	956000	0.00665728	1719.8141	0.0	-434.97467	0.21951753	-1.1265278e-08	474.3161270618439
239	198.81915	87.98756	273.28574	3.4849021	340.0	30.694736	26.889177	89.82062	-109.653496	960000	-0.0052359346	1430.5598	0.0	-644.4321	0.18289605	2.7120115e-09	475.6929111480713
240	141.78334	108.799774	283.73907	-19.695719	292.25	39.338985	30.614614	116.98055	-137.85777	964000	-0.023681669	1547.4862	0.0	-611.3263	0.2133601	1.1026859e-09	477.06196999549866
241	195.70204	109.313286	287.93402	-21.275517	277.0	44.534218	26.838007	91.84509	-122.980446	968000	-0.022073809	1590.0608	0.0	-561.81177	0.21779455	-4.1574237e-09	478.38285422325134
242	131.35959	117.97419	267.08292	-33.040974	238.53334	49.176296	22.293352	91.04935	-134.41254	972000	0.00039531942	1446.8228	0.0	-370.1858	0.23502079	-4.2021275e-09	479.6513741016388
243	160.26277	121.621	285.89188	4.024816	248.3125	40.40171	27.36567	87.080696	-125.59997	976000	-0.008374857	1278.2977	0.0	-117.19284	0.21447337	1.0728836e-09	480.8845272064209
244	134.3033	112.5584	281.90714	-13.789841	254.2	42.203835	30.692547	93.910706	-131.35278	980000	-0.005450042	1417.5424	0.0	-164.24686	0.20204641	3.3229588e-09	482.18779611587524
245	156.16608	120.81415	302.10464	-24.147943	253.2	37.013954	26.87724	83.16157	-128.77525	984000	-0.005599117	1642.8787	0.0	-151.99872	0.19411692	-7.003549e-10	483.49203729629517
246	142.44482	124.07647	299.1291	-26.992086	223.82353	38.622734	25.700962	88.02219	-106.87019	988000	-0.011336758	1843.0317	0.0	-213.57135	0.20450178	8.71718e-09	484.7745201587677
247	67.54002	100.15229	268.41205	-12.002713	197.63158	35.631687	31.027168	80.508095	-116.12845	992000	-0.003872703	1943.7744	0.0	-638.89655	0.23393428	2.6226044e-09	485.9446830749512
248	30.19767	61.55141	284.6225	-31.807823	181.38095	13.195947	36.93394	62.678223	-140.25397	996000	0.0066614	1007.2792	0.0	-363.53107	0.22828068	2.875924e-09	487.0718159675598
249	84.09559	93.7589	273.32217	15.156509	199.78947	4.968753	38.43461	55.628548	-111.39312	1000000	-0.02207014	1491.343	0.0	-576.136	0.20571715	6.496906e-09	488.19392108917236
250	50.004807	92.3166	309.21576	-43.61967	183.71428	18.26596	37.73449	87.80251	-121.58997	1004000	-0.008442862	1434.2981	0.0	-302.67804	0.21721645	3.2037497e-09	489.3207941055298
251	45.89842	68.32431	252.93555	-19.838665	178.42857	9.739793	41.493477	82.7937	-118.891785	1008000	-0.0043889354	1149.6295	0.0	-140.09396	0.20669505	-8.791686e-09	490.42376923561096
252	50.214687	84.762314	271.40634	-35.575073	178.14285	10.306312	41.224514	82.49788	-115.30293	1012000	-0.006625753	980.7377	0.0	-63.594574	0.20309123	9.536745e-10	491.6137430667877
253	18.116318	57.17061	267.45462	-19.070044	163.26086	3.6658134	42.00339	67.953476	-141.37987	1016000	-0.011466092	625.54	0.0	-152.16519	0.20901795	4.4703485e-09	492.6913239955902
254	3.8656974	55.32713	224.81602	-66.90577	170.17392	-1.6237062	42.69284	71.058525	-121.771866	1020000	0.030050954	1176.869	0.0	-403.4067	0.1882818	-9.3877315e-09	493.75758695602417
255	3.7662363	65.35881	199.24284	-209.06262	155.72	-8.257017	41.55654	47.699596	-134.36742	1024000	-0.0106772985	766.2781	0.0	-186.0954	0.18773279	9.3728305e-09	494.8093671798706
256	-17.437223	52.975723	35.73336	-243.1014	145.42308	-13.256227	42.692875	47.587593	-134.24448	1028000	0.006049417	471.35187	0.0	-138.80505	0.20411149	6.4373014e-09	495.8563241958618
257	-26.239292	75.16195	212.51517	-269.48938	154.2	-18.677639	47.931183	64.90941	-139.12035	1032000	0.0072560217	782.9512	0.0	-186.8413	0.20091721	-2.4437905e-09	496.9010670185089
258	-8.806672	89.53711	226.03813	-186.83534	154.88	-16.980133	48.769135	79.89026	-138.78905	1036000	0.008704064	1480.9302	0.0	-278.04895	0.19869435	-1.9967556e-09	497.96494603157043
259	-22.619747	48.075176	194.68854	-88.74004	142.03703	-13.659799	37.016537	65.90995	-108.320305	1040000	-0.006404873	553.53094	0.0	-112.788795	0.2018145	-4.1723256e-09	499.02287912368774
260	-49.765633	56.686787	19.421516	-268.03174	134.41379	-27.41568	37.90964	53.35887	-142.34183	1044000	0.0017664228	714.02716	0.0	-140.4858	0.204187	-6.4969066e-09	500.0723400115967
261	-27.811419	118.99007	217.74243	-288.29373	163.5	-23.910938	45.946335	90.317085	-143.9989	1048000	0.010144452	2109.8218	0.0	-745.01	0.1763101	-6.556511e-09	501.1438190937042
262	-49.90189	57.780136	140.9839	-225.12956	136.57143	-22.964739	40.085903	73.895004	-143.59183	1052000	0.010374991	844.463	0.0	-244.40685	0.19598125	1.3142824e-08	502.1920599937439
263	-56.247746	96.52652	226.71025	-257.36374	135.72414	-27.523792	45.10934	82.98566	-146.36374	1056000	0.018807637	1150.4429	0.0	-255.57666	0.1920017	9.9241735e-09	503.2481632232666
264	-41.33923	45.828022	41.208263	-179.21387	123.83871	-43.139015	38.66699	23.657904	-146.95532	1060000	0.019913308	1566.8174	0.0	-1174.8547	0.19064862	3.0398368e-09	504.26882314682007
265	-40.9348	60.63638	222.73468	-172.6759	131.06897	-36.544067	40.332	65.659676	-140.98491	1064000	0.012570015	941.68555	0.0	-139.35883	0.2084314	-9.804964e-09	505.29173612594604
266	-55.49165	38.439053	32.121838	-177.44786	126.67742	-30.695883	36.808456	31.478214	-140.5568	1068000	0.0026571997	281.4591	0.0	-77.41243	0.19794275	1.0728836e-09	506.318008184433
267	-39.0756	28.50229	9.633314	-109.003044	122.125	-30.120575	36.054886	29.986805	-114.0128	1072000	0.024165357	174.74255	0.0	-64.2724	0.18751918	-1.090765e-08	507.3393988609314
268	-38.88032	41.22275	35.86689	-173.99463	119.8125	-30.044657	37.09682	59.467728	-141.73438	1076000	0.0161331	657.8652	0.0	-293.83627	0.18681805	7.838011e-09	508.35219717025757
269	-37.761402	32.606915	29.372423	-148.88503	114.117645	-23.995035	37.021305	44.38547	-141.79718	1080000	0.011130789	183.1814	0.0	-58.971935	0.19974574	-3.1888485e-09	509.3613052368164
270	-35.648827	35.667027	42.756927	-116.42694	115.588234	-26.113066	36.244926	41.11448	-146.62494	1084000	0.007316947	219.00912	0.0	-68.57024	0.18239743	-1.4901161e-08	510.36196994781494
271	-38.719666	34.043602	20.138676	-128.99686	113.05882	-26.942709	35.38604	35.54869	-136.44727	1088000	0.013709983	167.60162	0.0	-45.427044	0.18706381	-9.834766e-09	511.38464999198914
272	-43.47117	42.10886	46.672283	-148.87683	114.20588	-27.847473	35.831566	39.984722	-147.06294	1092000	-0.024169467	431.44495	0.0	-124.94344	0.18754578	-4.798174e-09	512.4067809581757
273	-32.73419	43.182175	30.752335	-127.605064	117.90909	-26.22853	37.47281	42.035526	-146.57112	1096000	-0.008887154	236.07727	0.0	-79.1494	0.16792658	-2.7418137e-09	513.4156432151794
274	-24.141256	34.108715	44.358932	-89.51992	112.88571	-22.858322	38.46736	45.95829	-121.80285	1100000	0.01989375	139.95442	0.0	-26.88757	0.17794603	1.9669533e-09	514.4588980674744
275	-25.008163	37.935837	43.004402	-94.93141	116.0	-21.032143	38.046665	45.578163	-145.52719	1104000	0.0044822954	128.15126	0.0	-23.513062	0.18684404	-1.3500452e-08	515.4483699798584
276	-17.331188	29.347303	39.347126	-96.12175	117.90909	-21.572771	37.669575	46.34891	-145.23027	1108000	-0.027079575	154.37572	0.0	-44.820805	0.19005695	-1.1771918e-09	516.4472751617432
277	-12.695377	26.55383	33.57343	-67.75937	122.03226	-16.326786	37.91624	47.368347	-145.6213	1112000	-0.0059098704	124.09508	0.0	-33.463997	0.18900257	9.4026325e-09	517.4432911872864
278	-20.334642	23.07039	28.315647	-64.60571	118.69697	-18.518644	39.162937	47.790447	-144.71701	1116000	-0.021574795	295.3589	0.0	-83.86958	0.20155203	1.02669e-08	518.4411752223969
279	-0.70236105	28.491737	37.987427	-86.952675	126.96774	-17.166164	38.556545	46.165802	-143.12442	1120000	-0.0074426485	186.84239	0.0	-53.49428	0.2056604	-5.528331e-09	519.4558012485504
280	9.356985	52.381424	253.86803	-39.45355	146.34616	-13.108694	38.931633	46.77033	-143.15408	1124000	-0.025695976	694.1774	0.0	-220.77354	0.20841783	1.4394522e-08	520.5350642204285
281	3.3568127	56.308346	254.55843	-63.89372	152.57692	-7.3749104	42.097122	96.67519	-123.38662	1128000	0.010290361	517.8229	0.0	-70.13114	0.22530647	-1.038611e-08	521.6757628917694
282	-10.232273	22.977058	41.43507	-56.795193	159.43478	-15.360102	38.520966	48.699314	-127.00637	1132000	-0.0026481804	282.92398	0.0	-100.78376	0.24365705	4.5895576e-09	522.7819640636444
283	24.530827	76.5519	245.30495	-73.86567	186.0	-13.584608	41.601048	57.163708	-131.46176	1136000	-0.03869241	1307.3757	0.0	-635.99744	0.22564435	-1.0579821e-09	524.0249500274658
284	17.686256	79.21914	247.82927	-80.81109	201.0	0.68560207	38.981976	77.41588	-137.8766	1140000	0.016847517	909.87476	0.0	-155.05768	0.2349103	1.2174249e-08	525.2226090431213
285	65.17227	80.771935	221.23848	-59.17386	232.375	5.0436254	40.68955	89.61104	-121.35283	1144000	-0.0032200841	1074.9672	0.0	-485.44788	0.22755866	6.9737434e-09	526.4536230564117
286	50.10869	97.65319	208.17183	-83.41936	236.4375	9.824172	29.111023	72.647	-122.945526	1148000	-0.018546702	1127.5785	0.0	-296.37595	0.26384607	-3.72529e-10	527.6992270946503
287	-8.228394	104.614586	237.04675	-115.79469	226.23529	10.521924	36.377216	95.79636	-117.00746	1152000	0.00760867	1303.4149	0.0	-575.65796	0.26700664	8.881092e-09	529.0602560043335
288	52.27752	130.70137	263.3122	-139.70541	263.14285	3.3193243	34.929718	74.412186	-139.24866	1156000	-0.0014663972	1565.6433	0.0	-189.54462	0.23026407	-4.1723247e-09	530.3971011638641
289	6.521372	107.22691	279.4753	-110.82902	216.05556	2.360376	39.14163	70.30373	-128.4562	1160000	0.0103935255	956.2339	0.0	-247.2613	0.24691698	7.599592e-09	531.626617193222
290	-8.226744	111.1241	241.97005	-118.41367	223.17647	-8.417199	40.64649	63.55173	-136.94661	1164000	-0.025680462	1086.8989	0.0	-146.1348	0.2621156	1.2144447e-08	532.849447965622
291	-31.901163	122.33947	250.4372	-136.84602	209.64706	-15.387712	42.177265	68.03608	-118.4413	1168000	-0.0061018215	1194.2256	0.0	-287.77414	0.28544372	2.1904707e-09	534.1217341423035
292	-22.731705	106.56253	233.0428	-139.79204	212.11765	-5.4376397	42.63811	102.85053	-119.69529	1172000	0.0048493077	1663.9001	0.0	-1006.28235	0.26062694	-2.0861626e-09	535.3561761379242
293	-45.07335	123.8157	262.8386	-140.38145	208.52942	-16.356138	42.476345	72.753716	-123.1203	1176000	-0.020772917	956.8479	0.0	-298.87384	0.2920835	7.0631505e-09	536.6256411075592
294	-45.31159	151.42357	283.52606	-146.8065	229.125	-12.727194	48.930748	76.82062	-98.11606	1180000	0.0062744212	604.99365	0.0	-297.76276	0.27370027	1.4990569e-08	537.9108879566193
295	-75.79878	100.37051	169.14934	-150.86087	228.05882	-19.378511	47.542076	73.77031	-134.24937	1184000	0.0042128298	1585.6001	0.0	-811.3051	0.26792127	-1.8700957e-08	539.453782081604
296	-100.886314	123.6686	308.82776	-185.18227	184.95238	-34.59657	39.505886	68.87989	-94.59507	1188000	-0.023860693	794.60236	0.0	-356.90823	0.29411852	5.9604766e-11	540.6592080593109
297	-96.09153	117.611855	286.47864	-174.12587	192.89473	-32.00843	50.101006	109.17506	-115.34716	1192000	0.013659168	523.8653	0.0	-209.53313	0.29817426	-5.438924e-09	541.9086730480194
298	-148.40031	36.56441	-36.257042	-191.31909	178.95238	-50.491165	36.95847	71.88271	-91.808495	1196000	0.024128381	321.84457	0.0	-190.2484	0.3100409	6.005168e-09	543.0899112224579
299	-140.23192	37.463493	-41.241665	-198.9539	177.04546	-53.771435	38.97015	61.02307	-132.57693	1200000	0.001406119	140.08546	0.0	-63.68538	0.31949174	4.500151e-09	544.3176770210266
300	-131.79565	106.51337	300.90506	-201.6689	195.57895	-54.169712	41.9185	68.53095	-96.18156	1204000	-0.0026931805	228.8757	0.0	-106.64572	0.30473942	4.053116e-09	545.6018440723419
301	-144.08014	55.10433	66.76078	-188.93243	171.43478	-59.129173	43.07565	106.83197	-100.38844	1208000	0.03468883	296.75394	0.0	-129.09985	0.3250562	-7.927418e-09	546.7700102329254
302	-121.12976	84.53541	181.64413	-182.88647	221.0	-55.92566	43.38292	72.51125	-122.44776	1212000	-0.019447502	495.12814	0.0	-314.78726	0.3040435	4.5895576e-09	548.3861660957336
303	-135.73515	30.490887	-32.976406	-189.84277	221.29411	-54.627644	34.720158	68.32255	-98.76797	1216000	0.016122669	248.06017	0.0	-125.19791	0.31773478	1.10417595e-08	549.7641050815582
304	-73.64862	140.43207	288.42688	-167.6211	281.41666	-37.99711	41.787495	73.65344	-123.286156	1220000	-0.025063336	586.15466	0.0	-280.59302	0.2905053	2.9802383e-11	551.384015083313
305	-15.386362	176.8728	291.61215	-164.05437	294.15384	-14.157355	55.361866	92.73068	-92.35165	1224000	-0.003157504	727.69946	0.0	-229.43947	0.2785945	-8.374452e-09	552.85076212883
306	50.14559	201.90817	277.78625	-175.67764	320.36365	3.1874888	55.413704	127.294876	-89.63338	1228000	-0.019886477	251.45436	0.0	-77.32019	0.26318234	-4.4703485e-09	554.568531036377
307	-36.45333	136.29988	264.21002	-170.18982	293.0	2.7132607	57.420742	112.94326	-88.507034	1232000	-0.002832828	2918.8245	0.0	-2212.3428	0.27184325	4.2915342e-09	556.1666822433472
308	-71.41811	134.20012	256.83545	-185.15445	359.44446	-32.426476	38.419434	63.188774	-86.775444	1236000	0.0049417913	600.5749	0.0	-191.38991	0.28535616	-4.1127204e-09	557.9009301662445
309	55.987507	163.28813	257.0753	-137.64708	341.4	-1.0173223	38.874207	78.16878	-114.347664	1240000	-0.016370017	845.82306	0.0	-348.21216	0.24489674	3.9935113e-09	559.6669170856476
310	-20.867773	138.60672	236.95094	-148.83742	304.41666	-2.4499478	46.655754	94.43175	-91.794235	1244000	-0.0012313388	619.455	0.0	-176.46019	0.26344413	5.5432317e-09	561.3589823246002
311	60.579975	174.29398	230.39014	-187.82005	439.14285	-4.2699013	46.579224	89.33788	-83.89361	1248000	-0.009321231	233.08463	0.0	-97.59068	0.2533586	1.2516974e-09	563.3944172859192
312	-36.639946	120.46876	221.71219	-173.04561	502.7143	-13.372359	37.64312	89.30946	-78.73442	1252000	0.012139167	929.0515	0.0	-626.36584	0.2780819	-9.983778e-09	565.7901182174683
313	70.65367	116.798065	223.8504	-82.29084	483.5	0.9745957	33.2699	79.501015	-101.44552	1256000	-0.008174835	767.4744	0.0	-322.31104	0.23694976	-1.0818243e-08	568.5981299877167
314	80.81751	115.63449	207.01994	-70.48244	494.0	9.768124	26.639668	95.014565	-97.16589	1260000	0.006367337	655.0159	0.0	-345.4953	0.2544464	4.0233132e-09	570.9043400287628
315	111.902405	111.10904	214.64236	-64.82881	556.1667	11.046806	22.42772	75.30201	-103.300354	1264000	-0.021892559	316.68085	0.0	-193.82913	0.2662959	-9.715556e-09	573.7141420841217
316	11.85364	105.367424	163.16083	-78.532814	353.1111	5.2703557	31.527407	75.83173	-103.338776	1268000	-0.027400631	755.6846	0.0	-170.40494	0.24549067	5.9455636e-09	575.7010540962219
317	-46.872448	60.502758	128.61024	-125.60707	328.0909	-5.434728	25.870554	71.921455	-105.04493	1272000	0.0029060505	935.802	0.0	-454.95554	0.25807157	8.508563e-09	577.3914661407471
318	-70.05033	66.26742	115.55099	-121.270874	339.5	-18.594406	28.236897	61.674484	-106.86081	1276000	-0.0017395271	473.25952	0.0	-72.52888	0.26623133	-1.9073486e-08	579.5769181251526
319	-82.900246	82.32716	172.65645	-172.23352	312.91666	-21.61937	28.883236	80.05789	-107.94838	1280000	0.018168356	591.4601	0.0	-194.36916	0.26439285	8.73208e-09	581.4579992294312
320	-102.49108	23.620035	-43.52474	-135.57933	312.91666	-30.902426	26.968674	23.776937	-115.84825	1284000	0.0058040554	221.45122	0.0	-129.50656	0.26711977	1.3113023e-09	583.5230889320374
321	-113.332924	40.49101	-59.337822	-213.22678	304.16666	-30.62907	31.7605	24.013067	-130.00345	1288000	-0.017770868	187.04684	0.0	-54.658813	0.27787703	-8.8214875e-09	585.3043992519379
322	-115.11597	39.88684	-65.397385	-183.90474	292.3846	-40.565342	35.420662	14.880912	-124.91702	1292000	-0.037255548	135.78688	0.0	-32.248013	0.2748889	5.64754e-09	586.9827609062195
323	-120.948906	32.405567	-61.76562	-172.5853	290.0	-40.881298	33.021816	11.450754	-118.90936	1296000	-0.048251424	36.1936	0.0	-5.0959263	0.27009496	1.0803342e-08	589.5067572593689
324	-115.16516	42.70724	-60.006233	-245.62291	289.30768	-36.938812	32.43478	18.505919	-117.70291	1300000	-0.020133652	91.94947	0.0	-12.144576	0.2639532	-6.5118075e-09	591.2469890117645
325	-112.93884	25.929403	-65.77511	-144.05006	275.15384	-41.61264	32.761898	18.245062	-119.16004	1304000	-0.019203242	58.001183	0.0	-11.527129	0.26398438	7.0631505e-09	592.7206580638885
326	-133.4963	35.362335	-63.543835	-165.72256	434.77777	-34.49616	32.023968	21.362497	-114.551994	1308000	-0.0018983125	64.23782	0.0	-17.174406	0.26239157	4.127622e-09	595.0635571479797
327	-65.35557	78.55856	134.93712	-136.36372	360.77777	-30.09597	33.14248	45.567337	-120.62759	1312000	-0.024602976	600.69653	0.0	-159.28802	0.25226808	6.1392784e-09	597.2249171733856
328	-109.37443	22.711786	-71.699974	-137.23915	675.8	-19.547941	23.550896	92.11874	-112.44437	1316000	-0.020088488	375.77594	0.0	-117.56979	0.27005544	-4.053116e-09	599.8985080718994
329	-103.58545	50.281452	-30.67073	-171.9137	449.5	-22.532473	24.690374	87.425026	-110.66957	1320000	0.010516478	410.0865	0.0	-348.0652	0.23907766	1.0997057e-08	601.9506800174713
330	-81.06464	106.3899	108.54811	-203.0446	681.2	-21.146006	30.641811	65.34493	-113.22254	1324000	-0.037716743	861.6223	0.0	-422.2784	0.26622885	8.940697e-09	604.792181968689
331	-86.93494	51.651966	-13.014395	-181.55743	662.5	-14.279598	14.19771	33.729424	-104.65333	1328000	-0.00853079	191.664	0.0	-145.28516	0.2629732	4.9769877e-09	607.8234920501709
332	-154.333	75.954605	-50.68973	-257.8616	730.0	-12.204504	16.412672	38.662792	-109.4204	1332000	-0.013105474	349.3032	0.0	-250.24054	0.26571304	-1.0550022e-08	609.9701089859009
333	-127.18687	176.7659	127.660934	-317.17072	809.0	-20.925398	22.427065	42.270363	-109.6329	1336000	-0.041212637	650.1527	0.0	-525.3942	0.2500602	4.634261e-09	612.8806982040405
334	-68.89598	216.99226	173.86557	-320.83704	793.25	-13.912395	26.874134	91.98451	-76.00313	1340000	-0.0307568	241.65833	0.0	-141.99164	0.24761261	-1.1622907e-09	615.299467086792
335	-221.91011	163.549	136.92867	-341.56448	559.6667	-28.431528	35.903503	78.38833	-94.93938	1344000	0.01332812	175.93681	0.0	-90.84356	0.26299155	-8.3446505e-10	617.4223921298981
336	-302.00128	21.725729	-262.3784	-328.2857	655.6	-44.964237	26.80336	38.785385	-92.68399	1348000	0.04968276	49.197273	0.0	-13.926527	0.27931625	-5.275011e-09	619.6065559387207
337	-221.73714	86.72704	-48.97689	-277.15323	673.8	-34.650696	26.74438	43.51185	-91.882286	1352000	0.030245129	51.812588	0.0	-15.2526245	0.2653034	1.8775461e-09	622.5851490497589
338	-214.82674	63.53404	-98.042854	-284.01544	593.5	-38.965157	29.110611	54.261696	-91.01302	1356000	0.018469162	506.70413	0.0	-387.28845	0.25572124	-5.125999e-09	624.7704892158508
339	-146.04784	66.25436	-25.940145	-218.0617	650.8	-27.082376	24.50737	41.186646	-88.3315	1360000	0.0076062735	78.735916	0.0	-52.605953	0.25711638	-7.1674586e-09	627.1594502925873
340	-172.23236	43.29618	-128.81119	-267.94202	453.75	-39.731537	25.229525	6.3200445	-87.7388	1364000	0.01449984	74.875	0.0	-21.800669	0.2603783	-6.8545347e-10	629.2001950740814
341	-139.11624	81.82206	-38.43647	-265.03284	815.25	-22.118324	21.58315	41.75403	-84.867035	1368000	-0.0067917695	67.69188	0.0	-44.798233	0.25750852	-9.834766e-10	632.7870750427246
342	-27.21091	115.083046	155.37076	-155.61606	701.75	-17.49143	28.439564	45.336185	-94.59504	1372000	-0.015116492	712.344	0.0	-473.52765	0.2230887	3.0100344e-09	635.8325161933899
343	-15.03219	132.89598	205.43173	-140.6214	884.5	-5.244447	19.667814	66.128136	-64.78303	1376000	-0.0065207076	397.552	0.0	-117.54126	0.2217538	-5.453825e-09	638.3878440856934
344	-7.031803	40.41641	62.698914	-35.744022	978.75	-5.5897703	12.103883	62.9064	-50.19432	1380000	-0.03925187	113.42416	0.0	-68.89531	0.24028288	3.5464764e-09	641.5474429130554
345	-34.25145	124.20857	171.78886	-149.17142	825.0	4.8794236	23.606163	97.2288	-73.81395	1384000	-0.0072742784	507.52664	0.0	-308.09937	0.2221235	3.6656855e-09	644.4871912002563
346	-115.5871	32.781418	-59.607018	-155.53868	631.6	-3.253007	15.817386	45.345352	-62.006844	1388000	0.009801942	659.5432	0.0	-443.1524	0.22033522	-1.4618039e-08	646.8717329502106
347	-84.51875	113.76384	110.4253	-168.23653	593.75	-23.098167	25.649342	38.41178	-115.089714	1392000	-0.03637848	496.20947	0.0	-108.99788	0.21634424	7.8976153e-10	649.2930529117584
348	-95.49538	93.97351	74.035255	-201.03285	636.6	-15.336828	24.422932	66.45396	-119.27669	1396000	-0.008147725	588.021	0.0	-207.0583	0.20830056	4.798174e-09	651.9317262172699
349	-133.52376	31.48906	-94.45414	-176.72198	607.0	-18.430422	25.577528	38.937584	-116.28836	1400000	-0.010024552	186.17157	0.0	-71.91203	0.21671465	-7.3462725e-09	654.2157299518585
350	-124.625916	27.912117	-77.1238	-158.39044	551.6667	-21.888788	29.342882	39.985752	-74.32132	1404000	-0.020896383	82.40378	0.0	-43.753937	0.20413664	-9.834766e-10	656.675909280777
351	-137.80156	32.481068	-87.401695	-173.74825	557.6667	-24.66344	27.203457	37.888428	-83.5534	1408000	-0.023675092	54.572124	0.0	-10.593344	0.22019516	-4.4703485e-09	658.7828171253204
352	-161.19548	22.550985	-137.28413	-193.27841	755.0	-22.782488	28.830904	36.102158	-134.46437	1412000	-0.010767309	85.26547	0.0	-24.496365	0.21344359	4.7385695e-09	661.3859920501709
353	-161.4498	24.882158	-133.82025	-203.2772	638.3333	-28.631168	29.725473	40.57138	-125.7775	1416000	-0.010003764	81.741684	0.0	-19.626575	0.21681342	1.2636185e-08	663.8763420581818
354	-140.2037	30.169428	-96.6891	-176.45334	634.4	-22.053503	25.737213	38.60858	-83.62598	1420000	-0.009594316	54.33561	0.0	-22.670618	0.21649289	4.3213366e-10	666.3764851093292
355	-158.99634	29.70394	-122.60072	-195.46829	684.25	-26.284895	25.857409	39.16098	-81.1673	1424000	-0.014557054	90.97991	0.0	-9.585663	0.21366419	2.2649767e-09	668.7227499485016
356	-187.51483	19.388956	-165.32501	-218.28752	802.5	-22.030367	22.55907	39.780678	-68.8871	1428000	-0.025140146	62.80898	0.0	-17.801853	0.21550615	-1.5199182e-09	671.414840221405
357	-170.41245	26.09005	-142.71924	-219.73413	707.6	-18.95211	20.195517	41.127556	-59.08204	1432000	-0.00998768	160.71469	0.0	-107.99472	0.21242613	1.1116266e-08	673.6727571487427
358	-178.20334	37.61562	-120.69186	-215.64738	913.75	-22.920025	23.827812	38.49065	-73.38369	1436000	-0.012862933	99.9936	0.0	-31.43063	0.20784111	4.2617323e-09	676.5181791782379
359	-175.04126	34.99631	-118.27062	-210.23799	881.25	-20.07009	19.676031	40.754982	-61.14575	1440000	-0.006726442	106.75417	0.0	-24.900692	0.19726723	-2.980232e-09	679.275964975357
360	-99.94908	17.374945	-82.680984	-128.88358	1000.0	-21.55988	16.024353	40.065083	-49.091644	1444000	-0.019535411	41.74266	0.0	-27.207232	0.19959211	-8.5681675e-09	682.1767301559448
361	-86.11886	15.749998	-60.69764	-103.31309	1000.0	-15.668286	14.76087	42.976818	-35.248325	1448000	-0.00877801	20.811337	0.0	-6.716006	0.18589911	4.857778e-09	684.8417332172394
362	-88.82767	18.100096	-64.39328	-115.27657	1000.0	-17.021393	14.403437	44.75791	-36.483955	1452000	-0.00740517	24.741861	0.0	-12.496567	0.1788066	-8.583069e-09	687.1945669651031
363	-76.1854	21.013311	-45.788765	-104.79994	1000.0	-14.077869	13.942877	44.75131	-26.114437	1456000	0.0038907006	22.891634	0.0	-4.3598514	0.17695886	-3.904104e-09	689.6897962093353
364	-72.46523	16.502758	-52.38365	-90.724915	1000.0	-13.993238	13.67344	46.044186	-27.243341	1460000	-0.0038928033	15.237774	0.0	-4.86081	0.17878324	3.1292435e-10	692.8189282417297
365	-52.166122	13.379392	-37.950607	-68.98016	1000.0	-13.581743	14.563627	47.223133	-25.995483	1464000	-0.019692715	55.55548	0.0	-22.376873	0.1669195	-1.1920931e-10	695.5440771579742
366	-64.509476	31.014936	-25.179066	-97.50991	1000.0	-10.449894	13.518699	56.119873	-22.780323	1468000	-0.0057107015	14.416362	0.0	-8.298056	0.17394471	-1.4454127e-09	698.5069181919098
367	-50.232292	25.60763	-25.296902	-87.859024	1000.0	-10.814994	14.204335	51.80857	-25.042154	1472000	-0.016105756	11.675854	0.0	-2.6979778	0.17698197	-1.0102987e-08	702.3076159954071
368	-60.975113	12.442511	-49.128124	-81.31831	1000.0	-12.418573	12.098514	44.890236	-24.548542	1476000	-0.017059708	10.543814	0.0	-4.214258	0.15811566	-8.627772e-09	706.0288350582123
369	-40.085358	28.352076	-7.3369584	-81.6588	1000.0	-11.325	15.876472	52.485588	-23.47934	1480000	-0.0042577395	26.598515	0.0	-11.141159	0.15318754	-1.847744e-09	709.6469502449036
370	-41.81224	19.884878	-10.181768	-65.052124	1000.0	-11.070037	16.589567	60.147217	-22.606165	1484000	-0.0021650065	12.847556	0.0	-4.8079023	0.14846762	5.543232e-09	712.6286962032318
371	-50.263664	19.0865	-23.080626	-69.62614	1000.0	-10.934367	15.09314	61.542057	-22.283709	1488000	0.009272634	13.27079	0.0	-4.8878326	0.15520455	1.180172e-08	715.8060491085052
372	-21.095213	23.85923	1.8112009	-60.13697	1000.0	-9.440303	17.325287	62.30586	-22.975536	1492000	0.0020624718	36.143753	0.0	-11.5435295	0.15056774	-1.01923945e-08	718.9987270832062
373	-29.759876	31.164469	1.2768759	-69.14086	1000.0	-9.886545	17.141098	47.44468	-32.914944	1496000	0.004947452	33.944496	0.0	-8.295538	0.16289784	2.682209e-10	722.7937359809875
374	-27.644884	12.197209	-8.697083	-42.322224	1000.0	-9.815795	19.24238	63.44368	-24.649569	1500000	-0.0067757936	21.278507	0.0	-7.2548323	0.14943624	4.3064357e-09	725.976588010788
375	-2.1734529	9.579821	13.447622	-10.412747	1000.0	-7.641	19.445002	66.91086	-22.480968	1504000	0.0076917857	34.179665	0.0	-10.808321	0.14937061	-1.1235476e-08	728.9598331451416
376	-31.17051	16.1835	-9.290347	-54.341682	1000.0	-9.120176	19.127016	67.64063	-23.833303	1508000	-0.015852861	15.032206	0.0	-2.9946675	0.14959612	3.799796e-09	731.891428232193
377	-29.447018	21.30698	-3.0769265	-59.64929	1000.0	-9.713185	18.598238	67.015884	-22.363415	1512000	-0.025298305	13.8364525	0.0	-3.4649274	0.14974149	-3.144145e-09	735.2762181758881
378	-10.946715	22.587805	24.248823	-36.630783	1000.0	-8.311294	18.526905	67.08645	-97.776344	1516000	-0.019261234	113.47321	0.0	-100.45946	0.15737003	2.0861624e-09	738.6654431819916
379	1.6451068	9.187497	17.29728	-6.2648234	1000.0	-7.776738	18.762026	66.64689	-23.337212	1520000	-0.015091068	16.463573	0.0	-4.5627975	0.15589938	-4.2319295e-09	742.2412540912628
380	82.917816	104.681335	191.77515	-46.16023	875.0	1.8970745	24.399715	66.88219	-21.251106	1524000	-0.038124274	172.96307	0.0	-90.74008	0.16623583	1.952052e-09	744.6358189582825
381	156.32358	89.38514	227.94164	4.139814	772.25	12.684709	31.133331	75.388885	-23.12186	1528000	0.00924558	522.65326	0.0	-253.92258	0.13816631	3.1888485e-09	747.6774241924286
382	201.11446	24.565573	230.45816	157.99043	621.3333	17.63932	23.21901	77.21207	-34.249092	1532000	-0.0028387087	376.83017	0.0	-140.32246	0.17817603	-2.9802316e-10	750.072103023529
383	224.61308	18.780832	251.73616	199.93054	691.8	29.823061	26.339191	81.198135	-6.0472345	1536000	-0.15734202	661.6394	0.0	-416.64465	0.28056213	-8.180738e-09	752.5126271247864
384	222.55356	16.138336	239.78372	204.69597	700.5	22.04409	17.506035	88.09712	-5.145876	1540000	-0.07751664	241.16293	0.0	-67.315475	0.3572657	-6.556511e-09	754.7680761814117
385	246.70685	15.4375105	269.30737	216.93457	392.625	26.87746	18.880413	88.36355	-1.9207084	1544000	-0.07946117	828.2736	0.0	-494.33228	0.21224591	-1.5497208e-09	756.5120530128479
386	227.07837	52.14936	262.41083	94.22664	450.625	39.38416	15.446254	95.116264	17.447092	1548000	-0.10436193	431.29578	0.0	-257.7549	0.23773503	1.7434358e-09	758.4330623149872
387	253.52634	19.859716	275.1169	211.5966	371.2	46.261913	19.141155	97.03898	-28.963154	1552000	-0.03547956	176.7572	0.0	-121.58758	0.15332429	-2.041459e-09	759.9783210754395
388	242.47427	20.453604	278.5049	196.20811	376.5	50.530437	19.575237	99.031075	-0.08563042	1556000	0.013693195	424.33203	0.0	-230.63895	0.13829406	1.3560056e-08	761.4969191551208
389	225.09973	71.23532	284.606	25.563967	344.0	51.304142	17.882692	95.60047	5.8283114	1560000	-0.0053711426	606.2814	0.0	-200.16965	0.1510268	1.8626451e-09	762.9679622650146
390	242.41806	65.09064	279.00873	41.57907	328.45456	55.16571	22.012213	100.72042	-12.201326	1564000	0.0035521316	300.4982	0.0	-85.40857	0.14471692	6.4074994e-09	764.5256052017212
391	233.43828	67.73182	290.7347	25.261824	300.41666	54.147655	21.284412	96.86507	-34.5348	1568000	-0.0052497545	249.16891	0.0	-81.10927	0.14868826	-1.4603141e-09	765.9351689815521
392	232.21754	73.02068	285.87704	-15.042898	277.76923	61.117626	19.51439	118.50664	-15.79544	1572000	0.007285057	198.12424	0.0	-118.477875	0.15243647	-4.1574237e-09	767.2905721664429
393	212.73329	101.5969	295.05405	15.30256	278.07693	64.13542	19.971209	108.08534	-33.221786	1576000	-0.0043601748	882.1917	0.0	-541.6113	0.15501818	-8.508563e-09	768.6123700141907
394	227.10901	89.1579	292.04678	23.508451	354.8	60.464417	33.303974	119.43814	-49.710243	1580000	-0.07514633	2595.021	0.0	-1439.61	0.20843583	2.7865172e-09	770.2486090660095
395	249.26646	59.287556	298.0886	43.64487	264.85715	56.526875	15.356896	103.88741	-60.538006	1584000	-0.027241286	646.9703	0.0	-323.57788	0.15297067	4.842877e-09	771.5499830245972
396	257.18942	31.970848	301.67853	176.14217	290.66666	66.067795	15.76999	124.15907	9.391555	1588000	0.013408596	692.7305	0.0	-279.00537	0.12802725	6.169081e-09	772.8818850517273
397	241.56548	75.24349	292.42426	10.910861	267.45456	68.04645	12.727138	108.59638	3.8160117	1592000	-0.05640255	1537.3795	0.0	-828.6058	0.20659032	1.756847e-08	774.5927319526672
398	253.5399	28.70162	286.36453	182.45464	309.75	54.99712	22.443346	106.036064	-21.162266	1596000	-0.043861542	399.05017	0.0	-79.66684	0.18346354	-1.3381243e-08	776.0547552108765
399	257.65353	41.71135	303.33987	133.49522	322.41666	60.53883	24.31702	127.6886	-6.145459	1600000	-0.054739505	345.44897	0.0	-146.92479	0.21256149	-3.0100344e-09	777.6007430553436
400	255.04095	51.258904	301.46323	79.02577	246.46666	72.07508	14.236518	111.03318	-27.374931	1604000	0.00021165912	285.43274	0.0	-80.10193	0.13739622	-2.4586915e-09	778.8743748664856
401	198.58131	90.89722	295.8823	3.968846	364.9	53.95641	33.26757	109.28239	-44.21043	1608000	0.0075144353	1596.3492	0.0	-834.9026	0.21086861	2.1159652e-09	780.4138650894165
402	270.25574	18.99906	298.78568	229.96902	261.86667	54.250977	25.12178	100.03725	0.14327681	1612000	-0.0062677544	759.9091	0.0	-608.234	0.122147664	9.536743e-09	781.6969940662384
403	206.10657	91.65337	276.8101	22.665476	315.08334	62.20218	29.714685	111.88539	-7.701418	1616000	-0.01113851	1190.0815	0.0	-492.9713	0.20420793	-4.604459e-09	783.319169998169
404	193.6551	110.98098	300.2204	13.857536	247.26666	56.97722	25.583677	98.304726	-26.723484	1620000	0.009285239	1449.8655	0.0	-389.52536	0.14799835	9.3579295e-09	784.5503091812134
405	154.64995	118.415825	282.29193	22.654661	263.35715	50.991867	25.821495	99.08035	-55.230927	1624000	0.0029670158	1459.383	0.0	-508.8512	0.21244442	6.8992376e-09	786.1527922153473
406	187.37045	104.95529	293.89896	30.96335	291.15384	41.756798	31.040876	98.295555	-83.9763	1628000	0.0076416666	746.37225	0.0	-343.76184	0.18535061	9.268522e-09	788.0299000740051
407	162.5546	114.14885	304.5474	4.567497	250.8	53.70992	30.482565	108.635735	-112.615974	1632000	-0.024719443	1091.1763	0.0	-296.5875	0.10587312	1.6093251e-09	790.2051870822906
408	166.58682	115.847176	292.2317	2.130114	260.0	50.971413	33.390892	110.61717	-81.329636	1636000	-0.008586412	1725.7004	0.0	-633.97205	0.18103239	3.904104e-09	792.07186627388
409	167.87978	107.55209	287.49866	10.859011	222.58824	47.47546	30.489754	107.946724	-98.962685	1640000	-0.0038307507	1082.867	0.0	-349.5765	0.10822462	4.5895576e-09	793.9106681346893
410	155.26175	117.67613	282.41296	0.40538457	196.55	60.0417	29.124329	106.35409	-99.624565	1644000	-0.0028145853	1623.575	0.0	-271.94867	0.12582603	-4.4703485e-10	795.7095339298248
411	211.04025	105.68918	311.13434	-6.442829	279.57144	43.69142	35.607677	109.88936	-109.342064	1648000	-0.010909278	1254.217	0.0	-537.2521	0.18469818	1.1861324e-08	798.2570080757141
412	190.47517	101.38645	295.49893	2.9080515	234.125	62.70061	32.557873	114.85519	-38.236073	1652000	-0.0015991549	1094.2308	0.0	-324.8534	0.10347141	4.1723247e-10	800.1761269569397
413	220.49641	93.92427	293.21225	-35.952606	225.64706	64.92596	23.926096	104.12797	-63.278618	1656000	-0.011460016	722.745	0.0	-357.485	0.12068842	3.233552e-09	801.3756291866302
414	156.74055	124.16632	291.809	-29.960379	188.85	56.47193	37.728073	114.480804	-118.7858	1660000	0.0142926695	839.088	0.0	-196.36346	0.11822873	2.1457671e-09	802.8652741909027
415	178.00516	116.96952	288.44263	-13.169294	198.2	55.247066	34.094696	112.92623	-103.606346	1664000	-0.01828191	948.81946	0.0	-264.0069	0.18704942	1.04606155e-08	804.2439901828766
416	141.75032	123.64422	300.12262	-12.872381	186.5238	55.945305	37.674595	115.80935	-103.2143	1668000	-0.010206357	1310.016	0.0	-192.91003	0.11831289	1.0520219e-08	806.2178840637207
417	139.94937	122.236725	299.6719	4.4459233	191.7	51.73953	38.114716	111.44177	-106.665375	1672000	0.0014611031	1812.293	0.0	-522.77496	0.10791345	-6.437302e-09	808.0693051815033
418	138.96944	124.52	287.57635	-31.144192	193.65	57.87087	34.365074	113.016846	-133.95784	1676000	-0.0038863225	1594.4375	0.0	-440.33514	0.11852652	5.4240226e-09	809.7231612205505
419	172.17993	120.30792	283.46555	-22.415321	206.61111	49.537476	35.390533	106.30522	-100.24135	1680000	0.002175794	1052.1274	0.0	-197.21915	0.11111622	5.1558016e-09	811.7982621192932
420	130.89049	121.43104	294.63214	-13.182865	183.57143	53.18115	35.982967	111.84685	-114.780624	1684000	-0.007761007	1579.0507	0.0	-419.8238	0.11507481	-2.2649762e-09	813.2798662185669
421	143.75322	126.25392	282.10812	-16.42113	189.5	46.264454	40.318844	114.88859	-117.771385	1688000	0.0036129626	1408.5846	0.0	-462.6284	0.105645254	6.2584875e-09	814.9940550327301
422	127.079544	115.32767	291.42218	-15.493985	173.04546	51.971054	34.371723	102.643105	-94.732834	1692000	-0.010024705	1460.4523	0.0	-863.0873	0.118450604	3.680587e-09	816.7096869945526
423	83.236565	103.18544	307.49847	-17.729326	162.91304	46.264835	46.69477	119.812965	-115.50639	1696000	-0.029180078	2091.6401	0.0	-889.0858	0.11835691	-1.7032027e-08	817.9623601436615
424	102.54555	116.77748	276.26825	-8.55344	173.05556	33.347546	36.991493	106.84781	-121.31298	1700000	-0.022413604	1754.7814	0.0	-410.3294	0.18042071	-1.1622905e-09	819.3271241188049
425	42.01496	86.575615	267.7296	-111.03112	156.0	32.74513	38.95073	97.68316	-115.07114	1704000	-0.006873023	2034.2905	0.0	-810.1098	0.1288256	6.705523e-09	820.4522960186005
426	108.03252	125.38503	287.68594	-126.22421	184.75	17.712757	38.984726	92.45216	-133.42255	1708000	0.0010653904	2169.1152	0.0	-995.2354	0.10890367	9.357929e-09	821.6305751800537
427	76.87549	102.77617	284.62567	-63.138924	169.52174	35.826344	38.960648	90.37717	-126.82155	1712000	-0.0010725865	1855.8784	0.0	-592.54065	0.12512812	3.0845402e-09	822.7669050693512
428	102.39474	111.865326	271.21054	-43.471832	185.63158	21.174429	42.82309	84.53819	-119.42585	1716000	-0.0099920165	1880.5806	0.0	-538.2635	0.112588346	4.4703485e-09	823.9534993171692
429	204.46486	106.85558	299.11368	-27.081127	225.47058	46.667553	33.531136	90.62786	-80.790825	1720000	0.02562764	1984.2444	0.0	-646.43726	0.11087458	8.642673e-09	825.1340479850769
430	224.1355	87.24399	294.68292	4.9162846	216.14285	67.273384	19.060894	94.54667	-78.88821	1724000	-0.038656898	1379.3951	0.0	-848.4912	0.1752715	-1.2874603e-08	826.8174211978912
431	161.05212	117.51364	269.31775	-36.827118	222.11765	53.957413	31.302284	94.20202	-100.175575	1728000	-0.020931153	1145.3867	0.0	-294.94662	0.1065162	1.2487173e-08	828.0981690883636
432	204.78165	89.32248	274.84998	-1.0539753	254.13333	57.497814	25.313	108.913345	-70.22646	1732000	-0.0106759565	883.952	0.0	-206.36806	0.13492589	3.5405158e-08	829.4461979866028
433	208.1577	91.51003	289.3703	8.323616	248.0	52.934837	27.827793	98.94944	-46.024826	1736000	-0.023186319	891.4769	0.0	-219.77731	0.14938124	-5.8412555e-09	831.2082419395447
434	193.59967	106.51738	293.50555	-20.995037	243.8	58.493782	27.935278	122.44135	-46.32689	1740000	0.007037043	1386.7107	0.0	-251.83783	0.13696462	6.7502257e-09	832.7942202091217
435	188.54062	121.34503	279.49243	-40.673546	234.5	53.456226	29.663748	104.95113	-77.244156	1744000	0.0061605317	963.3164	0.0	-340.89087	0.10994145	-9.328127e-09	834.341292142868
436	177.50467	110.02087	288.81335	-26.678226	266.5	65.783646	26.899477	104.043365	-73.100296	1748000	-0.068273336	1750.1111	0.0	-974.87866	0.18312854	-3.1143426e-09	835.957515001297
437	162.69244	115.01892	296.05103	-38.750374	247.4	42.336193	36.863552	93.58086	-94.923744	1752000	-0.020268828	1338.5854	0.0	-427.70612	0.11758466	3.3378602e-09	837.4869251251221
438	206.74023	90.58277	285.8671	9.759969	264.76923	43.19592	34.114265	107.63806	-59.637207	1756000	0.007397486	1425.9653	0.0	-805.1051	0.09790544	-4.3362376e-09	839.1622550487518
439	190.03122	110.666916	296.45285	-18.163185	276.7143	53.507267	27.850462	102.86897	-80.576065	1760000	-0.013319959	821.77527	0.0	-206.47655	0.11786801	3.4719712e-09	841.122819185257
440	214.5355	97.191574	297.1733	7.574307	247.66667	48.845455	30.372711	110.94431	-67.70728	1764000	-0.0069911773	1208.7603	0.0	-489.8566	0.09519294	-2.157688e-08	842.6542611122131
441	176.08192	108.11065	276.16455	-1.6118611	258.64285	57.150085	28.376049	104.16343	-85.374756	1768000	-0.0037043071	1023.22296	0.0	-336.93646	0.10087256	1.3798475e-08	844.1773812770844
442	128.40674	113.05703	259.6781	-46.74713	222.9375	51.69984	31.967306	95.72399	-93.25831	1772000	-0.005427096	1478.1266	0.0	-376.91107	0.11416936	4.0084123e-09	845.6344110965729
443	208.32695	91.61122	282.80637	-33.97695	250.4	42.06639	34.715237	93.56948	-98.637344	1776000	-0.0079386	1113.4089	0.0	-660.49475	0.09821291	7.644296e-09	847.2465422153473
444	173.37761	100.749695	261.58597	4.6173353	266.14285	44.80472	34.74162	98.12618	-67.9964	1780000	0.0049110176	1754.263	0.0	-746.5015	0.09509206	-1.4305113e-09	849.109461069107
445	171.66302	126.62402	274.054	-47.615658	243.46666	48.763523	37.712833	104.55491	-111.47812	1784000	-0.0050076013	1528.7681	0.0	-345.66068	0.10551262	8.8214875e-09	850.3675880432129
446	231.25919	70.143936	288.00906	1.0781236	275.3846	48.78089	33.47709	98.93366	-92.25045	1788000	-0.0010163747	1406.7372	0.0	-764.0015	0.099533185	1.2665988e-09	852.5667252540588
447	204.19392	89.403915	279.94742	-6.5423155	288.30768	59.76446	26.993114	104.026	-78.958	1792000	0.0011283047	1122.6824	0.0	-300.3247	0.10061947	1.1324882e-08	854.3810710906982
448	233.95451	69.1386	292.22537	8.697085	273.0	51.452095	25.918335	101.62489	-72.06593	1796000	0.01915414	894.4281	0.0	-390.8006	0.09995481	-1.0550022e-08	856.0732622146606
449	214.76727	90.65269	280.65005	11.72088	292.6154	62.46609	22.420242	102.81591	-9.546343	1800000	0.0011807603	865.5281	0.0	-387.6705	0.102052644	4.5895576e-09	858.3606810569763
450	211.21112	90.579895	293.33224	1.0070703	285.30768	56.593136	26.307434	96.44662	-73.02038	1804000	-0.01082734	924.79004	0.0	-236.80557	0.10350941	-1.1116266e-08	860.0920901298523
451	237.07695	67.81083	291.13498	10.202557	277.42856	58.74115	24.856798	103.99229	-19.07999	1808000	0.0039912816	541.13855	0.0	-240.01785	0.095846295	-4.8279762e-09	861.3560471534729
452	187.18272	106.37027	291.21075	-7.362855	276.07693	59.782696	21.123325	104.817566	-78.210724	1812000	-0.0005368951	1099.4966	0.0	-582.9744	0.10566233	-9.432435e-09	862.7352130413055
453	243.64711	67.805504	292.65503	7.8616962	271.64285	58.65156	27.733164	103.817924	-80.12549	1816000	-0.015832609	591.58575	0.0	-286.19125	0.11726627	2.324581e-09	864.047590970993
454	197.151	97.54177	273.25607	-28.499138	300.41666	62.979866	23.860798	95.18338	-75.431015	1820000	0.012993684	2017.0254	0.0	-1129.5322	0.107752874	1.9967556e-09	865.4071271419525
455	214.16641	94.42094	296.50943	-26.135921	277.2857	48.398376	27.966156	87.93977	-91.733864	1824000	0.0016000522	1132.9905	0.0	-275.94968	0.09845292	6.496906e-09	866.9656100273132
456	203.5874	104.27365	280.16196	-3.523465	268.53845	50.104458	26.253262	98.20308	-93.46718	1828000	-0.0018036314	1008.5051	0.0	-307.4094	0.106623664	-6.4820047e-09	868.3162770271301
457	216.26355	81.918106	290.78403	-2.4713776	317.3	59.89131	21.453201	104.88425	-39.81144	1832000	0.00084628025	1412.7546	0.0	-923.16504	0.100461684	3.129244e-09	869.9656691551208
458	161.48474	108.87306	299.77856	-19.172464	303.33334	39.305073	32.584526	99.704994	-79.24461	1836000	-0.0068892147	1647.273	0.0	-945.0814	0.09161262	8.240342e-09	871.2952172756195
459	234.87431	70.54572	300.86044	19.319164	325.58334	41.00349	28.877338	97.50299	-91.43467	1840000	0.008161284	1063.1412	0.0	-492.9252	0.09320416	2.8312205e-10	872.7164120674133
460	235.02292	76.01686	284.49686	-15.859831	277.3846	53.32204	24.96201	107.57743	-74.490776	1844000	-0.0024444608	477.21747	0.0	-229.1998	0.103810206	7.1525563e-10	874.035150051117
461	202.69984	100.97264	275.9676	3.1540544	265.3846	64.71473	20.689123	115.50915	-27.58776	1848000	-0.0004519131	962.8559	0.0	-360.11374	0.100772135	-5.96046e-11	875.341372013092
462	221.94261	75.85441	281.53162	31.041498	256.2	58.68814	19.848148	101.53655	-51.477585	1852000	0.004886934	946.77966	0.0	-166.31451	0.114726305	-6.2584875e-09	876.5850970745087
463	194.73364	73.7941	248.82741	-1.5932933	397.1	50.295856	26.051325	107.22895	-55.67585	1856000	-0.01031859	1500.9509	0.0	-763.14966	0.105590776	1.0490417e-08	878.0646741390228
464	180.62672	113.70105	279.64188	-9.647988	278.46155	41.014244	27.262257	99.05292	-74.653114	1860000	-0.005065562	799.3578	0.0	-426.75623	0.10464049	-6.79493e-09	879.3510580062866
465	203.78752	103.755455	314.25082	-27.382765	261.64285	56.288757	31.291895	107.88788	-68.14159	1864000	-0.0065005133	461.04904	0.0	-182.45374	0.10876459	5.0663944e-09	880.6833002567291
466	225.61089	61.037987	279.997	59.100628	302.83334	65.63947	17.454031	105.14038	-63.343674	1868000	0.008108266	632.7621	0.0	-291.10727	0.10801521	1.40219925e-08	882.1295800209045
467	221.25064	64.410225	277.656	25.397898	290.92307	54.35297	24.84673	103.03742	-80.79471	1872000	0.0015734872	354.30316	0.0	-61.835114	0.10476717	1.3485551e-08	883.4733180999756
468	238.72914	54.094738	280.70587	74.85821	337.0	59.57333	25.559242	107.86739	-58.154617	1876000	-0.07688989	1553.927	0.0	-992.80634	0.15877222	-1.001358e-08	885.0539610385895
469	244.77342	25.526678	300.60736	203.67828	304.5	59.52894	23.016443	94.559296	-27.829779	1880000	-0.0032191335	303.716	0.0	-151.4255	0.09761387	8.881092e-09	886.5527040958405
470	221.47107	64.68116	272.0545	20.776869	314.91666	55.614788	25.09459	109.1079	-70.68229	1884000	-0.0079191085	528.7283	0.0	-244.4164	0.09108863	-8.0466256e-10	887.984461069107
471	188.07329	109.4323	281.848	-61.231075	348.72726	52.355495	24.18248	106.80041	-75.3608	1888000	0.014950159	959.9918	0.0	-393.68552	0.08217042	-2.875924e-09	889.3774342536926
472	258.74255	23.941273	302.63043	218.13396	312.41666	45.995205	28.814968	99.40422	-75.13879	1892000	-0.010054644	696.88354	0.0	-563.1262	0.09247063	-8.240342e-09	890.7874870300293
473	238.20049	39.804886	298.56927	174.53221	368.1	61.40608	19.261074	127.34091	-0.16844547	1896000	0.009052934	1009.26886	0.0	-542.4099	0.08840837	5.00679e-09	892.295520067215
474	231.61937	35.473568	269.23914	138.3548	333.0909	51.943092	19.18643	91.56165	-24.399498	1900000	0.00057899253	356.7384	0.0	-139.2337	0.09202924	3.0249356e-09	893.7035262584686
475	216.22623	49.202084	262.8831	109.75871	387.6	45.183365	25.31065	89.84867	-15.780024	1904000	-0.0050110565	667.0627	0.0	-166.64517	0.08062709	7.480383e-09	895.2286999225616
476	242.87698	23.011385	282.7534	199.08557	328.6	43.703297	25.337437	103.82668	-11.349793	1908000	-0.012585576	367.93054	0.0	-124.58463	0.095959306	4.11272e-09	896.6637551784515
477	248.76599	14.755112	272.91537	227.3882	325.83334	55.64291	20.691935	94.6836	-12.105961	1912000	-0.0038624066	223.08713	0.0	-123.480255	0.092610925	3.2782554e-09	898.0895428657532
478	232.81503	41.0146	285.1547	154.87633	371.6	54.641937	21.553747	104.21583	-5.2505517	1916000	0.0073120873	387.19177	0.0	-196.7734	0.094181485	8.419156e-09	899.518707036972
479	244.57854	31.981567	283.20795	192.62889	374.5	53.1476	22.038992	101.73923	-4.7877054	1920000	0.012738712	680.1185	0.0	-263.51666	0.094708964	-1.1026859e-09	900.9271521568298
480	214.48973	65.961075	273.92404	23.106686	346.72726	51.92965	19.928576	95.24779	-43.245945	1924000	-0.001380561	577.5012	0.0	-104.89846	0.1036688	1.4305115e-09	902.3313460350037
481	245.00902	16.759577	267.75024	206.05573	337.18182	48.480022	24.100513	105.73024	-16.308516	1928000	-0.008848416	377.1423	0.0	-200.49576	0.09121685	-1.9371509e-09	903.7940940856934
482	166.22751	111.52737	278.854	-37.304173	385.3	57.051945	21.458685	116.877	-11.004307	1932000	-0.027882934	1777.3224	0.0	-1127.076	0.14408298	1.2040138e-08	905.6143679618835
483	213.57204	69.71626	268.13446	3.6191843	334.72726	39.919685	25.930107	101.69765	-38.85309	1936000	-0.015524307	567.5377	0.0	-213.10146	0.086105146	8.2850455e-09	906.9914970397949
484	173.09744	142.20387	288.92285	-128.1802	338.81818	49.84983	26.969639	102.94084	-52.95883	1940000	0.004430537	1219.8779	0.0	-867.6581	0.08739914	6.0796737e-09	908.4142611026764
485	213.22173	87.56239	274.36102	-42.08997	316.8	30.119843	42.63391	91.17961	-74.73738	1944000	-0.010445712	1211.849	0.0	-551.4588	0.08337121	-5.930662e-09	909.7714302539825
486	187.81636	84.350426	250.84084	3.6536539	352.36365	33.748882	33.08712	93.08472	-35.63423	1948000	-0.007032232	842.35034	0.0	-257.31277	0.08040722	2.4586917e-09	911.1358821392059
487	220.46754	79.561005	281.3779	-25.69089	324.81818	51.781296	26.082771	98.470985	-71.976974	1952000	0.0006147688	518.6202	0.0	-148.65852	0.09372372	4.4852495e-09	912.4955921173096
488	219.68959	78.14635	273.71503	-32.20288	319.33334	56.651924	21.297485	113.494774	-72.95864	1956000	0.008678483	557.88855	0.0	-101.85121	0.09252459	1.4409423e-08	913.953859090805
489	235.77246	22.657885	270.00085	198.21748	383.2	55.60236	20.100737	105.11964	-11.244343	1960000	0.022197038	710.8614	0.0	-460.66788	0.08372472	-1.990795e-08	915.4682931900024
490	221.80048	52.392124	255.24477	104.59469	427.33334	55.54996	22.445261	97.46169	-21.456182	1964000	-0.09455416	1277.0062	0.0	-940.6794	0.16011137	1.3098121e-08	916.9140689373016
491	244.55957	26.799105	287.7249	187.99261	359.2	47.835842	21.10308	109.693	-12.276654	1968000	-0.008764763	497.01492	0.0	-182.29225	0.09042131	4.857778e-09	918.4047102928162
492	235.96808	17.007584	266.7149	200.25143	339.0	56.116344	15.633648	108.40514	11.423651	1972000	0.01266553	149.28415	0.0	-41.892	0.09329043	3.9339065e-09	919.8263230323792
493	218.36566	72.79969	256.9646	-10.316207	333.63635	50.80614	16.571598	94.63864	-37.422943	1976000	0.003183667	708.21594	0.0	-235.04617	0.09798929	-1.0222196e-08	921.2443110942841
494	197.36644	107.17734	279.34848	-20.534555	350.7	53.335274	20.178272	92.79376	-76.29941	1980000	0.0041556326	910.61926	0.0	-398.7986	0.101184554	3.2931564e-09	922.7062520980835
495	251.64194	19.837742	280.30063	215.72037	365.7	43.737835	21.714754	90.69629	-79.460106	1984000	-0.017408337	357.189	0.0	-297.4095	0.09673695	-6.8545347e-10	924.1749241352081
496	193.02176	76.60891	251.00352	-7.5657644	394.22223	52.155827	20.16023	113.42724	-65.90812	1988000	0.01893469	946.1563	0.0	-502.75162	0.10579979	1.3008714e-08	925.7271602153778
497	252.89139	20.096458	277.89703	216.32112	411.44446	46.068398	19.845392	85.72962	-11.549586	1992000	0.006224058	253.13855	0.0	-118.140656	0.091663115	-7.420778e-09	927.2648010253906
498	204.29196	82.39442	277.29758	-3.3484097	418.0	46.045574	17.735464	88.24581	-33.37977	1996000	0.012085396	775.44775	0.0	-291.7071	0.1014947	-6.6459176e-09	928.9686000347137
499	214.83116	72.73247	280.48923	24.082235	392.0	35.192127	21.234396	88.59482	-72.71371	2000000	-0.0042326176	563.8074	0.0	-313.849	0.101613864	1.9371509e-09	930.5312860012054
