Epoch	AverageEpRet	StdEpRet	MaxEpRet	MinEpRet	EpLen	AverageVVals	StdVVals	MaxVVals	MinVVals	TotalEnvInteracts	LossPi	LossV	DeltaLossPi	DeltaLossV	Entropy	KL	Time
0	-243.88896	102.39138	-10.875974	-437.3256	84.95652	-0.08544954	0.031517573	0.06886174	-0.15561068	4000	0.015434861	21010.648	0.0	-1097.3154	1.3501168	1.7881394e-10	1.0021858215332031
1	-214.97174	122.86419	36.676857	-465.58435	86.17778	-4.2709136	0.40655208	1.6923368	-4.658627	8000	0.011860174	17724.023	0.0	-844.2656	1.3519323	-4.768372e-10	2.0360448360443115
2	-273.22107	150.6009	33.02385	-609.5488	87.5	-8.184482	0.09189307	-6.8099613	-8.290125	12000	0.01475393	26432.977	0.0	-963.79297	1.3517332	2.2351743e-09	3.141800880432129
3	-263.7147	131.2922	-66.45302	-567.37915	94.07317	-11.715315	0.07837881	-9.844351	-11.770578	16000	0.02103789	20798.762	0.0	-721.6035	1.3532243	5.960463e-11	4.4249489307403564
4	-248.40681	129.27643	-49.498158	-527.8206	85.4	-14.67152	0.18609352	-7.2229576	-14.708812	20000	0.012166565	19467.703	0.0	-667.5498	1.3542321	0.0	5.578825950622559
5	-215.11552	110.36527	-75.18154	-470.03323	86.195656	-17.457762	0.18232355	-11.957289	-17.492146	24000	0.012203458	14271.5625	0.0	-496.7666	1.3558817	1.6093255e-09	6.874222755432129
6	-222.67622	103.843864	-47.517006	-493.68213	88.40909	-19.901129	0.01073443	-19.800829	-19.916557	28000	0.01133373	13811.318	0.0	-488.1665	1.3570976	2.4139881e-09	8.355746746063232
7	-190.42389	117.826004	34.95197	-588.2135	82.14893	-22.313156	0.02059086	-21.773403	-22.328602	32000	0.013100879	11358.25	0.0	-333.4121	1.3579607	1.4007091e-09	9.800680875778198
8	-212.97691	110.19088	-73.90189	-514.23883	88.09091	-24.362507	0.028220152	-23.260853	-24.374802	36000	0.013358019	12366.15	0.0	-410.56396	1.3587949	8.0466267e-10	10.963076829910278
9	-202.89914	124.001434	-53.258442	-559.221	86.71795	-26.588688	0.20342477	-24.24646	-26.636467	40000	0.00884461	10833.975	0.0	-237.41553	1.3611676	-2.4139881e-09	12.207940816879272
10	-196.66074	115.61347	-3.664388	-459.31693	88.02273	-28.41734	0.028673803	-27.736816	-28.428463	44000	0.009633604	10743.961	0.0	-331.93848	1.360147	-4.4703485e-10	13.291480779647827
11	-213.3432	108.17069	21.61013	-440.72568	88.97727	-30.51419	0.030716155	-29.621912	-30.52341	48000	0.011115674	11058.105	0.0	-388.0459	1.3613976	1.7881396e-10	14.278213739395142
12	-228.46475	117.42752	-22.634747	-589.9783	84.41304	-32.81757	0.006290098	-32.598164	-32.8238	52000	0.013129108	12728.464	0.0	-436.70264	1.3621874	1.6689301e-09	15.292959928512573
13	-221.55727	109.41043	-58.63578	-479.98697	89.72727	-35.142086	2.0292292	6.4809847	-35.27984	56000	0.0048185885	11039.627	0.0	-441.85742	1.3628744	5.364418e-10	16.383076906204224
14	-225.79076	125.96973	14.176044	-494.9602	87.13333	-37.668236	0.027691422	-36.960697	-37.675213	60000	0.0024430454	12932.887	0.0	-414.69727	1.3639872	-8.940698e-11	17.50089383125305
15	-189.87727	112.87266	-14.811984	-558.89417	90.76744	-40.080128	0.214392	-32.58519	-40.096245	64000	0.0023390502	8094.0957	0.0	-224.08154	1.3645275	-1.1324883e-09	18.50330877304077
16	-181.03777	95.75031	-56.630234	-490.36282	87.52381	-41.92802	0.027313162	-41.34842	-41.93351	68000	0.004108712	6397.7754	0.0	-146.25293	1.3652961	-1.3113022e-09	19.577581882476807
17	-196.7103	117.2887	-14.701106	-473.40515	87.61364	-43.43	0.0076076747	-43.19355	-43.43308	72000	0.0031905025	8109.745	0.0	-235.40015	1.3655207	8.940697e-11	20.553776741027832
18	-200.76697	101.3327	-23.847076	-386.903	87.55556	-45.313835	0.019811	-44.772655	-45.317436	76000	0.007955357	7506.297	0.0	-249.50049	1.3671911	2.384186e-10	21.581759929656982
19	-220.14984	104.05382	-60.072083	-424.87506	91.023254	-47.281666	0.30254337	-40.288414	-47.303543	80000	0.004708538	8592.348	0.0	-323.0647	1.3667521	-1.7881394e-10	22.615282773971558
20	-206.06932	116.02649	-58.331406	-549.73773	91.04651	-49.55264	0.0065785595	-49.333397	-49.555077	84000	0.0015054643	6957.847	0.0	-230.91296	1.3671447	-8.940698e-11	23.605706930160522
21	-193.79979	117.879906	-6.6575947	-555.60455	90.48837	-51.517475	0.031157997	-51.060585	-51.522194	88000	0.0071901977	6843.801	0.0	-187.48633	1.3677993	1.192092e-10	24.59835696220398
22	-192.35834	98.89549	-67.38892	-466.6164	87.977776	-53.304695	0.02242874	-52.798027	-53.308315	92000	0.004975058	5682.193	0.0	-192.56812	1.3682232	-6.556511e-10	25.577516794204712
23	-190.8595	125.406555	-10.792975	-475.21988	94.80488	-55.120663	0.06923699	-53.218636	-55.12987	96000	0.0011607762	6965.7627	0.0	-155.06079	1.3688884	-1.3411046e-09	26.5816068649292
24	-178.993	84.424835	1.6625628	-410.83502	88.0	-56.795837	0.014616791	-56.30738	-56.797832	100000	0.005051121	3892.3115	0.0	-128.13135	1.3695889	9.834766e-10	27.58537983894348
25	-181.987	101.431885	2.8867278	-445.4361	88.31111	-58.33468	0.010454699	-58.11799	-58.337067	104000	0.0019977093	5119.7314	0.0	-118.88721	1.3698623	5.6624416e-10	28.59314775466919
26	-188.03741	104.442604	28.186554	-469.8521	88.77273	-59.836357	0.0038475397	-59.773968	-59.83763	108000	0.0046647415	5400.0557	0.0	-144.16418	1.370029	-7.1525574e-10	29.575440883636475
27	-171.88902	91.99354	-66.73704	-463.26077	89.0	-61.50115	0.010383675	-61.0597	-61.502766	112000	-0.0013648942	3806.3044	0.0	-94.0177	1.3699975	-1.3113022e-09	30.557246923446655
28	-163.38121	111.14446	-6.591068	-584.9733	87.59091	-62.893036	0.006072833	-62.739017	-62.894283	116000	0.0027296338	4600.8354	0.0	-66.27527	1.3707918	-1.7881394e-09	31.526256799697876
29	-190.24521	111.262764	-16.763506	-440.33524	88.045456	-64.07747	0.0029382934	-63.990585	-64.07856	120000	0.0029612593	5679.223	0.0	-144.36206	1.3711059	6.258488e-10	32.494385957717896
30	-191.28795	116.493324	36.24633	-503.12476	96.60976	-65.79939	0.024177536	-65.18019	-65.80201	124000	0.0045475513	5206.798	0.0	-105.5542	1.371093	1.5795231e-09	33.4952347278595
31	-180.51755	99.06644	-29.698557	-404.1889	88.77273	-67.33774	0.021473	-66.71301	-67.339966	128000	-0.0006035492	4041.0073	0.0	-83.705444	1.3723989	-5.960465e-11	34.47680377960205
32	-162.94016	95.5381	-58.842823	-427.67596	86.71111	-68.72388	0.002985168	-68.65267	-68.724815	132000	0.0005323291	3001.4854	0.0	-48.330933	1.3727808	-1.758337e-09	35.453537940979004
33	-194.23792	103.05267	-62.67156	-458.87967	91.093025	-69.80705	0.0014160519	-69.75552	-69.80786	136000	0.0014348645	4091.977	0.0	-102.47766	1.3723328	-3.5762787e-10	36.43386387825012
34	-164.2399	84.514175	28.351564	-455.86343	91.023254	-71.35204	0.004471221	-71.24121	-71.353195	140000	0.005518006	2268.2815	0.0	-28.542847	1.3726511	1.4305115e-09	37.41412305831909
35	-154.97908	101.31571	9.897017	-428.04086	83.46809	-72.242905	0.0020268026	-72.1781	-72.24381	144000	0.003441684	3521.333	0.0	-28.12378	1.3737359	-3.2782554e-10	38.41037082672119
36	-168.68654	113.30622	20.42763	-482.5239	97.65	-73.0502	0.707363	-52.433014	-73.09635	148000	0.0041836947	4208.953	0.0	-43.444702	1.3735728	9.834766e-10	39.39996385574341
37	-146.71283	107.280106	25.442877	-557.902	89.045456	-74.038345	0.019622488	-73.3226	-74.040306	152000	-0.0003285706	3859.017	0.0	-6.451172	1.3745706	-1.0728836e-09	40.381388664245605
38	-182.24034	112.16108	13.948841	-527.2684	93.87805	-74.482735	0.010359822	-74.23376	-74.48436	156000	0.0020308942	4376.191	0.0	-55.687378	1.3741744	1.2516975e-09	41.36983299255371
39	-173.68018	112.19754	-1.6734862	-480.6712	91.53488	-75.704506	0.013423157	-75.48101	-75.7065	160000	0.001187399	4491.6855	0.0	-49.63208	1.3738823	5.066395e-10	42.36962366104126
40	-175.03831	81.51162	-14.6572895	-395.34946	89.90909	-76.932755	0.00860136	-76.82025	-76.9341	164000	-0.0018564113	2346.478	0.0	-45.66754	1.3741586	5.662441e-10	43.37891674041748
41	-180.75604	97.00091	-69.76823	-427.07367	94.36585	-78.1255	0.0021820008	-78.05574	-78.12602	168000	-0.0012423694	3068.4316	0.0	-50.61267	1.373785	-7.4505807e-10	44.38389873504639
42	-168.92703	102.60184	-63.70347	-527.33923	92.71429	-79.39574	0.0008903945	-79.36978	-79.39617	172000	-0.0028576404	2987.8447	0.0	-25.264832	1.3739147	-3.8743017e-10	45.369117975234985
43	-143.67001	106.23522	28.330023	-436.46564	90.83721	-80.33273	0.005461262	-80.22657	-80.33373	176000	0.0018614754	4221.103	0.0	0.03479004	1.3743972	1.1920929e-09	46.36659097671509
44	-168.48436	109.924065	42.044563	-378.29895	92.16279	-80.35144	0.017374437	-79.83357	-80.352974	180000	-0.0042365934	3634.3262	0.0	-20.693115	1.373976	1.192092e-10	47.36738467216492
45	-172.91928	92.16378	6.6764407	-439.92844	94.65854	-81.16143	0.0054089786	-80.96272	-81.162056	184000	-0.0013003275	2535.1877	0.0	-31.234192	1.3737981	8.34465e-10	48.36798071861267
46	-152.27264	84.15151	-12.847288	-403.5584	88.88636	-82.23108	0.0019803292	-82.15875	-82.23153	188000	-0.0017980082	1981.2902	0.0	-3.4630127	1.3757726	1.4305115e-09	49.35663890838623
47	-151.02396	69.89127	3.8135161	-366.62842	86.71111	-82.640015	0.0013974847	-82.60049	-82.64046	192000	-0.0016850121	1605.9352	0.0	-2.9691162	1.3753364	-1.0430813e-09	50.34130382537842
48	-149.42574	98.0211	-2.0301373	-454.59064	93.80488	-82.98418	0.0021952682	-82.954185	-82.984764	196000	0.00078367814	3240.0535	0.0	-1.1481323	1.3752185	-1.2218953e-09	51.32749891281128
49	-155.59196	74.158585	-26.62138	-381.4728	91.47619	-82.7942	0.022540133	-82.16557	-82.79568	200000	-0.005510628	1412.7457	0.0	-2.309021	1.3748648	-1.7881394e-10	52.29628396034241
50	-159.83003	93.350426	26.107304	-487.78757	90.88095	-83.07561	0.0016486403	-83.01593	-83.07605	204000	0.0015483517	2801.2036	0.0	-5.444214	1.3755741	-1.8179417e-09	53.28265881538391
51	-157.27583	101.08739	-25.837143	-568.76086	88.454544	-83.56434	0.0028815698	-83.46356	-83.56483	208000	-0.0010862052	3277.553	0.0	-7.7125244	1.3748783	-1.8775463e-09	54.252808809280396
52	-140.20894	84.68966	-2.6087685	-386.5868	88.31111	-84.159515	0.032178845	-83.5937	-84.1624	212000	-0.0060149776	2151.5369	0.0	-6.4726562	1.3754361	0.0	55.245176792144775
53	-159.51752	93.6359	-53.78854	-468.92722	89.65909	-83.66819	0.0014310385	-83.62146	-83.66853	216000	-0.005114764	2594.7458	0.0	-4.878113	1.3750515	-2.4139881e-09	56.24863004684448
54	-118.58467	81.73683	32.61244	-336.797	86.888885	-84.10692	0.005652988	-84.00151	-84.10788	220000	-0.0031003319	3237.808	0.0	-59.289307	1.3754961	1.7881392e-10	57.25683879852295
55	-136.42615	59.403465	-52.21858	-324.68137	91.37209	-82.470604	0.0003879201	-82.451996	-82.47086	224000	-0.006131865	1176.5066	0.0	-13.590759	1.3753593	-1.1920928e-10	58.25457787513733
56	-141.79642	72.88834	24.28494	-376.17218	86.333336	-81.55391	0.012938984	-81.04006	-81.554955	228000	-0.00915879	1838.1233	0.0	-0.26922607	1.3750734	-5.6624416e-10	59.25602889060974
57	-140.94312	68.35943	-42.554436	-389.3322	92.92857	-81.42778	0.00088749203	-81.39542	-81.42804	232000	-0.008532941	1476.6458	0.0	-4.362549	1.3749422	2.592802e-09	60.252671003341675
58	-144.53928	67.710625	-42.865696	-316.67722	91.54762	-80.94812	0.0023304399	-80.86087	-80.94848	236000	-0.0016274787	1341.7137	0.0	-0.0026245117	1.3760772	-2.0861626e-09	61.23175382614136
59	-124.87214	71.34647	14.208441	-363.4847	89.84091	-80.89187	0.00096458744	-80.8679	-80.892136	240000	-0.0077461973	1959.5284	0.0	-25.587006	1.3749523	-8.9406954e-11	62.220871925354004
60	-139.58838	87.30601	14.755038	-381.92352	96.625	-79.691635	0.0031173264	-79.61351	-79.69212	244000	-0.0059920996	2640.1213	0.0	-6.5601807	1.3751683	-2.2351743e-09	63.26773405075073
61	-135.83467	78.928566	10.806352	-382.41434	91.37209	-79.00021	0.0020857933	-78.95722	-79.00063	248000	-0.004998019	2132.361	0.0	-0.41687012	1.375077	-1.0430813e-09	64.26603388786316
62	-144.3555	86.89328	-6.1505427	-361.23895	92.309525	-78.80806	0.0023145925	-78.770096	-78.80852	252000	-0.0015370473	2400.3672	0.0	-0.6324463	1.3759489	-1.2218953e-09	65.25936388969421
63	-142.97218	77.87478	-33.23337	-411.6376	90.045456	-79.00061	0.00018928491	-78.997025	-79.00081	256000	-0.0072399825	1739.3116	0.0	-0.012573242	1.3756431	1.9669533e-09	66.33152794837952
64	-144.72127	81.977165	-46.030087	-425.56882	95.48781	-78.98065	0.00510639	-78.80413	-78.98114	260000	-0.005247034	1973.2544	0.0	-0.12841797	1.3747196	2.9802322e-10	67.32615089416504
65	-147.81306	79.8427	-42.78282	-421.20493	91.76744	-78.91057	0.007744727	-78.43065	-78.91093	264000	-0.007679656	1825.6797	0.0	-2.7227783	1.3753779	1.7881394e-09	68.3868727684021
66	-165.78545	86.30392	-59.61195	-362.26492	95.85	-79.345566	0.029835118	-78.80355	-79.34773	268000	-0.005992938	2481.417	0.0	-13.966553	1.372598	-4.470348e-10	69.38548302650452
67	-134.04459	76.26233	-46.133778	-469.8481	90.5814	-80.379105	0.00018651404	-80.37157	-80.37925	272000	-0.00493907	1631.7317	0.0	-1.2350464	1.3752384	7.3015693e-10	70.36274099349976
68	-142.44754	90.380135	-6.511996	-350.3814	86.64445	-80.121025	0.000111999216	-80.11992	-80.12116	276000	-0.00993463	2000.4604	0.0	-3.7861938	1.3741126	9.0897084e-10	71.34334897994995
69	-115.71942	48.529987	11.965473	-238.67288	93.38095	-80.64911	0.006954766	-80.533844	-80.64984	280000	-0.005336158	1268.1617	0.0	-73.44913	1.3756126	1.7881396e-10	72.33708381652832
70	-113.61341	49.8065	8.388359	-227.92128	92.71429	-78.2454	0.00013744795	-78.24224	-78.24555	284000	-0.008633688	996.297	0.0	-51.36029	1.3746521	-1.2069941e-09	73.3525869846344
71	-121.64926	69.56994	17.04145	-379.47705	89.045456	-76.061424	0.0019029004	-76.02479	-76.06173	288000	-0.0031927675	1738.8167	0.0	-13.5529785	1.373351	4.470349e-11	74.34422588348389
72	-137.90152	75.61665	-5.1257052	-361.20215	89.431816	-74.889	0.00089749094	-74.85217	-74.88919	292000	-0.006249495	1818.9084	0.0	-1.1936951	1.3733292	2.9802313e-11	75.36211585998535
73	-136.5932	99.16336	0.5909296	-586.673	99.30769	-75.162415	0.005575229	-75.08438	-75.16322	296000	-0.00574106	2961.9517	0.0	-0.8942261	1.3730774	-8.940697e-10	76.38494896888733
74	-163.2214	88.776726	-30.925226	-436.67197	94.2381	-74.90237	0.0010555619	-74.866875	-74.90256	300000	-0.010060716	2464.896	0.0	-55.142456	1.3722672	-3.874302e-10	77.50010871887207
75	-145.71669	69.5664	-39.696617	-314.97757	94.02381	-77.13607	0.00014832012	-77.13309	-77.13621	304000	-0.005870387	1275.8	0.0	-3.760498	1.3727958	-3.5762787e-10	78.58825397491455
76	-150.1915	69.77172	-50.59277	-336.76532	95.875	-77.86584	0.0062574428	-77.70334	-77.86632	308000	-0.008822195	1390.4225	0.0	-1.6137695	1.3719412	1.1622906e-09	79.61823987960815
77	-132.80148	51.31618	-64.63914	-280.45367	99.07692	-78.287315	0.0012692101	-78.25176	-78.28753	312000	-0.008505296	883.2125	0.0	-14.346588	1.3723788	-6.556511e-10	80.6319899559021
78	-145.8818	82.63563	-12.342111	-345.13406	100.30769	-77.10137	0.0045414087	-76.98207	-77.10186	316000	-0.0042105466	2259.5952	0.0	-0.024536133	1.3722589	1.4901191e-11	81.7987756729126
79	-137.93686	67.60279	42.22364	-308.9649	100.84615	-77.118484	0.005277176	-77.023026	-77.11917	320000	-0.0050876588	1785.7694	0.0	-4.0961304	1.3720405	1.1920929e-09	83.09161591529846
80	-120.9202	69.97711	17.292406	-363.23758	91.83721	-76.460175	0.0016483512	-76.42729	-76.460396	324000	-0.0032448452	1666.4155	0.0	-15.228821	1.3726377	7.1525574e-10	84.18350172042847
81	-125.81993	73.32811	7.8113856	-432.93274	93.95122	-75.11387	0.0011980892	-75.095245	-75.114075	328000	-0.0055932067	1967.9762	0.0	-12.577484	1.3724532	-1.117587e-09	85.28571701049805
82	-145.70605	93.05727	19.142189	-530.6118	96.675	-73.83716	0.00018194242	-73.83253	-73.83727	332000	-0.008224476	2600.9248	0.0	-13.268066	1.3701622	8.940698e-11	86.30965185165405
83	-138.98611	79.851204	-1.3397665	-346.38602	94.35714	-75.03992	0.0012747986	-75.00966	-75.04012	336000	-0.0031222254	1886.9108	0.0	-1.215271	1.3713715	1.7881396e-10	87.32387089729309
84	-142.75395	88.75964	-9.904016	-454.84766	95.268295	-75.50228	0.0017392305	-75.464615	-75.502594	340000	-0.007177705	2510.02	0.0	-9.338013	1.3709955	-1.7136335e-09	88.33816504478455
85	-140.1611	82.804344	35.201954	-349.40967	96.625	-76.6125	0.0015597105	-76.57993	-76.6127	344000	-0.0115669	1897.7773	0.0	-2.4849854	1.3708907	-2.2798776e-09	89.37683892250061
86	-127.86466	60.762318	-24.210138	-367.63672	94.53658	-77.24433	0.00040786105	-77.228424	-77.244415	348000	-0.004547164	1327.8875	0.0	-24.862915	1.3719885	4.1723247e-10	90.40106177330017
87	-133.2618	68.75965	-2.353692	-376.47815	97.02439	-75.42806	0.00036220712	-75.42171	-75.42817	352000	-0.014293477	1555.9824	0.0	-5.298828	1.3703178	-1.296401e-09	91.40778279304504
88	-153.65755	89.95586	-45.253693	-469.3787	92.809525	-74.46703	0.0008804155	-74.45546	-74.4672	356000	-0.005361881	2584.4424	0.0	-51.136658	1.3693386	-1.385808e-09	92.43625688552856
89	-114.59575	63.2467	10.0594	-289.8653	89.74419	-77.11638	0.00079195795	-77.08448	-77.11651	360000	-0.0035176873	1576.9329	0.0	-38.806885	1.3711293	-2.5629996e-09	93.465167760849
90	-119.502174	68.05692	-3.3382947	-381.08157	97.225	-74.914986	0.0016709355	-74.87689	-74.915184	364000	-0.0057717934	1857.6218	0.0	-57.37445	1.3700752	2.503395e-09	94.48395895957947
91	-139.92825	83.05656	-13.250917	-334.87646	97.55	-71.96794	0.0012322634	-71.93453	-71.9681	368000	-0.0061906483	2050.7598	0.0	-12.055786	1.3681271	-2.3990872e-09	95.51745986938477
92	-142.46686	95.969505	-42.93623	-517.2225	91.48837	-73.14462	0.000334381	-73.13715	-73.14472	372000	-0.012591494	2913.0298	0.0	-25.27893	1.3676276	-8.3446505e-10	96.54893898963928
93	-136.35785	84.06026	25.778776	-326.86407	97.275	-75.12154	0.0020892785	-75.05868	-75.121765	376000	-0.007714677	2197.692	0.0	-0.9046631	1.3667552	-5.2154064e-10	97.60628199577332
94	-155.52382	85.02805	-4.7139764	-417.47064	101.63158	-75.58598	0.0013443239	-75.5487	-75.58618	380000	0.00029398175	2507.166	0.0	-52.24829	1.3689097	3.72529e-10	98.62878584861755
95	-137.85245	87.82748	-30.408575	-425.17935	99.275	-78.38412	0.0007352953	-78.36951	-78.38425	384000	0.000980001	2875.0256	0.0	-0.5924072	1.3675511	4.768371e-10	99.64880681037903
96	-108.49756	42.802574	-44.4389	-205.3401	95.725	-78.18895	0.00035733514	-78.17868	-78.18902	388000	-0.009027658	1227.5356	0.0	-141.7457	1.368739	8.642673e-10	100.73811101913452
97	-121.241356	74.10563	-31.90766	-428.04144	93.63415	-73.65493	0.0023710188	-73.60955	-73.65516	392000	-0.00087854266	1771.7592	0.0	-1.960083	1.3667579	-4.4703485e-10	101.7913269996643
98	-145.62852	87.18486	-13.059998	-351.4526	104.0	-72.879	0.00052692584	-72.86849	-72.87909	396000	-0.011784345	2016.0212	0.0	-10.731812	1.3673964	1.1920929e-09	102.79808282852173
99	-115.633156	59.426727	16.21032	-253.19849	96.075	-74.11739	0.00016793968	-74.11496	-74.11743	400000	-0.004863295	1395.9819	0.0	-45.80243	1.3681772	-2.220273e-09	103.79086184501648
100	-131.59035	69.86483	-32.69657	-347.82178	100.51282	-71.58642	0.000774234	-71.56683	-71.586525	404000	-0.007241156	1753.562	0.0	-0.055480957	1.3665886	2.428889e-09	104.8205668926239
101	-142.22327	80.528244	42.518303	-361.7651	96.75	-71.61832	0.00030136094	-71.61428	-71.618385	408000	-0.005308764	1932.4751	0.0	-20.352356	1.3641562	-1.4901161e-10	105.82652282714844
102	-139.32385	82.46843	12.927912	-388.15207	111.85714	-73.40405	0.0021753141	-73.30959	-73.40421	412000	-0.0009080712	2194.4878	0.0	-3.7352295	1.3660138	1.7285346e-09	106.84117388725281
103	-138.25542	72.076035	19.286726	-311.14456	101.76316	-72.71691	0.00068933284	-72.69893	-72.717	416000	-0.006953601	1853.9554	0.0	-0.082611084	1.3642136	-4.917383e-10	107.85585689544678
104	-131.1414	62.663143	-40.027843	-271.78992	102.97369	-72.79725	5.775507e-05	-72.79635	-72.797295	420000	-0.0072094128	1219.4663	0.0	-2.1582642	1.3655384	1.0132789e-09	108.84980201721191
105	-130.95212	72.49941	-14.329397	-315.6424	105.75	-72.19841	0.00055112963	-72.1818	-72.19848	424000	-0.007919693	1719.4138	0.0	-2.180664	1.3657341	6.258488e-10	109.96356463432312
106	-121.67803	84.994354	7.1167603	-475.7999	97.53846	-71.546455	0.00029950097	-71.53779	-71.54649	428000	-0.006135218	2310.8115	0.0	-20.121033	1.36344	9.0897084e-10	111.01422476768494
107	-126.57486	79.91414	-4.276163	-280.66595	99.74359	-69.60625	0.0011160986	-69.57487	-69.60636	432000	-0.010717258	1856.3735	0.0	-4.9419556	1.363313	1.1026859e-09	112.01883792877197
108	-126.03504	75.78481	-31.086567	-374.06735	103.36842	-68.55531	0.00033616496	-68.54522	-68.55536	436000	-0.014695149	1517.797	0.0	-0.9182129	1.3634739	2.0861626e-10	113.03364682197571
109	-126.70265	73.6771	-24.68543	-391.45798	103.16216	-68.09284	0.0008106277	-68.07522	-68.09294	440000	-0.010173969	1652.6404	0.0	-0.0042419434	1.3624802	1.0728836e-09	114.0619809627533
110	-158.1597	90.04021	14.654448	-401.13312	100.31579	-68.046196	0.0005627343	-68.03701	-68.04628	444000	-0.004248999	2400.3516	0.0	-141.89523	1.358094	-6.8545336e-10	115.09860301017761
111	-131.38884	70.94988	-37.83617	-321.899	107.44444	-73.17525	0.00034125542	-73.167625	-73.175316	448000	-0.015112169	1725.3279	0.0	-12.999817	1.3609505	-1.1026859e-09	116.21050691604614
112	-124.52806	87.7656	-7.7944307	-427.43585	99.57895	-71.8597	0.0004478787	-71.848434	-71.85976	452000	-0.013370648	2452.2793	0.0	-3.906067	1.3607247	-2.9802322e-10	117.30525994300842
113	-135.42163	65.78013	-52.282856	-288.71942	103.16216	-70.92456	0.00014353369	-70.91658	-70.92461	456000	-0.008331377	1174.1108	0.0	-0.08319092	1.3582618	1.475215e-09	118.3635950088501
114	-131.565	71.85003	-24.241915	-373.52377	99.30769	-71.021515	2.3710116e-05	-71.02127	-71.021545	460000	-0.015363991	1269.3914	0.0	-0.91467285	1.3604271	-4.6193593e-10	119.37380790710449
115	-126.402084	63.500103	-32.4194	-307.06635	102.73684	-70.60423	2.262569e-05	-70.60404	-70.60426	464000	-0.019672692	1014.61346	0.0	-7.454651	1.3582827	9.23872e-10	120.4001989364624
116	-124.81729	72.116745	-8.810937	-308.32867	109.166664	-69.3497	0.00014634612	-69.3459	-69.34974	468000	-0.004712861	1808.7014	0.0	-1.8844604	1.359352	-7.8976153e-10	121.74166178703308
117	-135.64284	71.957634	-24.437187	-301.1674	101.17949	-68.662575	0.00024055873	-68.65474	-68.66262	472000	-0.0034078725	1832.9294	0.0	-33.352234	1.3573186	-1.7732382e-09	122.96939587593079
118	-126.447495	70.66704	-33.243935	-337.83627	101.97436	-71.30527	0.0003193789	-71.294334	-71.305305	476000	-0.0063981563	1560.4285	0.0	-1.2788086	1.3570495	6.705523e-10	124.12985968589783
119	-121.37084	67.71665	29.505102	-273.31418	133.34483	-70.88019	0.0010044988	-70.8737	-70.88051	480000	-0.004889533	2125.1042	0.0	-168.18652	1.3602922	-8.4936613e-10	125.63735890388489
120	-119.90602	66.89009	28.322496	-330.6569	101.5	-65.15596	0.00029377078	-65.14673	-65.156006	484000	-0.013486357	1394.7203	0.0	-0.3840332	1.3539413	-2.2351743e-10	126.69556403160095
121	-113.00193	39.881313	-37.31731	-225.29543	104.189186	-65.280075	3.7493253e-05	-65.27968	-65.28011	488000	-0.015123397	642.6503	0.0	-10.50798	1.3572377	5.2154064e-10	127.71769380569458
122	-125.65508	75.62695	-21.038803	-334.36838	103.92105	-63.898407	0.0010223067	-63.858513	-63.898525	492000	0.0009842198	1984.0005	0.0	-13.154175	1.3524039	-2.0861624e-10	128.75290703773499
123	-138.52823	81.443016	-29.479782	-332.70822	104.91428	-65.432755	0.0015194484	-65.4124	-65.43299	496000	-0.0031376986	2259.5613	0.0	-34.801697	1.3516773	2.771616e-09	129.7894070148468
124	-106.92811	73.05096	37.71284	-296.2979	101.86842	-68.114876	0.0030683766	-68.02991	-68.11515	500000	-0.017982567	1657.4102	0.0	-51.243164	1.3521136	5.513429e-10	130.82633185386658
125	-127.96975	68.82142	5.9190917	-329.92975	106.16216	-65.100525	0.001913771	-65.06521	-65.10074	504000	-0.018421438	1659.367	0.0	-3.06958	1.3508617	5.8114535e-10	132.05854678153992
126	-128.77797	97.401886	-18.238068	-518.5897	107.638885	-65.734886	0.00021624775	-65.730835	-65.73493	508000	-0.004332058	2951.0754	0.0	-17.785828	1.349433	-9.23872e-10	133.0978639125824
127	-128.09029	83.42819	0.70239097	-442.9251	103.810814	-67.64911	0.00023914172	-67.63992	-67.64915	512000	-0.0057861544	2027.4666	0.0	-0.24176025	1.3475578	6.2584876e-10	134.11798667907715
128	-135.95374	65.03429	-54.487865	-349.0001	105.4054	-67.96551	0.00019012894	-67.96104	-67.965546	516000	-0.007911671	1272.1362	0.0	-9.050171	1.3518139	1.4901161e-10	135.1445758342743
129	-112.24938	69.5726	10.334967	-327.85916	105.16216	-69.3469	0.0002693331	-69.34077	-69.34693	520000	-0.00917653	1809.2911	0.0	-32.14087	1.3467519	-1.4007091e-09	136.1717848777771
130	-110.10334	61.5729	-32.36596	-312.2337	99.69231	-66.80846	5.3521442e-05	-66.805435	-66.80847	524000	-0.0138239935	1270.0895	0.0	-15.536133	1.349746	3.1292438e-10	137.19668984413147
131	-133.06966	88.37811	-17.984074	-349.34326	101.38461	-64.87528	0.00038306895	-64.8651	-64.875336	528000	-0.00413372	2782.369	0.0	-78.08777	1.3454256	3.7252906e-10	138.2344799041748
132	-141.12552	86.7198	0.5183551	-409.858	104.13158	-68.78159	0.00023934734	-68.77769	-68.78164	532000	-0.0042841937	2245.1619	0.0	-42.614136	1.3453008	-1.0579825e-09	139.32824778556824
133	-152.05428	92.69968	-22.201157	-323.05252	112.057144	-71.84692	0.000102003105	-71.84447	-71.84693	536000	-0.00984481	2188.4983	0.0	-26.233154	1.3410726	-2.041459e-09	140.4465708732605
134	-108.19404	86.26035	43.419724	-306.87595	139.96428	-74.23211	0.0012749485	-74.21353	-74.23249	540000	0.008610209	3101.956	0.0	-338.323	1.3508401	-3.2782557e-10	142.25067377090454
135	-111.05946	75.23479	22.278605	-324.01456	110.62857	-67.58416	0.5505819	-57.314777	-67.63013	544000	-0.009497253	1902.0146	0.0	-46.595398	1.3479371	7.1525574e-10	143.27491402626038
136	-144.01535	67.93664	-45.13886	-362.28287	106.80556	-64.92935	0.2380975	-58.466576	-64.960144	548000	-0.013573684	1407.8285	0.0	-33.56079	1.3401961	3.129244e-10	144.28734803199768
137	-134.15953	87.81587	-39.49153	-407.33398	109.88571	-67.03181	0.1991891	-54.54823	-67.0373	552000	-0.0028476268	2441.3943	0.0	-12.4409485	1.3395072	1.1473894e-09	145.33193588256836
138	-135.86069	87.40483	29.99337	-341.7226	118.06061	-68.481316	0.06580538	-66.30059	-68.4853	556000	0.0047743022	2544.275	0.0	-10.159119	1.3409337	-1.5795231e-09	146.38179087638855
139	-135.7726	77.770164	-17.553812	-282.3345	112.0	-69.77937	0.0064363456	-69.63715	-69.77996	560000	0.0049148835	1927.1614	0.0	-11.842285	1.3408496	7.450582e-11	147.42006993293762
140	-131.42747	89.43766	-25.358427	-484.2681	115.545456	-71.191	0.23234023	-60.243732	-71.19772	564000	-0.0049565285	2447.7231	0.0	-10.384155	1.3409531	7.3015693e-10	148.46487092971802
141	-152.19308	78.14479	-50.984108	-316.29922	104.64865	-69.96031	0.26201338	-60.866024	-69.97258	568000	-0.0072391275	1889.1056	0.0	-64.41815	1.3337914	-1.3411044e-10	149.49251985549927
142	-136.17435	94.91104	-12.256219	-370.96576	107.69444	-73.06189	0.033092383	-71.48985	-73.06353	572000	0.0024073776	2629.894	0.0	-2.5194092	1.338456	-1.2516975e-09	150.50523972511292
143	-124.727356	71.39166	-33.06551	-314.74493	109.48572	-73.8676	0.027984425	-73.24513	-73.869934	576000	-0.0048011728	1636.4097	0.0	-17.2182	1.3384116	-1.758337e-09	151.5234727859497
144	-103.5108	67.137	-17.408976	-366.25122	108.111115	-72.21246	0.004082216	-72.090004	-72.212685	580000	-0.0040426548	1819.3938	0.0	-124.75177	1.3421223	6.2584876e-10	152.59591484069824
145	-118.533936	72.0908	-45.186916	-351.83908	107.888885	-67.71052	0.0039755832	-67.52686	-67.710724	584000	-0.014691744	1476.0386	0.0	-3.6677856	1.3377569	-2.8312206e-09	153.62877988815308
146	-111.07016	63.028404	-4.8603005	-327.30887	104.02631	-66.730484	0.0024881389	-66.684265	-66.730705	588000	-0.0051920637	1636.2084	0.0	-15.924011	1.3367338	1.1175871e-09	154.63753175735474
147	-135.33337	76.08475	-38.54337	-335.45618	111.14286	-65.077736	0.59114164	-49.151127	-65.112785	592000	-0.004881136	1698.9065	0.0	-23.850037	1.3320168	-8.940698e-11	155.6807370185852
148	-102.62684	61.483524	-17.353125	-315.74188	110.5	-66.6164	0.05610874	-64.43661	-66.61862	596000	-0.005988613	1982.3479	0.0	-90.3504	1.3391957	1.4901164e-10	156.78863787651062
149	-116.41776	53.9098	-37.820656	-274.4454	112.8	-62.93047	1.0767823e-05	-62.930317	-62.930466	600000	-0.009513732	1062.5804	0.0	-4.2728577	1.3325877	2.026558e-09	157.83066177368164
150	-132.40662	64.68625	-34.212177	-309.3096	108.76471	-61.910034	0.0071147475	-61.46175	-61.910187	604000	-0.007899351	1510.4106	0.0	-11.429993	1.3332415	9.2387203e-10	158.87834882736206
151	-113.81009	68.21087	-17.96853	-332.66318	117.818184	-63.24197	0.0045460793	-63.058834	-63.242207	608000	-0.0063531604	1575.495	0.0	-12.721313	1.3347445	-7.7486034e-10	159.90454506874084
152	-115.789635	65.78048	-20.46596	-372.6877	114.088234	-61.853695	0.03234335	-60.39066	-61.854664	612000	-0.021625385	1356.8712	0.0	-5.853821	1.3338265	8.1956386e-10	160.93782782554626
153	-124.02474	64.4667	-44.675095	-350.22217	110.75	-60.78699	5.918509e-05	-60.784035	-60.786995	616000	-0.021505957	1119.2706	0.0	-18.609406	1.3317873	1.3560056e-09	162.00158882141113
154	-134.20358	85.6001	-34.568676	-356.69302	113.42424	-62.55029	0.0013151038	-62.48189	-62.55033	620000	-0.017144088	2079.0852	0.0	-40.015686	1.3291659	-8.3446505e-10	163.0484118461609
155	-117.22932	63.496815	-28.01805	-275.00632	118.454544	-65.2866	0.0016134639	-65.21069	-65.28667	624000	-0.017567359	1483.383	0.0	-31.088684	1.3332025	-1.6838313e-09	164.10042190551758
156	-117.710976	58.0743	-32.000538	-250.53914	106.24324	-63.070126	9.8855135e-06	-63.06984	-63.070126	628000	-0.002030246	1131.1798	0.0	-2.2677917	1.3270036	-9.834766e-10	165.13674974441528
157	-132.01581	85.43868	-2.5726452	-398.153	111.11429	-63.6016	0.003051633	-63.44136	-63.60176	632000	0.0007300526	2503.8887	0.0	-13.041321	1.325922	1.1026859e-09	166.1846468448639
158	-105.70009	60.11345	-18.936071	-264.00125	108.75	-65.185455	0.0018888932	-65.12887	-65.185555	636000	-0.01639424	1218.0427	0.0	-28.89264	1.3275478	-3.874302e-10	167.22476172447205
159	-111.411026	69.85076	8.90295	-281.0367	119.4375	-62.94061	0.000119216995	-62.936733	-62.94062	640000	-0.015754055	1917.4978	0.0	-36.45044	1.3341917	-2.3841862e-10	168.28084301948547
160	-95.34467	67.46129	8.074043	-317.59402	102.6579	-60.235775	2.4250421e-05	-60.235207	-60.23577	644000	-0.012000404	1616.655	0.0	-16.697998	1.3265111	-5.2154064e-10	169.3358359336853
161	-128.70534	83.084366	-28.640913	-375.14716	113.64706	-58.35547	1.15829625e-05	-58.355385	-58.35548	648000	-0.0073080063	2005.7726	0.0	-47.136047	1.3236738	1.2367963e-09	170.36558485031128
162	-138.55771	78.06781	5.640743	-367.00543	110.71429	-61.238407	0.0044753077	-61.022705	-61.238564	652000	-0.006840557	2336.2568	0.0	-55.044495	1.3194141	1.0281801e-09	171.41058373451233
163	-94.75639	58.397472	1.8269576	-245.95714	121.15625	-64.53086	0.0002974085	-64.52017	-64.530876	656000	-0.018986886	1472.3815	0.0	-135.54904	1.3218338	5.960464e-11	172.4589228630066
164	-112.459755	81.00395	-16.50478	-280.80826	107.361115	-59.9456	8.983396e-05	-59.941	-59.94559	660000	-0.0090179	1830.3108	0.0	-8.629822	1.3166251	1.6391277e-10	173.4884958267212
165	-122.82332	78.69679	25.708502	-298.059	112.9375	-60.916916	0.00038294905	-60.905117	-60.916946	664000	-0.0025873631	2395.479	0.0	-1.2357178	1.3206391	-4.470352e-11	174.54355096817017
166	-128.4949	69.94171	-24.365831	-305.6875	123.6875	-60.532745	0.000109696215	-60.530735	-60.53275	668000	-0.0037069246	1586.2703	0.0	-7.4673767	1.318367	2.1457671e-09	175.59854078292847
167	-118.87807	68.95795	-17.415058	-357.49905	111.685715	-61.632046	0.00043273284	-61.61848	-61.632065	672000	-0.0053417496	1525.0491	0.0	-3.6868896	1.3182917	3.2782554e-10	176.68096899986267
168	-108.01498	54.4479	-22.93193	-219.05615	108.166664	-62.493343	3.7984503e-06	-62.493336	-62.493347	676000	-0.017793661	1012.9972	0.0	-7.4469604	1.3128633	2.9802322e-10	177.71720504760742
169	-104.788086	58.172626	-15.592787	-237.83916	125.03226	-61.364204	2.2960627e-05	-61.362854	-61.36421	680000	-0.01654026	1156.3622	0.0	-42.30783	1.3221806	-8.1956386e-10	178.74580192565918
170	-131.07184	78.83189	-34.201332	-359.91858	117.545456	-58.53267	1.1792598e-05	-58.532467	-58.53268	684000	-0.007860348	1545.4695	0.0	-29.080261	1.3123934	6.258488e-10	179.77559089660645
171	-114.28273	80.63418	69.1166	-299.55072	117.757576	-60.708126	0.0014212056	-60.64473	-60.708164	688000	-0.014958736	2237.9373	0.0	-0.8500366	1.3108425	-2.4735929e-09	180.8087568283081
172	-111.5238	66.96394	-36.7823	-262.57797	119.36364	-60.407413	6.686338e-06	-60.407177	-60.407417	692000	-0.021569537	1383.9209	0.0	-1.09198	1.3094833	1.3411047e-10	181.8365638256073
173	-109.168884	90.777664	12.675673	-339.2434	162.41667	-59.90894	0.054437358	-58.966816	-59.921646	696000	0.0055804104	2289.3225	0.0	-491.4319	1.3190172	2.2649764e-09	183.62114477157593
174	-109.834015	74.19592	-18.953144	-329.01733	119.30303	-55.853157	5.404126	43.087677	-56.51413	700000	0.0006176699	1687.3047	0.0	-77.16174	1.3083904	1.0430813e-09	184.72876906394958
175	-101.58484	74.47105	24.434052	-294.34818	115.878784	-56.418247	0.04937138	-55.203934	-56.430237	704000	-0.018495165	1382.2886	0.0	-0.30737305	1.3067558	-3.5762788e-09	185.90713381767273
176	-109.78457	67.59767	12.630254	-242.3992	126.23333	-56.169323	0.23963158	-52.16499	-56.20525	708000	-0.019606814	1496.7816	0.0	-3.227295	1.3095667	-4.321337e-10	186.98489594459534
177	-97.18763	54.968037	-35.47099	-273.57892	112.47059	-55.50707	0.04406977	-54.328426	-55.513794	712000	-0.008397777	1036.2747	0.0	-10.826508	1.2989452	7.450579e-11	188.05244898796082
178	-116.65997	94.7472	11.140674	-408.76575	132.13792	-53.898605	0.9631245	-26.241127	-53.968655	716000	-0.0032889992	2407.356	0.0	-8.842285	1.2990906	5.960465e-11	189.1239149570465
179	-112.40229	92.18039	1.8308965	-343.9399	133.41379	-54.405563	0.024970807	-53.94899	-54.409424	720000	0.004061714	2450.9573	0.0	-2.6869507	1.3010564	-1.9669533e-09	190.24022769927979
180	-123.134315	75.97374	-38.52571	-309.41092	124.30769	-53.611927	0.21026546	-49.508663	-53.65312	724000	-0.016376972	2458.8894	0.0	-244.99603	1.3080473	-7.8976153e-10	191.58518600463867
181	-105.1521	63.42297	22.397223	-237.30756	121.03846	-45.285915	17.272072	33.758633	-53.520523	728000	-0.0030060783	1791.1544	0.0	-219.89838	1.3046168	-1.2516976e-09	193.0822310447693
182	-104.48206	82.20478	9.485195	-405.42886	120.70968	-48.020176	5.0609064	9.284339	-54.375957	732000	-0.011723278	2255.806	0.0	-88.41257	1.2977875	1.6242266e-09	194.13236784934998
183	-119.282684	65.910866	-19.194963	-364.6386	126.9	-50.636345	6.17138	31.62842	-55.589474	736000	-0.0056325593	1472.875	0.0	-129.51617	1.2971426	-1.7881391e-10	195.19979691505432
184	-104.82435	55.134575	-34.3796	-224.58676	120.80645	-53.67951	1.6614617	-45.230183	-57.348312	740000	-0.017110921	1133.9832	0.0	-29.75824	1.298572	6.258488e-10	196.25147986412048
185	-106.82972	91.46671	31.655733	-335.92838	130.4	-52.57225	2.5002997	-46.797886	-57.24217	744000	-0.008614279	2464.932	0.0	-19.75415	1.293946	1.4901161e-09	197.31480073928833
186	-109.57414	70.68484	8.480938	-250.61243	125.451614	-52.992092	3.2357805	11.029438	-58.329597	748000	-0.017257757	1355.2986	0.0	-33.407837	1.294704	-2.6375055e-09	198.38451981544495
187	-152.78644	109.74524	-16.373875	-484.6886	122.0	-54.504322	3.2738714	-51.087666	-59.510654	752000	0.011823416	3798.6401	0.0	-447.84363	1.2839544	2.0861626e-09	199.4518928527832
188	-130.6592	75.13061	-25.487394	-343.94534	124.51613	-66.9273	0.06967642	-65.81861	-66.94807	756000	-0.013875496	1574.4285	0.0	-0.7285156	1.286334	-2.5331975e-10	200.60092902183533
189	-98.48943	60.108368	-2.723783	-245.23686	141.21428	-66.73619	0.08984863	-64.65947	-66.75693	760000	-0.014185179	1710.7749	0.0	-215.70728	1.2979598	7.748604e-10	201.8179178237915
190	-102.71159	50.69079	-17.106995	-216.09523	122.59375	-60.640476	0.42986113	-54.67106	-60.739113	764000	-0.01843416	1002.7766	0.0	-82.17117	1.2854636	-2.786517e-09	203.03788685798645
191	-92.94184	69.36213	-2.2172477	-312.7306	135.41379	-55.37211	1.9412756	-50.59348	-58.804573	768000	-0.031722046	1543.4193	0.0	-116.2771	1.2909551	8.1956386e-10	204.19773697853088
192	-111.82939	90.025986	-11.13865	-362.32263	152.44	-52.329605	3.6431005	-48.599693	-57.212246	772000	0.0042952523	2413.4077	0.0	-131.00494	1.3006347	-1.7732382e-09	206.00060391426086
193	-126.28273	87.41477	9.648587	-330.4278	137.14815	-50.39979	3.3860216	-45.944942	-56.74985	776000	-0.03678567	1987.2163	0.0	-63.595276	1.2890027	1.2814999e-09	207.12352681159973
194	-115.60557	75.516846	26.910875	-263.94553	135.67857	-52.245743	3.572947	-37.66237	-58.590443	780000	-0.018314652	1793.4241	0.0	-66.67859	1.2769365	2.2053719e-09	208.2133069038391
195	-82.55782	76.09024	-2.7289114	-365.96548	130.46666	-53.860004	4.009587	-27.669737	-59.87158	784000	-0.0173928	1827.3247	0.0	-97.07501	1.2796352	-5.2154064e-10	209.28470587730408
196	-106.28659	69.53748	-15.422907	-293.73547	135.58621	-50.036686	5.134566	13.5410795	-57.219574	788000	-0.028635189	1464.8345	0.0	-64.110565	1.2814829	2.7716158e-09	210.38618803024292
197	-105.07028	68.36463	0.93640196	-239.85948	133.75862	-51.412395	4.1833224	-47.758316	-58.083057	792000	-0.014691912	1620.6571	0.0	-28.111023	1.2773094	1.4901158e-10	211.48127269744873
198	-89.73115	76.9833	20.958424	-354.04437	127.13333	-52.911007	4.440078	-47.95586	-58.726418	796000	-0.02048151	2046.0095	0.0	-113.48511	1.2767801	8.1956386e-10	212.60975003242493
199	-115.767845	98.839355	23.383577	-514.9144	126.22581	-48.591915	4.425416	-45.265366	-56.51274	800000	-0.015932381	2003.5969	0.0	-64.280334	1.2772987	1.0579824e-09	213.7240777015686
200	-131.3123	116.88339	10.843013	-548.9797	137.82143	-51.232967	4.617553	-47.09523	-58.583477	804000	0.000993792	3410.3748	0.0	-68.966675	1.2746902	2.0861626e-09	214.82393765449524
201	-129.94882	82.90855	-10.696086	-261.80734	130.9	-54.103725	4.989531	-11.034389	-61.652252	808000	-0.01102367	1908.6349	0.0	-100.29303	1.2699711	-2.8312203e-10	215.89040684700012
202	-104.38011	87.90379	8.489141	-286.47964	193.85	-59.252216	4.618143	-52.613224	-64.193794	812000	-0.010393888	2745.1646	0.0	-570.87946	1.2897123	3.2782554e-10	217.64354467391968
203	-116.05881	75.65633	11.533457	-349.0178	137.77272	-49.203007	4.1265974	-29.027115	-60.149143	816000	0.010685712	2516.2153	0.0	-541.35834	1.280654	-1.6093253e-09	219.3172869682312
204	-83.21048	63.153023	-6.356433	-245.95705	139.20833	-34.14457	20.248585	34.020668	-60.424084	820000	-0.038684946	1689.6251	0.0	-503.18387	1.2815154	-1.296401e-09	220.6937599182129
205	-102.675026	72.7438	9.399624	-350.92395	137.53572	-35.392	15.513114	-14.539166	-60.495464	824000	-0.021976717	1272.6725	0.0	-177.87787	1.2789911	-9.089708e-10	221.777037858963
206	-92.50318	58.45963	-23.201878	-261.6685	145.42308	-40.421024	12.329448	6.029627	-62.03842	828000	-0.007554775	1470.3287	0.0	-392.20248	1.2754142	8.0466267e-10	222.90855383872986
207	-105.87661	70.46627	14.605552	-274.02493	130.76666	-40.909264	13.771192	-23.760962	-63.509926	832000	-0.015468475	1755.3481	0.0	-304.31564	1.2537738	2.503395e-09	223.96692395210266
208	-123.502785	112.60749	5.94924	-564.734	125.53333	-48.816048	12.097898	-28.20724	-65.49801	836000	-0.006657757	3186.5913	0.0	-173.17004	1.2520394	2.2351743e-10	225.01755285263062
209	-107.51776	88.54202	1.2036415	-344.57947	139.82143	-52.16421	10.552952	-32.749058	-68.864655	840000	0.00028566644	1771.0438	0.0	-99.91547	1.2671437	-4.61936e-10	226.1152858734131
210	-82.73436	83.40594	39.77673	-276.6703	170.0	-51.918915	13.482438	-28.857597	-70.23576	844000	-0.020488098	2245.769	0.0	-711.7778	1.2830745	-8.046628e-10	228.22671389579773
211	-101.77351	80.45554	0.6399891	-273.26013	143.96153	-37.180717	11.323282	-24.141195	-69.53501	848000	-0.019885162	1638.931	0.0	-280.4139	1.2614661	1.7732382e-09	229.36290192604065
212	-121.28406	84.78194	1.728736	-362.0371	136.21428	-49.370296	14.887732	-26.56263	-70.57272	852000	-0.035181247	1455.4546	0.0	-134.92896	1.2622736	-2.1457671e-09	230.46493697166443
213	-109.049675	80.3442	12.656028	-313.43243	128.48387	-51.025852	15.919253	-27.231607	-73.3774	856000	-0.0073746964	1439.2003	0.0	-170.01047	1.2428604	-4.61936e-10	231.54869294166565
214	-101.89532	66.34622	39.90177	-227.49919	140.17857	-54.46596	16.223803	-27.75893	-75.67245	860000	-0.023916617	1301.301	0.0	-228.35904	1.2498801	8.791685e-10	232.69728589057922
215	-95.23086	90.89722	8.011454	-454.9631	137.10715	-41.802574	15.022643	-25.694622	-76.43943	864000	0.015305176	1719.8304	0.0	-305.37866	1.2460623	1.847744e-09	233.83711576461792
216	-117.41276	81.24533	18.467274	-260.27298	176.42857	-48.935055	18.423603	-25.156225	-77.64548	868000	0.0034675598	2278.815	0.0	-519.027	1.2679534	1.0132789e-09	235.64404678344727
217	-112.45142	78.254974	-4.3082047	-391.52145	133.22223	-53.240875	16.118876	-26.1311	-77.773	872000	-0.01351998	2025.8813	0.0	-195.36285	1.2479006	-8.642674e-10	236.79677176475525
218	-120.221214	100.86588	13.89913	-321.7012	187.28572	-52.026554	15.3631	36.254513	-78.20804	876000	0.017681967	2261.19	0.0	-486.94592	1.2688115	-1.3411046e-09	238.84250688552856
219	-118.62935	72.73469	-26.80928	-292.94263	141.74074	-47.417557	16.0918	-24.662718	-78.89571	880000	-0.017853685	1544.0768	0.0	-272.98785	1.2493713	4.61936e-10	239.93785071372986
220	-79.49206	64.6149	-3.7328691	-291.23254	144.77777	-57.040092	17.034437	-28.367264	-81.29872	884000	-0.039276958	1410.9735	0.0	-591.53406	1.253737	-3.874302e-10	241.05276489257812
221	-108.57321	74.34032	14.142471	-283.49185	136.27586	-37.723705	18.747856	9.682103	-80.907425	888000	-0.017479714	1670.8352	0.0	-537.6294	1.2492082	2.9802322e-10	242.13527607917786
222	-99.50881	78.14906	-3.2417557	-300.9794	151.56	-51.197227	19.676102	-23.800997	-82.39268	892000	-0.050091777	1478.6958	0.0	-178.31555	1.2455714	-1.2814999e-09	243.24929690361023
223	-76.0683	56.381977	17.26822	-208.23619	133.35715	-48.073822	18.12679	-23.132313	-82.73042	896000	-0.03264875	1132.443	0.0	-104.5166	1.2521763	-1.0728836e-09	244.33617687225342
224	-91.82731	90.800514	27.004805	-369.70255	143.77777	-42.37589	18.850285	-20.692392	-82.80628	900000	-0.016280577	2037.435	0.0	-234.53448	1.2415259	2.0563604e-09	245.4229907989502
225	-112.219215	50.36271	-36.990887	-222.24693	192.25	-42.242077	18.820759	2.718653	-83.686554	904000	-0.015689366	978.96594	0.0	-330.96432	1.2521737	8.791685e-10	247.35621666908264
226	-96.384186	79.04679	27.849516	-264.90878	153.2	-50.345978	16.099493	-24.888117	-83.48389	908000	-0.030515276	1404.856	0.0	-302.8015	1.2502017	-3.4272674e-10	248.80418992042542
227	-99.50865	115.44008	40.219307	-376.05664	147.9	-37.311687	19.705713	10.267277	-83.9101	912000	0.0024212748	2593.2712	0.0	-370.84656	1.2594779	1.0877848e-09	250.6316900253296
228	-135.44751	97.33853	4.7017536	-313.63434	153.63158	-36.592335	22.34101	15.841242	-84.72632	916000	-0.020655312	2694.998	0.0	-553.44037	1.2543566	-7.4505807e-10	252.19760274887085
229	-114.67576	82.98048	0.7689099	-280.0324	154.12	-42.943954	22.23743	8.108479	-86.287796	920000	-0.014370602	1676.8698	0.0	-353.13632	1.2380575	-7.748604e-10	253.29081296920776
230	-92.31516	68.480675	34.792713	-264.98346	169.39131	-43.378437	25.602758	8.410723	-88.17414	924000	-0.028079346	969.7273	0.0	-146.5745	1.2500762	1.1771918e-09	255.47158885002136
231	-87.329666	83.21243	57.122364	-276.85452	190.05	-35.47979	23.26354	8.054325	-88.35944	928000	-0.026605546	1977.8258	0.0	-374.2555	1.2625737	8.940697e-11	257.5998868942261
232	-110.057434	84.64529	14.957884	-333.227	158.29167	-40.022057	19.057209	-16.759361	-88.668655	932000	-0.028090755	953.1835	0.0	-197.87134	1.2423811	-1.4901161e-09	258.7247507572174
233	-98.728065	68.63006	13.272805	-241.26901	138.57143	-43.950962	20.974754	-17.737242	-90.089325	936000	-0.036036845	922.59924	0.0	-128.02383	1.2268476	-2.2798776e-09	259.8659017086029
234	-75.62635	68.541794	23.13967	-276.32565	201.52632	-41.1921	21.671547	0.7845819	-91.10741	940000	-0.025465138	1225.7017	0.0	-307.00916	1.2585679	1.0728836e-09	262.2757468223572
235	-82.22359	66.077484	38.98268	-219.03073	156.95454	-31.152298	20.915674	13.028976	-90.6016	944000	-0.046526447	1060.7776	0.0	-319.17856	1.2409139	9.387731e-10	263.55536103248596
236	-128.00337	95.00057	22.160677	-283.83643	154.52	-42.8215	25.19144	-6.838933	-90.414536	948000	-0.008171078	1951.7732	0.0	-330.14716	1.2389935	-3.7252906e-10	264.69378304481506
237	-99.99707	65.27741	46.55759	-214.60611	181.71428	-41.812164	25.26368	11.534027	-93.08742	952000	-0.017953888	1589.8341	0.0	-325.89716	1.2514329	1.4901161e-10	266.3356809616089
238	-50.69256	43.61138	22.791697	-168.20398	204.89473	-32.536095	20.376127	5.5163703	-94.24007	956000	-0.045056604	951.62994	0.0	-320.5724	1.2534317	-3.7550927e-09	268.4636287689209
239	-114.3619	90.04743	30.681534	-301.1993	164.41667	-27.779247	21.708134	6.3379893	-94.06095	960000	-0.0059933136	2079.1392	0.0	-934.7872	1.2384908	5.066395e-10	269.62154483795166
240	-84.35906	52.97271	2.7909024	-212.33482	148.8077	-44.309994	24.723478	-9.805052	-96.59989	964000	-0.022550732	825.8619	0.0	-210.82681	1.2221743	6.705523e-10	270.7306959629059
241	-105.59237	80.02371	4.629896	-330.25137	160.95653	-40.523724	23.662745	-6.2347345	-96.302574	968000	-0.035970137	1340.3906	0.0	-190.79675	1.224516	-1.0728836e-09	271.928906917572
242	-81.02347	61.191666	21.933218	-199.91255	148.84	-40.029804	21.754343	-5.5622396	-95.66775	972000	-0.01770984	753.16223	0.0	-151.4245	1.2254807	4.3213366e-10	273.1118757724762
243	-73.3497	64.79821	11.45447	-246.32114	177.09091	-45.75184	29.286736	-12.153421	-96.18052	976000	-0.023478784	1898.2483	0.0	-805.5762	1.2519417	2.5779008e-09	274.7517409324646
244	-84.63092	70.86917	5.3271575	-217.34537	204.10527	-39.017006	19.1775	-4.8181467	-94.2656	980000	-0.03379117	1451.035	0.0	-300.86957	1.2326043	6.854534e-10	276.87334394454956
245	-80.310234	83.465744	26.473934	-248.71637	150.6923	-34.513542	18.00416	-11.118179	-94.95146	984000	0.0033426026	1006.94714	0.0	-460.22955	1.2153369	-1.3560056e-09	277.9914586544037
246	-92.31735	134.10966	63.14604	-523.6182	212.94118	-36.268803	26.085154	-3.8256297	-96.70975	988000	-0.018964611	3653.2146	0.0	-600.36755	1.2441037	-2.399087e-09	279.76700592041016
247	-92.64775	79.06306	24.038342	-254.95671	159.40909	-33.81739	22.204914	-4.9256277	-96.88905	992000	-0.02987852	1588.3407	0.0	-261.7544	1.2324647	1.3113022e-09	281.0475378036499
248	-49.728943	43.01834	51.771748	-128.05786	298.23077	-32.636013	25.303423	34.77051	-97.933044	996000	-0.031730436	2082.4229	0.0	-654.11926	1.2619994	7.897616e-10	283.00295972824097
249	-93.8523	98.897484	21.57226	-302.55756	156.68182	-14.775394	17.861874	1.1151283	-95.79252	1000000	-0.007500943	2583.1216	0.0	-979.15845	1.2301501	1.92225e-09	284.4132180213928
250	-101.26746	70.596115	-4.732066	-303.29617	198.33333	-34.50306	24.548021	-1.2012703	-96.22066	1004000	-0.016307632	1005.66785	0.0	-264.01096	1.2629805	5.5134297e-10	286.63990664482117
251	-101.412605	94.06424	34.68636	-285.99857	170.63637	-34.729664	24.088966	-4.5400696	-98.344925	1008000	-0.008334206	1287.9701	0.0	-235.12784	1.2317686	-1.3113022e-09	287.7871780395508
252	-98.21158	77.07342	0.91495657	-229.85498	195.6	-31.155022	22.320698	11.3003	-98.853004	1012000	-0.009817485	1086.0806	0.0	-142.66333	1.2577207	-1.9520523e-09	289.6968557834625
253	-65.88084	58.81613	23.936342	-175.47794	154.95833	-35.267544	19.625834	-7.5429897	-99.44305	1016000	-0.05368858	865.3389	0.0	-157.79367	1.2247952	-1.2367963e-09	290.8421618938446
254	-99.12117	69.6926	41.49767	-237.31104	163.65218	-37.21832	24.538095	-4.6653233	-99.36687	1020000	-0.029070865	939.2555	0.0	-116.630646	1.2286294	-6.4074995e-10	291.9650409221649
255	-73.750595	62.713116	27.85012	-211.93309	171.95653	-34.428703	22.635551	11.280793	-99.85252	1024000	-0.055086225	910.3229	0.0	-238.79724	1.2373414	1.7732382e-09	294.0965349674225
256	-72.97196	63.428658	13.77519	-250.236	151.25	-30.676208	22.425816	5.037381	-99.50092	1028000	-0.03456338	748.98303	0.0	-77.79077	1.2296243	-7.4505807e-10	295.2493209838867
257	-93.22829	85.88122	50.386143	-277.52158	160.0	-27.837633	22.018808	37.819546	-98.93697	1032000	-0.03113887	1962.0166	0.0	-339.54834	1.2177906	1.8924473e-09	296.60316586494446
258	-88.568054	52.00555	-13.258629	-205.78334	156.29167	-38.94439	22.091675	3.2432535	-100.6413	1036000	-0.04284779	746.0862	0.0	-228.77876	1.2229717	1.4901191e-11	297.7283446788788
259	-54.777775	58.32023	36.767727	-198.0261	197.52632	-37.85536	24.303757	-5.229286	-101.19759	1040000	-0.027467504	1685.9937	0.0	-471.17636	1.2431767	-4.0233136e-10	300.06764483451843
260	-79.61241	75.06872	41.704	-328.28668	144.48148	-25.038738	22.947697	-2.5844088	-99.74647	1044000	-0.023681607	1348.4426	0.0	-392.693	1.2153127	1.0877848e-09	301.1812229156494
261	-84.57187	88.340805	16.465168	-378.89673	160.91667	-41.897316	26.079037	28.331078	-102.08474	1048000	-0.05898182	1754.6559	0.0	-793.5316	1.2214203	-7.1525574e-10	302.32336688041687
262	-89.66831	71.06467	-10.928379	-306.34933	147.95238	-34.228127	27.630228	-1.6138096	-102.74804	1052000	-0.029079042	1537.2568	0.0	-467.50345	1.2335353	3.1292438e-10	304.14007663726807
263	-65.01124	69.04223	42.477837	-219.44296	145.73914	-29.991425	20.538301	-5.767432	-102.65659	1056000	-0.026847124	1296.4603	0.0	-202.67493	1.2217562	2.0861626e-10	305.47008085250854
264	-59.444534	60.014782	17.171486	-201.54544	152.42308	-30.11819	19.83121	8.688568	-99.6835	1060000	-0.027215635	1083.0807	0.0	-126.3049	1.2189741	5.9604655e-11	306.6412148475647
265	-87.59473	70.5723	71.18047	-195.75569	220.4375	-33.86877	24.329292	-1.7390537	-103.36553	1064000	-0.039773688	1547.8411	0.0	-383.58072	1.2433249	1.04308125e-10	308.96894788742065
266	-55.563457	55.827732	55.753754	-191.2892	161.20833	-26.734797	18.077549	-0.85925484	-102.020966	1068000	-0.029452892	1420.607	0.0	-630.2555	1.2340759	-8.642673e-10	310.2469449043274
267	-53.85824	48.87361	24.281574	-183.09964	174.68182	-19.352022	21.344116	8.459906	-103.07369	1072000	-0.04214544	773.6764	0.0	-147.37686	1.2112825	-6.854534e-10	311.4118158817291
268	-78.54675	60.245014	4.465152	-199.38817	159.52174	-31.22535	25.207972	-2.4387717	-103.39484	1076000	-0.025625046	925.4453	0.0	-94.18707	1.2164868	2.235174e-10	312.57504892349243
269	-82.46659	83.3466	4.1515527	-276.1338	150.13637	-36.724194	24.192692	-7.8942137	-104.30544	1080000	-0.019384708	1645.9695	0.0	-448.90067	1.2125618	-1.490115e-11	313.83331298828125
270	-77.48743	100.42601	75.23279	-261.03235	259.4	-36.246056	23.977613	5.9702826	-104.0547	1084000	-0.018058829	2478.1821	0.0	-879.5065	1.2646842	-2.115965e-09	315.9143979549408
271	-77.91746	87.36791	43.562786	-314.66995	199.94737	-13.228027	19.968632	17.2603	-104.10128	1088000	-0.004862696	2172.694	0.0	-773.25006	1.2218157	-1.1324882e-09	317.7036306858063
272	-72.621895	70.44662	6.4163713	-226.38005	155.19048	-32.815426	25.698835	8.075362	-107.19557	1092000	-0.012245841	1315.2954	0.0	-466.0625	1.2080884	-4.3213366e-10	319.15004897117615
273	-79.40399	73.211205	20.17761	-242.16385	180.04762	-27.090477	21.243526	2.974601	-106.62473	1096000	-0.012950301	1089.9723	0.0	-331.37256	1.2009801	9.983778e-10	320.28761076927185
274	-104.07912	95.536415	26.389421	-303.5191	198.47368	-36.627117	28.504139	4.657501	-108.344246	1100000	-0.019674305	1450.8501	0.0	-273.36154	1.2063749	-2.0861626e-09	321.85799288749695
275	-68.18612	97.63377	31.604101	-444.115	161.29167	-34.176006	24.57458	-5.006113	-108.539276	1104000	-0.015415661	1680.4642	0.0	-348.51935	1.2025201	1.6391277e-10	322.9902777671814
276	-36.939278	48.668297	51.240547	-182.0162	193.1	-27.914488	24.797289	-0.27551293	-109.15237	1108000	-0.03388971	949.7969	0.0	-258.15277	1.2244961	-1.0728836e-09	324.754362821579
277	-37.09604	51.88003	40.41217	-157.1325	171.13637	-16.64384	18.760141	13.363438	-108.85526	1112000	-0.044103585	643.2694	0.0	-118.85271	1.2087009	2.30968e-09	325.89269399642944
278	-42.475327	70.92122	34.545994	-317.5257	155.12	-24.76609	25.020073	-0.9763372	-109.43988	1116000	-0.061328888	851.5268	0.0	-191.85689	1.2026929	-7.897616e-10	327.0232529640198
279	-58.75892	70.12896	30.350729	-253.68207	262.73334	-26.70803	25.161133	5.542595	-108.959496	1120000	-0.0009731443	1034.158	0.0	-412.11786	1.2401799	1.6838313e-09	329.28819370269775
280	-36.41123	49.441772	66.8141	-134.58444	323.83334	-16.979355	17.732887	13.128961	-93.741425	1124000	-0.03863675	771.41833	0.0	-154.57788	1.2617507	-1.0430813e-10	332.62639474868774
281	-55.923798	53.995514	34.996037	-194.36424	159.91304	-13.947055	21.866215	1.1488314	-110.16451	1128000	-0.06612287	803.0774	0.0	-239.24944	1.19506	-5.2154064e-10	333.80266880989075
282	-53.1345	70.39152	49.55732	-304.5363	166.90909	-24.566648	22.212635	10.734641	-109.82978	1132000	-0.0634523	1084.1671	0.0	-146.39963	1.1933315	2.1457671e-09	334.97486996650696
283	-68.75622	78.47257	13.158331	-270.65027	168.42857	-25.411364	22.939886	-0.092110395	-110.84744	1136000	-0.008970998	1605.2578	0.0	-186.31934	1.1885359	-2.8312203e-10	336.1822509765625
284	-73.94479	65.46854	18.097021	-264.1395	207.36842	-26.291922	22.635561	0.04046154	-112.084076	1140000	-0.018785637	970.6395	0.0	-237.71872	1.2244041	-1.66893e-09	338.30202174186707
285	-66.42581	71.80232	20.526148	-220.0404	281.25	-33.448338	25.71407	15.990824	-111.31191	1144000	-0.03493514	1786.3347	0.0	-934.4953	1.2263472	-2.294779e-09	340.6322019100189
286	-55.732277	52.785324	39.756954	-167.92719	327.0	-13.439541	16.061205	19.183031	-104.60403	1148000	-0.02874818	664.9126	0.0	-116.00365	1.2289546	3.7252906e-10	342.8573307991028
287	-66.025116	86.57368	26.356474	-239.01988	235.1875	-17.739227	21.02067	11.504724	-106.74637	1152000	-0.01594413	1216.1744	0.0	-347.45438	1.2254847	-3.2782554e-10	345.1821928024292
288	-50.227676	49.32459	9.366521	-214.0352	181.3125	-15.301432	20.056564	10.737198	-107.22946	1156000	-0.033454455	815.6953	0.0	-192.99954	1.2149692	-9.983778e-10	346.89429688453674
289	-69.95816	70.52821	43.12895	-201.19261	186.8	-25.874115	29.669971	7.7069044	-107.235275	1160000	-0.0430466	858.27637	0.0	-222.75867	1.1964053	8.642673e-10	348.06420397758484
290	-44.128834	38.679176	13.098693	-152.09715	227.64706	-28.103455	25.753572	8.141094	-103.31338	1164000	-0.04387948	942.98914	0.0	-301.0703	1.205454	1.2814998e-09	349.97598481178284
291	-98.90674	60.931976	-13.90836	-224.7437	188.38889	-21.058325	25.869669	8.202662	-106.51964	1168000	-0.036051862	1315.322	0.0	-571.6241	1.2068726	-2.3841862e-10	351.53156876564026
292	-52.462692	56.372738	40.93661	-174.68594	176.63637	-27.225487	25.30485	4.9588737	-108.752754	1172000	-0.042269453	671.5227	0.0	-127.037445	1.1787984	-8.940698e-10	352.7167947292328
293	-52.31035	65.686226	23.031103	-191.21423	236.375	-26.976336	23.04356	5.0334935	-109.193405	1176000	-0.014640391	901.2256	0.0	-370.1378	1.203047	-2.980232e-10	354.7669949531555
294	-47.587708	48.24484	10.336874	-170.53694	194.15	-21.098246	21.233765	6.6393056	-100.04442	1180000	-0.04679325	690.5398	0.0	-238.85696	1.2001855	6.854534e-10	356.94948291778564
295	-83.58357	95.105156	16.227295	-292.4231	205.26315	-35.09078	30.930994	5.4859867	-109.3087	1184000	0.0017412677	1355.937	0.0	-120.214294	1.1872054	5.960464e-11	358.4454107284546
296	-55.491524	67.65747	31.928709	-253.46355	272.0	-26.15598	20.552332	5.7233276	-111.42077	1188000	-0.007914804	1146.008	0.0	-331.93622	1.2213268	2.2053719e-09	360.7160179615021
297	-82.86922	84.17809	29.185347	-286.50073	197.70589	-21.966581	22.616383	21.120659	-101.13684	1192000	-0.025558924	1740.8215	0.0	-563.3229	1.1940992	9.387732e-10	362.25327587127686
298	-54.512962	68.652916	46.857197	-227.42897	165.63637	-23.887165	27.032038	11.256036	-116.74818	1196000	-0.033682086	971.83417	0.0	-220.42297	1.1638691	-1.6838313e-09	363.4797058105469
299	-42.503185	47.521545	40.04977	-149.78143	231.64285	-35.643127	29.468428	2.7734027	-108.61024	1200000	-0.01965788	1555.5808	0.0	-1027.7625	1.2164781	1.9073487e-09	365.65688705444336
300	-67.42602	83.92805	15.9894905	-281.57956	250.07143	-18.192558	22.039392	12.963073	-113.01854	1204000	-0.027993307	1925.9674	0.0	-606.90186	1.1988404	-7.748604e-10	367.4227337837219
301	-60.06232	55.192303	-10.668159	-240.27507	239.4	-19.729027	23.111103	9.331251	-119.44035	1208000	-0.013804406	911.09766	0.0	-217.51718	1.2051585	1.1771918e-09	369.7824387550354
302	-100.489784	112.55101	13.391054	-310.4687	364.5	-13.427196	18.355915	10.359928	-97.24272	1212000	0.0030787364	1718.7255	0.0	-638.72705	1.2212834	-2.6673077e-09	371.9869167804718
303	15.900548	14.444895	41.79228	-4.06677	577.8333	-24.010695	20.055428	10.272746	-107.64214	1216000	-0.0337676	1220.2969	0.0	-767.189	1.2527442	-4.768371e-10	375.4112799167633
304	-48.021988	62.46049	30.84891	-195.84383	213.66667	-0.11161414	20.541609	19.56428	-86.20294	1220000	-0.0010592975	1241.4741	0.0	-523.4721	1.196569	2.9802322e-10	377.37594389915466
305	-52.242058	70.38775	36.222073	-262.62015	212.94118	-14.001499	19.819273	10.6694765	-114.84185	1224000	-0.027357668	1286.4604	0.0	-372.41687	1.1880081	2.8312205e-10	378.860812664032
306	-5.1167526	32.304577	46.82374	-63.8878	308.91666	-19.506996	23.303127	14.245582	-105.43124	1228000	-0.023835132	749.6831	0.0	-359.96027	1.2150466	9.2387203e-10	380.9214930534363
307	-58.13553	83.084656	40.33395	-315.03503	183.15	-2.9207351	22.328527	17.160006	-115.073814	1232000	-0.047228992	1866.0823	0.0	-597.90576	1.1621926	1.1026858e-09	382.3439209461212
308	-84.46473	78.18259	10.2359295	-282.46863	279.46155	-29.208948	25.514027	12.536283	-116.80452	1236000	-0.0019332767	1304.1803	0.0	-390.37854	1.2104592	-3.5762787e-10	384.26440596580505
309	-65.43423	66.14281	50.35507	-204.94273	329.91666	-24.040823	26.13535	14.0212555	-117.33138	1240000	-0.01967544	595.0667	0.0	-208.35118	1.206315	-5.9604643e-10	386.38746786117554
310	-56.996635	38.313263	26.681091	-124.51087	257.57144	-22.367178	24.262644	14.483159	-110.02119	1244000	-0.034552403	1078.5728	0.0	-509.34528	1.2059836	1.1324882e-09	388.7853879928589
311	-57.12122	56.724304	2.4240794	-202.70345	342.9091	-25.643465	24.61623	11.725645	-105.60798	1248000	-0.059878737	812.0993	0.0	-447.22614	1.2278976	-1.385808e-09	391.197429895401
312	-55.102097	68.37957	64.1449	-227.80597	178.81818	-8.686553	23.805897	17.437311	-117.01713	1252000	-0.020927086	1056.5847	0.0	-378.92215	1.1693599	1.1771917e-09	392.3689568042755
313	-41.141083	88.3328	43.00863	-275.7376	320.5	-25.272354	20.881575	11.627006	-111.49597	1256000	-0.029155046	1578.053	0.0	-846.0415	1.2259717	6.109476e-10	394.5012879371643
314	-108.72005	126.15072	37.227055	-393.47903	413.0	-18.623665	28.451334	24.273052	-117.05122	1260000	0.027056865	2113.0356	0.0	-974.5351	1.228293	2.9802327e-11	396.69123578071594
315	-60.861084	59.192554	17.999138	-219.20604	174.22728	-25.545883	30.50556	15.56456	-118.90298	1264000	-0.035142407	616.8479	0.0	-107.06415	1.1663328	4.768371e-10	397.84286189079285
316	-84.93973	74.333916	-14.117475	-237.62227	201.53334	-28.974514	26.973877	10.952444	-119.13426	1268000	-0.0078433305	1397.2495	0.0	-360.3833	1.1826624	-4.23193e-09	399.67763686180115
317	-41.399464	48.94692	23.3247	-129.7989	377.375	-20.519688	14.697033	16.844576	-95.77243	1272000	-0.044991814	855.9203	0.0	-225.858	1.2284038	2.0861624e-10	402.52362871170044
318	-47.89645	63.676914	19.906275	-245.76082	231.52942	-11.1042795	23.037355	23.845156	-116.37483	1276000	0.0063857064	722.136	0.0	-173.02502	1.1832843	1.2516976e-09	404.66543984413147
319	-46.065308	55.283077	24.156605	-143.41238	404.625	-22.212704	18.739498	16.255367	-108.59249	1280000	-0.04001622	1278.4691	0.0	-369.98846	1.2357203	-2.95043e-09	406.89184165000916
320	-48.562622	53.75881	20.55609	-164.2767	188.4375	-7.87816	20.532976	25.707058	-104.68696	1284000	-0.032563303	1147.0259	0.0	-362.9165	1.1867269	2.8908254e-09	408.77027893066406
321	-16.662098	48.90003	58.22208	-139.53366	219.17647	-12.47867	22.172451	22.818783	-115.51503	1288000	-0.04464022	783.7335	0.0	-195.71109	1.1930077	4.917383e-10	410.53672075271606
322	-68.48827	65.4734	3.8426476	-223.45041	280.07144	-16.762262	27.175362	20.990261	-115.296745	1292000	0.0027778782	1469.4534	0.0	-718.62646	1.1832719	3.1292438e-10	412.91096591949463
323	-34.41028	41.490948	27.384064	-131.27194	163.47826	-22.066227	27.888088	14.308013	-117.32895	1296000	-0.06990263	519.28503	0.0	-154.33257	1.1523764	-4.4703463e-11	414.0592198371887
324	-55.695732	61.831047	29.509125	-179.693	241.5625	-18.879965	24.88998	23.073195	-112.95552	1300000	-0.031311877	889.1576	0.0	-302.6486	1.1976597	-3.129244e-10	416.3578748703003
325	-33.562428	43.788563	26.540564	-150.90778	184.57143	-18.212336	24.085287	16.20946	-103.97787	1304000	-0.038340263	643.5639	0.0	-157.73631	1.1624292	-2.235174e-10	417.562561750412
326	-36.699577	55.999325	20.78571	-140.13779	518.2	-23.045284	19.92764	19.359562	-117.22119	1308000	-0.01721196	1150.3606	0.0	-602.3794	1.2322237	1.3262034e-09	420.1852469444275
327	-68.96976	90.792725	33.58761	-325.7161	173.5238	1.8621455	26.550499	38.904255	-122.15223	1312000	-0.011952475	2585.6375	0.0	-1171.7087	1.1550357	1.2218953e-09	421.5073227882385
328	-66.55686	57.404766	-2.92004	-157.38582	332.9	-25.887934	23.954926	35.810505	-124.6651	1316000	-0.037404552	1395.6953	0.0	-503.3842	1.2062267	4.768372e-10	424.8055999279022
329	-71.75344	70.33503	52.89309	-184.8232	311.0	-15.039616	25.98062	22.432905	-124.717415	1320000	0.0046501905	1572.991	0.0	-397.42224	1.2026455	1.1324883e-09	427.0679807662964
330	-45.72344	63.067463	39.099834	-167.205	330.45456	-21.501938	20.89475	16.96008	-116.981415	1324000	-0.04806236	849.45764	0.0	-396.4685	1.1951325	2.965331e-09	429.08968687057495
331	-90.44241	80.50447	23.12849	-215.08275	335.22223	-22.909746	21.259192	22.605885	-105.88612	1328000	-0.02222848	1469.3813	0.0	-559.19543	1.2244761	1.6093255e-09	431.6439528465271
332	-14.950718	58.389404	54.10301	-153.4305	364.22223	-14.628976	23.194597	25.240484	-113.35187	1332000	0.0112381205	770.9289	0.0	-253.27975	1.2304187	8.940697e-11	433.9425399303436
333	-60.578045	55.749725	31.795298	-181.02678	291.66666	-20.063145	29.171144	29.848663	-110.23914	1336000	-0.02426247	1460.745	0.0	-678.0995	1.215728	-9.0897084e-10	435.9765338897705
334	-30.382656	57.18138	43.535427	-184.39345	194.27777	-5.681987	19.902699	23.107738	-111.27526	1340000	-0.0070685055	783.8003	0.0	-210.39493	1.1668097	1.0579825e-09	437.2016849517822
335	-38.809525	64.039375	33.15114	-172.39911	218.4375	-16.39225	25.916199	20.531328	-123.41333	1344000	-0.017744862	801.73566	0.0	-110.90193	1.1827362	-2.428889e-09	439.4634349346161
336	-34.07393	42.21483	28.337786	-109.47115	306.25	-16.535902	22.731302	34.141308	-106.07724	1348000	-0.052359436	720.4503	0.0	-124.727585	1.2076801	2.2649764e-09	441.95661783218384
337	-51.413597	63.975925	47.91518	-194.70268	203.77777	-8.008761	26.910501	36.509296	-122.64466	1352000	-0.038030796	1144.2219	0.0	-378.30835	1.1601107	-2.7120113e-09	443.28974080085754
338	-39.068165	79.863625	41.45139	-228.01486	281.0	-20.62045	23.296028	19.832138	-113.25603	1356000	-0.013893232	1367.7588	0.0	-447.31552	1.1956686	-1.3262034e-09	446.4248309135437
339	-25.152122	64.974236	40.3405	-212.60884	326.75	-12.095123	25.035728	25.570827	-118.01133	1360000	-0.014362846	907.86475	0.0	-315.8622	1.2023158	-5.066394e-10	448.7965588569641
340	-7.6468525	24.442455	37.986973	-42.474457	158.29411	-5.9684324	19.600813	19.192959	-106.06992	1364000	-0.036985092	788.03577	0.0	-174.26514	1.178227	8.940697e-10	450.92178297042847
341	-46.1651	76.932495	15.172029	-200.92117	370.5	-13.715958	22.26165	25.791996	-112.68843	1368000	-0.013001144	723.77295	0.0	-189.93248	1.2164968	4.1723253e-10	453.3847689628601
342	-21.682638	45.712864	57.92636	-139.3795	266.85715	-10.109051	22.042109	26.278654	-114.99495	1372000	-0.015504987	813.39685	0.0	-227.8965	1.1890808	-1.6093255e-09	455.3058588504791
343	-20.567326	55.655964	46.708813	-177.86232	303.53845	-6.2900186	18.914701	25.706713	-108.97991	1376000	-0.030968737	879.2822	0.0	-197.75742	1.2093153	4.917383e-10	457.6076397895813
344	-31.651203	64.30685	70.93132	-178.39413	181.55	-5.3833733	21.670158	26.814913	-117.74063	1380000	-0.029571222	1310.8909	0.0	-653.0331	1.1569812	1.5795232e-09	458.7870399951935
345	-17.163258	56.260746	56.913654	-121.01071	319.75	-30.201277	28.958954	17.701433	-114.90849	1384000	-0.04332826	1122.1079	0.0	-530.18463	1.2180163	-8.4936624e-10	461.0061409473419
346	-20.127407	35.74283	43.64517	-76.21577	228.0	1.3725928	23.819414	32.355244	-94.35533	1388000	-0.015583478	821.89166	0.0	-186.49243	1.181205	-2.5331975e-10	463.22244572639465
347	-59.198135	60.735325	12.148328	-183.7928	391.25	-20.19516	23.795252	17.349075	-99.53185	1392000	-0.022787452	970.8887	0.0	-378.07147	1.217844	-3.5762787e-10	466.0973138809204
348	-14.253036	45.21691	42.388214	-145.63658	233.07143	-11.171381	23.571144	28.067877	-111.11515	1396000	-0.017264534	970.40405	0.0	-273.8409	1.165015	1.4603138e-09	468.3121359348297
349	-11.439591	30.218903	37.995163	-78.347565	190.3158	-0.0022356415	16.109806	19.435345	-84.58781	1400000	-0.06315933	577.74756	0.0	-162.69264	1.1453345	3.6805867e-09	469.54836082458496
350	-45.54878	68.11865	32.75395	-234.43849	257.25	-15.074703	22.415136	18.996284	-125.080666	1404000	-0.0035197139	1008.89734	0.0	-306.17395	1.1980672	-1.3262034e-09	471.6977028846741
351	-24.642067	46.51967	39.29794	-140.25348	246.84616	-12.90668	22.322144	20.529274	-106.80683	1408000	-0.054075956	586.50854	0.0	-151.73923	1.1782975	-1.1026859e-09	474.1736629009247
352	-23.185652	47.353905	28.236975	-155.01312	324.41666	-11.056018	22.018793	27.900307	-113.08536	1412000	-0.034744773	880.84973	0.0	-270.25546	1.2024314	4.0233133e-10	476.3710227012634
353	-29.158592	46.492764	40.841755	-123.67559	259.36365	-10.418077	21.103495	27.536964	-85.90482	1416000	-0.031325698	705.5335	0.0	-94.479034	1.2027621	-3.427267e-10	478.51071882247925
354	-55.05329	84.488174	21.414913	-302.83508	262.76923	-10.694867	19.301615	27.570173	-98.29279	1420000	-0.027704373	1199.4808	0.0	-497.31	1.173814	1.6391277e-10	480.80213689804077
355	-24.856514	58.29386	50.86869	-212.12152	200.94444	-6.100183	23.155655	21.870975	-108.188	1424000	-0.023211213	934.54016	0.0	-465.27808	1.145957	1.8179416e-09	482.10904693603516
356	-12.832903	58.39945	59.566925	-178.88567	251.53847	-28.092178	38.193996	23.121082	-130.05206	1428000	-0.03977303	1179.856	0.0	-634.03143	1.1662328	1.6689301e-09	483.9428188800812
357	-66.34626	85.015945	40.027958	-233.22581	265.63635	-16.168821	23.79886	27.640371	-91.47874	1432000	-0.019055173	1093.4081	0.0	-505.51038	1.1788278	-4.917383e-10	485.7734467983246
358	-48.451538	79.3833	42.966324	-275.2722	265.69232	-10.680001	22.154167	23.680817	-101.68772	1436000	-0.017736983	931.8677	0.0	-214.51549	1.1917548	1.2367964e-09	487.96522974967957
359	-47.29478	52.61883	37.754246	-184.14127	189.93333	-13.754175	25.792206	22.490227	-117.95995	1440000	-0.03861101	653.6687	0.0	-249.30226	1.1622028	-1.3411046e-10	489.610878944397
360	-7.3447604	47.159725	87.45542	-117.08577	262.2857	-16.498192	24.535086	19.38415	-122.9941	1444000	-0.049247682	755.80084	0.0	-249.46703	1.1774693	9.983778e-10	492.00988698005676
361	-43.6643	78.30657	36.48075	-156.06708	429.57144	-18.6235	28.165567	23.760921	-119.46172	1448000	-0.015023168	858.5864	0.0	-360.15628	1.2195113	2.1904707e-09	494.3559727668762
362	-53.745766	52.270046	33.425205	-163.47699	323.2	-4.4456854	21.635225	24.564758	-86.99779	1452000	0.011400178	911.0289	0.0	-400.08728	1.1785177	-4.053116e-09	496.65317392349243
363	-53.37008	67.44259	42.456295	-161.75528	359.77777	-20.193626	24.602354	24.632328	-98.43292	1456000	-0.01041979	1119.2755	0.0	-463.83032	1.1913438	3.72529e-10	498.9351758956909
364	-29.088655	74.34307	37.71908	-228.08324	324.27274	-9.625004	18.283989	23.79833	-113.15904	1460000	-0.038514737	1060.3547	0.0	-210.81563	1.1736791	-5.811453e-10	501.14081382751465
365	0.24836661	25.314861	39.476837	-34.37017	318.0909	-4.5863285	13.874419	22.836761	-83.227325	1464000	-0.04166015	572.1466	0.0	-118.93886	1.1972504	1.1771917e-09	503.4983558654785
366	-31.803558	60.1639	53.37985	-182.18251	358.4	-1.7976433	21.62351	36.765114	-121.61689	1468000	-0.0066726096	774.7605	0.0	-174.6622	1.1879098	-1.3858079e-09	505.53885793685913
367	-43.195408	64.00928	52.688396	-222.68607	323.54544	-2.7542307	16.741665	28.322254	-99.62698	1472000	0.021690793	1036.2595	0.0	-561.2489	1.1963317	2.9802322e-10	507.49814677238464
368	-37.040432	59.39126	32.89017	-185.01215	254.28572	-19.713974	26.145555	24.5136	-110.16761	1476000	-0.018653145	903.0129	0.0	-346.84576	1.1598661	-6.705523e-10	509.7866268157959
369	-25.701887	63.90418	54.265438	-154.0897	194.25	-11.075875	23.471848	25.088985	-124.245605	1480000	-0.040301725	1224.7404	0.0	-447.1441	1.1658113	-5.960465e-11	511.4918520450592
370	-28.102726	43.790646	3.5734482	-135.04314	321.75	-9.630801	18.646408	28.436308	-108.116066	1484000	-0.020534135	772.5406	0.0	-350.4405	1.1947745	-1.0877848e-09	513.8585789203644
371	-63.58557	89.22293	30.906614	-253.46716	241.875	-1.1279376	28.074692	37.121906	-120.812035	1488000	-0.0131482035	2179.7976	0.0	-1147.2092	1.1483548	8.1956386e-10	515.5303568840027
372	-27.627726	49.733788	47.64299	-154.51295	265.2143	-28.998234	34.191917	22.728676	-129.86908	1492000	-0.044504862	1156.8354	0.0	-647.9031	1.1682578	1.4603139e-09	517.648530960083
373	-15.204279	40.42753	65.46555	-76.01897	327.2	-17.090902	23.909996	27.009144	-99.91972	1496000	-0.02275008	970.6983	0.0	-436.13315	1.1917048	3.2037497e-09	520.2096750736237
374	-13.266958	34.05653	64.12654	-77.36933	240.21428	-0.060125425	24.80073	38.12197	-86.1787	1500000	0.008299895	582.4225	0.0	-249.30591	1.1552544	-1.4901161e-10	522.3083848953247
375	-14.190256	51.831047	61.91544	-123.12	298.3	-13.626997	20.120028	31.338303	-105.70593	1504000	-0.036526352	825.1392	0.0	-135.25192	1.1966887	2.2351743e-10	524.4798710346222
376	-31.700924	64.34106	25.306414	-175.6678	382.5	-15.80092	22.597685	38.148304	-95.099014	1508000	0.013019886	857.7177	0.0	-398.2939	1.2104652	2.3841862e-10	527.3654758930206
377	-51.10682	64.822395	27.035913	-235.93544	277.14285	-5.22376	18.671427	35.51003	-122.352066	1512000	0.028771065	873.5471	0.0	-310.37286	1.1736526	-9.834766e-10	529.6642189025879
378	-26.956604	80.216415	52.43203	-168.87999	414.1111	-20.15695	27.339825	31.568874	-122.86323	1516000	-0.033023067	655.8573	0.0	-210.75977	1.192754	-7.450579e-11	531.8887460231781
379	-32.520897	41.3353	36.915325	-107.6012	269.63635	-1.8454484	19.997696	37.870136	-103.58018	1520000	-0.01882311	821.2267	0.0	-245.37926	1.197421	3.2782554e-10	533.7232229709625
380	-20.712626	27.21354	31.25118	-55.70425	530.4286	-14.168486	17.763027	33.20604	-92.293915	1524000	-0.033153992	580.3453	0.0	-200.79407	1.2214838	3.2782557e-10	536.9398908615112
381	-33.32073	66.24257	68.32555	-164.9961	338.27274	-1.645638	27.535095	50.40813	-121.13242	1528000	0.0030046739	1038.871	0.0	-391.1683	1.1658826	3.144145e-09	539.5304398536682
382	-45.48558	72.25261	53.49044	-171.65028	231.6	-10.007975	22.991795	28.627913	-119.67058	1532000	-0.017107978	947.277	0.0	-295.8597	1.1536417	1.7881391e-10	541.8355357646942
383	-37.32123	54.051807	36.416245	-129.12175	290.46155	-13.724658	24.762962	26.798498	-115.35398	1536000	-0.015103292	607.9651	0.0	-138.01964	1.1823423	6.2584876e-10	543.7559678554535
384	-10.550595	45.705376	59.501217	-105.79139	238.28572	-16.18935	25.906263	31.172174	-113.63692	1540000	-0.050839998	545.622	0.0	-181.19705	1.1657958	-6.4074995e-10	545.7859148979187
385	-21.732475	55.093018	18.864595	-189.01842	338.36365	-11.378417	20.739317	26.01015	-120.072624	1544000	-0.03655773	629.89453	0.0	-233.10141	1.2086251	-9.834766e-10	548.1242918968201
386	-26.692198	54.96447	39.180595	-176.07912	258.2143	-7.5858717	25.809734	35.132843	-111.30319	1548000	-0.036553055	724.8573	0.0	-215.51724	1.1736796	-1.8328428e-09	550.1178648471832
387	-19.192152	46.79646	53.62319	-138.49118	303.75	-7.0912075	23.093372	48.09754	-107.52475	1552000	-0.008624077	670.7328	0.0	-195.73929	1.1787626	1.2367964e-09	552.2256987094879
388	-28.689327	40.44337	26.004906	-136.9389	303.46155	-13.756817	22.297728	34.81275	-88.308815	1556000	-0.035083376	813.6268	0.0	-318.99255	1.1871156	-1.1473894e-09	554.356015920639
389	-2.163324	31.160007	61.30403	-45.790928	327.72726	-10.22583	18.153164	29.179722	-110.20793	1560000	-0.029449075	774.7355	0.0	-229.062	1.1975539	-2.5331973e-10	556.3532078266144
390	-47.990784	96.66749	58.485844	-224.56895	350.18182	-9.56335	20.253075	25.639494	-115.49977	1564000	-0.021642279	1711.0131	0.0	-933.9834	1.1876485	1.1175871e-09	558.6248767375946
391	-58.868805	82.39602	36.049404	-255.45906	366.6	-17.045027	35.304855	34.404633	-133.88945	1568000	-0.05392583	1376.7659	0.0	-360.20203	1.2005581	-5.9604655e-11	560.7560558319092
392	-35.31164	72.40079	48.111748	-197.58212	250.8	-19.330772	36.52867	39.224735	-130.61568	1572000	-0.013546087	1077.0293	0.0	-494.20157	1.136298	1.5795232e-09	562.5734238624573
393	-7.00193	57.53569	59.040653	-146.76826	358.9	-11.467444	19.15032	26.929878	-95.59895	1576000	-0.041023318	582.4512	0.0	-187.68936	1.2006624	-1.5497208e-09	564.6519618034363
394	-34.276497	60.890236	51.507973	-176.852	245.23077	-7.0353208	29.087347	43.00786	-120.44749	1580000	-0.005912967	886.44934	0.0	-339.28296	1.17764	-2.4139881e-09	567.2632839679718
395	-8.588711	34.037117	70.22729	-56.278843	349.27274	-7.3479266	21.574184	35.36154	-112.35693	1584000	-0.042972557	420.47546	0.0	-95.36888	1.186275	2.8312208e-10	569.5710017681122
396	-26.714668	82.14632	42.8879	-246.76337	316.22223	-7.850993	22.742645	30.872713	-115.5633	1588000	-0.03386666	889.4719	0.0	-312.68445	1.1853197	-7.0035455e-10	571.8290128707886
397	-6.103888	46.91123	38.78968	-171.03804	186.06667	3.24713	26.963352	44.103817	-117.8458	1592000	-0.0017205495	811.7872	0.0	-347.90756	1.1652236	1.6689301e-09	573.7097179889679
398	-21.894726	39.438465	47.811493	-92.07183	254.73334	-8.508169	25.258745	38.557987	-99.5581	1596000	-0.054856297	573.8894	0.0	-107.958786	1.1688199	-1.0877848e-09	575.5123929977417
399	-15.650045	41.184696	50.378105	-102.415924	493.5	-12.978613	19.640163	34.912582	-101.49505	1600000	-0.04725097	618.5167	0.0	-216.33173	1.2249308	1.6689301e-09	578.0903427600861
400	13.888492	26.930367	44.198376	-27.026434	416.57144	-2.9669123	18.998133	40.927265	-95.340164	1604000	-0.056333628	415.29504	0.0	-113.19645	1.2085721	1.7434358e-09	580.6987357139587
401	-3.9808846	34.62363	43.90489	-66.24169	428.66666	-0.79825515	19.515097	40.609596	-78.17159	1608000	-0.050539117	571.35236	0.0	-152.28595	1.221328	-1.4156103e-09	583.4554069042206
402	-13.953079	56.088097	46.855865	-143.89447	308.33334	1.1010549	24.571123	47.67729	-89.77255	1612000	-0.0071245655	807.17194	0.0	-479.3294	1.1676236	4.172325e-10	585.4739978313446
403	-10.53009	27.030437	36.675396	-49.1125	328.18182	-4.25089	22.281374	37.96049	-115.74228	1616000	-0.04523565	494.26202	0.0	-136.99448	1.1829636	-1.1324882e-09	587.8547079563141
404	-44.79173	80.439545	23.322588	-235.85017	418.2857	-13.934697	21.78272	31.666899	-106.92535	1620000	0.009665139	970.14044	0.0	-401.47293	1.2193983	-1.9371509e-09	590.912351846695
405	-15.91049	79.05453	36.746174	-171.74957	756.0	-13.308305	22.901987	36.80664	-102.4052	1624000	-0.021222338	409.1821	0.0	-221.8039	1.2319708	1.8030405e-09	594.1263508796692
406	7.41825	26.54006	54.04532	-31.896832	401.25	1.4226663	23.25527	47.773987	-85.19646	1628000	-0.035740305	472.1539	0.0	-123.67598	1.193198	-1.4305115e-09	596.3220999240875
407	-31.79969	69.877335	57.08817	-181.29286	375.1111	-2.4163277	26.181053	43.249435	-95.29223	1632000	-0.01550655	609.4355	0.0	-327.9085	1.1679789	-1.6540289e-09	598.3553948402405
408	-38.11535	62.020653	24.9602	-134.65605	308.25	-2.798365	25.874111	43.765	-105.49822	1636000	-0.006055549	1151.5378	0.0	-592.52466	1.1983734	-1.3411046e-09	600.5343518257141
409	-44.68514	78.63723	65.14351	-196.9896	293.6	-13.181726	27.769594	38.21014	-98.820496	1640000	-0.023769002	691.8141	0.0	-190.05696	1.1517644	1.2814999e-09	602.33593583107
410	-34.08759	70.19587	60.25696	-147.29948	447.42856	-11.986056	25.139715	41.845802	-114.367386	1644000	-0.028346973	624.32446	0.0	-148.08629	1.1876793	-4.768371e-10	604.8279716968536
411	-10.130481	11.712768	5.021338	-25.755083	530.8	-10.756133	19.953987	36.55568	-89.75845	1648000	-0.015349684	611.9502	0.0	-284.7507	1.1930325	-1.6391277e-10	607.3004539012909
412	-63.515347	61.661148	7.3583894	-160.82831	488.14285	-8.3014555	21.145714	43.940662	-80.33088	1652000	-0.021570355	630.96747	0.0	-213.97972	1.2028646	-1.7285346e-09	609.3556869029999
413	17.293549	30.752813	67.10926	-26.714277	674.6	-11.008076	20.17287	48.413597	-97.55212	1656000	-0.015888883	357.32492	0.0	-174.97702	1.221843	3.1143426e-09	612.3325099945068
414	-15.415828	39.315117	32.270462	-77.30475	388.25	2.6117704	23.771063	44.54853	-87.15572	1660000	-0.0061281994	758.5503	0.0	-199.19614	1.198688	1.2218953e-09	614.5755867958069
415	-47.33143	65.61631	12.557894	-219.58826	274.07693	1.2907473	19.101683	31.512386	-103.63372	1664000	0.036545794	1534.3384	0.0	-807.65466	1.1463954	1.2814998e-09	616.5276117324829
416	-7.312855	27.927004	54.678772	-39.67209	253.16667	-14.16595	27.313417	36.419125	-116.54721	1668000	-0.042853698	549.3473	0.0	-172.09529	1.1565526	1.4156103e-09	619.1006217002869
417	-27.291307	66.80893	52.69901	-194.8148	273.72726	-8.306713	25.426569	32.586018	-122.14558	1672000	-0.03982037	835.91766	0.0	-277.06717	1.165024	1.7881393e-09	621.0265347957611
418	-10.7445965	67.850235	61.09903	-139.30504	673.6	-12.406234	19.98011	35.103336	-124.556885	1676000	-0.031320624	766.5305	0.0	-451.29077	1.2163544	1.4454127e-09	623.8874628543854
419	-37.85755	63.623573	42.605526	-191.6257	390.5	-1.8259319	19.254198	36.963524	-85.05055	1680000	0.010676913	937.99646	0.0	-473.77914	1.1954234	1.5348196e-09	627.1633198261261
420	-34.56663	86.598495	53.553757	-207.27089	570.7143	-12.925653	20.684267	36.67962	-106.3439	1684000	-0.03615669	946.6196	0.0	-379.19116	1.225307	-1.0728836e-09	629.8515567779541
421	-36.312637	82.76421	23.70159	-184.44832	321.375	-6.1097527	24.077946	43.33394	-118.3743	1688000	0.0056198277	1007.03436	0.0	-521.57654	1.1950082	-4.0382147e-09	632.4879579544067
422	-12.364873	59.914604	57.117912	-143.36763	343.4	-8.131731	32.08503	48.930054	-115.34765	1692000	-0.009044286	835.3147	0.0	-395.2926	1.1912231	-2.2053719e-09	634.4650619029999
423	-20.925201	38.779488	48.970703	-59.491608	692.6	-15.380805	21.890257	41.922043	-116.266594	1696000	-0.02572428	499.38177	0.0	-289.95502	1.218684	1.3411046e-10	637.1573619842529
424	-37.98994	58.66728	38.91401	-134.30063	458.14285	-1.1860355	23.679657	44.49493	-88.29853	1700000	0.018916674	541.4185	0.0	-258.71368	1.2237206	4.4703483e-10	639.8381588459015
425	-63.579308	72.497185	41.464577	-185.74178	774.6	-10.818024	20.12624	39.758293	-87.53323	1704000	0.0011774376	945.6493	0.0	-388.26685	1.217753	-1.4901191e-11	643.0905418395996
426	-34.81303	60.080185	51.543335	-192.15042	206.8	6.3179793	27.067705	63.53885	-102.64925	1708000	-1.50203705e-05	1259.8378	0.0	-823.9065	1.143163	2.592802e-09	644.9227578639984
427	-12.771036	34.588474	44.299717	-81.97064	274.45456	-15.463241	21.073648	35.432957	-120.57036	1712000	-0.011453411	617.0072	0.0	-222.21759	1.1809723	9.536744e-10	647.132673740387
428	-3.7157602	40.84436	31.510498	-111.84932	394.55554	-7.366217	24.61988	41.49334	-131.26276	1716000	-0.040098544	335.3695	0.0	-104.90909	1.2012136	-1.296401e-09	649.2851116657257
429	-26.976137	55.78153	31.301552	-158.73451	316.75	-5.3053975	22.981134	44.078175	-113.146645	1720000	-0.04282836	732.80566	0.0	-347.0542	1.2108192	-7.0035455e-10	651.6217589378357
430	-0.6305405	50.52394	89.52648	-97.54013	292.4	-2.9057636	24.684772	43.341675	-93.30995	1724000	-0.036427423	645.12714	0.0	-227.66345	1.1960515	-1.04308145e-10	654.0004408359528
431	7.3003006	48.579247	77.35727	-78.91706	339.4	-6.756091	25.051905	44.430286	-105.19473	1728000	-0.03795573	1060.5071	0.0	-643.30896	1.1985868	2.6524067e-09	656.3941428661346
432	-54.298534	68.17337	21.569569	-168.22975	312.125	-4.568316	22.722603	57.68369	-81.61452	1732000	-0.0037467405	1081.9028	0.0	-504.55322	1.20292	4.768371e-10	658.494589805603
433	5.020656	18.996042	36.595787	-23.717747	336.0	-4.4932146	21.227465	49.24654	-102.25329	1736000	-0.011686467	314.97076	0.0	-93.02007	1.1911077	1.5050172e-09	660.7417259216309
434	10.552481	39.47695	89.53319	-51.369686	265.33334	-2.4973695	25.233538	44.895355	-84.40526	1740000	-0.05493199	513.32666	0.0	-222.9134	1.1744552	1.7881396e-10	663.2967238426208
435	-0.04757843	39.46956	43.205715	-98.3578	376.6	-4.603574	23.524315	38.735847	-87.36655	1744000	-0.043963134	592.39197	0.0	-193.20447	1.203042	-2.5182962e-09	665.6198568344116
436	-29.107813	38.402042	45.418358	-74.03276	270.1	-4.660511	22.975471	44.099323	-93.57039	1748000	0.01715155	516.99615	0.0	-213.39658	1.1898768	-1.7285346e-09	667.7404537200928
437	5.85131	26.203094	34.079407	-41.394463	482.25	-7.193596	17.90451	41.31836	-91.45586	1752000	-0.05055412	386.27133	0.0	-100.3229	1.2138689	-2.384186e-10	670.8072447776794
438	-2.1869733	25.757914	43.869747	-39.987907	261.15384	-1.5866307	20.713772	39.99624	-82.62244	1756000	-0.033287294	741.3009	0.0	-280.1644	1.1703188	-2.4884939e-09	672.8626208305359
439	-46.508343	80.041466	39.611195	-202.62213	456.66666	-13.981416	22.231094	35.735924	-100.9464	1760000	-0.051034164	663.33545	0.0	-287.3676	1.2181766	1.475215e-09	675.515065908432
440	-30.871988	73.87162	52.75081	-221.77876	408.55554	-0.9438313	26.911692	53.411453	-106.190506	1764000	0.0008754656	726.88525	0.0	-285.59677	1.1949289	7.1525574e-10	677.8225107192993
441	-25.12208	55.14652	38.921288	-176.00598	269.91666	-13.099401	34.088554	40.856388	-113.53311	1768000	-0.015918069	895.76404	0.0	-554.4645	1.1773168	-1.2665987e-09	679.6050879955292
442	-17.573277	70.65399	84.96966	-140.45859	361.3	-19.608696	34.724087	41.51678	-140.66823	1772000	-0.041272298	1038.3672	0.0	-458.89633	1.1880736	1.0579824e-09	681.6245148181915
443	-27.343815	67.00056	23.848408	-164.86348	352.33334	-8.210823	26.826174	40.71625	-86.33404	1776000	-0.035859257	727.36597	0.0	-400.63794	1.1976832	-1.66893e-09	684.0409719944
444	5.3198752	29.752216	39.834137	-50.191044	418.57144	-4.7003202	25.855349	58.761665	-102.52373	1780000	-0.01450498	379.91815	0.0	-117.43084	1.2060521	-5.364418e-10	686.6101508140564
445	-1.0363011	28.783342	46.169933	-71.16581	239.86667	5.1772823	22.003004	43.019886	-101.90589	1784000	0.0012047216	626.9891	0.0	-283.3197	1.1466494	-1.9371509e-09	688.8551249504089
446	-13.419946	57.686054	41.188103	-125.76591	639.3333	-23.96509	29.759237	31.994795	-97.624115	1788000	-0.031132583	1207.5691	0.0	-673.6595	1.2406813	-2.9802327e-11	691.7560887336731
447	-26.058956	51.731903	29.243172	-103.6998	454.42856	-3.859061	23.110617	43.237938	-99.58847	1792000	0.0008157771	657.1714	0.0	-301.92798	1.2117038	7.45058e-10	693.8285670280457
448	-8.181292	81.6474	54.789307	-212.77649	453.375	-8.036652	22.079319	52.818066	-96.79711	1796000	-0.004224375	751.2313	0.0	-263.80508	1.2069001	4.917383e-10	696.4198977947235
449	-35.448776	63.46612	43.29504	-167.42761	372.875	-2.4640105	25.328947	45.677246	-101.8374	1800000	-0.00075558666	742.26416	0.0	-220.5513	1.207403	1.0877848e-09	698.660190820694
450	4.325611	41.533287	50.976585	-79.869705	384.0	-8.753037	23.27803	43.71795	-96.022606	1804000	-0.012330689	470.96643	0.0	-177.32544	1.2195106	-1.7881394e-10	701.1073379516602
451	-39.816628	122.05491	64.23757	-270.5113	609.2	-6.5961537	21.360497	50.718296	-93.4177	1808000	-0.03467558	920.86194	0.0	-390.4575	1.2236154	8.642673e-10	703.6498749256134
452	3.3009567	44.602608	67.57635	-100.80249	244.93333	8.432125	29.300297	60.974884	-104.74451	1812000	-0.025819357	752.1986	0.0	-339.3974	1.1548883	-2.1457671e-09	705.6158258914948
453	-16.805445	51.75874	50.328568	-202.60161	182.52942	1.0735598	21.941776	55.458485	-102.541466	1816000	0.03179452	880.4767	0.0	-392.42487	1.1367408	0.0	707.718535900116
454	-10.180113	45.49588	70.02699	-95.36579	250.91667	-9.347347	20.63679	38.125984	-109.89249	1820000	-0.045908406	491.3955	0.0	-97.12564	1.1855865	-1.8030405e-09	710.2498970031738
455	7.8898973	35.525284	83.61869	-41.373314	299.875	-8.870438	22.590927	38.26243	-117.46972	1824000	-0.05581455	556.0599	0.0	-246.52243	1.2049432	3.4272674e-10	713.1501560211182
456	7.47343	39.173145	75.26618	-85.737465	275.18182	1.5243789	23.338116	45.597004	-103.143105	1828000	-0.030991279	474.8412	0.0	-178.81604	1.1869093	-2.1904707e-09	715.9555728435516
457	17.714985	31.588957	58.17499	-33.00196	489.625	-7.7332425	21.665796	43.816216	-96.12584	1832000	-0.03841546	481.1084	0.0	-206.59016	1.2209853	-1.5050173e-09	718.8485879898071
458	5.224924	33.36259	65.469955	-47.77301	351.22223	-0.22736719	22.51831	49.786762	-89.38464	1836000	-0.0067663826	791.7844	0.0	-283.76236	1.1993713	-3.6209822e-09	721.4220967292786
459	12.914136	31.376629	65.96105	-25.140852	660.4	-6.3323154	19.642267	62.03581	-87.16942	1840000	-0.037048787	301.63715	0.0	-140.28683	1.2463367	-8.940697e-11	725.0100967884064
460	7.3546963	26.053064	49.018322	-37.42847	296.36365	16.028084	23.033112	62.076874	-76.27541	1844000	0.010998767	763.0117	0.0	-491.68677	1.1801782	-2.2798776e-09	727.0410759449005
461	-28.859467	63.699814	33.991238	-189.4464	416.33334	-5.2376785	25.087122	45.666782	-89.68387	1848000	-0.059758008	643.609	0.0	-218.44319	1.1781306	4.768372e-10	729.4108910560608
462	-18.747126	39.261658	58.872303	-70.76128	348.44446	-8.307742	23.812891	48.220467	-108.13614	1852000	-0.027549125	546.72723	0.0	-243.57225	1.1797937	-1.6540289e-09	732.1311328411102
463	18.779966	49.321068	89.61441	-45.191547	637.8333	-7.933579	16.920635	35.663525	-91.87338	1856000	-0.05749476	682.7184	0.0	-320.9671	1.2299612	9.536744e-10	734.7881557941437
464	8.863718	25.846346	46.505817	-37.02434	348.0	4.2355714	24.368967	58.35211	-90.628456	1860000	-0.013599426	425.63037	0.0	-147.72809	1.17103	-4.3213366e-10	737.2634587287903
465	0.3933558	38.707157	71.63904	-38.581066	434.14285	0.19916004	20.840654	42.822525	-111.90338	1864000	-0.014632098	552.4511	0.0	-224.30511	1.2138963	-8.9406965e-10	739.6758558750153
466	-1.5725613	46.64706	61.51942	-72.2273	410.125	-1.7425991	19.809494	41.413395	-92.333405	1868000	-0.06144931	492.69507	0.0	-131.55148	1.2088714	-9.983778e-10	742.6133029460907
467	13.899325	52.628773	63.22957	-65.73741	594.2	-5.479015	17.890839	41.536827	-80.85439	1872000	-0.04762501	519.3324	0.0	-233.40977	1.239142	2.3543834e-09	745.6616959571838
468	11.330902	20.751047	52.50906	-27.340836	486.125	5.1288943	25.28137	76.80706	-67.91998	1876000	-0.0004377663	424.30264	0.0	-247.3279	1.2156429	1.2516975e-09	748.4431388378143
469	-27.237408	39.441864	33.705658	-71.119446	617.5	-5.209151	19.689877	53.335003	-84.17348	1880000	-0.058593936	441.73334	0.0	-160.68326	1.2421379	-3.874302e-10	751.0113258361816
470	45.697025	11.163425	64.46472	35.799023	815.5	-4.3303103	21.579557	59.38484	-67.24794	1884000	-0.007957892	204.72052	0.0	-111.06323	1.2513287	5.960465e-11	754.1515688896179
471	-11.939331	73.51964	45.59752	-180.63022	376.57144	11.152092	24.141338	69.1376	-59.60046	1888000	-0.015119202	999.43726	0.0	-649.92017	1.183764	9.834766e-10	756.7160446643829
472	32.510303	35.308685	88.035034	-0.6124741	517.6	-7.549973	24.343857	59.341286	-86.86497	1892000	-0.029599696	325.5628	0.0	-119.08095	1.2240324	3.427267e-10	759.641857624054
473	8.737342	33.417534	76.27855	-43.029	270.45456	2.1612623	30.075354	62.395676	-89.20107	1896000	-0.014459755	669.4253	0.0	-284.88486	1.1740531	-1.1324882e-09	761.4221377372742
474	-52.829975	68.99167	20.997953	-207.65532	382.0	-7.466464	24.134743	57.116096	-106.97649	1900000	0.0019210265	1015.3081	0.0	-578.774	1.1849687	1.1771917e-09	763.8788857460022
475	18.112947	32.628113	61.18609	-38.269108	375.44446	-1.7153163	24.607082	55.5785	-104.693596	1904000	-0.0150294695	420.7207	0.0	-135.54196	1.1879654	-8.493662e-10	766.1375827789307
476	-7.955016	43.700188	36.410946	-98.056046	430.57144	-4.3492675	21.392351	50.71599	-92.39756	1908000	0.02010391	654.655	0.0	-323.41272	1.2116209	-1.4156103e-09	768.6985306739807
477	-23.037226	58.233307	59.26884	-168.18156	293.91666	-2.8289244	19.237404	52.78349	-92.901955	1912000	-0.012223447	923.79297	0.0	-550.93335	1.149755	2.324581e-09	770.8247518539429
478	9.802432	30.061853	62.284847	-38.145687	609.3333	-16.33279	24.092224	37.66313	-109.473404	1916000	-0.057286672	776.90576	0.0	-525.9104	1.2262801	2.533197e-10	773.9924349784851
479	-7.7839303	43.68169	55.47614	-86.96229	500.66666	-2.4918613	22.983734	52.410744	-103.52987	1920000	-0.02633265	420.73596	0.0	-236.74301	1.2174573	-5.215407e-10	776.7970249652863
480	3.9403534	46.735565	62.91593	-76.794785	387.2	4.0380754	25.237108	64.420135	-100.2829	1924000	-0.0035068803	883.37445	0.0	-487.0285	1.1947863	5.7667497e-09	778.8799228668213
481	-24.574253	75.93052	74.16598	-196.1973	415.5	-23.545929	38.204746	55.71472	-124.96345	1928000	-0.014351174	1049.1287	0.0	-707.5317	1.1617844	-7.301569e-10	781.545893907547
482	-18.896746	64.421585	55.26958	-142.16394	478.2857	-8.31592	29.042404	57.2402	-119.0377	1932000	0.0026985519	743.3988	0.0	-409.2658	1.2107736	-1.7881394e-10	784.0053038597107
483	26.651653	33.426403	67.54502	-34.327232	501.2	-8.027075	21.298931	39.619976	-132.02852	1936000	-0.037818685	450.35086	0.0	-241.61658	1.2324193	1.1473894e-09	786.5702798366547
484	-5.4588785	40.379845	62.811604	-35.986916	779.0	-6.9732027	24.289194	59.955864	-113.128975	1940000	-0.02538278	544.87244	0.0	-396.4145	1.2405577	-2.3394824e-09	789.7776718139648
485	22.53143	23.35037	50.93832	-12.0156145	595.25	1.8785957	23.012657	66.33721	-48.981884	1944000	0.011966387	244.61366	0.0	-91.87949	1.2297878	-1.1920928e-10	792.7074539661407
486	3.1081154	35.6994	57.101128	-39.388565	296.33334	10.643539	19.814625	61.768997	-64.58937	1948000	0.0030202344	791.0455	0.0	-432.4477	1.1899681	5.960465e-11	794.8811190128326
487	-10.237862	28.503435	45.498707	-40.734333	441.0	-7.9293165	20.859865	43.166435	-102.227066	1952000	-0.024799488	407.12112	0.0	-187.67227	1.2027044	-5.066395e-10	797.1151359081268
488	-4.774709	59.233707	49.835674	-128.08138	610.3333	-5.824048	22.574158	48.391556	-97.251305	1956000	-0.008724943	425.17218	0.0	-220.21657	1.2199664	-5.3644184e-10	799.8317258358002
489	8.809963	16.700115	33.922832	-18.529291	372.9	7.1771083	22.53164	52.266	-94.34559	1960000	-0.019193863	595.5038	0.0	-219.09341	1.17679	1.6242265e-09	801.9529657363892
490	14.635606	25.005394	49.42222	-24.11185	477.16666	-3.3943033	20.51177	39.937103	-96.12414	1964000	-0.03584421	392.9117	0.0	-115.60547	1.2135241	5.9604643e-10	804.5058040618896
491	-11.958729	63.47974	43.470364	-181.95425	344.2	0.12177862	22.730806	45.72498	-104.64682	1968000	0.021159966	930.419	0.0	-289.2022	1.1719371	-6.705523e-10	807.0737068653107
492	-23.321035	73.848305	26.919136	-251.43393	237.33333	-3.9416432	28.015596	52.37545	-121.34786	1972000	-0.044234194	769.6591	0.0	-243.47963	1.1442358	-1.0430812e-10	809.0613870620728
493	-11.900989	42.241295	76.37258	-65.964355	285.75	-0.4390028	25.009398	42.022472	-108.658005	1976000	-0.02359584	567.7332	0.0	-222.66039	1.1508741	-2.2649767e-09	811.0300478935242
494	33.576206	33.54708	85.43948	-19.794811	562.5714	-8.705604	19.35329	51.039856	-114.96731	1980000	-0.04764599	343.0324	0.0	-190.2987	1.2285666	1.2218953e-09	813.6726808547974
495	39.07794	27.262861	84.604416	0.16140658	417.2857	3.8623765	21.090694	50.074013	-104.175865	1984000	-0.03605589	453.99063	0.0	-160.5213	1.1956666	-9.089708e-10	816.4757750034332
496	4.8954883	50.580276	48.641808	-118.0539	393.44446	-3.1671016	30.52343	59.845318	-115.48506	1988000	-0.00959751	707.91736	0.0	-348.96683	1.1734701	1.9371504e-10	818.7301449775696
497	-2.1162143	28.683035	36.62715	-49.306545	444.2857	-6.447508	18.35791	38.630085	-81.59913	1992000	-0.021892296	418.66092	0.0	-111.12021	1.2031381	2.4586915e-09	821.4248068332672
498	26.702902	31.079205	58.47915	-26.104063	679.4	-7.5006394	19.916592	49.17261	-95.76683	1996000	-0.029271992	379.17212	0.0	-211.3566	1.2477127	-6.4074995e-10	824.522439956665
499	20.857164	30.895357	55.424595	-33.927353	393.125	5.6595535	25.445442	58.668026	-79.60264	2000000	-0.022722106	493.23297	0.0	-228.1463	1.1884596	1.9967556e-09	826.477264881134
