Epoch	AverageEpRet	StdEpRet	MaxEpRet	MinEpRet	EpLen	AverageVVals	StdVVals	MaxVVals	MinVVals	TotalEnvInteracts	LossPi	LossV	DeltaLossPi	DeltaLossV	Entropy	KL	Time
0	-281.14822	139.24178	20.743395	-588.4377	88.954544	-0.08202856	0.033838715	0.062307805	-0.22861062	4000	0.017622843	27246.3	0.0	-1204.3369	1.349103	-2.9802327e-11	0.9398841857910156
1	-213.59511	109.02995	-62.670464	-468.44693	89.84091	-4.036274	0.5765553	1.451451	-4.699023	8000	0.012184855	16390.697	0.0	-842.7368	1.3616691	1.0430813e-09	1.8787119388580322
2	-210.8596	128.83502	25.708921	-485.07022	91.39535	-7.8917785	0.34166852	-2.9678044	-8.1089	12000	-0.0050439313	15514.83	0.0	-574.1084	1.3696383	-5.9604643e-10	2.815194845199585
3	-194.41675	108.84688	-48.460136	-649.15826	90.209305	-10.7200575	1.344122	8.512596	-10.904433	16000	-0.0006618025	13308.367	0.0	-548.3872	1.3711113	1.758337e-09	3.7593600749969482
4	-153.27866	86.73812	-9.205351	-359.48285	91.209305	-13.508918	0.064268604	-11.824343	-13.551078	20000	-0.0040869303	7550.2583	0.0	-271.60156	1.3717779	8.046628e-10	4.710786819458008
5	-135.76459	78.05741	35.462032	-327.87863	89.83721	-15.531568	0.15527323	-11.782749	-15.569912	24000	-0.006550285	5470.628	0.0	-200.42432	1.3708754	-1.2814999e-09	5.644437074661255
6	-167.67836	92.52005	-46.631565	-458.55905	88.36364	-17.317242	0.021912597	-16.614662	-17.340622	28000	-0.009966794	8059.1846	0.0	-336.50464	1.3676627	4.470348e-10	6.5763630867004395
7	-147.19272	73.49619	24.431396	-368.67276	93.414635	-19.613106	0.064308286	-18.338942	-19.637735	32000	-0.009045579	5456.239	0.0	-235.7273	1.3645948	-1.3113022e-09	7.5150439739227295
8	-146.36342	94.32378	19.43249	-372.3006	92.2619	-21.624008	0.032892972	-20.917109	-21.64035	36000	-0.010449793	5788.231	0.0	-213.18262	1.3608787	4.917383e-10	8.463783979415894
9	-148.45197	75.04636	-61.802685	-413.5215	95.70731	-23.543825	0.11694529	-21.524303	-23.56511	40000	-0.012254357	5130.2925	0.0	-226.92175	1.3570904	1.9073485e-09	9.406432151794434
10	-109.77556	59.04517	24.236565	-240.56516	95.625	-25.557743	0.014918995	-25.32355	-25.568798	44000	-0.001989392	2393.5688	0.0	-93.26843	1.354813	-4.917383e-10	10.359553098678589
11	-118.89944	69.86275	-38.332096	-437.8361	97.6	-26.92148	0.036797825	-26.295694	-26.933393	48000	-0.006967049	3181.0393	0.0	-103.65979	1.3522773	-6.556511e-10	11.305986881256104
12	-135.33304	72.923645	-7.8572574	-377.3252	98.475	-28.34535	0.03462986	-27.517248	-28.355566	52000	-0.0030123144	4191.222	0.0	-180.32947	1.3477626	1.9222497e-09	12.252212047576904
13	-118.638954	69.2709	-11.967481	-296.053	103.36842	-30.228838	0.09937675	-29.174074	-30.249083	56000	0.001280382	2716.4224	0.0	-92.60181	1.3441365	5.662441e-10	13.227365016937256
14	-124.2972	68.00659	-0.6848003	-317.4484	101.23077	-31.658625	0.03172132	-30.936396	-31.666079	60000	-0.010853253	2745.2458	0.0	-99.575806	1.3410816	-4.0233133e-10	14.177337884902954
15	-136.97336	71.88692	-32.976257	-299.09012	108.388885	-33.138096	0.028424004	-32.30656	-33.144844	64000	0.0013247728	2931.2476	0.0	-128.31384	1.337174	1.9371509e-09	15.164721965789795
16	-120.15361	68.044205	15.1532	-335.79788	103.72973	-34.844166	0.01243767	-34.64611	-34.849815	68000	0.0040165754	2623.754	0.0	-82.11859	1.3321185	1.296401e-09	16.12265706062317
17	-137.34827	87.61138	-49.90672	-511.9043	105.97298	-36.259266	0.046544805	-35.1571	-36.267952	72000	0.0028392058	4199.4893	0.0	-137.47107	1.3276116	-3.8743017e-10	17.087235927581787
18	-110.49365	53.320896	-13.306237	-251.82553	106.80556	-38.07387	0.017935414	-37.76618	-38.078976	76000	-0.005433481	1408.6338	0.0	-46.40039	1.3222969	-1.7881394e-09	18.061640977859497
19	-120.87546	68.430916	-16.092688	-287.72488	111.542854	-39.20521	0.038939245	-38.22588	-39.21245	80000	-0.023019068	2271.6768	0.0	-54.47412	1.3175592	8.046627e-10	19.077571868896484
20	-119.057594	72.52453	87.636856	-228.27747	165.4	-40.355434	0.123541825	-39.126266	-40.401943	84000	-0.00051374733	2467.5303	0.0	-2.6849365	1.32821	-9.685754e-10	20.863034963607788
21	-106.63373	64.71834	-16.812511	-253.74959	122.1875	-40.506226	0.018908512	-39.99221	-40.512142	88000	-0.017133355	1637.6968	0.0	-20.32904	1.3008393	-2.115965e-09	21.884155988693237
22	-101.63173	72.05181	23.776869	-334.7391	125.19355	-41.229008	0.029898144	-40.678314	-41.23697	92000	0.00073916465	2017.9727	0.0	-11.357056	1.2892712	1.2069941e-09	22.953924894332886
23	-89.98543	60.9711	-4.313661	-216.88335	142.8077	-41.82351	0.046977844	-41.195366	-41.834564	96000	-0.018408358	1502.624	0.0	-0.88360596	1.2866569	5.5134297e-10	24.021546125411987
24	-118.03988	85.522385	16.936901	-299.52963	164.41667	-41.67714	0.081341065	-41.18101	-41.70807	100000	-0.0054229647	1984.3192	0.0	-3.7382202	1.276258	9.834766e-10	25.92642903327942
25	-109.49593	70.468445	25.107674	-250.27432	142.46153	-41.96006	0.061886057	-41.185616	-41.974796	104000	-0.013024654	1438.7211	0.0	-5.8098755	1.2435842	3.72529e-10	26.99974799156189
26	-154.05466	93.168724	-2.0717368	-310.41614	148.1	-42.34899	0.18452656	-40.847065	-42.416794	108000	0.0012365058	2613.063	0.0	-62.893555	1.2414412	1.1622906e-09	28.46036195755005
27	-146.474	105.267105	35.037945	-351.99512	159.33333	-43.235077	0.51235473	-32.268063	-43.31443	112000	-0.019360237	2375.4114	0.0	-59.892822	1.2190601	-8.3446505e-10	29.54988408088684
28	-164.50548	108.77533	-24.846992	-448.2972	162.22728	-44.67425	0.11790222	-41.725414	-44.704536	116000	-0.008935027	2968.0752	0.0	-51.364502	1.2147964	-3.4570693e-09	30.63768720626831
29	-182.95293	125.01581	11.359696	-353.0193	183.82353	-45.925953	0.54228	-40.063946	-46.09824	120000	0.0062559545	3830.1082	0.0	-105.20654	1.2131544	-7.4505807e-10	32.20082497596741
30	-102.47913	123.41067	45.186646	-384.51126	179.0	-46.40249	4.3649364	6.505355	-47.34762	124000	-0.018472806	3059.1743	0.0	-95.33984	1.1870165	-8.791685e-10	33.35279607772827
31	-161.0104	100.35296	41.14813	-325.69806	240.4	-47.079357	2.7916071	5.3483076	-47.52729	128000	0.010764159	2278.5178	0.0	-112.70715	1.210984	2.577901e-09	35.24177384376526
32	-134.67627	103.73728	23.339642	-352.19516	222.58824	-45.40419	7.523165	31.305538	-47.794804	132000	-0.0032408386	1832.4968	0.0	-129.85693	1.189826	-6.109476e-10	37.071017026901245
33	-136.049	102.84125	21.282701	-374.91318	184.85	-47.721718	2.1887367	-8.097539	-48.117203	136000	0.005433485	2191.2024	0.0	-31.365417	1.1567858	-1.6242265e-09	38.233442068099976
34	-128.29451	92.97341	-6.1887035	-334.39368	183.10527	-48.096256	2.360974	-17.609806	-48.539665	140000	-0.025631763	2201.0881	0.0	-63.849	1.1734688	9.983778e-10	39.483617067337036
35	-96.672646	115.25532	49.261524	-309.86963	263.58334	-40.73875	11.523438	16.046675	-48.023487	144000	-0.022107422	2512.4326	0.0	-492.30188	1.2143849	1.0430813e-09	41.39714312553406
36	-94.075325	90.446785	43.40382	-260.94327	193.94737	-23.231367	8.592503	9.611127	-47.14835	148000	-0.0353215	1945.3556	0.0	-242.8086	1.184711	7.599592e-10	42.53970384597778
37	-93.0671	106.067116	9.952211	-372.08377	316.58334	-27.418333	14.607199	14.490928	-48.152363	152000	-0.00599052	1701.7551	0.0	-296.8845	1.2151833	-8.7916846e-10	45.32836699485779
38	-98.54092	84.33065	18.699156	-211.94778	218.64706	-17.960129	8.112093	13.703372	-47.91889	156000	-0.0051148683	2352.8833	0.0	-396.74554	1.1644015	-1.0877848e-09	46.578174114227295
39	-104.73791	85.82652	46.380096	-302.08463	223.41176	-28.295889	8.640969	-17.975927	-48.782013	160000	0.007538546	1732.113	0.0	-122.13306	1.1575304	9.536744e-10	48.13012099266052
40	-123.228546	90.80152	35.800114	-274.7861	216.22223	-31.694916	10.487294	-20.919603	-49.370377	164000	-0.020454451	1838.028	0.0	-145.74207	1.1508117	1.743436e-09	49.32355499267578
41	-78.41888	84.166046	45.379063	-240.89052	225.94118	-41.58604	7.2264385	-27.97506	-50.216934	168000	-0.025954418	1815.7109	0.0	-306.52032	1.157932	5.5134297e-10	50.84579586982727
42	-82.27959	97.38615	26.303942	-288.35605	306.54544	-33.04466	10.78679	-21.406403	-50.125763	172000	-0.013689794	1851.6514	0.0	-102.612	1.1739918	1.490116e-10	53.24505090713501
43	-66.060905	67.50399	36.298386	-229.8636	234.375	-28.461887	11.219623	-17.703175	-49.87227	176000	-0.015210129	1065.1536	0.0	-51.252777	1.1475585	-4.470352e-11	55.598474979400635
44	-91.2597	75.92828	-10.7137985	-236.19818	236.33333	-24.02183	9.851372	-17.221888	-49.748516	180000	-0.014561132	1297.5382	0.0	-230.50327	1.1259521	-8.046627e-10	56.840790033340454
45	-71.38676	66.11616	10.395752	-169.28981	432.57144	-33.60819	13.674162	-16.731157	-50.555977	184000	-0.018171094	1467.8525	0.0	-300.08508	1.1838486	-2.9802327e-11	59.14061188697815
46	-74.28611	87.247894	45.58484	-239.98567	356.81818	-17.661942	7.974924	-3.399576	-47.473118	188000	-0.021326523	1533.6923	0.0	-210.06668	1.16484	-7.8976153e-10	61.68918204307556
47	-56.446354	81.90171	53.6694	-238.56372	324.91666	-25.013304	11.291996	-14.074297	-49.771423	192000	-0.022554673	1482.5112	0.0	-102.022705	1.1496797	-1.013279e-09	64.04896211624146
48	-50.940315	73.493835	42.87622	-206.98502	458.625	-29.539217	14.760204	-13.04465	-49.978092	196000	-0.028767401	1231.9073	0.0	-232.10391	1.1730989	-6.705523e-10	66.18109703063965
49	-28.90029	71.808464	43.336426	-240.6618	255.6	-15.858491	8.936612	-11.59649	-48.442142	200000	0.0028485507	1428.4617	0.0	-142.95929	1.1303271	-7.8976153e-10	68.30711507797241
50	-20.371773	42.057957	32.00494	-111.024635	398.33334	-20.793911	11.839577	-10.672062	-49.19028	204000	-0.05013362	926.71124	0.0	-123.38855	1.1801608	5.0663945e-10	70.61869406700134
51	-33.91292	76.45161	50.741272	-228.24754	380.22223	-17.777658	10.108227	-9.00661	-46.868217	208000	-0.005550444	1295.8103	0.0	-80.309296	1.1566114	-1.1026859e-09	72.80953979492188
52	-0.6609507	31.210144	45.17325	-43.953606	332.0	-15.302196	7.5480986	-7.62239	-44.642647	212000	-0.01956438	698.5111	0.0	-48.846436	1.1698818	2.0861626e-09	75.58024406433105
53	-16.879433	36.488804	47.33184	-68.11403	352.9091	-11.514525	8.786729	-5.9236426	-44.93982	216000	-0.024262935	860.80237	0.0	-29.212494	1.156876	2.8312205e-10	77.77099800109863
54	-42.78939	64.63648	15.428821	-172.6668	290.0909	-12.324066	9.199605	-5.101204	-45.487305	220000	-0.013087172	1138.5825	0.0	-110.488495	1.148206	-2.9802272e-11	79.62659406661987
55	-24.45609	51.073994	38.796967	-141.02602	441.625	-15.861249	11.812645	-4.6030483	-47.64959	224000	-0.059044138	790.6502	0.0	-66.59451	1.1741784	-1.8924475e-09	81.8991060256958
56	1.1988597	32.136177	48.92878	-51.410633	389.75	-12.124469	9.81729	-3.0192258	-46.85444	228000	-0.056913365	1006.9828	0.0	-85.7323	1.1691206	-1.3560056e-09	83.81066989898682
57	-17.53613	41.971565	33.214424	-86.66353	439.125	-9.749758	10.889393	-1.2950933	-46.67713	232000	-0.04836808	987.7262	0.0	-81.90662	1.1707876	-3.874302e-10	85.70997095108032
58	-33.25596	58.63723	37.180138	-180.13673	330.4	-10.453384	11.985441	-0.5390594	-46.821617	236000	-0.041753713	801.4531	0.0	-62.214523	1.1617634	4.1723253e-10	87.75373387336731
59	-2.0131044	38.65442	59.133636	-63.244133	407.25	-17.723774	16.114828	0.041472554	-47.141903	240000	-0.054044433	795.3938	0.0	-157.94623	1.1808112	-1.2516975e-09	89.8251621723175
60	3.136528	42.193142	43.159878	-103.020256	272.9	-10.664529	11.634658	1.4806316	-46.268085	244000	-0.061869662	763.9916	0.0	-46.92195	1.1425412	-1.7285346e-09	92.30232405662537
61	-84.891266	73.372086	30.915453	-183.77872	507.16666	-9.703893	11.508528	2.5313663	-46.20884	248000	-0.04999646	1328.4521	0.0	-245.38693	1.1633089	9.23872e-10	94.32068204879761
62	-42.24576	76.93919	50.65642	-152.0025	504.0	-12.261549	13.215829	2.7771842	-46.8927	252000	-0.04041132	1110.58	0.0	-58.90091	1.1489135	2.4437905e-09	96.43848299980164
63	-15.346265	27.36373	6.9901195	-74.79163	572.3333	-12.890167	15.772371	3.1836903	-46.908478	256000	-0.03755383	517.1354	0.0	-59.147293	1.1543087	-4.768372e-10	98.58208203315735
64	-66.506935	64.47441	5.5591316	-176.5162	544.8333	-9.516769	12.2803335	4.22706	-47.005196	260000	-0.021628324	976.9925	0.0	-371.16046	1.1335549	3.8146974e-09	100.8938250541687
65	-91.74047	73.54596	-3.4326086	-233.06139	402.42856	-12.627721	15.442866	4.721408	-47.59823	264000	0.017678991	1491.1809	0.0	-233.45514	1.0907252	4.4703463e-11	102.80083894729614
66	-51.976086	48.164608	10.572589	-132.35408	556.6667	-11.723851	12.401083	4.004345	-47.94956	268000	-0.0505867	505.90125	0.0	-27.19249	1.1210549	-1.6540289e-09	105.37223196029663
67	-65.982666	68.44481	7.5309114	-166.64897	672.2	-20.698872	15.643971	3.9740677	-48.64821	272000	-0.03522084	946.65765	0.0	-112.258484	1.1413014	-8.3446505e-10	108.00590300559998
68	-48.21555	66.58922	37.61479	-158.13986	770.8	-12.802395	12.616842	5.1987133	-40.409298	276000	-0.02370155	556.33057	0.0	-78.44332	1.1379979	1.2367963e-09	110.97979307174683
69	-8.324071	18.58419	4.831348	-44.93405	723.4	-12.443895	10.698468	5.7268615	-44.110863	280000	-0.023398645	384.79858	0.0	-61.4644	1.1258911	-1.952052e-09	114.12004899978638
70	-61.662136	34.1503	-33.821846	-120.0691	873.75	-5.8880086	11.549106	7.2915406	-28.973633	284000	-0.033673957	330.16516	0.0	-50.136696	1.1619642	1.7732381e-09	116.63086915016174
71	-27.698414	62.13093	67.79075	-105.32039	832.75	-10.28803	10.229135	7.118818	-29.424622	288000	-0.03166016	503.15704	0.0	-43.158936	1.135735	-1.0877848e-09	119.3155038356781
72	-62.469307	64.32919	12.257296	-134.21014	711.6	-6.8555236	11.285683	8.220986	-29.400412	292000	-0.042161427	687.4397	0.0	-36.517883	1.1270964	1.4603139e-09	121.64218711853027
73	-50.347885	38.70455	-3.009488	-105.156906	600.4	-7.4282246	13.427357	9.106602	-30.323526	296000	-0.033049796	444.27368	0.0	-10.489243	1.156163	-7.748604e-10	124.80834317207336
74	-38.78215	59.044666	41.27576	-134.72638	592.1667	-3.581039	14.177791	8.471362	-40.48803	300000	-0.0139594	614.638	0.0	-106.64383	1.1603932	-1.2069941e-09	127.38012409210205
75	9.126667	37.128307	55.014053	-28.547394	849.25	-13.781739	13.475823	7.769425	-46.851543	304000	-0.034676455	423.4858	0.0	-107.5929	1.1790717	8.493662e-10	129.97007203102112
76	15.99177	45.661015	97.09757	-31.34094	726.8	-7.0587616	11.964419	10.257328	-31.102493	308000	-0.035025276	571.20575	0.0	-106.87723	1.1701503	1.7434358e-09	132.91515803337097
77	-18.973629	98.06493	77.77054	-161.70128	759.0	-2.73805	13.203926	18.970314	-44.077248	312000	-0.0062818527	854.6606	0.0	-318.33054	1.2006943	2.3692845e-09	136.28831505775452
78	-24.193207	42.062435	43.34492	-65.66419	586.0	-7.0437994	15.999616	24.782045	-45.074516	316000	-0.055483773	873.3977	0.0	-265.79956	1.2019486	1.4901161e-09	138.63495516777039
79	5.9044766	52.889404	95.04584	-49.65646	565.4286	-3.4240477	14.96253	21.453142	-37.28116	320000	-0.033928864	585.432	0.0	-117.54321	1.1705205	-5.9604643e-10	141.20744609832764
80	4.0691977	38.075058	82.02591	-35.71575	529.6667	-3.7504423	20.169058	24.365047	-45.396908	324000	-0.041446403	713.56946	0.0	-182.13135	1.1578538	2.4139881e-09	143.32137393951416
81	77.198296	14.080354	91.99144	61.95161	1000.0	-2.773089	8.394028	27.467659	-21.157852	328000	-0.08857167	270.57608	0.0	-161.9003	1.2272029	1.7285348e-09	145.95206785202026
82	3.7211053	53.903496	101.13085	-68.6414	533.7143	14.14959	18.38935	39.542828	-17.646084	332000	-0.03195404	921.22473	0.0	-358.70148	1.1372845	-1.2069941e-09	147.98844194412231
83	13.4930525	65.792564	151.65883	-38.998173	527.2857	3.2193956	10.55393	28.966251	-23.528362	336000	-0.008960571	565.2782	0.0	-54.824966	1.1351202	-3.2782554e-10	150.3600299358368
84	-10.575706	32.842186	76.702736	-52.98991	346.18182	3.030816	12.402401	29.009893	-25.255978	340000	0.012541877	1019.8987	0.0	-349.5261	1.0881288	-4.1723253e-10	151.9556429386139
85	9.797518	61.14896	118.67044	-68.61642	518.8571	-6.063205	19.038618	26.970436	-43.574837	344000	0.003713334	475.80212	0.0	-80.44534	1.1141055	-4.172325e-10	153.92849493026733
86	-0.0282353	53.875767	126.06347	-41.67186	424.42856	-1.6816655	13.475779	27.898844	-41.8207	348000	-0.0063274503	505.39545	0.0	-69.00722	1.0882633	1.3411046e-09	155.95236206054688
87	4.7838864	61.16751	139.04375	-51.30348	486.42856	-2.85709	15.795092	29.347258	-46.283035	352000	-0.050186764	581.5087	0.0	-89.660065	1.0839999	-1.1622906e-09	158.00908303260803
88	-4.927884	46.53053	97.91177	-70.59245	450.125	1.3467898	11.796326	27.170923	-43.66145	356000	-0.011640463	600.4392	0.0	-135.73454	1.0956669	-1.862645e-09	159.98289799690247
89	60.333458	45.017456	125.81668	-3.2444358	733.2	-6.0413136	13.096057	24.426098	-47.912132	360000	-0.019354606	425.64868	0.0	-191.14171	1.1077895	5.2154064e-10	162.7695188522339
90	22.913088	72.63877	165.1583	-64.27349	499.7143	7.0050273	12.572528	26.988256	-41.41832	364000	-0.01571751	624.08435	0.0	-115.043945	1.053957	-2.6077034e-09	164.62929701805115
91	23.320482	97.64843	191.18237	-111.47608	693.8	2.4263425	9.417692	24.996452	-47.51732	368000	-0.044763397	607.3907	0.0	-60.23661	1.0271734	-1.7881394e-10	167.40903997421265
92	45.896374	80.43095	132.99623	-94.98433	776.2	5.611712	9.196605	26.718882	-39.510925	372000	-0.019809783	536.8561	0.0	-150.56439	1.0208266	2.8312208e-10	170.37617993354797
93	-15.200656	104.1265	117.43756	-173.49176	775.25	5.9300365	10.92063	27.967625	-43.140163	376000	0.01666972	483.77393	0.0	-116.393135	1.0480392	8.940697e-10	172.65390610694885
94	-51.582508	79.82863	71.02206	-140.74986	704.0	-2.423118	9.296001	27.510971	-47.083138	380000	-0.00066911057	563.8556	0.0	-86.75142	1.0612645	2.1755695e-09	175.10946202278137
95	47.401962	21.412428	77.0046	26.442884	754.75	-2.0053048	10.659832	26.997465	-49.409626	384000	-0.050718307	458.34637	0.0	-98.58365	1.0092125	2.2947788e-09	177.85773086547852
96	31.73542	58.892467	81.83392	-64.895935	878.25	2.4129338	6.19079	26.822123	-23.243872	388000	0.017239079	172.75742	0.0	-11.799767	0.9382585	2.1010638e-09	180.0687940120697
97	122.75219	52.732708	204.31943	63.055485	922.75	3.8332822	9.640246	27.008583	-27.838106	392000	0.0064527653	342.55035	0.0	-90.213005	1.0019755	1.2218953e-09	183.1407129764557
98	38.33805	83.23094	167.10616	-71.653824	654.6	8.931801	9.075767	28.720367	-16.825832	396000	-0.06934579	536.46027	0.0	-65.16725	0.9472781	1.4007091e-09	185.55711698532104
99	56.51215	83.51503	131.45442	-84.4039	848.25	7.177945	8.896497	27.756468	-26.227682	400000	0.018247921	433.53394	0.0	-93.55188	0.99100924	-2.9057263e-09	187.97461009025574
100	91.142654	93.595856	217.98508	-43.820946	770.0	3.9001744	12.041185	28.867117	-35.57603	404000	-0.052865878	468.86444	0.0	-109.435394	1.051896	-1.3411044e-10	190.49253106117249
101	-1.6866016	72.12174	117.6712	-75.92468	670.0	5.796661	10.470937	27.831627	-44.58302	408000	0.0011901036	593.2764	0.0	-104.43767	0.9502593	2.9802327e-11	192.62003898620605
102	79.3675	95.09985	227.32658	-32.730206	711.4	2.716584	13.649976	28.466103	-48.236824	412000	-0.07366136	501.13495	0.0	-65.14296	0.91277516	-5.9604655e-11	194.9980571269989
103	41.203415	76.26984	137.87025	-57.97451	724.0	5.3366365	12.948138	29.442312	-46.28475	416000	0.0356842	507.9338	0.0	-240.17563	1.0175736	8.791685e-10	197.13974785804749
104	79.65783	118.004486	242.98816	-57.284946	561.4	-0.78326654	18.10756	32.261192	-53.89696	420000	-0.101514526	707.4313	0.0	-186.75113	0.9594025	1.4603138e-09	199.62895107269287
105	127.22543	57.302692	215.3967	54.88172	972.75	10.492203	8.253157	32.30498	-17.437208	424000	0.004188627	265.81668	0.0	-46.84233	0.9323901	-1.7732382e-09	202.22560381889343
106	117.6746	70.20461	209.90651	33.885094	794.0	6.4517164	13.868382	34.911957	-45.454857	428000	-0.05473819	428.21423	0.0	-72.25049	0.9124551	1.847744e-09	205.005793094635
107	134.33006	71.798775	257.69186	78.409744	942.75	10.921622	8.121566	34.572227	0.7775073	432000	-0.0099605955	266.75116	0.0	-12.371361	0.9299351	2.2351743e-10	208.1276171207428
108	68.09459	94.78088	192.55905	-31.69034	789.5	11.621108	10.037554	35.36871	2.8420053	436000	-0.014974345	475.0346	0.0	-49.17646	0.9096925	8.0466267e-10	210.66052103042603
109	50.912067	59.862595	128.0712	-22.479542	614.8333	11.52293	11.917456	35.970848	-12.537778	440000	-0.0057054125	813.5777	0.0	-129.7125	0.9551852	6.854534e-10	213.63719987869263
110	176.35022	34.58938	222.87898	128.01225	640.6	6.452829	12.967836	35.074493	-23.97625	444000	-0.0863104	730.3369	0.0	-193.77986	0.81899804	-1.7881394e-10	215.89443588256836
111	67.500244	140.393	263.96924	-144.53851	629.0	15.955577	12.574988	37.172485	-20.498625	448000	-0.092446305	1156.3207	0.0	-156.92862	0.94884276	-1.8179417e-09	217.98956608772278
112	68.22219	82.34291	180.10915	-14.941777	619.75	11.322092	10.943911	36.582695	-18.622667	452000	-0.05719237	611.7859	0.0	-56.79138	0.9000114	5.066395e-10	220.4192180633545
113	91.418175	97.71389	227.29678	-17.997663	529.1429	8.129384	14.52475	37.837845	-53.279865	456000	-0.07282727	848.51355	0.0	-100.21542	0.8711472	-1.6391277e-10	222.6216561794281
114	78.706474	97.77145	220.17744	-38.013496	562.4	7.780087	14.131242	38.748184	-46.728592	460000	-0.068328924	866.6089	0.0	-222.57333	0.8609883	1.4901191e-11	224.54356503486633
115	-17.032791	150.92195	202.3526	-176.21005	556.6667	9.301046	17.278475	39.426273	-36.9348	464000	-0.046043605	2208.853	0.0	-706.5166	0.94384986	5.364418e-10	226.3605899810791
116	49.031845	117.276505	205.92694	-120.061485	525.3333	1.6644814	23.952824	43.036034	-51.349518	468000	-0.06487167	1258.4336	0.0	-331.8621	0.8555369	7.003546e-10	228.44398593902588
117	29.312607	91.74524	183.63602	-80.858284	406.25	6.03413	16.038149	41.314236	-45.876797	472000	-0.04087848	1213.35	0.0	-257.60486	0.92556477	-4.1723253e-10	230.31766200065613
118	117.13196	128.07716	255.8776	-64.13627	568.8333	1.3431435	18.259104	39.796097	-52.215393	476000	-0.04699344	1347.75	0.0	-197.01367	0.9183142	1.7881391e-10	232.3048541545868
119	158.9987	71.22695	238.8749	-7.066512	506.2857	8.058694	16.982683	39.543926	-37.96735	480000	-0.14790414	1050.9774	0.0	-268.8115	0.8538567	9.536743e-10	234.74104404449463
120	73.21652	129.40817	220.72702	-164.72655	387.0	13.334812	14.950593	39.69116	-36.425106	484000	-0.08617517	1727.5564	0.0	-396.13086	0.9147597	9.834766e-10	236.39593601226807
121	45.709213	114.55325	135.60498	-158.87367	713.2	2.969571	20.108524	40.398396	-53.578495	488000	-0.033448286	644.078	0.0	-39.111786	0.80176026	4.470349e-11	238.42367696762085
122	104.448166	132.81424	259.3106	-135.9068	519.8571	3.5873713	21.661114	40.966534	-64.49054	492000	-0.112287045	1168.5593	0.0	-194.98459	0.88604176	2.0861626e-10	240.5654580593109
123	56.559464	121.95658	164.16702	-141.02785	552.5	6.536651	19.760122	40.59054	-55.08998	496000	-0.022235736	1121.864	0.0	-197.79724	0.8949138	-1.1026859e-09	242.58571815490723
124	11.256198	73.91458	117.1051	-74.59388	640.6667	0.5253699	21.698467	41.036366	-64.44456	500000	-0.048672203	875.0294	0.0	-129.23526	0.9518974	-7.897616e-10	245.04958295822144
125	120.8536	135.17435	247.03665	-167.69853	638.5	1.3212078	19.853905	40.102066	-60.940056	504000	-0.13867095	1239.0546	0.0	-253.57962	0.8610158	-2.9802327e-11	247.40957498550415
126	87.4716	134.70561	210.98732	-133.37389	691.0	8.791536	19.021065	40.111553	-67.32904	508000	-0.04191402	836.82196	0.0	-98.34834	0.91608906	-7.0035455e-10	249.9422481060028
127	141.57707	84.83236	214.71054	-24.788	614.6	12.4497595	14.792014	40.88779	-50.56976	512000	-0.08237	839.1578	0.0	-130.7251	0.84929806	-4.3213366e-10	252.5027449131012
128	124.64665	60.61125	182.96016	25.61291	778.0	4.8904953	16.521395	39.892883	-47.743313	516000	-0.068354785	721.19476	0.0	-80.98648	0.89838517	1.847744e-09	255.11761116981506
129	105.53373	151.6871	235.51042	-187.8405	675.4	4.8531213	18.283155	39.663647	-51.15308	520000	-0.060675256	898.87915	0.0	-93.979065	0.79983914	9.834766e-10	257.18375396728516
130	101.17995	117.24829	197.25049	-119.42155	704.8	6.4942026	20.067389	40.169003	-47.770943	524000	-0.04898449	852.90784	0.0	-86.51553	0.865053	-1.1473894e-09	259.6467740535736
131	18.891308	134.30215	203.5978	-106.515686	663.6	10.824826	15.9280205	40.659016	-42.3791	528000	0.0475708	1048.9487	0.0	-288.26746	0.8943089	-1.0579825e-09	261.92825412750244
132	41.492695	145.26498	191.27141	-181.87225	575.6667	3.59503	19.75949	39.73642	-49.48815	532000	-0.010684986	1076.6572	0.0	-107.632355	0.9088673	-1.2367964e-09	264.183100938797
133	117.33878	115.26231	230.53099	-82.95927	565.4	2.4262178	20.860992	40.143085	-52.190643	536000	-0.07508252	1037.6366	0.0	-283.3158	0.8396144	-1.1920925e-10	266.8449318408966
134	118.30532	53.971004	193.41252	32.42395	588.1667	11.930191	17.340137	40.099216	-51.350723	540000	-0.07553225	747.15283	0.0	-127.58487	0.852772	1.5199184e-09	269.067754983902
135	71.96639	154.52858	206.97168	-215.10796	570.1667	7.6047096	19.337282	40.62469	-51.016136	544000	0.006056063	1226.1853	0.0	-242.90933	0.77963376	-4.470349e-11	271.19309401512146
136	88.47692	63.532677	155.57642	-4.533904	582.6667	6.847392	22.49516	42.799355	-52.17762	548000	-0.08714161	1112.0281	0.0	-326.70053	0.8709924	-1.4454127e-09	273.60115909576416
137	124.22502	110.10445	262.31854	-30.01136	431.5	10.552837	20.886011	42.623894	-53.652813	552000	-0.08203916	883.8369	0.0	-86.71216	0.86984825	-5.066395e-10	275.55472898483276
138	-4.2838717	116.567665	158.71356	-135.47621	706.2	12.129018	21.618025	42.292667	-53.764427	556000	0.052062687	1739.114	0.0	-693.64575	0.7048843	-2.0861624e-10	278.0337481498718
139	83.069984	117.315926	218.60486	-101.6956	541.7143	3.5116036	21.13477	43.85162	-54.10699	560000	-0.1187508	1219.8925	0.0	-387.33994	0.8613833	6.854534e-10	280.26512694358826
140	180.43965	20.586914	204.61188	148.07448	627.0	8.536623	23.560268	44.039497	-58.681343	564000	0.01091695	805.579	0.0	-201.9949	0.8062959	1.9073485e-09	282.3570818901062
141	133.43996	77.95915	217.62714	24.575373	505.83334	16.327456	17.795202	47.683334	-50.913826	568000	-0.007088721	738.49927	0.0	-177.646	0.7553554	-5.215407e-10	284.61188793182373
142	163.67703	88.33402	254.04303	-25.303501	436.7143	16.271349	19.7607	47.376774	-46.55713	572000	-0.06882061	836.9027	0.0	-167.57977	0.7323179	-6.5565103e-10	286.5805199146271
143	79.525024	133.95229	266.05652	-148.31424	481.25	12.892736	22.145416	49.226654	-50.329613	576000	-0.041607093	1772.2925	0.0	-306.9607	0.85950196	-2.503395e-09	288.5843930244446
144	119.76142	149.74673	250.45871	-153.04593	519.3333	12.392197	20.813875	49.14528	-56.874794	580000	-0.019665387	988.9469	0.0	-134.9047	0.8244416	-2.041459e-09	290.75288796424866
145	93.69039	114.65329	242.20193	-41.921314	427.875	16.577187	19.430178	48.02122	-58.108974	584000	-0.033408552	1226.6943	0.0	-313.45947	0.9296332	-8.493662e-10	292.6556701660156
146	188.21289	69.85429	265.33408	79.42648	637.5	13.273606	21.803446	51.595306	-58.587063	588000	-0.022615159	848.1223	0.0	-156.18188	0.8457068	-3.2782554e-10	294.7739601135254
147	74.13932	95.30128	212.8545	-17.850426	468.0	14.043293	18.738909	51.54861	-43.91915	592000	-0.00013617985	868.73364	0.0	-320.02274	0.9076969	-4.61936e-10	296.87957215309143
148	186.70743	79.050125	280.60413	11.503903	504.0	11.712356	21.835495	51.65885	-54.18914	596000	-0.05496826	973.01294	0.0	-318.11084	0.850835	-8.34465e-10	298.99528884887695
149	108.82337	137.56358	249.03958	-134.4196	448.83334	24.68489	17.752079	52.916542	-34.48412	600000	0.031401318	1164.4707	0.0	-402.4488	0.7888481	4.634261e-09	301.74869680404663
150	105.46922	94.72304	223.88799	-5.992149	509.57144	12.827003	21.148308	54.36973	-51.790096	604000	-0.063170314	730.35425	0.0	-155.19168	0.84643114	4.0233136e-10	303.9205319881439
151	132.71756	120.82993	280.0202	-49.84224	467.14285	18.251846	22.300308	54.198795	-67.43538	608000	0.028846566	805.2904	0.0	-148.90063	0.78129494	1.2516975e-09	306.2429041862488
152	50.30047	118.03123	227.83058	-120.967636	511.85715	12.143753	21.66166	55.738583	-79.69094	612000	0.025853932	1160.7555	0.0	-220.39459	0.8774953	-8.3446505e-10	308.39626717567444
153	121.21748	99.66343	258.49524	6.3432236	536.1429	8.057229	25.901396	56.24981	-66.276245	616000	-0.044359244	1047.8535	0.0	-428.41037	0.86148345	-1.1026859e-09	310.61862111091614
154	23.7936	169.09607	281.5551	-171.8981	794.4	7.448254	23.313354	55.710182	-57.496048	620000	0.082684614	841.8142	0.0	-355.01392	0.8319738	8.791685e-10	312.93101596832275
155	120.610596	96.59962	235.2852	-2.2780576	745.2	2.9295552	24.526306	57.31755	-69.08688	624000	-0.06777411	713.93835	0.0	-273.9944	0.7661898	-2.3841856e-10	315.51122212409973
156	136.96078	87.742195	216.81401	-12.993271	653.8	11.359765	19.805658	58.701935	-65.18532	628000	0.012735598	715.88226	0.0	-142.47636	0.86652064	9.536743e-10	317.6221761703491
157	143.28088	95.79392	259.75842	13.5385895	648.5	17.97377	19.271362	57.427822	-55.438446	632000	0.04916181	568.8324	0.0	-110.338295	0.8413929	1.952052e-09	319.7507221698761
158	196.45743	64.01843	238.71176	42.379356	537.0	26.457989	18.770338	59.429882	-54.991085	636000	-0.00408845	511.44788	0.0	-35.143875	0.7923286	-3.8743014e-10	321.8898320198059
159	70.99827	63.712585	142.37419	-23.488602	679.0	16.848013	20.26779	60.873394	-54.954273	640000	0.019266585	742.70996	0.0	-267.65338	0.9202528	2.026558e-09	324.1308240890503
160	59.329224	33.859966	100.61099	9.436704	690.0	5.4385424	18.106407	58.801517	-15.446227	644000	0.051434614	483.6107	0.0	-61.163086	0.9037193	-1.8775463e-09	326.3645660877228
161	74.802536	66.60057	152.39452	-38.587967	673.8	4.451717	19.769579	61.0466	-55.036903	648000	0.0038100332	381.86203	0.0	-22.789318	0.80426264	-1.8030405e-09	328.70291900634766
162	101.58171	70.352	189.75874	-7.054237	642.25	6.2823806	19.582743	59.75537	-50.9218	652000	-0.038195375	410.4333	0.0	-139.77124	0.8711479	-1.6987323e-09	330.54994201660156
163	98.62876	63.74143	135.80725	-11.773913	795.0	6.8043046	18.87685	65.74586	-40.613396	656000	0.02072443	332.59048	0.0	-63.892067	0.9893615	-8.791685e-10	332.8723900318146
164	67.89734	61.45092	140.15884	-21.29558	532.6	8.957607	19.902262	64.23244	-47.87782	660000	-0.02662625	537.32275	0.0	-74.48587	0.95748466	-1.6391277e-09	335.18354201316833
165	110.85072	68.66712	152.94612	-8.054363	796.5	4.376858	18.4588	64.37204	-55.495438	664000	-0.0074670725	302.35248	0.0	-52.018055	1.0195532	2.3394824e-09	337.2692370414734
166	99.16768	82.83649	229.59866	10.59239	549.8	11.031527	21.478947	64.83479	-51.14451	668000	-0.027609305	424.35565	0.0	-56.80384	1.0075115	-5.379319e-09	339.3870439529419
167	108.94184	48.91288	145.00282	24.703928	816.5	8.886623	19.29741	65.00549	-32.92387	672000	-0.016916875	229.6977	0.0	-18.4521	1.0378615	2.8014182e-09	341.83815002441406
168	132.09644	65.27053	216.97325	19.514187	732.6	6.534099	19.835371	65.5259	-59.6435	676000	-0.06345059	309.2853	0.0	-65.198425	0.95248497	-1.013279e-09	343.8568949699402
169	127.08029	40.55738	172.46677	65.720726	786.5	9.160931	19.203335	66.41484	-56.804558	680000	-0.013838455	180.07556	0.0	-89.78564	0.8809594	-1.117587e-09	345.8992688655853
170	134.72563	20.70313	165.09259	108.04062	1000.0	6.1450176	16.817389	66.23349	-5.6055307	684000	-0.06259575	25.328817	0.0	-6.1426134	1.0145271	4.1723247e-10	348.5253131389618
171	122.96182	22.849663	145.29729	85.8344	1000.0	13.5387535	19.02696	67.91502	-19.848293	688000	0.052126028	172.09174	0.0	-129.27702	0.92784023	1.1771918e-09	350.9606029987335
172	92.23897	77.97303	184.09273	-31.610159	809.25	10.484957	18.273357	68.28461	-11.3009815	692000	0.012596704	403.53592	0.0	-89.68997	0.9942535	-1.7434358e-09	353.0584919452667
173	119.575325	3.485825	123.07051	114.299095	1000.0	5.9658923	15.403889	65.997635	-10.851951	696000	-0.04566665	35.110554	0.0	-6.0788927	0.9736721	7.599592e-10	355.3642919063568
174	77.477066	76.97391	141.6716	-29.195074	714.0	11.103508	19.607208	66.30272	-10.282563	700000	0.01067581	602.4984	0.0	-128.65225	0.8700226	1.7881394e-09	357.42418909072876
175	104.217636	12.587114	114.825806	83.76554	1000.0	6.5580096	13.847841	64.02135	-16.41047	704000	-0.008579457	69.16542	0.0	-31.431051	0.9696144	-9.23872e-10	360.24068093299866
176	142.94875	51.843567	232.0861	107.34432	849.75	6.9239717	17.566538	65.56089	-8.38442	708000	-0.078113824	171.31256	0.0	-94.176575	0.9140103	-2.7567149e-09	363.1465628147125
177	116.44816	53.54599	162.39728	26.560644	814.75	9.113429	18.367311	66.11286	-17.704721	712000	-0.011408031	222.46957	0.0	-24.133854	0.9173392	-9.983779e-10	365.0681731700897
178	109.00366	71.888985	203.36954	-15.975947	752.0	7.850668	19.73684	66.145996	-21.611607	716000	0.0024847435	396.5806	0.0	-131.09525	0.93245804	9.834766e-10	368.19385504722595
179	115.150604	20.100817	139.75179	88.87891	1000.0	5.172919	12.383476	59.498314	-13.6652	720000	-0.028030647	60.58024	0.0	-37.67546	0.96903	2.8312203e-10	371.1070499420166
180	122.974976	12.8094635	144.01672	112.33642	1000.0	11.516252	16.442072	65.86445	-12.301714	724000	-0.042459305	62.97663	0.0	-38.842827	0.9427891	-2.0116568e-09	373.90375208854675
181	138.53642	42.955784	213.74141	91.59316	736.4	17.870316	19.83631	65.77287	-43.825695	728000	-0.023432605	244.0958	0.0	-158.46397	0.8477731	2.0861624e-10	375.7796628475189
182	138.46407	16.015778	158.20923	115.43114	1000.0	6.1867323	18.120794	66.15809	-18.633356	732000	-0.033154976	47.02526	0.0	-19.661533	0.9973114	-3.1888485e-09	378.29999709129333
183	85.99843	66.7192	144.62094	-27.432976	860.25	10.2739	18.905663	67.207565	-22.360632	736000	-0.0076610893	338.96558	0.0	-173.40134	0.9926919	-3.2782554e-10	380.42649698257446
184	115.36338	78.86658	215.51587	-14.436318	729.6	9.87158	19.894062	66.48158	-22.05712	740000	-0.032737605	309.68387	0.0	-60.83677	0.88615215	1.7881391e-10	382.60774207115173
185	146.31888	11.606268	163.4675	133.1745	1000.0	5.5852904	17.170162	66.00309	-27.23123	744000	-0.014810953	46.13875	0.0	-27.37875	0.9942306	6.258488e-10	384.688138961792
186	136.59401	49.301865	175.39983	52.306126	810.25	11.83658	22.116236	66.89441	-39.951183	748000	-0.036619708	207.58292	0.0	-73.11193	0.94430965	-2.9206277e-09	386.61670780181885
187	56.204987	81.38423	158.7265	-42.747597	550.4	15.600055	20.600075	67.492455	-15.889378	752000	0.04664823	769.7302	0.0	-314.97433	0.9534358	-2.577901e-09	388.9226989746094
188	111.40153	78.35927	189.92543	-13.106333	652.8333	8.80181	20.483303	65.85942	-65.71011	756000	-0.07678536	521.6272	0.0	-110.75438	0.9643985	4.4405457e-09	391.2131199836731
189	134.431	67.204124	240.35916	58.52963	962.75	4.8358946	16.81297	66.25318	-39.62501	760000	-0.036118656	224.33398	0.0	-97.86954	0.8821279	-4.768372e-10	393.11016297340393
190	43.733692	83.90528	169.50189	-32.68532	508.0	22.607784	18.680471	67.261795	-40.70041	764000	0.021488912	1070.8871	0.0	-498.03894	0.9058487	1.8626451e-09	395.27926683425903
191	83.130104	94.58519	193.90434	-41.99405	609.8	4.5097766	19.788506	65.674675	-58.35434	768000	-0.02976165	447.5564	0.0	-63.218094	0.9635385	2.3841857e-09	397.53195977211
192	98.368454	50.261597	152.79622	16.21619	803.0	4.5917635	18.147196	66.22286	-38.855164	772000	0.03511974	226.6672	0.0	-32.451286	0.9766377	-1.4454127e-09	399.7860610485077
193	87.442825	69.58541	171.78839	11.49506	628.0	12.587278	22.452503	66.619286	-59.125507	776000	-0.0077603925	316.8275	0.0	-90.43336	0.9699376	1.0430813e-09	401.9060299396515
194	134.57797	19.258623	156.3804	108.77926	1000.0	4.013453	15.989255	64.21304	-50.364773	780000	-0.00073169265	63.238235	0.0	-42.552727	0.91880584	-3.6507846e-09	404.4648389816284
195	132.05371	51.628773	213.75465	74.13297	947.25	6.519068	17.112043	64.319244	-60.127865	784000	-0.06376062	191.38559	0.0	-69.02679	0.88633394	1.5497207e-09	407.1187150478363
196	108.435684	22.967888	130.04807	75.05798	1000.0	7.7019563	15.902614	67.08978	-38.73269	788000	-0.025949849	54.021843	0.0	-21.650116	0.9207603	2.6077032e-09	409.62592697143555
197	135.39595	42.150234	196.32016	87.53203	844.75	11.267641	16.074087	64.37265	-6.4363933	792000	-0.06664108	73.77358	0.0	-27.563467	0.8784723	-2.9951335e-09	412.18913316726685
198	109.83894	9.63495	120.73378	96.38366	1000.0	8.294997	16.662512	66.175285	-21.301538	796000	-0.053113673	26.073578	0.0	-5.931673	0.9204774	4.2170285e-09	414.98127007484436
199	41.932198	77.35588	148.33331	-30.696669	596.2	11.35503	19.911343	71.75205	-28.508972	800000	0.006804509	802.03577	0.0	-356.74786	0.9604629	-1.3262034e-09	417.52547001838684
200	167.54416	44.35613	213.36934	119.756584	677.25	5.523088	20.041815	69.56873	-33.298134	804000	-0.046751514	337.0522	0.0	-246.78377	0.9189334	1.8179417e-09	419.67622208595276
201	113.49437	21.856283	142.8826	82.34837	1000.0	10.98092	16.14594	65.86306	-38.06983	808000	-0.045050815	40.960007	0.0	-20.830072	0.95393944	-9.834766e-10	422.29387307167053
202	72.742775	101.45905	207.17194	-25.984314	644.5	15.4595175	20.321384	71.65136	-60.61068	812000	-0.015632523	571.5609	0.0	-164.83997	0.88943934	4.723668e-09	424.41770815849304
203	39.933483	78.79862	153.1866	-39.55666	541.0	6.8830705	23.52878	71.97313	-64.0031	816000	0.01884726	512.65314	0.0	-154.08945	0.95466846	-1.564622e-09	426.5667200088501
204	108.794044	89.233246	229.5615	-45.495487	713.8	4.5640454	21.408756	70.397285	-64.96281	820000	-0.023909224	427.05246	0.0	-90.98851	0.85804605	-1.8179416e-09	428.68555307388306
205	119.08319	91.85933	220.36176	-30.306004	637.25	7.8632436	19.949167	70.7814	-42.301376	824000	-0.013022091	306.22144	0.0	-20.415588	0.89757293	-6.258488e-10	431.03522300720215
206	77.64314	60.197357	124.467545	-25.72714	802.0	6.3666983	17.88957	69.57084	-24.896305	828000	0.028712079	185.26994	0.0	-55.334347	0.9391296	3.2782554e-10	433.3002030849457
207	24.796337	78.92553	133.85995	-51.85896	596.4	12.049172	19.649961	74.54213	-30.357021	832000	0.028745366	755.7217	0.0	-385.8275	0.87967116	1.6391277e-10	435.59034395217896
208	125.9075	20.87405	144.24063	90.7721	1000.0	9.017903	18.609516	64.99039	-33.993637	836000	0.08164188	114.81667	0.0	-97.654434	0.8325213	4.2021275e-09	438.1315939426422
209	144.45409	15.848314	167.27324	122.640175	1000.0	8.154328	16.903347	70.70449	-20.074873	840000	-0.05657152	21.173092	0.0	-5.7005825	0.9018359	-9.387732e-10	440.54725408554077
210	116.6817	86.33109	224.71509	-16.27105	703.25	11.312137	20.96917	72.21765	-29.438736	844000	-0.01496566	518.9783	0.0	-198.79834	0.91708815	-3.3974648e-09	442.52628207206726
211	90.592636	67.82911	188.59491	1.0142062	638.6	11.279267	17.657215	70.669586	-59.56925	848000	-0.055276632	456.20175	0.0	-99.3937	0.8880716	1.5795231e-09	445.4075310230255
212	120.23862	78.33609	207.4488	-6.188965	678.5	10.479164	17.69941	68.87092	-33.8641	852000	-0.038441304	260.57266	0.0	-92.38607	0.84937584	-2.2947788e-09	447.6798322200775
213	117.46377	91.05322	225.08557	-25.596233	671.0	13.429137	19.908394	74.2854	-58.011192	856000	-0.08361319	395.4874	0.0	-94.45676	0.83648485	3.5017726e-09	449.9686439037323
214	52.65377	66.671074	113.46172	-58.08509	731.2	15.22859	14.450567	60.994408	-60.79963	860000	-0.024190526	448.11227	0.0	-202.13257	0.8949977	-2.115965e-09	452.6812901496887
215	146.31155	50.12467	231.70589	103.320114	934.75	7.4179068	14.131215	60.303925	-78.59474	864000	-0.008645951	229.82788	0.0	-95.08313	0.87335026	1.3113022e-09	455.7243299484253
216	132.08908	74.25904	257.44803	71.55853	942.5	12.905631	14.041973	60.62697	-4.3474765	868000	-0.051315434	135.33652	0.0	-5.326195	0.88837534	-2.4884939e-09	458.57309007644653
217	141.96509	64.584785	228.90936	52.575657	916.25	11.085575	14.604272	61.558224	-17.37894	872000	-0.031451616	165.11284	0.0	-35.42478	0.8451506	-2.399087e-09	461.37539196014404
218	63.394367	50.95609	116.35724	-20.245083	809.0	10.952743	15.040826	69.18296	-66.0796	876000	-0.008964136	324.1346	0.0	-159.87544	0.8513316	-4.321337e-09	464.17877101898193
219	178.81079	92.013916	258.63477	-1.376365	639.6	7.3656025	18.195112	66.69264	-68.05189	880000	-0.074300766	769.0566	0.0	-296.2301	0.83288324	-5.066395e-10	466.3738372325897
220	153.01003	61.121574	202.30959	50.02338	834.75	17.938309	13.203602	67.65261	-51.146065	884000	-0.0018437654	243.75925	0.0	-70.464745	0.84222037	2.9504301e-09	468.63296008110046
221	185.946	71.327194	253.99086	75.365234	838.25	18.893461	15.156595	68.70072	-7.039797	888000	-0.014061954	261.82202	0.0	-75.53665	0.79338473	-3.1590461e-09	470.97252106666565
222	112.05676	130.84863	269.08405	-61.219036	572.4	20.600344	19.251211	72.47711	-55.85916	892000	-0.032737754	704.2018	0.0	-249.86577	0.8237966	-4.768372e-10	473.1885359287262
223	129.64502	93.44223	245.21803	-17.149036	682.2	15.293877	24.634056	70.69275	-52.83504	896000	-0.027991563	644.176	0.0	-428.78278	0.8944563	-1.4156103e-09	475.18635296821594
224	195.8613	57.963886	231.20096	95.5104	660.25	10.630431	21.96071	67.01429	-32.602654	900000	-0.05784254	382.2741	0.0	-164.79263	0.81986237	-1.1920928e-10	477.55810499191284
225	132.86255	97.59462	232.7834	-41.36933	650.4	26.650484	18.58085	76.8324	-20.043894	904000	0.018101603	604.6495	0.0	-209.59296	0.730183	1.1920931e-10	479.6708390712738
226	176.64871	122.04981	304.49753	-89.939835	488.7143	14.417766	20.39069	70.22081	-67.167694	908000	-0.1319461	961.07935	0.0	-453.40625	0.8201684	2.7269125e-09	481.487487077713
227	191.32509	119.37655	280.52594	-63.91753	327.2	34.69113	27.2708	77.952415	-49.53555	912000	-0.1034376	720.8038	0.0	-268.41656	0.8664484	6.2584876e-10	483.0064799785614
228	166.92642	113.82408	274.91693	-43.080357	341.9	32.476192	31.084246	88.016495	-30.305727	916000	0.01227415	1404.1693	0.0	-738.8064	0.80442536	-1.6391277e-09	484.5875129699707
229	175.44702	104.07887	283.85397	-3.1228232	363.3	37.0144	22.613426	79.927444	-17.498812	920000	0.04181463	814.68445	0.0	-275.9668	0.8326403	4.3213366e-10	486.51260018348694
230	185.91362	96.63855	274.3993	-5.0830054	364.4	45.175068	18.48484	83.07162	-8.663047	924000	0.026123501	967.26636	0.0	-381.5307	0.73988795	-1.8775463e-09	488.0498011112213
231	196.28828	117.46994	283.86212	-28.16644	304.83334	36.32501	26.476454	78.48854	-40.040787	928000	-0.035927992	1422.7273	0.0	-651.32184	0.7858779	1.5199184e-09	489.49191880226135
232	203.613	90.15793	279.30548	-8.244627	424.42856	32.43463	28.989212	83.62493	-42.087925	932000	0.078605264	1267.3601	0.0	-650.1997	0.70190525	-3.963709e-09	491.0608048439026
233	201.77168	100.2733	264.57755	-32.63073	456.75	42.03359	23.15507	87.049286	-27.664143	936000	-0.04395812	1198.6388	0.0	-522.57196	0.7449446	-3.7252904e-10	492.78451108932495
234	146.61534	117.730125	265.47	-32.645786	391.33334	30.849617	28.112803	85.53968	-37.179577	940000	-0.038297873	945.75916	0.0	-195.6297	0.79607344	3.889203e-09	494.40562105178833
235	72.78782	108.88347	259.9425	-29.89681	317.54544	26.032867	28.00654	87.28404	-56.56552	944000	-0.07110777	1504.4062	0.0	-442.76166	0.8449094	3.7252903e-09	495.7966511249542
236	151.99283	123.5913	271.3622	-39.96791	376.0	25.111229	30.1384	83.74099	-61.283985	948000	0.0094969645	1005.88306	0.0	-386.09818	0.7596774	7.7486034e-10	497.2426300048828
237	126.36565	130.53311	289.27075	-41.970818	320.8	29.723776	31.911566	85.86997	-58.528843	952000	-0.032089286	1181.5513	0.0	-331.0824	0.7822391	3.2782554e-10	499.18745708465576
238	180.0258	107.05601	270.19366	-36.186607	313.75	23.271156	32.06762	81.409966	-59.813984	956000	-0.060539372	1443.0669	0.0	-580.0821	0.8041026	-5.9604655e-11	500.5690870285034
239	142.99501	123.9383	295.71237	-15.509312	311.27274	40.311573	25.706976	84.800934	-38.69897	960000	-0.016619379	1033.581	0.0	-313.55075	0.843214	-2.8908254e-09	502.0517408847809
240	194.59601	69.87515	253.40549	55.81149	409.0	36.274204	26.88583	77.75758	-48.47495	964000	0.045869865	1275.3286	0.0	-786.4882	0.7092142	-4.4703477e-11	503.66972494125366
241	143.79507	141.2808	302.7016	-48.963863	312.5	42.123116	18.69615	77.829895	-53.547176	968000	-0.024501488	1942.7147	0.0	-1199.1667	0.7630255	-1.6391277e-10	505.48803901672363
242	223.16183	16.277964	244.18369	196.38814	530.0	20.297554	28.809736	69.2613	-61.160633	972000	0.03959494	1143.8113	0.0	-704.9187	0.6719823	6.556511e-10	507.3576111793518
243	75.759476	123.55813	244.03871	-80.33866	544.2857	29.831835	17.401968	87.69735	-56.044147	976000	-0.07486388	1450.0791	0.0	-692.4812	0.7039102	-5.3644184e-10	509.52548003196716
244	190.30669	98.73256	274.4888	-23.226078	330.9091	28.72073	26.98608	87.78627	-66.07197	980000	-0.13893515	1122.7766	0.0	-509.15433	0.81014866	-3.233552e-09	511.0261950492859
245	90.475395	123.08604	282.68683	-61.283573	441.0	34.01796	23.601439	88.7137	-50.182144	984000	-0.02332335	1449.0092	0.0	-791.8706	0.7921771	3.5911798e-09	512.7209160327911
246	112.06168	128.87666	268.27234	-52.409206	313.83334	22.599024	32.435867	82.54215	-66.43614	988000	-0.06728218	1320.0414	0.0	-224.51526	0.8495668	4.9769877e-09	514.0950200557709
247	134.75764	119.879074	251.70428	-58.879723	367.6	10.218958	37.993916	86.06267	-58.27155	992000	-0.023426957	1509.4646	0.0	-431.48956	0.87746453	1.385808e-09	515.5935781002045
248	193.62476	97.18866	276.98474	-57.277504	406.375	31.018892	24.752798	76.60186	-51.766216	996000	-0.03817071	699.40967	0.0	-104.39017	0.8363354	4.2766333e-09	517.3752770423889
249	82.50195	129.76486	260.11166	-67.01998	480.2857	25.230915	24.23678	86.173546	-55.155025	1000000	0.03686928	1196.9373	0.0	-480.12234	0.8458842	1.5199184e-09	519.0984399318695
250	130.60367	152.36	290.55008	-56.83194	344.5	20.14607	30.819916	88.76443	-64.11828	1004000	-0.06453942	1209.5621	0.0	-465.1885	0.8332873	1.1622906e-09	520.7095172405243
251	99.223595	128.5211	237.32674	-84.079506	451.85715	13.606508	37.06031	88.45983	-66.238884	1008000	-0.030613158	871.3218	0.0	-135.9791	0.8802167	-1.564622e-09	522.5013761520386
252	70.586685	157.51675	280.44827	-97.37975	450.625	12.439092	36.204258	90.14372	-65.401306	1012000	-0.009421954	813.9468	0.0	-183.84927	0.8788425	5.662441e-10	524.175458908081
253	169.24213	120.9652	287.65512	-52.89865	404.66666	16.139587	40.88986	89.98926	-79.41365	1016000	-0.101377815	1063.252	0.0	-314.7734	0.88995266	-1.2218953e-09	526.0173168182373
254	221.96245	88.90143	288.41763	-44.06076	330.27274	40.221733	31.766336	88.9503	-30.73187	1020000	-0.04660305	557.91125	0.0	-105.00029	0.8105216	2.2351743e-09	527.6060600280762
255	117.921364	112.655	246.22948	-43.00233	424.16666	32.98422	29.800213	91.83059	-43.34906	1024000	0.014855538	981.54706	0.0	-482.18478	0.7740283	-2.1755695e-09	529.3346161842346
256	126.0831	96.47334	218.59033	-24.36937	542.3333	15.328626	25.386492	90.753525	-59.788727	1028000	-0.043735117	423.47083	0.0	-183.55872	0.88666296	1.6391277e-09	531.2723338603973
257	80.216644	103.60674	214.11223	-40.45817	629.6	10.244432	24.666945	67.344986	-40.3285	1032000	-0.006467591	430.48715	0.0	-201.85928	0.84613943	-2.9355287e-09	533.500422000885
258	127.81883	155.49887	305.80066	-58.789547	440.42856	14.209123	31.29474	80.20537	-61.37849	1036000	-0.030860156	1157.658	0.0	-622.278	0.8027959	1.1622906e-09	535.460462808609
259	13.030838	135.65651	250.72504	-160.21617	580.0	3.1598916	29.618402	93.42075	-74.77567	1040000	-0.010914121	1145.3225	0.0	-600.28723	0.9186474	1.5050172e-09	537.9539179801941
260	160.5498	122.2485	296.42606	-43.765713	467.2857	17.491549	29.289698	92.35623	-52.73036	1044000	-0.021578366	961.80396	0.0	-417.6537	0.70966727	4.053116e-09	539.7388639450073
261	68.17165	143.13339	276.42975	-64.66828	514.0	1.2235014	35.92209	93.03105	-86.091064	1048000	-0.025234323	440.94888	0.0	-166.75943	0.8817114	-6.854534e-10	542.4900600910187
262	147.53003	145.7087	309.66656	-66.096054	408.7143	11.980228	35.28893	94.169556	-69.411736	1052000	0.013777804	688.431	0.0	-193.73262	0.7168237	2.2500752e-09	544.3499138355255
263	97.39797	142.06691	270.20413	-82.94507	522.8571	11.926433	35.528896	95.18336	-77.17127	1056000	-0.018510316	550.1902	0.0	-179.15123	0.8758553	1.7285348e-09	546.7430500984192
264	128.27122	153.29256	285.99298	-71.485435	423.125	21.725414	34.64827	93.54661	-62.713646	1060000	-0.052458234	639.12695	0.0	-117.21308	0.78873956	-1.6689301e-09	548.6607050895691
265	47.948833	131.92578	282.84985	-106.35312	271.07693	33.82664	31.334936	92.93481	-55.68942	1064000	-0.012345206	2044.3748	0.0	-947.00037	0.8444774	-2.3841857e-09	550.1329529285431
266	160.80183	153.24062	299.95044	-65.35257	490.42856	4.842731	38.01605	91.22275	-64.65719	1068000	0.07107008	708.47864	0.0	-465.12262	0.73658025	2.1606685e-09	552.6271188259125
267	105.17168	153.09329	286.71768	-82.07674	612.8	4.0671883	38.388935	93.5672	-64.178795	1072000	-0.054619215	205.71594	0.0	-79.07066	0.90663266	-1.0728836e-09	555.19082903862
268	10.365502	83.26485	156.04977	-76.54541	580.4	-3.96972	30.08617	94.89412	-54.626938	1076000	-0.02066122	446.91394	0.0	-251.03683	0.9527505	-4.4703484e-11	557.3204610347748
269	131.31055	138.62096	294.9722	-103.793816	503.0	14.239465	29.611805	81.369514	-50.456474	1080000	-0.040472068	413.13763	0.0	-168.02637	0.8480042	-2.0116568e-09	559.6861090660095
270	74.67439	163.60988	277.43884	-92.917534	750.6	-1.0609946	32.80193	93.08751	-48.447052	1084000	-0.057267517	288.41138	0.0	-155.93964	0.90645826	-2.7567149e-09	561.7404460906982
271	-62.297577	23.549227	-28.081892	-94.190926	823.5	-9.078387	21.427534	76.168755	-27.425314	1088000	-0.020091295	292.832	0.0	-192.96216	1.0080973	-6.556511e-10	564.3152232170105
272	58.63244	136.86528	310.81403	-116.156425	385.75	1.6103017	32.074127	93.26899	-71.08089	1092000	-0.0302335	1011.8848	0.0	-88.98515	0.9213569	-8.9406926e-11	566.1905720233917
273	165.86057	140.55971	307.57993	-76.567955	439.125	9.313326	34.386715	93.43578	-73.88353	1096000	-0.053988606	1223.2947	0.0	-505.06537	0.8304757	3.606081e-09	567.9167709350586
274	120.24989	115.41643	281.20163	-23.341232	625.0	8.523539	30.779064	95.624084	-42.197853	1100000	-0.08530357	454.01788	0.0	-216.30785	0.8985962	-2.4586917e-09	569.9907279014587
275	111.88674	165.16312	271.57126	-153.73941	634.1667	10.245365	35.832027	83.92825	-63.80297	1104000	-0.014870928	396.30237	0.0	-54.093765	0.9318601	-2.8312206e-09	572.6933660507202
276	191.21143	107.14109	287.89938	1.5244709	466.57144	30.318567	37.96609	95.77571	-41.756416	1108000	0.0112571195	912.2252	0.0	-502.437	0.854674	-4.4703485e-10	574.4065549373627
277	157.25645	139.99026	288.20905	-40.7618	312.9091	46.412735	27.273823	93.491234	-58.53793	1112000	0.017977584	1456.6749	0.0	-621.12683	0.8068298	-6.258488e-10	575.80917096138
278	228.79541	45.96083	284.60983	144.8316	427.44446	22.53026	37.770164	86.96006	-73.20403	1116000	-0.07185683	703.83435	0.0	-490.29022	0.81852186	5.811453e-10	577.4805588722229
279	137.41315	128.91522	285.6013	-21.265919	417.625	40.327976	31.646864	88.19285	-10.669184	1120000	0.03921116	1375.2412	0.0	-772.58185	0.81635386	-2.8312203e-10	579.7297930717468
280	229.41885	18.109463	253.71764	201.81618	445.625	23.651072	26.37053	77.96019	-37.085682	1124000	-0.09443221	499.62366	0.0	-298.91614	0.8518241	8.046627e-10	582.03639793396
281	226.44194	76.988365	281.88824	13.898957	345.9	47.836224	28.451468	94.0272	-25.312626	1128000	-0.039800465	882.5915	0.0	-312.43884	0.7911166	1.341105e-10	583.5406179428101
282	189.89882	85.74292	261.82144	26.321167	343.1111	39.477352	24.358248	87.31671	-32.322117	1132000	-0.009201638	635.15063	0.0	-339.51337	0.79361975	-1.192093e-10	585.1918048858643
283	218.25241	64.73647	275.24435	42.532562	396.77777	43.269398	24.151012	86.71495	-36.301495	1136000	-0.043147087	544.34985	0.0	-135.2966	0.75931966	-2.0265578e-09	586.6711490154266
284	141.34373	125.30622	273.80472	-42.46458	337.8	39.193836	23.761284	91.79646	-55.38792	1140000	-0.045614768	1275.5453	0.0	-487.12943	0.8348763	2.577901e-09	588.1421740055084
285	239.85307	19.0039	259.7912	194.43253	382.2	37.421303	27.557816	85.2832	-39.013344	1144000	2.4272129e-05	482.23914	0.0	-197.97287	0.7788172	7.0035455e-10	589.7836110591888
286	195.7413	92.0657	258.73355	-12.245645	314.45456	52.70103	21.10919	86.13222	-25.531858	1148000	0.03990518	1014.16626	0.0	-365.78644	0.77335966	3.0249359e-09	591.286041021347
287	215.33856	83.75668	295.7891	30.63776	301.58334	41.119534	23.355465	79.968346	-27.505503	1152000	-0.05859622	624.98193	0.0	-315.4093	0.8090824	1.1622905e-09	592.6783440113068
288	190.90947	106.58058	279.84824	-3.2593343	325.9091	49.36193	25.041615	86.58162	-64.27507	1156000	0.019339886	1069.7458	0.0	-267.88544	0.77787507	-2.235174e-10	594.104984998703
289	185.65173	111.38709	281.46304	-34.083305	316.0	46.83573	21.692293	85.88719	-60.88923	1160000	-0.026054882	856.7449	0.0	-140.39624	0.80937034	-2.9206275e-09	595.5397009849548
290	217.48016	68.929214	280.07275	-0.24892452	319.66666	43.8361	23.208586	86.70709	-62.817715	1164000	0.0076484717	402.8592	0.0	-214.62593	0.7721815	-1.6391277e-09	596.9927160739899
291	250.12363	14.093701	271.41882	234.46979	347.9	55.511642	17.177357	88.34237	-16.240326	1168000	0.09027187	221.29315	0.0	-85.00588	0.739045	-2.5033953e-09	598.4497261047363
292	188.56517	91.445145	272.4423	-2.758785	333.63635	52.64704	20.555166	88.48511	-73.01623	1172000	-0.019163162	753.11255	0.0	-337.28955	0.7928848	-1.296401e-09	599.879937171936
293	205.92221	90.83127	268.0798	-13.258068	356.0909	36.095436	31.818892	89.82539	-78.555305	1176000	0.0055298954	1274.9055	0.0	-706.7892	0.6549765	3.2931566e-09	601.325357913971
294	252.55531	13.766657	279.19394	224.34668	330.81818	47.576084	24.284916	86.9152	-40.136555	1180000	-0.027161457	552.48334	0.0	-350.14017	0.702082	-5.4985287e-09	602.764643907547
295	203.56375	105.42151	294.9317	-0.7251753	370.7	49.974415	19.147903	90.580734	-55.1117	1184000	-0.014196053	1158.2902	0.0	-448.44727	0.79068816	-7.748604e-10	604.4212720394135
296	107.08582	119.30842	266.5282	-58.21162	295.15384	37.973415	24.26463	94.30575	-100.366394	1188000	0.031351507	1384.3379	0.0	-492.20578	0.784096	7.450582e-11	605.88756108284
297	123.04797	129.44196	281.70197	-24.535007	315.54544	30.081144	26.824514	92.42769	-89.59345	1192000	-0.039362106	727.0864	0.0	-294.1535	0.78835905	1.0430812e-10	607.5790421962738
298	214.79181	93.82097	277.17377	0.7172526	300.83334	34.32693	33.866543	99.39787	-90.71388	1196000	-0.06896233	1128.7302	0.0	-607.33167	0.77753866	2.592802e-09	608.9121758937836
299	143.77045	114.235466	268.38397	-16.010134	272.18182	45.473263	26.50184	95.13855	-40.675545	1200000	0.02231513	1301.619	0.0	-514.222	0.7541932	1.2814999e-09	610.7550029754639
300	250.10312	13.148007	267.1468	220.76424	338.18182	47.969288	20.824446	91.267715	-43.97757	1204000	-0.027027758	414.09622	0.0	-342.60388	0.71710193	-3.3080578e-09	612.0948209762573
301	180.45749	116.59809	274.53906	-27.80761	268.85715	55.689827	24.661451	91.5213	-62.83141	1208000	0.0071747825	950.3301	0.0	-389.08258	0.7587715	6.8545336e-10	613.4127151966095
302	208.88567	99.31401	283.39124	1.4684808	269.5	50.4585	26.39853	93.13158	-99.82183	1212000	-0.01859165	1232.1476	0.0	-253.70663	0.74204946	-3.576279e-10	614.6448841094971
303	201.75728	90.33859	272.1493	-18.518658	313.16666	54.153244	21.325836	94.532326	-66.31834	1216000	0.03294867	985.2671	0.0	-205.0975	0.656173	-2.30968e-09	616.1553061008453
304	162.59286	111.37787	264.88498	-9.683552	343.54544	36.318283	27.69861	95.28574	-38.752865	1220000	-0.024417741	1148.6431	0.0	-361.9463	0.72955143	-7.45058e-10	617.7952070236206
305	158.21977	112.13496	280.9841	-28.75489	271.92856	43.313618	28.337664	99.94172	-86.64147	1224000	-0.036418885	1094.5532	0.0	-280.49808	0.7222781	1.8030404e-09	619.1078190803528
306	170.27126	102.26299	284.75266	-16.02741	284.30768	44.27199	29.569084	87.03692	-69.621284	1228000	-0.022363942	923.345	0.0	-117.4866	0.7473686	3.0696392e-09	620.5423498153687
307	180.28215	92.09457	254.84196	-13.390409	282.30768	41.305897	31.015427	89.63006	-92.071106	1232000	-0.020947088	930.0287	0.0	-364.54486	0.7591101	-4.3213372e-10	621.9604198932648
308	186.08078	125.805504	289.753	-84.4402	281.76923	43.38051	29.5592	89.16418	-67.38805	1236000	-0.01265727	2062.703	0.0	-1151.8812	0.736418	-2.488494e-09	623.302472114563
309	146.41153	123.78837	305.3186	-41.747494	235.75	53.378994	31.801819	104.468185	-44.14134	1240000	0.0055446625	2080.317	0.0	-574.7012	0.727581	-1.3560056e-09	624.5234220027924
310	103.69713	120.29779	268.74713	-29.348927	282.14285	29.366184	30.422575	94.64894	-94.31679	1244000	-0.05289019	2051.044	0.0	-838.7325	0.76203406	-1.7881393e-09	625.935072183609
311	142.57184	101.63053	265.00488	-19.444717	321.81818	29.721132	31.34104	89.80651	-75.12955	1248000	0.07655907	1439.4263	0.0	-680.0664	0.67210346	4.455447e-09	627.2960131168365
312	197.49292	97.21618	284.78207	-31.998789	292.91666	38.408688	25.602623	87.481346	-74.32801	1252000	-0.0010008663	1181.7175	0.0	-468.6601	0.6533558	-2.5182962e-09	628.6867001056671
313	163.93062	119.31024	286.38165	-77.96832	336.18182	49.338985	26.339426	100.43473	-74.23689	1256000	-0.0663823	1237.783	0.0	-442.7294	0.7612183	1.1920929e-09	630.3338530063629
314	153.96248	114.23476	283.8727	-49.05127	382.5	37.57952	31.453754	93.81356	-84.22525	1260000	0.012547829	1064.2046	0.0	-311.47333	0.6946691	-3.2186507e-09	631.7530450820923
315	173.95638	117.90778	289.8337	-10.233431	307.5	43.928673	29.67917	92.40684	-72.33109	1264000	-0.04058519	1343.7457	0.0	-394.7317	0.7232361	-9.089709e-10	633.0670511722565
316	140.73268	140.74158	298.83157	-86.39826	295.91666	29.954493	33.660866	101.44242	-79.16167	1268000	-0.026782453	1115.3667	0.0	-302.63937	0.73034704	-1.758337e-09	634.4166979789734
317	118.56834	139.96315	311.445	-67.7857	276.5	33.19155	38.736332	98.09015	-78.46301	1272000	-0.03674833	1594.8673	0.0	-446.23856	0.79474497	4.4703463e-11	635.769581079483
318	167.26091	134.1113	300.6711	-49.08291	303.0	38.240253	34.106987	91.25692	-81.91873	1276000	0.021906931	1382.1118	0.0	-638.8338	0.72859144	1.5050172e-09	637.2148160934448
319	196.0904	120.50244	307.9005	-32.891064	284.69232	35.786133	38.452038	91.28497	-72.51488	1280000	-0.02956216	1072.0104	0.0	-201.25073	0.7603517	3.1590464e-09	638.6586079597473
320	185.8913	125.8681	287.56445	-62.97491	304.15384	41.845234	38.52294	95.38306	-79.59774	1284000	0.012894742	819.12286	0.0	-192.1069	0.75963545	-3.576279e-10	640.2263250350952
321	127.69141	118.90201	280.75443	-41.382225	426.66666	14.633709	36.25536	92.14726	-70.175476	1288000	0.042218633	786.26575	0.0	-197.63942	0.8058269	1.8179417e-09	641.9897191524506
322	200.15459	112.340935	301.9485	-73.422066	380.9	34.594666	38.678196	95.24075	-52.03456	1292000	-0.047463506	901.2868	0.0	-278.1922	0.8017427	-6.705522e-10	643.7415628433228
323	212.08	100.257355	294.466	-58.738422	332.0	43.18891	31.083824	99.16756	-76.91905	1296000	-0.040307514	677.6891	0.0	-129.79845	0.76717323	-1.8030405e-09	645.2692728042603
324	140.50446	129.22906	302.21606	-92.702255	354.77777	39.57179	29.074255	98.193756	-76.459915	1300000	-0.015870184	1283.7008	0.0	-507.99585	0.792042	8.642673e-10	646.9677541255951
325	212.22136	68.46275	309.8925	93.375336	478.375	31.707994	30.037737	96.68627	-77.586555	1304000	0.029285511	810.93396	0.0	-468.9512	0.6777385	-2.4437905e-09	648.7806248664856
326	107.95741	138.78201	280.34622	-99.57077	421.8889	24.501945	31.23679	97.34468	-79.03175	1308000	0.05167513	1389.8977	0.0	-494.03052	0.772746	7.3015693e-10	650.4727079868317
327	174.20102	102.49762	289.02518	-52.248676	477.25	28.678463	28.167566	92.657394	-79.10719	1312000	-0.034986213	984.9885	0.0	-567.0272	0.75903606	1.7881392e-10	652.5166637897491
328	195.51598	95.18889	300.69684	2.137143	416.375	27.240618	32.856148	94.17472	-61.53385	1316000	-0.043658428	766.9479	0.0	-235.20248	0.7629553	1.8179417e-09	654.3261158466339
329	195.48137	96.39464	293.2373	-36.99217	401.0	34.832726	30.208265	89.46744	-56.40662	1320000	-0.019258883	835.9525	0.0	-344.77145	0.79049635	-1.9371516e-10	655.9496309757233
330	172.23404	144.42041	287.09637	-91.9504	356.0909	45.410507	31.194336	93.9821	-47.051777	1324000	-0.023940621	959.7746	0.0	-469.4485	0.83676183	-1.5050172e-09	657.3543529510498
331	249.15067	25.81862	282.68976	200.09378	405.0	36.391506	38.03183	94.100555	-77.23319	1328000	0.011732612	669.1598	0.0	-456.68976	0.73277223	-2.5331973e-10	658.90753698349
332	157.0463	92.53619	273.65308	-26.047077	518.8571	30.416729	30.988693	91.57792	-66.643616	1332000	-0.07218216	1319.614	0.0	-785.5503	0.794288	6.3776966e-09	660.9562339782715
333	242.26096	40.274445	289.51443	165.72395	362.1111	33.046124	30.144924	94.00765	-56.343422	1336000	-0.03824231	366.05145	0.0	-185.6511	0.77041394	-7.0035455e-10	662.6638150215149
334	166.37622	123.421616	284.84756	-43.308372	420.125	35.25785	29.259132	98.853516	-41.978455	1340000	-0.0016599521	676.28094	0.0	-130.30513	0.8771924	2.384186e-10	664.5691437721252
335	152.90141	142.70334	279.30533	-78.92377	339.0	34.7004	31.231068	96.39236	-39.3256	1344000	0.010985699	988.1938	0.0	-281.9669	0.83008724	-4.4256447e-09	666.2330141067505
336	83.78388	146.63605	269.72507	-99.13839	432.125	17.063978	32.90948	94.309	-79.47769	1348000	0.0038098842	917.3684	0.0	-315.39792	0.86850494	2.399087e-09	667.8485469818115
337	218.99567	107.121086	292.37802	-77.60993	333.33334	34.210686	39.91264	96.50702	-78.86097	1352000	-0.065570846	499.4603	0.0	-162.18	0.85654783	-8.195639e-10	670.043224811554
338	195.02368	97.09602	274.1024	-48.270275	452.125	41.295246	28.707273	92.20716	-48.26817	1356000	0.068493396	584.2204	0.0	-293.38428	0.7660299	-5.662441e-10	671.790913105011
339	170.94336	108.130325	262.8269	-49.530914	523.6667	16.436504	34.459785	93.14509	-79.23523	1360000	-0.00028676447	416.25256	0.0	-72.94305	0.8463545	1.8775463e-09	673.6473710536957
340	118.79147	145.77023	288.7857	-106.28804	435.0	25.40514	30.312605	95.03132	-81.586784	1364000	-0.09707608	719.6769	0.0	-289.2131	0.87256527	1.7881391e-10	675.5742511749268
341	180.657	107.120605	268.17062	-15.590749	405.1111	33.9336	33.654087	93.607925	-85.7769	1368000	-0.021377504	781.3993	0.0	-302.57703	0.86119664	-2.9802383e-11	677.5041129589081
342	161.30276	111.97044	260.6743	-25.796776	464.57144	20.01463	33.18365	88.49156	-77.00869	1372000	0.07192128	604.3172	0.0	-199.59311	0.81324244	-1.4454127e-09	679.6478381156921
343	214.23871	68.47922	256.83008	23.203573	416.1111	29.921286	28.463552	82.2542	-86.59886	1376000	-0.111233294	777.96704	0.0	-381.66498	0.8618406	5.364418e-10	681.2390060424805
344	187.04854	102.880936	284.16782	-62.123104	450.5	36.85012	26.834106	95.01307	-70.376366	1380000	0.014957856	763.99866	0.0	-355.23682	0.82971	-2.041459e-09	682.9410710334778
345	176.69862	96.13262	273.99536	-14.018544	419.22223	31.984375	28.824465	98.92088	-76.3277	1384000	-0.031019595	655.8841	0.0	-321.91922	0.8117261	-3.9935113e-09	684.751806974411
346	223.37793	37.434696	267.33582	140.98376	483.0	36.706646	28.05142	88.44591	-68.3471	1388000	0.061127514	345.2649	0.0	-186.52007	0.8010349	-3.4272674e-10	686.8200070858002
347	222.7976	62.65907	264.18652	39.864517	370.9	44.490616	24.503244	85.024925	-6.090848	1392000	-0.03952514	397.72006	0.0	-242.62796	0.8394612	-2.2053719e-09	688.4107909202576
348	225.22784	52.84401	254.97319	85.99847	466.0	41.92477	22.746899	83.37598	-47.429512	1396000	-0.00490164	470.5802	0.0	-184.52179	0.71885777	1.4007091e-09	690.1449611186981
349	170.58229	104.24545	256.57626	-1.5986855	361.5	41.25879	20.85261	84.32484	-84.52332	1400000	-0.05641231	881.6691	0.0	-429.64493	0.86686033	-7.3015693e-10	691.693174123764
350	240.72559	14.222375	267.82376	214.21826	386.5	33.007687	27.764164	84.67508	-53.494324	1404000	-0.015319824	637.60925	0.0	-513.167	0.77850914	1.2814998e-09	693.2730739116669
351	155.00407	120.028786	265.09958	-39.107006	302.0	48.981663	26.340982	92.92477	-47.05091	1408000	0.03286395	862.0975	0.0	-555.3645	0.8067632	1.0430813e-09	694.6799759864807
352	159.3924	119.64219	284.7696	-20.184471	323.33334	39.190685	32.79076	96.74698	-80.71699	1412000	-0.02643852	232.11765	0.0	-97.23133	0.83418083	-1.013279e-09	696.2043240070343
353	173.94757	109.02184	254.26266	-27.30125	333.27274	36.97349	37.023033	92.51621	-102.10693	1416000	-0.01712096	166.47717	0.0	-59.668896	0.8420659	-2.6375055e-09	697.6888148784637
354	247.10573	15.052517	274.51987	225.36841	379.375	40.256046	27.728745	90.010765	-70.27398	1420000	-0.027154386	276.79352	0.0	-114.45974	0.7581619	1.8477441e-09	699.6421220302582
355	180.21349	108.56716	270.9095	-44.92295	432.57144	22.635612	31.590208	92.718895	-85.91012	1424000	-0.0063912235	419.21582	0.0	-84.01473	0.7372937	5.066394e-10	701.2077870368958
356	180.30736	109.947876	284.0175	-6.353291	284.69232	49.656452	28.349432	99.295685	-79.08227	1428000	-0.014192217	498.51434	0.0	-283.3794	0.8233998	4.172325e-09	702.6226859092712
357	196.79852	102.45922	287.5696	13.75584	360.1	27.947248	36.384777	99.79371	-89.06161	1432000	-0.016253948	1983.7463	0.0	-1313.6508	0.6579753	-3.2931566e-09	704.378170967102
358	155.34662	94.32341	253.5778	4.7149086	446.0	49.2704	23.06407	92.52988	-92.95702	1436000	0.13556203	1797.5642	0.0	-1202.0466	0.6250906	2.6375055e-09	706.0972990989685
359	189.87375	106.564674	262.29742	-3.1530087	302.46155	35.214565	23.253992	79.47475	-109.661865	1440000	-0.16688034	1135.5422	0.0	-553.31976	0.766217	4.5001505e-09	707.4863288402557
360	164.11513	110.31143	268.57938	-15.356338	358.0909	41.05319	30.164022	91.98776	-85.14821	1444000	0.09429917	1326.2747	0.0	-622.51447	0.6834634	2.0861626e-09	708.9364559650421
361	190.29443	107.08647	264.8683	-9.550351	283.41666	44.472656	29.941048	99.64204	-98.04046	1448000	-0.075762734	825.47375	0.0	-115.42459	0.81152177	-1.4901161e-09	710.3498470783234
362	214.17018	89.16886	282.34592	5.735538	289.76923	45.699196	29.655584	95.09841	-89.26224	1452000	0.0027386397	647.51227	0.0	-227.47609	0.76188886	1.0430813e-09	711.6646349430084
363	232.86967	68.059006	293.9492	26.633833	316.58334	55.472343	21.430857	91.94751	-66.25397	1456000	0.035551444	605.08435	0.0	-211.8588	0.74929726	-1.4156103e-09	713.2687499523163
364	224.01407	75.85894	266.5168	-13.705874	338.63635	52.096657	21.603092	92.61439	-69.39857	1460000	0.03139725	399.58994	0.0	-275.18735	0.7671592	3.0249359e-09	714.746789932251
365	163.07745	115.97459	276.4732	-2.98899	280.92307	41.571964	30.12417	87.8202	-83.036026	1464000	0.0239444	924.6539	0.0	-254.7005	0.8068484	-6.4522028e-09	716.1640038490295
366	183.75568	119.91974	282.2675	-23.661215	284.0	41.926533	27.718252	86.89878	-84.66454	1468000	-0.017062228	1310.2391	0.0	-287.47922	0.7649225	2.1010638e-09	717.4999141693115
367	144.7854	109.71789	260.14084	13.863896	263.64285	38.69241	34.513317	90.119194	-99.93487	1472000	-0.02532915	782.05853	0.0	-183.2422	0.7858501	1.1920931e-10	718.8216400146484
368	233.64018	68.63757	271.8785	8.992692	303.58334	49.241154	27.32147	93.34715	-95.64401	1476000	0.02024446	399.62488	0.0	-271.86438	0.7340042	-2.5629998e-09	720.1521050930023
369	190.05927	120.872925	278.4984	-47.45301	292.16666	51.027218	29.833902	99.68869	-83.32517	1480000	0.017902646	1213.1499	0.0	-571.98315	0.71836877	3.859401e-09	721.4792120456696
370	126.69442	126.2032	258.24036	-32.011887	290.69232	34.15998	38.731148	97.8608	-86.52267	1484000	0.0126324585	1172.0785	0.0	-151.47318	0.8157518	-3.531575e-09	722.8647220134735
371	169.78629	98.04107	262.64624	9.222934	334.0909	33.429367	35.55894	90.485916	-85.93318	1488000	-0.020185485	815.7741	0.0	-309.84204	0.7325657	4.470352e-11	724.3559980392456
372	181.729	109.20404	293.45392	-26.679834	291.91666	44.884945	31.516188	92.58503	-66.66361	1492000	-0.021567263	1054.9478	0.0	-353.87634	0.6954267	-7.1525574e-10	725.8142440319061
373	156.49686	133.49112	287.16562	-63.901123	270.85715	40.277145	36.026615	99.766205	-76.23647	1496000	0.0040325616	889.38495	0.0	-386.41833	0.77524245	-1.1175871e-09	727.0721869468689
374	151.80336	110.01587	294.84338	-13.455535	325.16666	39.505642	35.9876	97.510025	-77.26741	1500000	0.0056136716	1249.6296	0.0	-379.49405	0.7401532	4.4703463e-11	728.4346268177032
375	163.44792	114.94826	297.3776	-66.28224	360.5	21.489359	36.402187	94.04569	-77.87966	1504000	-0.013676047	666.8718	0.0	-303.87042	0.7820332	-4.0978194e-09	730.320858001709
376	207.87857	85.120674	279.1453	2.39745	400.44446	41.592888	29.938353	88.44558	-86.25528	1508000	-0.07245655	765.6045	0.0	-312.7298	0.698357	-5.6624416e-10	731.8415560722351
377	213.93266	82.49157	288.98703	-18.86079	364.6	39.09905	25.02756	98.20252	-75.11826	1512000	-0.0747877	709.9382	0.0	-231.21204	0.81362534	1.2218953e-09	733.3528521060944
378	187.1596	123.15925	287.3273	-59.47885	400.44446	45.37655	26.004852	98.42287	-66.79768	1516000	-0.00398349	821.9259	0.0	-530.0824	0.81314516	4.887581e-09	735.1053340435028
379	204.25711	83.06789	280.6103	-9.034182	391.44446	41.78982	29.029978	100.01578	-85.03508	1520000	0.009658886	546.3975	0.0	-170.72704	0.78149027	2.3841857e-09	736.648716211319
380	237.33815	19.206701	267.65988	204.57758	397.625	39.49669	31.422634	98.328926	-43.828945	1524000	-0.010717813	259.5407	0.0	-160.74103	0.7978288	-1.013279e-09	738.3380041122437
381	205.7864	94.4474	305.41626	-32.340145	439.0	36.854027	28.683361	100.30985	-78.49376	1528000	-0.047500916	287.52332	0.0	-62.083336	0.8409446	-9.089708e-10	740.0249190330505
382	249.78326	27.864227	292.72897	206.74501	380.33334	51.567036	26.879143	102.51631	-45.388634	1532000	0.04702276	238.0149	0.0	-133.39583	0.76424086	-3.606081e-09	741.6229350566864
383	174.88326	120.37383	294.17056	-40.907963	453.42856	36.204052	29.797699	106.02206	-64.65849	1536000	-2.7768314e-05	876.9123	0.0	-481.07367	0.7749747	-2.6673077e-09	743.7902321815491
384	241.50227	37.378387	295.1696	179.81242	374.0	35.87309	23.869186	99.90729	-27.262486	1540000	-0.08882602	452.3309	0.0	-383.6294	0.7890873	1.0728837e-09	745.4004528522491
385	228.26492	56.375248	292.60577	115.67965	465.75	51.914993	25.515783	107.58336	-25.024405	1544000	0.10657985	542.0088	0.0	-396.77557	0.6974157	3.1590464e-09	747.4496080875397
386	174.61835	133.98288	289.4465	-45.265213	311.0	52.887165	27.3088	103.60953	-73.774216	1548000	-0.016847536	1278.4873	0.0	-773.8036	0.8154381	-2.8312206e-09	748.8871281147003
387	110.74465	119.83933	258.40894	-74.42707	361.6	17.641556	34.169273	84.80685	-72.47746	1552000	0.0076623186	1090.7522	0.0	-375.9676	0.7660867	-5.2154064e-10	750.5413179397583
388	228.66592	34.35428	289.6303	177.06232	342.81818	25.6061	33.554043	85.917496	-60.339344	1556000	-0.043134388	1642.195	0.0	-1505.6566	0.7391028	-2.786517e-09	752.0259130001068
389	144.87451	126.264496	278.8655	-42.00096	350.0	42.974403	25.866657	104.51374	-63.786465	1560000	-0.0027625007	1865.191	0.0	-1002.5569	0.80103534	-1.1771917e-09	753.6592149734497
390	151.22893	123.65994	290.77502	-67.74534	367.9	28.338047	37.179234	109.450165	-87.68224	1564000	-0.0028390568	1053.1808	0.0	-263.5167	0.7848122	-7.1525574e-10	755.4148948192596
391	137.14	149.28548	297.91656	-57.105305	424.1111	22.936495	37.506287	109.21007	-90.436386	1568000	-0.04469048	891.933	0.0	-392.266	0.7812409	1.6242265e-09	757.2171330451965
392	116.845604	146.56526	262.68512	-135.46625	495.33334	24.177967	34.40785	101.700066	-89.5286	1572000	0.10712084	1145.9363	0.0	-902.3613	0.6675344	-2.3394824e-09	758.8849639892578
393	174.14001	132.955	295.2817	-35.851715	309.08334	44.919373	35.10535	111.72009	-92.05212	1576000	-0.15177774	1077.5881	0.0	-459.17557	0.7482817	3.8146974e-09	760.5170021057129
394	166.70064	117.78369	294.3778	-35.120136	325.0	27.843946	43.302883	110.86175	-98.23185	1580000	-0.015870452	1424.2786	0.0	-529.6386	0.7220506	-1.6540289e-09	761.9705910682678
395	155.7602	119.74436	283.19104	-45.45744	402.66666	30.34289	29.276564	102.342224	-91.22273	1584000	0.02586546	1036.0378	0.0	-159.29416	0.7153661	-4.068017e-09	763.7893259525299
396	96.18454	125.157875	293.60306	-66.59195	351.0	29.509796	31.437521	108.879265	-92.32369	1588000	-0.0024810657	1392.418	0.0	-606.7853	0.7380104	-3.5613776e-09	765.383181810379
397	225.2962	82.27401	294.62775	-12.95776	314.63635	27.256897	35.991684	88.61144	-92.6955	1592000	-0.029097807	1286.0447	0.0	-730.1393	0.73843	-1.1622906e-09	766.88143491745
398	191.12741	97.94425	289.5002	-18.317211	417.875	45.09893	28.595442	106.672516	-74.02682	1596000	0.00961088	893.17505	0.0	-547.33026	0.7430639	5.2452087e-09	768.7877430915833
399	143.65904	124.03949	272.71793	-23.187487	336.18182	34.90836	31.503876	106.19863	-72.85698	1600000	0.00011565536	763.5495	0.0	-251.62708	0.8102789	8.940697e-11	770.1878118515015
400	143.68584	135.85475	285.96198	-68.240395	310.41666	36.40455	42.7738	106.22957	-89.96246	1604000	0.00089865923	858.33606	0.0	-272.87643	0.7879306	5.9604655e-11	771.6611988544464
401	103.803764	113.821976	241.12738	-32.12559	426.66666	22.328432	31.725067	93.067856	-89.31238	1608000	0.02493615	984.8366	0.0	-273.123	0.82735324	1.4901164e-10	773.5790569782257
402	164.74481	132.92801	298.6122	-60.81658	320.16666	33.47792	40.498966	106.53428	-92.670296	1612000	-0.020772854	741.516	0.0	-260.51318	0.7887934	2.428889e-09	775.0749258995056
403	219.75774	70.601845	303.65814	43.54016	364.8889	36.373783	37.965023	110.58555	-36.66256	1616000	0.040673643	1269.6199	0.0	-885.8095	0.7751336	-1.8775463e-09	776.6753249168396
404	247.27206	16.817173	269.85645	213.79385	320.0	50.83832	19.045671	91.680626	-51.713604	1620000	-0.06193335	129.4899	0.0	-40.53789	0.8078133	-4.23193e-09	778.2285280227661
405	188.67978	119.934944	279.07547	-34.436195	400.55554	56.089607	26.41687	94.41485	-41.298943	1624000	0.012135349	1795.0626	0.0	-1182.4083	0.8075361	3.5762787e-10	779.8421759605408
406	229.39272	66.090385	271.54608	24.42556	333.54544	46.28997	25.34136	97.15776	-66.30611	1628000	-0.06838273	650.31384	0.0	-309.88696	0.8200222	1.8477441e-09	781.334478855133
407	194.35114	91.654236	261.89227	-4.181188	350.0909	44.753727	26.144487	98.776535	-41.89722	1632000	0.022534126	782.67993	0.0	-246.6365	0.7627551	-3.5762787e-10	783.0979290008545
408	240.01263	7.4663024	252.70825	227.61208	373.55554	48.959564	20.985235	89.235085	-29.285988	1636000	-0.07316246	106.141716	0.0	-48.36512	0.8024514	-5.811453e-10	784.7461111545563
409	248.47008	17.7262	285.72043	225.8501	389.55554	47.407806	22.996576	86.8284	-41.52727	1640000	0.002294411	112.970314	0.0	-26.061672	0.7964599	-1.0430813e-10	786.2589390277863
410	243.94786	37.60623	283.5629	146.85704	405.22223	50.610092	23.647587	88.85501	-40.518257	1644000	0.027854007	236.43002	0.0	-168.4862	0.74885976	1.1771917e-09	787.6818370819092
411	216.54971	79.53952	272.51807	30.539577	311.72726	55.88528	21.483023	95.99214	-18.20818	1648000	-0.04145342	884.9577	0.0	-399.84457	0.7936055	7.45058e-10	789.2051610946655
412	246.44572	14.915341	263.2995	218.3966	364.8889	55.4322	19.129213	90.78944	7.480074	1652000	0.041929737	215.041	0.0	-36.526585	0.75924623	-1.8030405e-09	790.9164459705353
413	222.7688	71.70103	272.546	10.466708	370.6	51.871548	19.829212	91.032265	-40.216652	1656000	-0.034102533	584.8887	0.0	-158.22775	0.7641401	1.2367964e-09	792.4257941246033
414	251.33287	24.84636	289.42117	209.88217	325.0	50.61828	22.376638	101.43576	-2.1508663	1660000	-0.006107442	244.78125	0.0	-153.76973	0.78810704	-2.026558e-09	793.9101011753082
415	219.74681	66.20843	300.9541	24.893618	331.36365	51.335926	21.663391	96.85027	-15.100211	1664000	0.0050968844	261.10468	0.0	-66.58888	0.82014275	1.6391277e-10	795.3619060516357
416	217.82445	78.13479	287.6394	3.6269577	396.33334	45.737045	22.063435	107.174545	-23.365429	1668000	-0.047075123	455.90445	0.0	-86.81113	0.8030628	2.1606685e-09	797.0098969936371
417	202.9251	92.18813	279.60895	-0.5349382	350.81818	46.33411	25.217024	100.049126	-30.296957	1672000	0.0016571246	852.65186	0.0	-196.69748	0.8047842	2.771616e-09	798.6457760334015
418	203.32982	52.664497	246.14146	99.47169	572.2	30.23482	21.526588	80.9185	-35.203873	1676000	0.10530393	460.35583	0.0	-260.2662	0.68937427	1.1920928e-10	800.4528131484985
419	218.40991	36.66099	264.68207	137.1052	479.14285	31.07357	20.45162	89.580185	-73.451645	1680000	-0.0797812	564.1338	0.0	-450.85876	0.7522578	-1.4454127e-09	802.188905954361
420	193.3729	103.89921	269.90457	-22.819899	386.3	43.902245	22.971844	91.476906	-29.773178	1684000	-0.0004697796	837.5775	0.0	-397.999	0.76787114	-1.92225e-09	803.7738080024719
421	213.16121	80.24332	268.33212	-8.637311	393.33334	42.283398	28.589136	91.26798	-33.354626	1688000	-0.0041419715	579.24243	0.0	-173.24687	0.82416415	-7.1525574e-10	805.5296630859375
422	183.87737	81.83673	279.2158	11.790036	565.8571	31.44365	26.831657	94.24669	-60.95668	1692000	0.047096014	482.98605	0.0	-183.28632	0.7294805	-5.662441e-10	807.3394351005554
423	211.6459	65.43514	272.41962	48.375877	473.25	32.20131	27.018318	98.08833	-45.520363	1696000	-0.06579095	301.63403	0.0	-102.63166	0.80377305	9.23872e-10	809.1923599243164
424	220.56227	15.777159	238.76544	189.20937	491.625	30.376379	25.420443	85.69192	-2.9887342	1700000	-0.09229536	135.95947	0.0	-83.61665	0.88148206	-8.046628e-10	810.9205949306488
425	242.61844	23.025843	279.81326	198.65363	380.8889	49.703754	20.813654	90.43223	-11.082705	1704000	-0.102751955	133.67828	0.0	-50.74624	0.8737941	1.7136336e-09	812.5255599021912
426	259.33624	21.097942	292.56824	224.63608	340.3	50.749565	25.51203	95.43633	-0.094393134	1708000	-0.06982051	62.62896	0.0	-21.113153	0.8188214	2.3841862e-10	814.0346159934998
427	219.58762	44.49633	264.72784	123.0272	541.4286	41.672626	28.083553	94.800446	-3.8429737	1712000	0.0904219	375.60397	0.0	-272.87573	0.7907379	1.1622906e-09	815.7325468063354
428	168.3011	105.45721	267.7434	-50.217392	425.375	33.816494	24.604671	91.41076	-47.582928	1716000	-0.03898973	432.60834	0.0	-155.20892	0.84627193	2.6077032e-09	817.732351064682
429	208.0261	68.0888	288.10922	72.28131	467.375	35.540688	25.12985	80.12583	-24.679306	1720000	0.040106505	553.3374	0.0	-369.36798	0.70325255	-1.5050173e-09	819.5920600891113
430	210.95467	41.058243	278.737	138.97424	468.42856	21.535587	23.362494	91.6688	-42.673306	1724000	-0.12050733	539.2088	0.0	-268.97516	0.78630054	-4.3213366e-10	821.4500617980957
431	196.50017	90.20189	265.25577	-31.278082	425.625	36.662785	27.061928	97.02055	-52.31678	1728000	-0.02109027	483.255	0.0	-186.02011	0.7851653	1.3411039e-10	823.1876339912415
432	182.61662	95.4848	292.29352	-2.557422	316.41666	49.266266	25.78371	94.52593	-28.144136	1732000	-0.006168112	786.2546	0.0	-452.74966	0.76534045	3.2782554e-09	824.6828298568726
433	186.77823	62.566383	258.3163	107.81303	674.6	41.54466	21.112202	86.98174	-0.9999112	1736000	0.10777879	902.5498	0.0	-651.90857	0.7253072	1.0430812e-10	826.7395851612091
434	127.45879	122.248055	280.1296	-33.714264	314.58334	32.898693	28.228357	94.180046	-87.83749	1740000	-0.07867793	1168.7761	0.0	-538.71594	0.79066145	3.3080578e-09	828.1044020652771
435	204.50555	118.41199	290.58688	-51.385452	330.72726	29.99148	32.293934	86.148674	-80.03721	1744000	-0.0031422973	1236.7444	0.0	-813.68243	0.7892885	2.2351743e-10	829.5055420398712
436	147.1318	86.47896	247.57617	37.190647	576.5	24.072678	33.18746	95.34127	-50.674103	1748000	0.07454355	499.32306	0.0	-339.20795	0.7784071	3.6656855e-09	831.4673628807068
437	211.94061	64.84998	267.8144	53.398464	364.875	30.624998	31.942408	83.8356	-24.38948	1752000	-0.01500446	366.18085	0.0	-255.31021	0.8000538	1.937151e-09	833.0978610515594
438	118.21088	67.47849	205.32259	26.33896	525.3333	31.107433	31.716871	85.6008	-69.86903	1756000	0.07500514	735.4888	0.0	-536.0874	0.7217489	-1.564622e-09	834.9461221694946
439	210.33124	90.36696	302.47726	-23.291037	293.3846	38.05414	29.812489	83.31196	-83.012	1760000	-0.18490447	1388.2458	0.0	-1033.2749	0.73869896	2.0861624e-10	836.2729539871216
440	140.01155	117.47518	267.37347	-18.289165	240.125	53.545765	30.302485	89.14456	-72.385124	1764000	-0.0127554815	1409.4246	0.0	-1163.9792	0.7946408	-5.2154064e-10	837.5844330787659
441	182.46103	105.675964	268.94904	-29.200912	293.72726	45.36643	36.052334	91.84558	-88.48872	1768000	0.014631484	1197.2539	0.0	-433.27344	0.72642446	1.5944243e-09	839.2335062026978
442	95.85415	124.87564	277.11267	-31.373058	294.75	36.81508	29.686602	90.22806	-93.33026	1772000	-0.008364789	1431.3722	0.0	-638.9348	0.7612487	1.8328428e-09	841.0770041942596
443	138.39366	128.53899	281.77722	-60.34348	326.0	17.05829	38.821407	85.05808	-102.28086	1776000	-0.0053124987	1168.9375	0.0	-332.69916	0.7571776	3.0398368e-09	842.9922549724579
444	119.741196	109.64397	279.71317	-16.11132	412.85715	24.732422	31.253294	84.253784	-91.52589	1780000	-0.006858293	846.0949	0.0	-339.70242	0.7256566	1.8477441e-09	845.394984960556
445	168.23929	113.64368	287.7199	-13.794608	460.85715	14.848307	32.214672	89.94478	-78.11858	1784000	-0.008658543	666.27014	0.0	-297.71185	0.73289955	3.7252903e-09	847.5091757774353
446	144.26376	130.51437	275.52008	-52.382984	323.27274	44.707188	30.078758	92.99873	-74.43337	1788000	-0.0028061047	1326.7424	0.0	-370.3874	0.7674823	-1.758337e-09	849.0823760032654
447	103.84286	125.79832	269.37445	-70.51629	364.22223	12.767866	32.85025	85.79754	-87.61442	1792000	-0.04224786	1076.7212	0.0	-470.11035	0.78243566	4.902482e-09	851.1619169712067
448	174.86765	134.77534	290.1809	-75.147736	281.23077	34.119503	36.315247	89.309006	-73.59645	1796000	-0.021280501	1336.6863	0.0	-661.87366	0.7687473	4.082918e-09	852.4896779060364
449	141.89076	116.1759	279.40533	-60.66602	332.0909	42.89157	34.28475	94.96536	-84.94506	1800000	0.014684729	1263.5408	0.0	-589.3567	0.7073641	4.515052e-09	853.9912829399109
450	214.72665	77.068054	287.92484	65.35431	337.5	34.64703	32.19397	88.305336	-54.09508	1804000	0.021695744	999.5572	0.0	-391.60202	0.7083117	-9.685754e-10	855.8421740531921
451	173.07373	129.71408	289.74152	-63.23695	326.7	29.904776	38.261913	89.69746	-80.74372	1808000	-0.046916287	773.67444	0.0	-201.03333	0.7872261	1.3560056e-09	857.3585391044617
452	128.17496	138.81618	265.40866	-64.76852	296.0	37.53435	36.32869	100.86156	-80.965836	1812000	-0.0072296364	1281.8895	0.0	-610.3493	0.7583289	2.95043e-09	858.9907867908478
453	180.38187	69.47094	260.9491	38.805817	473.125	10.898998	33.55935	88.15238	-71.858376	1816000	-0.04509293	1000.66034	0.0	-599.9619	0.7005723	1.4305115e-09	860.9846768379211
454	145.21216	126.9577	262.1743	-74.34985	412.1111	34.7236	27.638956	92.34363	-77.57347	1820000	-0.0218957	1098.823	0.0	-435.31168	0.7769458	-1.6838313e-09	862.8040809631348
455	153.77005	124.98239	268.0887	-44.512104	388.375	26.361006	28.949923	89.855125	-88.44256	1824000	0.000642322	1012.6902	0.0	-374.84946	0.7462066	-3.0249356e-09	864.3325572013855
456	149.0414	109.0689	273.34406	-40.5717	357.54544	31.257504	31.90857	106.33369	-83.40581	1828000	-0.07174983	1128.9729	0.0	-382.43405	0.6930425	2.1457671e-09	865.9893698692322
457	178.80891	123.721016	284.9129	-51.53285	278.07144	41.494125	35.64089	103.90793	-68.18164	1832000	0.016199397	1025.5881	0.0	-229.65022	0.7442579	2.9802272e-11	867.3824410438538
458	127.55106	123.63349	268.4731	-44.57257	278.30768	35.307453	33.762077	94.99915	-88.82748	1836000	0.024298202	862.24054	0.0	-306.6159	0.77526975	-1.0430813e-10	868.7772629261017
459	207.04402	78.83789	272.96545	-22.421003	338.3	42.56989	30.786287	84.10803	-84.47626	1840000	-0.01142515	570.8266	0.0	-192.64929	0.8060343	1.758337e-09	870.3504309654236
460	126.35711	111.36497	258.7037	-28.278948	526.0	26.59526	27.545439	86.43539	-78.07109	1844000	0.033727508	1198.2329	0.0	-754.5501	0.7896747	1.6838313e-09	872.3140501976013
461	201.39005	97.786934	279.2889	-7.9652495	281.18182	40.32948	31.613894	88.91024	-102.94361	1848000	-0.030783247	1046.8091	0.0	-430.8597	0.75693953	-1.4901161e-10	873.7148790359497
462	200.9095	87.90199	267.2918	-43.571724	390.0	46.722816	25.918865	87.8462	-41.80652	1852000	-0.005069457	499.20435	0.0	-149.11139	0.80825776	2.4884939e-09	875.4009380340576
463	170.5797	107.669876	256.93036	-34.861626	329.54544	41.161457	28.49829	84.520485	-94.89355	1856000	-0.026641313	918.63794	0.0	-195.10843	0.7962134	-1.7732382e-09	876.9525899887085
464	134.56725	120.24385	275.23633	-11.328211	342.33334	34.65704	28.252192	86.98688	-77.81312	1860000	-0.016248614	1318.3655	0.0	-477.94348	0.78681695	2.0861624e-10	878.5648009777069
465	223.7213	57.256866	257.6925	85.48202	469.2857	37.106384	27.973776	85.73057	-30.575554	1864000	0.1664927	903.1553	0.0	-627.9569	0.7106832	1.0579825e-09	880.1499679088593
466	197.59067	92.716965	261.84183	-9.005568	309.7	38.294506	27.06218	81.05244	-87.84286	1868000	-0.06825863	830.4405	0.0	-270.60736	0.75904655	9.089709e-10	881.6264209747314
467	183.80246	102.73543	256.7129	-17.614681	400.44446	40.93326	23.410805	85.30666	-63.83042	1872000	-0.039686754	531.92004	0.0	-247.58824	0.8556193	-1.9073485e-09	883.4690010547638
468	222.06567	53.4351	267.9948	85.70259	425.375	39.01286	26.911476	88.53645	-59.21514	1876000	-0.0077598263	313.65878	0.0	-151.65256	0.7873317	-2.861023e-09	885.2238800525665
469	193.91206	85.191216	272.98862	15.315172	359.1	44.720703	27.681911	87.59993	-93.82037	1880000	-0.023723371	734.4568	0.0	-265.7657	0.78954375	-4.768371e-10	886.7693998813629
470	195.405	109.69347	281.09625	-55.2152	379.6	32.611176	27.762968	83.42705	-94.42071	1884000	-0.015700094	636.66925	0.0	-155.27246	0.76346385	4.1723247e-10	888.2697920799255
471	234.89168	17.446186	255.66089	208.39813	423.22223	38.532444	28.323784	87.47846	-61.24893	1888000	-0.044246554	408.92062	0.0	-227.787	0.7872746	-2.6822091e-09	889.9560651779175
472	172.00659	97.29296	256.65778	-1.2093327	384.25	41.395622	27.320446	103.33716	-45.809666	1892000	0.053365245	718.3626	0.0	-480.81412	0.816584	3.4272674e-10	891.826112985611
473	211.60442	56.06745	256.15088	78.62892	509.57144	31.596064	23.565804	82.331985	-11.564684	1896000	-0.012755798	230.39331	0.0	-72.07178	0.79389215	1.475215e-09	893.7599592208862
474	217.41309	78.02625	273.86206	5.957064	410.66666	38.420162	24.712896	83.65904	-57.11846	1900000	-0.070294425	474.92682	0.0	-103.15322	0.7683058	2.6822092e-10	895.4732689857483
475	206.35306	54.392776	260.6215	118.29284	551.2857	39.377193	26.067078	91.23066	-39.99847	1904000	0.09432341	713.16473	0.0	-526.96716	0.66410756	5.9604655e-11	897.3733038902283
476	204.71777	87.8858	272.87982	11.763726	328.27274	38.178463	28.79456	90.790764	-60.541695	1908000	-0.083373114	475.9406	0.0	-319.62607	0.813084	-3.0696392e-09	898.9284160137177
477	185.50804	92.58518	263.30573	-14.028159	370.1111	43.574158	27.224588	86.60376	-63.091503	1912000	0.0030171834	453.93506	0.0	-285.69888	0.8090381	-8.493662e-10	900.6953201293945
478	191.237	98.57231	275.3765	-2.3399549	375.55554	31.470192	32.96599	84.459145	-100.80303	1916000	-0.009061925	901.5619	0.0	-350.21536	0.799899	1.9967556e-09	902.1976368427277
479	207.22194	84.00275	260.38058	-53.18612	348.18182	46.50958	24.885906	89.272194	-33.12205	1920000	-0.037826635	325.57104	0.0	-125.674194	0.7913127	1.0877848e-09	903.6807880401611
480	111.86745	110.98144	270.16815	-24.015335	405.1111	30.387648	30.818628	91.24246	-89.62479	1924000	0.0912362	997.88135	0.0	-592.3408	0.72363746	2.3394822e-09	905.2777791023254
481	191.35355	93.85968	271.52884	-5.9791245	456.42856	35.35671	24.47813	87.68733	-43.81345	1928000	0.00901071	568.14374	0.0	-346.35306	0.69376755	7.3015693e-10	906.9356420040131
482	218.56305	82.08362	276.5985	-33.65334	326.0909	41.080185	29.449781	97.13573	-90.9798	1932000	-0.04569569	466.62436	0.0	-223.64618	0.75811076	-3.2782554e-10	908.5251338481903
483	98.770744	112.51788	208.82648	-72.804504	526.3333	20.291842	25.62545	94.84478	-42.83058	1936000	0.048229344	869.11725	0.0	-219.40775	0.77633476	-3.427267e-10	910.473659992218
484	229.72043	19.709045	256.11758	189.44638	412.14285	25.350859	27.197157	80.47934	-33.582825	1940000	0.005753336	284.86816	0.0	-142.22	0.77475166	3.1590464e-09	912.1549141407013
485	195.77148	75.23013	275.27615	62.782738	498.7143	34.249985	29.288881	102.41491	-10.869568	1944000	0.053041644	268.41626	0.0	-144.14687	0.7182245	5.215407e-10	914.0676281452179
486	195.59863	81.838135	261.94412	34.49758	434.5	31.910137	30.583519	99.86037	-60.828632	1948000	-0.05388356	505.47778	0.0	-346.7721	0.7290963	-3.1143426e-09	916.0348088741302
487	154.61333	125.93587	272.87228	-51.93131	340.63635	41.140324	25.419147	88.85271	-64.100586	1952000	-0.03386052	1154.1965	0.0	-667.3994	0.8042357	1.4901164e-10	917.4773478507996
488	222.91835	13.550357	243.08435	199.66463	476.57144	29.001553	29.711302	86.96779	-79.617874	1956000	0.026626047	572.75946	0.0	-338.0356	0.6983654	-1.1324883e-09	919.2008662223816
489	133.97627	119.09714	257.30887	-25.66956	299.63635	34.51138	35.04085	90.151924	-97.37856	1960000	0.0028528841	1128.6431	0.0	-302.6395	0.7780162	-3.2931569e-09	920.6415939331055
490	186.75237	90.7572	272.51477	1.1937412	306.25	35.372173	30.988546	92.83675	-41.613403	1964000	-0.025039904	1097.5359	0.0	-428.779	0.7380266	-1.7136336e-09	922.0597069263458
491	172.00012	109.250465	266.7046	-42.942055	301.5	38.494053	34.50901	86.73325	-71.4409	1968000	0.010511652	686.5581	0.0	-285.0457	0.759301	-2.3692848e-09	923.5962820053101
492	112.389854	136.02788	265.13925	-40.481472	264.08334	43.633442	28.739717	88.626945	-93.79775	1972000	0.009282142	1957.3712	0.0	-981.38947	0.77432144	5.066395e-09	925.0069961547852
493	201.50024	102.37198	262.9023	-46.11614	328.9091	41.18082	35.99122	94.79183	-84.52174	1976000	0.086865924	653.9822	0.0	-212.91147	0.68238044	-5.364418e-10	926.4564249515533
494	182.88745	107.89286	272.71835	6.0435805	326.33334	39.79409	32.777565	86.04587	-98.17305	1980000	-0.039586008	904.65466	0.0	-477.33395	0.7291639	7.1525574e-10	928.1714251041412
495	130.67833	115.362755	253.916	-27.590502	309.0	42.498016	33.30957	87.42943	-92.973785	1984000	0.04835107	887.87744	0.0	-445.0645	0.72116697	-1.4901161e-09	929.9057140350342
496	139.34293	130.52528	275.2928	-64.209656	287.3846	31.172348	37.362045	92.59493	-117.97104	1988000	-0.030020498	1664.7786	0.0	-811.02795	0.72507846	-6.407499e-10	931.2604329586029
497	167.83864	124.363365	277.11057	-54.478535	296.0	38.787685	38.843426	98.076485	-81.54965	1992000	-0.006087224	1011.71533	0.0	-337.93253	0.6774101	2.0712614e-09	932.8224060535431
498	158.09944	112.87036	274.05484	10.47396	313.75	27.015188	40.721596	92.87492	-103.3533	1996000	-0.04329787	706.68396	0.0	-405.33246	0.7046704	-1.5199184e-09	934.3252220153809
499	188.84142	102.95645	284.00293	-53.37887	429.44446	31.112974	33.69098	97.52586	-84.35315	2000000	-0.053326588	987.10986	0.0	-538.0217	0.6248817	-2.220273e-09	936.3477032184601
