Epoch	AverageEpRet	StdEpRet	MaxEpRet	MinEpRet	EpLen	AverageVVals	StdVVals	MaxVVals	MinVVals	TotalEnvInteracts	LossPi	LossV	DeltaLossPi	DeltaLossV	Entropy	KL	Time
0	-217.5306	120.617645	-50.60414	-443.84042	92.34884	-0.15573484	0.024438081	0.0025105104	-0.2338768	4000	0.002077674	18388.393	0.0	-1075.5996	1.37861	5.960465e-11	2.953007936477661
1	-220.26506	115.98803	3.3737469	-428.45273	87.53333	-3.7162588	1.3846778	4.4410567	-5.220353	8000	0.027118726	17626.059	0.0	-1264.626	1.3442879	8.3446505e-10	5.892421007156372
2	-137.09618	75.1558	8.013834	-398.94794	89.204544	-9.0457735	0.25450525	-4.6045322	-9.165901	12000	0.015776852	6222.88	0.0	-307.9292	1.3546991	-4.4703484e-11	8.829502820968628
3	-129.66801	73.58468	-1.8797249	-332.34854	103.289474	-11.357709	0.1738499	-8.981199	-11.445928	16000	0.013677919	5326.616	0.0	-224.37158	1.3424363	3.2782554e-10	11.825381994247437
4	-131.57346	97.951965	-17.1545	-524.21814	105.86487	-13.360357	0.11930379	-11.502553	-13.427496	20000	0.0356229	6706.808	0.0	-248.60742	1.3199347	-8.940697e-11	14.879780054092407
5	-106.21791	57.36854	-13.478254	-254.03444	124.25	-15.499828	0.057379168	-13.45616	-15.5522995	24000	-0.026153648	2329.8826	0.0	-99.666504	1.2876425	1.8775463e-09	18.007493019104004
6	-108.39881	72.54141	-7.016288	-275.5362	147.96153	-16.9307	0.2068473	-13.455765	-16.99952	28000	-0.018940803	2114.284	0.0	-68.523926	1.1978906	-1.5348196e-09	21.291847705841064
7	-101.31094	68.60912	-14.888127	-278.94077	180.27272	-18.073542	0.29468966	-16.121267	-18.207293	32000	-0.00064132427	2177.9407	0.0	-55.21924	1.1546327	1.6987324e-09	24.82362198829651
8	-55.520824	59.234325	23.64566	-146.96109	331.41666	-19.053171	0.30307433	-17.6522	-19.28321	36000	0.01100673	1125.7406	0.0	-0.29138184	1.1116011	-7.748604e-10	30.58430576324463
9	-29.926273	45.60609	45.604683	-130.5588	234.07143	-19.034613	0.31930164	-17.756088	-19.301579	40000	-0.00446482	1437.3578	0.0	-5.279663	1.071956	7.4505807e-10	36.32136106491089
10	-1.6279012	21.420242	47.52169	-30.160683	280.18182	-18.639393	0.3619893	-17.36447	-18.953156	44000	-0.0057334374	1223.457	0.0	-17.66333	1.122887	-2.1010638e-09	42.49267601966858
11	9.900618	38.15857	71.99782	-49.487255	240.8125	-17.946218	0.49015993	-14.628274	-18.257694	48000	-0.009745784	1400.0173	0.0	-20.758057	1.0474895	1.9669533e-09	48.344117879867554
12	-40.97341	54.10499	-2.5174606	-145.65015	638.0	-17.03771	0.5317296	-12.147406	-17.455914	52000	-0.027601019	931.32404	0.0	-8.521057	1.078698	-8.493662e-10	55.040278911590576
13	-42.20398	15.92018	-25.531069	-68.45955	866.75	-16.725548	0.31585816	-15.625673	-17.007368	56000	-0.07345808	712.3189	0.0	-9.379944	1.0600481	2.3394824e-09	62.278417110443115
14	60.00625	26.766043	90.45174	18.812609	673.2	-16.305433	0.19736062	-15.604108	-16.444368	60000	-0.11090216	1117.7219	0.0	-44.279663	1.1599823	-2.0116568e-09	68.94719195365906
15	59.045208	44.56387	126.36439	3.2803516	464.625	-15.182041	0.12496	-14.412037	-15.233899	64000	-0.06443296	1128.0431	0.0	-64.83728	1.048395	-2.1308662e-09	74.56738090515137
16	30.939285	33.55628	123.5615	-25.362055	247.375	-13.613937	0.084045865	-12.8251915	-13.680537	68000	-0.015448248	1594.3417	0.0	-31.351807	0.93486166	5.5134297e-10	78.71076989173889
17	44.501923	62.91786	193.28276	-14.28274	347.36365	-12.484235	0.067731544	-11.819729	-12.5338955	72000	-0.011189552	1423.3679	0.0	-33.14868	0.89860976	-2.1755695e-09	82.90096497535706
18	50.333717	58.130917	168.08047	2.5560057	439.66666	-11.308968	0.07035851	-10.687515	-11.360498	76000	-0.022401268	938.8485	0.0	-32.536438	0.90698254	-3.2782554e-10	87.43807101249695
19	6.286746	66.79527	85.97614	-70.78456	720.0	-10.090481	0.09192509	-9.528298	-10.168106	80000	-0.046964347	761.0754	0.0	-19.84613	0.9184519	8.9406965e-10	93.34802198410034
20	-548.2296	197.18707	-214.77948	-701.2566	901.75	-9.174956	0.020796355	-9.111937	-9.205609	84000	-0.012879703	4455.0483	0.0	-338.16406	0.9541474	-1.3113022e-09	99.60151696205139
21	-284.8922	243.53435	-14.273042	-528.8173	1000.0	-12.774144	0.041372634	-12.583913	-12.818283	88000	-0.023293	1264.8417	0.0	-65.726685	0.9545235	-2.9802322e-10	106.66654586791992
22	173.6617	43.77847	245.32472	126.44085	878.0	-14.554669	0.11445475	-14.027806	-14.643351	92000	-0.110671155	1418.5802	0.0	-137.11963	0.840816	-2.0861626e-09	113.10852384567261
23	223.63683	54.48849	270.7723	96.77379	545.2857	-12.216343	0.2245984	-11.191396	-12.451639	96000	-0.17247851	2499.9473	0.0	-1125.785	0.7834749	1.013279e-09	118.70198178291321
24	216.43845	40.942272	254.74487	114.71051	496.625	4.1750684	3.416888	8.952204	-2.0285597	100000	-0.13690923	1739.0308	0.0	-434.41772	0.7549535	-2.384186e-10	124.02737188339233
25	200.06615	98.88014	265.01376	-40.609493	355.0	11.132174	0.14769752	11.383743	10.782008	104000	-0.17525485	2144.79	0.0	-182.37561	0.74936175	2.2053719e-09	128.30257391929626
26	226.95332	74.274994	288.43625	12.642386	377.7	14.029827	0.08766668	14.15744	13.77131	108000	-0.19883987	1887.911	0.0	-176.21265	0.74684143	1.5497208e-09	132.57581186294556
27	211.69205	41.677296	265.415	115.21742	493.25	16.877047	0.06752614	16.949888	16.672405	112000	-0.1639592	1043.164	0.0	-60.55243	0.7426824	4.351139e-09	137.9315469264984
28	173.39171	123.6476	271.87604	-72.2032	409.55554	18.588852	0.05078769	18.662693	18.385693	116000	-0.15997256	1558.3107	0.0	-26.205933	0.7734576	-1.192093e-10	142.64907383918762
29	197.13545	93.06766	259.31284	-43.4652	474.125	19.720802	0.05269433	19.797512	19.593365	120000	-0.18046592	1167.8754	0.0	-22.18518	0.803879	-1.6391277e-09	147.43866801261902
30	142.94972	109.39293	264.05948	-61.00404	651.6667	20.76611	0.05576417	20.839056	20.631565	124000	-0.10464861	939.55005	0.0	-3.4901733	0.7471732	1.758337e-09	152.9171769618988
31	179.89954	41.50503	250.31746	137.84892	769.8	20.404373	0.065123506	20.509317	20.263721	128000	-0.18174687	907.2614	0.0	-1.6997681	0.82291085	-3.874302e-10	160.0557427406311
32	173.55437	83.84815	253.8662	21.048443	695.0	20.120054	0.06948456	20.22926	19.959599	132000	-0.16941716	742.7166	0.0	-1.0097656	0.8168536	-1.7285346e-09	165.98185110092163
33	194.33224	5.4007316	202.78056	186.08107	762.6	19.902176	0.07316177	20.028519	19.747276	136000	-0.17442237	643.31165	0.0	-0.1720581	0.8224447	-2.3841857e-09	172.19619393348694
34	211.35933	37.1806	280.00888	151.79951	615.5	19.8883	0.071941465	20.004272	19.718958	140000	-0.15718375	854.6821	0.0	-6.502136	0.76698595	-7.301569e-10	177.66075992584229
35	193.81854	37.119995	257.11084	142.21332	662.1667	20.473412	0.06647682	20.578238	20.314844	144000	-0.13582827	907.95465	0.0	-2.519287	0.7468637	1.1026859e-09	184.09915471076965
36	148.86852	79.25667	256.71402	15.386519	488.375	20.868608	0.064512916	20.974865	20.720615	148000	-0.16397509	966.87006	0.0	-1.7042236	0.75151795	1.1324882e-09	189.36185479164124
37	137.9679	92.62438	255.86568	13.604909	469.625	21.1866	0.06862645	21.301662	21.053017	152000	-0.10679391	1083.334	0.0	-7.1673584	0.74093187	-4.4703484e-11	195.0218698978424
38	146.53934	111.541756	249.12253	-46.781624	538.1429	21.3288	0.2485692	21.602213	20.150412	156000	-0.14822854	1112.7396	0.0	-116.32715	0.80607444	-2.2351741e-10	200.85689997673035
39	-27.91205	39.89695	25.52399	-87.01644	810.75	6.8447146	11.9383955	21.663446	-18.567926	160000	-0.020020947	437.41516	0.0	-175.47641	0.84119976	1.5646219e-09	207.09278678894043
40	-65.65845	167.1334	218.42892	-210.3973	895.5	-7.128226	10.451043	20.588964	-17.664827	164000	-0.05082657	331.7654	0.0	-90.136	0.8355267	1.5795231e-09	213.22651314735413
41	-101.48216	33.685192	-67.553246	-156.88588	1000.0	-16.312344	6.429235	13.104271	-21.078632	168000	-0.029510032	87.91475	0.0	-17.034622	0.8635475	-2.0712614e-09	219.35388779640198
42	126.39662	58.625923	177.68759	18.54054	681.0	-2.3176074	12.683868	21.180258	-19.692543	172000	-0.13193914	789.3197	0.0	-182.64972	0.7995498	2.4586917e-09	225.47904181480408
43	164.94444	102.17255	248.62561	-42.228687	436.55554	13.980698	10.815868	21.759827	-14.621573	176000	-0.100829184	1516.4058	0.0	-122.12158	0.7266997	2.2351743e-09	230.3523268699646
44	229.44809	12.691278	242.45406	203.94334	421.0	21.5203	4.4775715	23.464056	0.38650623	180000	-0.12694144	1005.60803	0.0	-97.95178	0.67001694	7.4505807e-10	235.12303185462952
45	169.1793	114.457664	259.84592	-20.811377	358.72726	25.482954	1.5931629	26.073639	14.95617	184000	-0.13175151	1566.8727	0.0	-33.050903	0.6931974	1.9073487e-09	239.2812008857727
46	236.67766	39.5906	291.05923	139.6341	417.77777	27.21449	1.4662719	27.763565	15.517404	188000	-0.11907628	1001.2934	0.0	-94.184326	0.6235917	1.4901161e-09	243.60060095787048
47	156.38649	111.39627	273.6738	-26.935219	350.27274	30.293568	0.43505797	30.50758	26.497223	192000	-0.052771665	1548.8088	0.0	-3.482544	0.66384435	-7.748604e-10	247.71839570999146
48	254.86018	17.71083	277.42014	212.94351	381.7	31.057367	0.20333377	31.179617	29.967873	196000	-0.18569815	945.1153	0.0	-150.84424	0.65271026	3.784895e-09	251.9983777999878
49	249.2521	15.180941	278.17313	220.6254	383.5	34.598328	0.1064952	34.672245	33.476223	200000	-0.19832256	696.1982	0.0	-90.60492	0.6362581	-9.23872e-10	256.190810918808
50	247.11462	13.920599	274.8491	229.31793	396.0	37.465736	0.072296195	37.527893	37.066616	204000	-0.19349727	610.81976	0.0	-47.905396	0.64577454	7.4505804e-11	260.848739862442
51	210.68906	45.10109	251.2736	103.938736	520.5714	39.554657	0.0665173	39.613598	39.26781	208000	-0.11271026	664.02014	0.0	-9.405457	0.66892326	3.2782554e-10	266.0615029335022
52	191.48299	54.199448	245.24617	79.05113	608.1667	38.7444	0.11142525	38.83475	38.15786	212000	-0.1358712	748.1277	0.0	-46.0755	0.68270046	-1.4603138e-09	271.4507050514221
53	220.89981	16.732094	244.77304	192.79738	509.85715	36.678493	0.24115804	36.86007	34.663765	216000	-0.18180308	595.9517	0.0	-5.279541	0.6907485	1.2218953e-09	276.90454387664795
54	220.02327	15.046595	246.90671	201.8167	569.5714	35.998703	0.34298992	36.272274	30.497845	220000	-0.16902804	611.5869	0.0	-54.075317	0.69654495	2.1010638e-09	282.56623888015747
55	97.849	47.341743	178.46921	61.574814	877.75	33.585934	2.4223096	35.583733	18.742325	224000	-0.059335236	722.5223	0.0	-507.5108	0.6818656	-2.861023e-09	289.3944549560547
56	112.9178	100.713745	214.25398	-56.371006	754.2	12.11297	1.5975685	15.456557	5.946186	228000	-0.095638506	733.08936	0.0	-7.6505127	0.70991284	1.1473894e-09	295.72484707832336
57	48.721764	85.6096	148.65262	-78.58849	894.5	10.33563	1.6368536	13.426551	2.9103634	232000	-0.07284399	589.4982	0.0	-74.712585	0.7256654	1.4603138e-09	303.0164520740509
58	-21.354307	24.504635	7.66685	-57.80774	1000.0	4.5293593	1.1970733	9.152063	1.6042726	236000	-0.09007187	180.0393	0.0	-109.651276	0.7504804	-6.705523e-10	311.10068702697754
59	-54.24894	21.847254	-17.934072	-75.38424	1000.0	-2.3795385	3.5443711	6.1575513	-8.718273	240000	-0.082315825	77.31555	0.0	-39.42853	0.73826504	1.4901162e-11	319.5652389526367
60	-52.45106	20.633596	-32.447342	-83.85001	1000.0	-7.7828856	4.9109254	6.8694825	-15.632885	244000	-0.07518838	29.138422	0.0	-4.112341	0.7497524	9.536744e-10	327.7178268432617
61	-41.760136	30.161884	7.9891233	-68.42791	1000.0	-10.93255	6.0819097	6.220478	-19.700676	248000	-0.08009983	47.52579	0.0	-14.581203	0.74191445	1.7434358e-09	335.5553209781647
62	39.871914	57.25063	134.76022	-8.4764385	985.0	-9.211144	8.573683	11.373311	-19.793283	252000	-0.074092545	325.1895	0.0	-114.20964	0.70996875	1.4901161e-10	343.32506275177
63	147.06813	36.391415	186.5318	88.17185	862.0	1.5598565	8.123623	14.701786	-12.586431	256000	-0.058528893	547.4324	0.0	-149.99365	0.6516114	3.6656858e-09	349.68372082710266
64	211.88272	21.277342	239.70563	176.358	547.2857	10.374504	4.897104	21.975906	-2.2607045	260000	-0.13918915	934.50586	0.0	-476.0051	0.6488701	-6.2584876e-10	355.1822679042816
65	218.13676	44.943703	263.84607	107.18345	496.375	29.000685	4.6234016	35.467262	16.115244	264000	-0.12601596	608.5707	0.0	-60.45276	0.61724925	-9.387732e-10	360.37040305137634
66	253.28323	17.098564	270.90964	210.6675	380.5	32.442192	4.372755	36.776184	18.306362	268000	-0.16934185	756.35394	0.0	-211.6814	0.5895922	-7.4505807e-10	364.70922589302063
67	219.29361	59.321224	265.14615	41.260563	327.18182	40.659435	0.45467165	40.859676	35.434875	272000	-0.101394214	741.9319	0.0	-43.803406	0.52962637	-1.4901162e-11	368.86796474456787
68	169.11963	113.13232	284.75833	-20.427425	293.30768	43.11722	0.5989492	43.34318	35.46913	276000	-0.05047364	1538.0815	0.0	-2.5980225	0.55404806	1.5199184e-09	372.912015914917
69	138.83237	114.70187	283.7052	-27.693815	265.4	43.683224	0.13730004	43.746475	40.37694	280000	-0.028178554	2119.9849	0.0	-24.810547	0.5328276	-2.041459e-09	376.8188977241516
70	159.48459	126.15892	308.2349	-38.52543	282.2143	41.9245	0.1113905	41.981	39.31807	284000	-0.032994162	2041.4464	0.0	-2.4023438	0.5050091	-1.1175871e-09	380.67909693717957
71	167.72095	112.351524	270.1113	-4.5503926	282.2143	41.29639	0.15360068	41.362015	37.895718	288000	-0.031723496	1799.9628	0.0	-0.6542969	0.52096164	3.889203e-09	384.58412313461304
72	234.31015	73.79631	289.85538	6.7211666	357.54544	41.562477	0.11408835	41.620274	39.17511	292000	-0.07351338	1060.0055	0.0	-30.846436	0.5185873	-2.6077032e-09	388.8341019153595
73	152.20769	122.96628	289.44415	-4.420729	262.86667	43.634327	0.18378049	43.703583	39.79666	296000	-0.032630503	2211.8735	0.0	-2.526123	0.49983847	7.301569e-10	392.65762877464294
74	213.46501	104.63337	301.35645	-2.706131	276.85715	43.282925	0.08988499	43.352924	42.51153	300000	-0.05095502	1658.4702	0.0	-79.08142	0.50196886	-9.536744e-10	396.50684690475464
75	206.8389	94.58619	300.91464	11.007786	301.53845	46.584835	0.19801156	46.669716	41.234356	304000	-0.07074672	1205.0891	0.0	-17.075317	0.5297819	1.9222497e-09	400.4748430252075
76	222.80913	85.300896	291.0947	2.5254638	382.8	48.308613	0.115140595	48.387707	47.308353	308000	-0.0541507	1179.8546	0.0	-4.7851562	0.5087088	2.041459e-09	404.6913089752197
77	227.53267	73.126976	276.5163	4.4166946	339.0	47.52249	0.119398676	47.62065	46.850338	312000	-0.10477314	815.9069	0.0	-6.20874	0.5504353	5.066395e-10	408.9951767921448
78	170.53429	95.52562	265.63528	-6.8543553	426.66666	48.412148	0.14803375	48.531277	47.24305	316000	-0.044361006	1359.8767	0.0	-249.1499	0.50582415	-1.5050173e-09	413.79964208602905
79	125.91199	107.810974	229.36395	-90.79143	495.375	41.151855	3.1811478	44.332222	28.582067	320000	-0.032986686	1524.7087	0.0	-852.13934	0.5320148	-1.3560056e-09	418.38494992256165
80	63.921143	98.133835	204.60373	-38.122448	523.3333	13.612135	14.444847	42.567898	-29.926346	324000	-0.018907674	775.70776	0.0	-87.305176	0.6147828	3.874302e-10	423.0899579524994
81	169.94711	92.94433	225.78502	-73.06876	460.75	-1.3374295	22.272728	42.48127	-30.314548	328000	-0.07796842	1628.446	0.0	-863.59924	0.56059724	-1.3411046e-09	428.04994773864746
82	104.46618	86.64858	204.10558	-35.31046	615.8333	23.406094	10.434693	43.517216	-21.363327	332000	-0.09170182	705.3623	0.0	-140.85504	0.605153	-4.5746567e-09	433.1746418476105
83	53.306664	123.17761	170.35368	-93.65311	511.2857	10.996264	13.303205	43.026066	-14.889896	336000	0.0098988945	1166.8877	0.0	-115.8562	0.58429116	9.536744e-10	438.37877082824707
84	-3.2532086	73.70744	127.44505	-70.78542	730.8	-0.21290311	15.548017	41.10936	-25.423346	340000	-0.05229867	473.97763	0.0	-47.512054	0.6437639	-7.599592e-10	444.29350686073303
85	20.364393	86.190094	133.89659	-87.702805	686.0	-3.1284506	15.967622	39.55055	-19.50303	344000	-0.025827605	631.55835	0.0	-40.83954	0.6339419	4.1723253e-10	449.98133182525635
86	0.6521393	129.97798	120.18129	-184.14232	757.0	-3.4927187	12.599718	37.198	-20.30328	348000	-0.06291225	787.19507	0.0	-49.84326	0.62719256	-1.7732382e-09	455.31432008743286
87	85.43035	33.94453	125.94808	36.17497	804.5	1.8591707	18.936506	42.889126	-17.993896	352000	-0.011193712	306.16306	0.0	-60.13156	0.5783628	-1.3262034e-09	461.2072150707245
88	-13.87639	119.797325	105.52531	-178.73517	716.8	4.2228637	12.890501	40.159073	-18.606567	356000	-0.023847956	856.2967	0.0	-86.97711	0.6359856	2.9802324e-11	467.16909980773926
89	80.1504	59.72568	134.84384	-36.25097	740.0	-2.2447119	14.288192	41.425507	-19.99566	360000	-0.11680339	503.814	0.0	-149.5112	0.6253643	3.1590461e-09	473.4441120624542
90	-72.79594	89.773315	103.50477	-135.83075	610.8	3.7410088	10.76313	44.265976	-8.174746	364000	0.008030542	1103.382	0.0	-433.568	0.6396349	-1.2367963e-09	479.41066789627075
91	30.88782	110.96582	155.6487	-99.05408	865.0	-12.28798	20.333084	43.87918	-31.734097	368000	-0.050542876	358.2024	0.0	-141.89468	0.6428875	2.9057263e-09	485.2455999851227
92	19.085125	87.96675	143.77722	-94.25099	960.0	-0.39765435	17.201145	43.493477	-17.60754	372000	-0.036648296	343.39642	0.0	-100.91406	0.6499715	1.5497208e-09	491.8377459049225
93	-73.835045	30.71131	-40.61277	-122.28237	963.5	0.71507704	12.188793	43.22637	-12.205498	376000	-0.006644521	323.07776	0.0	-158.44073	0.63226277	-8.940697e-11	498.42909479141235
94	-24.77001	6.845753	-16.990248	-35.779457	1000.0	-9.959576	14.49431	45.06414	-23.06138	380000	-0.07839871	88.17169	0.0	-10.379799	0.6485442	3.1292438e-10	505.6057188510895
95	-20.953981	17.930597	-0.118986435	-40.916397	1000.0	-6.2412825	15.687363	45.570065	-20.985203	384000	-0.042010438	46.935062	0.0	-9.575462	0.66708595	3.5762787e-10	513.5398387908936
96	-22.533104	15.132083	-5.7153845	-43.80431	1000.0	-8.803717	12.910249	33.71559	-21.32257	388000	-0.08931211	59.466686	0.0	-8.92981	0.65423423	2.2798776e-09	523.9612319469452
97	-50.05564	14.502348	-34.944088	-71.84451	1000.0	-6.718968	15.740809	37.246178	-20.530115	392000	-0.019354623	21.028484	0.0	-5.0086803	0.67022586	1.0430813e-10	531.8352880477905
98	-18.606815	20.727198	4.805764	-40.52894	1000.0	-8.645179	16.329361	44.460606	-21.662977	396000	-0.015454857	61.283882	0.0	-9.590664	0.6490056	1.4156103e-09	541.3984479904175
99	-18.819832	11.88002	-5.502854	-37.058887	1000.0	-7.5691624	17.449371	45.560013	-21.897207	400000	-0.013468562	32.30784	0.0	-2.1403198	0.6516231	-1.4901161e-09	549.7172088623047
100	-21.753706	26.212236	1.0651034	-64.94144	1000.0	-7.8665233	17.477142	42.479546	-23.09497	404000	-0.052722346	34.743282	0.0	-4.0399075	0.64989245	2.6524067e-09	557.4306318759918
101	19.817356	68.2576	135.90063	-39.83131	988.25	-7.1276946	17.887186	38.968918	-22.77822	408000	-0.05391573	274.61166	0.0	-77.56323	0.6392524	2.0563602e-09	564.9400029182434
102	32.183098	94.10533	233.92178	-53.363056	650.0	1.7945247	19.80993	46.819992	-17.6397	412000	0.0026614028	518.51654	0.0	-70.0491	0.6245298	-1.5348196e-09	571.8398849964142
103	128.91231	105.90649	242.13841	-39.62448	636.1667	5.003867	19.02181	45.746265	-21.497887	416000	-0.023427881	879.16833	0.0	-214.8274	0.60101646	-6.705523e-10	577.8371639251709
104	209.13861	21.26351	247.89532	183.38026	628.1667	15.338776	15.566633	48.846287	-1.9597049	420000	-0.06382016	618.83545	0.0	-210.34583	0.56195146	5.364418e-10	583.1124658584595
105	72.69164	129.93896	252.99823	-75.213844	377.9	27.611301	14.42283	52.02168	-21.25829	424000	0.017308922	1822.132	0.0	-463.56494	0.5292448	3.7252904e-10	587.5579268932343
106	120.07462	121.5693	257.03787	-91.43039	391.5	14.615245	18.448694	52.90256	-27.893555	428000	-0.023969345	1259.4695	0.0	-285.13477	0.5187298	8.791685e-10	592.0252778530121
107	74.75042	132.48457	240.78416	-77.494	410.8889	21.72406	17.35525	55.46449	-30.677828	432000	-0.014619844	1816.8252	0.0	-303.70874	0.5192478	3.5911798e-09	596.5236539840698
108	100.45689	119.12596	236.31296	-90.75397	389.5	6.807199	22.69612	55.49416	-48.061905	436000	-0.048136175	2230.8372	0.0	-737.5143	0.4535227	-1.2814999e-09	600.9780979156494
109	76.88385	125.918564	247.19153	-66.21439	488.875	17.926928	15.564933	55.512447	-6.5900517	440000	-0.010815333	1253.8871	0.0	-222.32825	0.5365024	2.1606683e-09	606.1059718132019
110	82.612076	131.8223	220.74539	-92.74295	481.7143	13.496459	23.169304	56.35763	-17.739012	444000	0.031995893	1275.4703	0.0	-70.78992	0.49688503	5.5134297e-10	610.7036709785461
111	31.456972	118.55234	179.22986	-100.39921	549.0	12.585352	21.949604	55.241417	-25.962313	448000	-0.0044329343	950.6324	0.0	-109.314514	0.49693593	4.4703483e-10	615.6420609951019
112	38.27436	109.34185	206.37065	-68.36188	563.0	11.048246	25.325256	55.99295	-12.344721	452000	-0.023409393	1120.796	0.0	-244.03052	0.5451056	-2.503395e-09	620.892098903656
113	67.673325	99.82065	189.16418	-63.190918	660.4	8.560113	16.792984	52.637615	-20.145548	456000	-0.012753447	529.424	0.0	-34.57425	0.47851905	5.960465e-11	626.6702959537506
114	81.07685	91.76566	193.04088	-66.05462	620.6667	14.107957	17.917496	54.49303	-23.265242	460000	-0.06378405	746.6999	0.0	-139.94049	0.520231	-7.8976153e-10	631.8652188777924
115	61.16974	113.34831	189.81967	-91.85396	612.5	11.000596	20.119467	53.414894	-19.736242	464000	-0.03761266	918.2334	0.0	-224.82751	0.5113077	1.6838312e-09	637.2694277763367
116	43.026073	97.94199	152.16919	-95.27148	634.6	4.3685555	19.223793	54.83602	-13.205595	468000	-0.023437303	811.7792	0.0	-92.91919	0.5520691	4.4107438e-09	643.0549008846283
117	115.67656	84.26348	184.72931	-46.405796	756.8	1.1040152	18.476751	50.11811	-12.373771	472000	-0.10575009	531.1417	0.0	-219.41269	0.53065133	-9.536744e-10	648.7904727458954
118	-42.33793	13.817443	-24.245995	-57.974663	1000.0	3.0611553	13.058228	47.47186	-9.063637	476000	-0.060193438	124.81335	0.0	-93.2921	0.5735914	-2.69711e-09	655.7456419467926
119	-67.375755	60.62226	-6.036177	-166.74483	988.5	-4.0485106	12.78511	34.83226	-10.80822	480000	-0.0014607925	236.8425	0.0	-42.321564	0.553909	-8.940697e-11	662.2606868743896
120	-36.789505	16.407806	-14.968183	-56.64378	1000.0	-6.96371	13.779892	35.44144	-13.417952	484000	-0.045853987	50.064007	0.0	-7.6782494	0.55546767	2.9802322e-10	668.512953042984
121	-51.910614	38.731873	2.6624076	-97.43397	1000.0	-6.7431483	15.329588	55.209347	-14.08856	488000	-0.026252402	127.7561	0.0	-18.689713	0.5389514	-5.275011e-09	675.4468388557434
122	-73.23187	4.0806165	-69.83426	-79.958664	1000.0	-6.9578977	15.12544	40.78436	-15.263546	492000	0.0002453804	50.831753	0.0	-23.29035	0.5520548	-1.4901161e-10	681.2825558185577
123	-75.660675	18.085749	-55.315536	-104.058365	1000.0	-10.86251	13.669519	37.977997	-17.175064	496000	-0.014190005	29.993843	0.0	-5.75334	0.5496422	-1.0579825e-09	687.5783538818359
124	-49.859936	23.248735	-18.904251	-84.07103	1000.0	-10.005822	15.001497	55.223953	-17.347036	500000	-0.062989764	32.35085	0.0	-14.017311	0.5599905	9.23872e-10	694.1817860603333
125	-50.543575	26.059479	-18.281437	-81.67312	1000.0	-8.43155	16.791136	51.103394	-19.096886	504000	-0.004470249	58.03767	0.0	-3.57053	0.52860886	4.61936e-10	700.1926157474518
126	-63.107185	13.874874	-49.04559	-84.65328	1000.0	-9.448012	15.4756975	40.85517	-17.511374	508000	-0.02208592	23.154856	0.0	-4.8573265	0.5325851	-1.1324882e-09	707.3686208724976
127	-22.631481	23.417488	11.317306	-47.21535	1000.0	-9.904325	14.798193	58.267673	-17.313423	512000	-0.05627121	75.66107	0.0	-17.272678	0.5346258	-3.5911798e-09	713.2163589000702
128	43.92047	78.004	122.35299	-38.267647	931.25	-4.076822	18.746914	58.038784	-25.120567	516000	-0.0916876	280.01678	0.0	-119.22572	0.49438515	-1.1324882e-09	719.3250877857208
129	-86.28394	35.248287	-56.74964	-146.27353	959.5	-4.0328956	16.041891	53.127697	-15.52211	520000	-0.006326392	285.18243	0.0	-82.0578	0.51520026	9.983778e-10	724.9927759170532
130	-11.379431	85.759735	103.236595	-137.04027	885.75	-5.9803243	18.39996	54.68169	-18.345394	524000	-0.0069109565	303.99506	0.0	-19.419495	0.5039455	4.455447e-09	730.8715288639069
131	17.6657	71.21554	139.94766	-37.913708	964.75	-4.1727605	20.599144	61.262115	-16.95125	528000	-0.052434895	127.14977	0.0	-32.30471	0.514398	6.109476e-10	737.2527537345886
132	90.77495	64.5296	148.20197	-11.903673	936.75	14.559366	30.203928	62.337616	-48.117336	532000	-0.09898351	955.9625	0.0	-529.8765	0.54684293	-8.1956386e-10	743.3666470050812
133	46.97418	89.56398	150.05582	-67.64056	640.1667	5.7380986	17.96195	46.225662	-30.1401	536000	-0.028795587	771.9991	0.0	-77.19971	0.47229734	-2.2053719e-09	749.3103179931641
134	68.6853	66.425766	153.53828	-28.994703	775.4	6.1984725	18.304747	40.732048	-12.874225	540000	-0.027090888	399.6969	0.0	-50.406006	0.5136017	7.1525574e-10	755.1142780780792
135	144.10979	41.178047	208.15115	90.547516	645.0	7.9193454	17.417662	48.010864	-32.282356	544000	-0.13234581	804.9816	0.0	-276.6289	0.503985	-1.3411044e-10	760.2852599620819
136	112.12255	121.88382	214.3802	-179.26627	536.4286	18.857328	15.820727	58.843296	-32.494358	548000	-0.08329688	1025.7458	0.0	-294.00732	0.48124287	-2.965331e-09	765.6110990047455
137	135.78284	91.76985	244.77661	-39.90311	555.3333	21.45443	15.073612	59.54912	-12.074715	552000	-0.10731659	759.28125	0.0	-142.79858	0.58903104	4.6789648e-09	770.2947528362274
138	72.35505	162.79315	238.20323	-207.6713	422.66666	22.320465	15.763291	59.96792	-30.041033	556000	-0.042694237	1441.6183	0.0	-293.44226	0.48451555	-2.2500752e-09	775.0685138702393
139	17.131989	147.92561	185.14099	-321.88556	351.33334	21.295918	13.003561	56.935177	-29.316792	560000	-0.0049619493	1896.4371	0.0	-267.6654	0.47734702	-1.5050173e-09	779.7485249042511
140	-47.68698	144.25818	192.21552	-305.97986	230.0	10.8550205	14.685706	51.5216	-30.766401	564000	0.0064020203	3145.4395	0.0	-483.96753	0.35861734	4.246831e-09	783.8045179843903
141	73.60281	167.05173	245.80986	-278.6889	244.375	11.56207	15.820277	48.554348	-50.16802	568000	-0.030382087	2834.2043	0.0	-583.6909	0.3095323	-4.2170285e-09	787.6305599212646
142	29.100433	157.192	255.06921	-223.66647	285.2857	25.766016	16.464855	53.174828	-52.527477	572000	-0.020579724	2161.8271	0.0	-341.32642	0.3659295	-1.296401e-09	791.8531477451324
143	90.43683	131.75543	218.19768	-239.71584	330.16666	26.524893	15.160849	54.95655	-45.985527	576000	-0.037681784	1723.1486	0.0	-222.71912	0.39349523	-2.9057263e-09	796.0818588733673
144	-14.825702	155.39012	190.23534	-304.35562	219.07143	21.294758	24.048054	56.02939	-61.4732	580000	-0.0131578585	2316.1455	0.0	-427.03735	0.38051197	-1.6242265e-09	800.0994920730591
145	-45.188976	169.2021	244.07678	-354.443	256.53333	8.82702	25.689754	50.79355	-64.51976	584000	0.038265977	2085.5186	0.0	-201.13928	0.4220157	8.940697e-11	804.1046109199524
146	-98.98121	174.46083	207.74773	-387.01065	228.23529	1.0693115	28.98202	49.16816	-68.55516	588000	0.029387495	2662.1035	0.0	-402.29858	0.32687557	3.1590461e-09	808.1922869682312
147	-105.183365	139.62189	210.18695	-408.30264	147.57692	-4.57975	32.866383	38.815178	-73.316895	592000	0.053886436	4378.112	0.0	-1199.2368	0.3282315	-2.3841857e-09	811.5069959163666
148	-2.7025535	149.59087	229.91876	-194.0898	167.86363	-17.426664	29.574682	28.092556	-76.68593	596000	-0.010793585	3311.175	0.0	-1257.301	0.31332856	-3.7252904e-10	815.0055048465729
149	-51.427822	108.28259	240.14912	-199.09811	143.40741	1.6365384	35.829067	63.262264	-76.86955	600000	0.040881135	1798.8287	0.0	-389.42578	0.30836317	6.109476e-10	818.3024458885193
150	-62.039528	81.60883	211.12798	-183.75247	136.93103	-18.300945	35.90898	54.280354	-78.56288	604000	0.030801643	972.2343	0.0	-199.8247	0.28994858	4.8726796e-09	821.615972995758
151	-59.516403	68.47415	229.5379	-156.85849	124.15625	-20.157152	28.73851	62.619343	-79.120514	608000	0.04904038	869.5972	0.0	-86.975464	0.2972719	-1.847744e-09	824.7858719825745
152	-56.214283	34.14314	28.026266	-127.0866	119.93939	-26.89585	28.070389	47.142776	-80.28354	612000	0.028721977	499.1024	0.0	-194.30109	0.29233876	-4.7683715e-09	827.9547588825226
153	-54.416615	26.255554	17.195415	-92.85441	118.878784	-26.03742	29.107874	29.408293	-80.86298	616000	-0.0047764787	410.80374	0.0	-99.47931	0.28479302	-8.3446505e-10	831.1287658214569
154	-39.020767	23.88667	27.419363	-80.98353	124.28125	-25.494308	29.616182	34.45391	-81.42199	620000	0.016834743	294.77487	0.0	-77.655655	0.31113884	2.9951335e-09	834.2919499874115
155	-34.94836	31.42706	37.01847	-100.52796	117.84849	-17.940367	31.978605	39.793777	-82.10262	624000	0.023019709	304.47638	0.0	-42.66263	0.26857027	2.8312205e-10	837.4924578666687
156	-37.147602	20.525978	5.8887835	-73.92068	119.454544	-16.776594	32.270695	44.698273	-82.603546	628000	-0.012097763	180.77094	0.0	-52.215683	0.3135481	1.6987324e-09	840.6180629730225
157	-36.22823	25.632563	28.126488	-91.002884	108.583336	-24.03298	32.772522	41.780926	-83.10711	632000	0.031394724	181.98972	0.0	-13.013168	0.31220788	6.482005e-09	843.7376008033752
158	-35.09297	23.008106	30.05729	-71.39478	119.757576	-18.86238	32.709595	39.734684	-83.32227	636000	0.0039025408	188.23875	0.0	-14.030136	0.2979939	-5.945563e-09	846.8786537647247
159	-34.757626	23.737377	16.968897	-93.08524	107.054054	-22.519522	32.503838	35.210487	-83.80922	640000	0.015067037	171.90125	0.0	-12.933624	0.3145527	1.1771918e-09	850.0130360126495
160	-35.659733	31.212454	19.473085	-105.32556	119.30303	-19.204565	33.466465	37.946396	-84.490364	644000	0.008144073	139.91046	0.0	-17.051117	0.3068171	-4.455447e-09	853.1593420505524
161	-34.88781	29.413202	26.260656	-99.41299	110.97222	-22.42309	33.3623	39.43543	-85.09672	648000	0.008501555	214.78995	0.0	-8.194946	0.30623394	-1.4901161e-09	856.2872078418732
162	-27.681225	31.1522	51.67331	-81.71801	115.32353	-20.235699	33.929222	39.516132	-85.52054	652000	0.002007056	123.41264	0.0	-25.400185	0.29259628	2.1606683e-09	859.5016298294067
163	-35.273766	23.665426	28.46149	-101.91736	126.3871	-21.75105	34.409706	36.69848	-85.91979	656000	0.017725116	130.9403	0.0	-6.8790665	0.31405503	4.127622e-09	862.6358468532562
164	-23.147732	34.45668	30.962152	-99.238144	129.46666	-19.981731	35.478153	36.527287	-86.3366	660000	0.008314717	196.85481	0.0	-10.394028	0.3123579	-1.296401e-09	865.7981910705566
165	-24.79652	23.130068	24.24998	-64.70513	129.43333	-22.201654	35.657063	37.48487	-86.92212	664000	0.012758554	122.87047	0.0	-19.833633	0.31195965	8.1956386e-10	868.9975008964539
166	-4.45345	53.260513	222.65485	-72.05348	147.07408	-20.759764	35.782467	40.850647	-87.086655	668000	0.014568679	1046.0037	0.0	-514.05035	0.30836624	-1.7881394e-10	872.2623989582062
167	-12.309971	49.981037	199.5467	-56.931534	159.375	-11.6117325	32.722176	53.50823	-87.121086	672000	-0.008176056	502.72552	0.0	-61.62622	0.3199133	-7.0035455e-10	875.5733077526093
168	-26.04677	28.038673	28.901236	-95.252945	150.46153	-14.896259	34.906017	36.905704	-87.90396	676000	0.005020162	239.78981	0.0	-72.70395	0.32839087	8.046627e-10	878.8511788845062
169	4.8749275	70.72411	210.97795	-90.0702	225.0	-12.365281	35.803413	47.843605	-88.72621	680000	-0.011120773	918.9209	0.0	-279.65863	0.3447471	1.0728836e-09	882.9212558269501
170	-8.246604	52.640938	207.414	-59.99037	171.34782	-8.178435	33.11229	51.91094	-87.90253	684000	-0.004612191	502.4606	0.0	-70.45752	0.3211651	-3.8146974e-09	886.3159830570221
171	-8.040225	50.876495	203.8069	-53.958973	179.63637	-14.000487	33.118465	46.304333	-88.78929	688000	-0.008353054	563.54315	0.0	-38.10785	0.32947254	-2.9802322e-10	889.7348349094391
172	-5.5195513	52.085743	153.5674	-96.99387	196.35	-8.98422	34.85245	56.815937	-89.72576	692000	0.00028039145	442.65564	0.0	-29.349976	0.3194827	-7.1525574e-10	893.2435648441315
173	-13.494624	59.45161	223.09325	-69.87976	204.94737	-13.58082	30.777344	32.818817	-90.28134	696000	-0.039901756	747.4447	0.0	-330.0975	0.29521012	3.1888485e-09	897.1067581176758
174	-2.5179467	72.78348	205.55414	-82.986336	190.65	-11.643629	37.999218	57.28124	-90.88583	700000	-0.017329585	677.88477	0.0	-50.536743	0.33137769	3.3378602e-09	900.666848897934
175	-35.296234	33.7292	46.850037	-87.018135	171.26086	-14.947762	32.80596	33.575367	-91.1364	704000	0.0100197	283.9724	0.0	-155.91643	0.34572512	-7.4505804e-11	904.0741291046143
176	-18.36366	78.26181	211.41646	-124.203445	181.68182	-26.155153	38.117214	54.67119	-92.43868	708000	-0.015180891	1326.3917	0.0	-480.18347	0.32312894	1.1771918e-09	907.5312879085541
177	-35.928165	48.380184	181.74681	-79.13423	159.88	-17.258472	30.633097	59.173817	-92.88286	712000	0.010996673	787.6764	0.0	-132.69739	0.36781645	-2.2053719e-09	910.8885259628296
178	-10.951045	89.618454	204.96376	-112.98103	204.5	-16.401308	39.717915	66.3652	-93.6383	716000	-0.010620441	1399.2888	0.0	-359.85303	0.32648486	-1.1771918e-09	914.5510387420654
179	-34.717037	55.349663	196.17213	-73.20109	188.4762	-8.657609	32.4244	57.178413	-93.79091	720000	0.005895248	925.55414	0.0	-411.06506	0.33604866	-4.1723253e-10	918.1168928146362
180	-39.070305	25.743225	5.599054	-101.53403	191.125	-11.554951	37.3167	54.771526	-93.43623	724000	-0.04441763	581.8637	0.0	-208.29471	0.39562845	-3.5762786e-09	922.2406349182129
181	-36.21968	28.861687	24.77064	-101.913956	214.44444	-19.360125	33.18946	30.483906	-93.57354	728000	0.014977838	195.78055	0.0	-27.736496	0.3711699	-4.0233136e-10	925.8292100429535
182	27.590954	107.552864	228.43513	-82.45839	237.5	-16.757341	35.90368	53.60025	-94.15942	732000	-0.054292023	2256.0383	0.0	-1233.2003	0.32396057	-4.768372e-10	929.5520277023315
183	42.11194	106.49204	193.36754	-83.406204	430.55554	23.701082	30.347395	65.02319	-87.78911	736000	-0.07040477	1718.1582	0.0	-801.79944	0.45733595	4.5746567e-09	934.168203830719
184	20.131556	90.85878	221.77803	-79.846	388.2	6.3548307	18.808271	38.537037	-89.18871	740000	-0.040820446	828.2395	0.0	-162.37653	0.4666941	-2.503395e-09	938.8999259471893
185	-34.363045	28.002337	19.703827	-81.01484	229.35294	-1.1137974	29.628294	38.370583	-89.935486	744000	0.029942928	820.1698	0.0	-600.3835	0.36566123	2.2500752e-09	942.6511709690094
186	-4.751796	74.358284	188.2274	-83.689674	304.53845	-17.502712	31.92037	26.431091	-91.962364	748000	-0.033931646	838.37836	0.0	-289.32983	0.41729087	-1.0579825e-09	946.9076430797577
187	36.233162	112.47538	223.58797	-83.25785	264.69232	-8.190671	28.91517	32.265774	-92.232216	752000	-0.045333233	1884.4617	0.0	-603.1974	0.3759824	-2.2351743e-09	951.2663218975067
188	-17.294348	58.504154	187.9533	-56.525173	284.2143	5.3662186	29.019121	43.848347	-92.38744	756000	0.018206894	1178.9641	0.0	-505.39563	0.3547247	1.7732382e-09	955.3322179317474
189	13.872209	95.14668	214.07774	-74.2156	300.69232	-9.710338	35.929314	48.12114	-92.326996	760000	-0.041234206	1102.8334	0.0	-349.06323	0.34171367	7.748604e-10	959.5226039886475
190	71.019775	115.02246	211.46202	-68.829865	384.1	8.797258	29.677708	63.334328	-92.409355	764000	-0.04894102	1315.8815	0.0	-366.0857	0.395943	3.6209822e-09	964.5533328056335
191	75.84909	91.79255	224.25844	-48.09061	404.55554	16.563677	20.608263	64.92896	-93.17232	768000	-0.04269225	816.384	0.0	-146.57825	0.4068615	-2.2351743e-09	969.3404729366302
192	69.27562	112.14629	223.78308	-113.247795	372.0	15.244654	24.523335	61.05074	-93.009796	772000	-0.032435466	1069.7092	0.0	-48.147827	0.39166963	5.5134297e-10	974.0418810844421
193	95.01236	104.957085	214.41988	-32.543575	428.0	14.114489	24.04305	64.27508	-93.10976	776000	-0.02365981	879.357	0.0	-275.26385	0.37273005	1.3113022e-09	979.2708818912506
194	125.294136	106.20461	226.83856	-21.02888	454.875	16.440378	18.511475	63.71508	-89.162834	780000	-0.047139402	855.481	0.0	-356.44577	0.38607457	1.6242265e-09	984.4167449474335
195	119.89718	79.28293	209.42068	-5.3402467	718.8	32.991657	25.806166	73.14758	-74.922485	784000	-0.078748636	1464.8936	0.0	-936.3875	0.4786334	2.771616e-09	989.7561388015747
196	154.5222	80.88857	258.05737	30.823551	610.0	17.97828	12.202913	56.645878	-84.044044	788000	-0.10944806	499.6778	0.0	-104.44986	0.48060355	1.9818545e-09	996.2530527114868
197	168.91505	68.9968	238.1619	21.933075	578.8333	23.086676	13.96741	60.83399	-55.364964	792000	-0.039946202	798.58575	0.0	-279.99255	0.40068826	2.7269125e-09	1001.8887050151825
198	181.74655	74.512535	226.53401	-12.107375	447.875	20.413633	16.942776	66.43527	-75.003914	796000	-0.088014424	709.92065	0.0	-443.44876	0.37618312	-5.1558016e-09	1007.0786237716675
199	147.73488	56.129566	192.27237	39.317272	786.6	24.29641	20.919168	75.290825	-25.015347	800000	-0.023390342	200.5986	0.0	-85.42346	0.4090148	1.6540289e-09	1014.5621647834778
200	6.9454255	140.25723	193.93675	-214.83733	751.8	15.94605	19.99541	78.902664	-30.82202	804000	-0.026720041	429.04843	0.0	-220.63397	0.40385652	1.475215e-09	1021.3530869483948
201	3.6443186	41.76523	69.77033	-45.380913	1000.0	2.9110265	22.74366	78.40565	-38.58276	808000	-0.028136328	154.24881	0.0	-75.79601	0.40669316	3.1292438e-09	1028.8652510643005
202	-276.2585	116.105934	-98.79438	-382.41165	776.6	-10.453737	11.194154	69.061295	-23.639496	812000	-0.016654653	989.6947	0.0	-719.2826	0.4597591	-1.3411044e-10	1035.1984708309174
203	-327.65222	44.077267	-209.88896	-368.7221	415.55554	-33.97148	24.438894	67.50212	-43.884186	816000	0.029055785	1598.8044	0.0	-1086.6426	0.41790634	1.2367963e-09	1040.1102759838104
204	-307.2092	99.85122	31.985136	-366.22897	303.92307	-54.659218	24.319778	79.56992	-67.50283	820000	0.0050507127	1681.8324	0.0	-703.287	0.40444723	-6.005168e-09	1044.347316980362
205	-308.40982	91.68893	-0.21325865	-368.65085	277.53845	-66.27003	28.649998	65.597626	-76.22253	824000	0.031146107	862.77045	0.0	-208.21582	0.4030658	-1.6093255e-09	1048.5877799987793
206	-266.88892	88.45349	30.23461	-346.94705	223.64706	-70.727486	26.885065	48.256435	-81.3783	828000	0.067398176	919.1819	0.0	-285.58667	0.3624967	-5.9604643e-10	1052.369379043579
207	-286.3641	34.898346	-220.94426	-332.8459	280.2143	-80.20537	16.989153	27.78416	-85.28064	832000	0.02361099	408.08044	0.0	-102.74307	0.38813233	2.9951335e-09	1056.6302750110626
208	-254.39687	66.873764	-31.119526	-309.04056	255.93333	-73.74822	30.835007	65.06055	-86.28028	836000	0.044966735	312.2926	0.0	-102.42375	0.38409933	2.0116568e-09	1060.532175064087
209	-231.92885	54.628998	-37.118664	-280.2184	251.73334	-81.71789	18.173714	21.977955	-87.57912	840000	0.04894193	363.3017	0.0	-144.34953	0.38232094	-4.61936e-10	1064.4402918815613
210	-214.00595	24.096443	-172.35663	-261.82693	249.9375	-68.385735	18.635284	17.365446	-85.78534	844000	0.059426796	755.3948	0.0	-203.53851	0.3564053	-1.6689301e-09	1068.4337980747223
211	-165.49313	104.058266	190.44923	-225.68872	293.46155	-53.63412	25.344027	41.421883	-85.395546	848000	0.018223077	1156.3882	0.0	-291.75543	0.3609825	4.1723253e-10	1072.9389758110046
212	-128.2007	78.13605	41.119892	-262.01007	296.23077	-38.879486	30.055769	73.60514	-84.84944	852000	0.05112963	1074.3088	0.0	-269.01337	0.36157623	-2.4288893e-09	1077.2832629680634
213	-111.63183	79.7149	95.64661	-161.88211	456.25	-27.841976	21.398373	56.953865	-85.99679	856000	-0.0012106941	1287.9109	0.0	-358.17682	0.37513936	2.6822091e-09	1082.5256989002228
214	-42.491806	103.657616	91.53678	-147.34567	586.0	-12.174905	24.620035	61.70151	-59.712074	860000	0.0114376545	708.3573	0.0	-233.78784	0.36050832	-1.0430813e-09	1088.0476970672607
215	-38.518208	97.61772	138.52408	-122.835976	627.3333	-5.0245576	19.468094	48.96988	-103.940285	864000	0.0037049404	863.3678	0.0	-164.97461	0.3821139	-1.3262034e-09	1093.8889620304108
216	-16.629293	139.71614	209.75015	-138.46031	549.4286	-9.194541	15.393305	40.565308	-108.01431	868000	0.00025548428	1244.7025	0.0	-278.52228	0.39301562	1.4454127e-09	1098.8436288833618
217	66.729004	101.8502	176.07538	-99.96145	783.75	9.477012	30.258615	60.248512	-93.461395	872000	-0.06018361	1096.2124	0.0	-674.5672	0.43358046	8.046627e-10	1104.7853968143463
218	79.86307	96.8922	203.0239	-84.14435	775.6	11.387324	12.16958	48.64339	-92.46103	876000	-0.061338853	412.07275	0.0	-76.37152	0.4545727	1.3262034e-09	1111.6869349479675
219	162.99106	42.410805	216.51778	101.3249	788.2	8.057012	11.044441	49.142044	-51.888027	880000	-0.062456213	444.79388	0.0	-157.23627	0.43464953	3.97861e-09	1117.9344699382782
220	186.09256	32.091732	232.2048	134.32468	771.2	19.500198	10.847185	54.47439	0.1339699	884000	-0.079407796	434.61005	0.0	-84.230194	0.42713708	8.970499e-09	1124.576299905777
221	123.50956	55.98401	211.20268	64.43328	978.5	26.208492	18.270145	65.939514	0.6003438	888000	-0.07369491	628.81177	0.0	-462.51492	0.4978506	-5.438924e-09	1131.6397957801819
222	166.48445	55.873837	234.4882	104.31859	850.75	12.264443	16.648743	66.46199	-36.274567	892000	-0.054956872	306.97137	0.0	-82.65822	0.4349512	-1.3411044e-10	1137.4703359603882
223	95.74667	58.08178	190.63162	35.419765	916.0	16.02784	14.125878	66.71667	-8.540351	896000	-0.057145033	239.36003	0.0	-94.43204	0.44580176	-2.6524067e-09	1143.9552218914032
224	108.30555	57.16379	201.5943	48.823006	904.0	9.641105	13.311101	66.97922	-15.24103	900000	-0.037468128	181.05162	0.0	-24.629639	0.4122725	9.387732e-10	1151.128390789032
225	123.44352	58.739147	183.5108	32.418163	863.0	6.5204415	15.846105	67.03775	-25.644508	904000	-0.038566254	314.9471	0.0	-69.255005	0.41036493	2.5779008e-09	1158.2806587219238
226	100.79681	102.285484	212.71217	-16.400915	879.0	8.500166	15.025887	67.48443	-8.421885	908000	-0.028952774	231.84482	0.0	-36.21338	0.36815533	5.5283307e-09	1165.0354080200195
227	62.762547	33.14096	106.158295	30.534445	1000.0	11.204905	14.974276	67.194695	-8.623726	912000	0.007274596	150.27638	0.0	-100.74873	0.41233099	1.2367963e-09	1172.0991139411926
228	91.740746	50.246384	167.46948	29.453024	992.0	4.3075743	16.294312	67.56825	-9.78211	916000	0.0013509466	126.060875	0.0	-18.765594	0.3810243	2.4586917e-09	1179.8090929985046
229	110.3828	78.24186	198.7363	2.404496	923.5	7.7176666	12.556772	45.30175	-8.73768	920000	-0.034159597	249.0237	0.0	-48.65332	0.37117422	-3.1292438e-10	1186.3077480793
230	129.6294	81.46055	210.88863	12.821501	882.5	7.089682	16.59726	68.16805	-8.401539	924000	-0.010293272	230.93423	0.0	-53.19362	0.41943443	8.493662e-10	1193.1455631256104
231	76.38054	62.687363	182.58626	30.015875	946.25	11.137395	17.204653	68.565765	-7.2980294	928000	-0.031453993	161.33577	0.0	-49.27044	0.3917348	1.1622906e-09	1200.1710057258606
232	104.800545	57.697014	201.042	48.287605	991.75	9.142116	12.875636	68.40398	-8.394772	932000	-0.063907094	144.85123	0.0	-31.987755	0.4690586	-8.5681675e-09	1207.2930920124054
233	104.84875	28.397818	145.59468	69.09499	1000.0	5.211475	13.2198715	68.32796	-12.254668	936000	-0.05625863	17.410528	0.0	-4.8087435	0.488616	-6.645918e-09	1213.8199400901794
234	200.817	65.04277	247.67673	57.76477	657.8333	11.815324	13.67588	65.066315	-6.0009933	940000	-0.052995667	746.2905	0.0	-383.26767	0.38576132	-1.9967556e-09	1219.6042869091034
235	229.23979	18.47541	263.1411	204.82974	495.75	24.714039	13.972224	72.39809	-4.500345	944000	-0.07695589	506.15817	0.0	-326.2837	0.3228753	-1.9669533e-09	1224.479291677475
236	234.89056	25.485922	274.48703	193.27397	477.25	33.74355	20.677212	79.3747	1.6791883	948000	-0.017062971	158.23099	0.0	-47.978485	0.301331	1.6391277e-10	1229.5283308029175
237	241.25676	14.388256	271.80795	226.259	419.44446	39.090908	20.949085	84.68542	8.437098	952000	-0.02021833	100.4065	0.0	-30.651909	0.3024774	-2.4586917e-09	1234.0903108119965
238	255.18604	19.899874	287.128	225.20268	392.66666	43.44965	20.973995	88.11015	10.1149435	956000	-0.022944845	114.703926	0.0	-28.572998	0.27957904	1.758337e-09	1238.5550367832184
239	223.26581	21.882582	253.08722	176.85721	458.25	40.877205	18.795673	95.22948	17.69962	960000	-0.02525404	128.51756	0.0	-29.407997	0.279995	-1.013279e-09	1243.3595440387726
240	236.71764	20.377274	263.7298	195.3455	430.55554	40.542225	21.914644	96.52123	13.800167	964000	-0.0045036213	228.90817	0.0	-26.981247	0.26306263	2.3394824e-09	1247.994325876236
241	232.92093	27.203491	278.6838	195.25253	403.22223	41.014587	23.839758	98.84928	9.352798	968000	0.0035754682	202.79639	0.0	-34.60016	0.24452819	-2.0861626e-09	1252.5241577625275
242	244.9707	28.409904	289.53842	203.71062	364.3	44.921013	23.098207	97.04626	14.713613	972000	0.019310845	191.59782	0.0	-71.60349	0.22929959	8.791685e-10	1256.8038058280945
243	250.462	25.491362	306.41016	200.66127	344.45456	51.518776	22.9454	102.37021	17.587048	976000	-0.010285902	127.694855	0.0	-31.801003	0.23058447	-5.662441e-10	1260.7901408672333
244	255.85791	16.947248	295.20303	232.6296	326.16666	54.884705	19.64106	99.8543	23.412634	980000	0.006313131	120.292206	0.0	-53.982506	0.22514111	1.1622906e-09	1264.6595978736877
245	250.79442	38.86039	298.16025	153.10593	349.18182	62.71082	16.299606	107.39799	35.67617	984000	-0.033116598	876.73676	0.0	-481.02338	0.23723774	2.0861626e-09	1269.3329739570618
246	225.28282	60.097736	282.43668	30.57859	289.46155	59.02176	15.922679	101.94831	9.62136	988000	-0.0040252367	639.4319	0.0	-264.71057	0.21255152	1.7881393e-09	1273.0619287490845
247	210.2392	75.19106	284.69766	41.538975	329.33334	69.080925	15.307941	99.42007	-11.743338	992000	-0.082409926	2137.5679	0.0	-1308.4387	0.31229103	8.255244e-09	1276.8350310325623
248	241.15016	71.50948	297.2395	38.464516	320.33334	61.87973	12.50634	95.05165	-73.99142	996000	-0.051102582	1464.4259	0.0	-832.2292	0.25791228	-3.5762787e-10	1280.3718569278717
249	248.92949	59.996536	288.85806	41.767082	271.14285	62.916916	14.532464	99.181595	-61.848522	1000000	-0.04202734	538.31305	0.0	-177.87753	0.19641353	3.874302e-10	1284.0074908733368
250	204.19371	106.70723	295.07623	-4.286348	258.2	65.98081	16.518429	99.9499	-75.67219	1004000	0.009807247	1437.6431	0.0	-415.90515	0.18834662	-1.3709068e-09	1287.5469138622284
251	229.22015	92.73765	325.35443	35.510967	249.875	55.958084	20.805555	97.74368	-43.54781	1008000	0.0055113276	1503.5145	0.0	-556.25226	0.18550383	-3.2782554e-10	1290.9754679203033
252	228.3944	88.17255	297.27985	-12.183278	257.93332	63.42688	17.293259	101.13199	-52.41092	1012000	-0.00091125426	748.7859	0.0	-81.699585	0.19176771	8.046627e-10	1294.55331492424
253	249.48264	61.780075	289.809	23.42406	263.53333	67.82551	16.074915	101.37937	-34.094227	1016000	9.135842e-05	426.96133	0.0	-23.56717	0.18858695	-8.9406965e-10	1298.1174869537354
254	185.93208	112.76368	285.1325	-9.363859	230.41176	67.047455	18.180317	102.80641	-45.61978	1020000	-0.004045227	951.54004	0.0	-544.37506	0.1987528	9.834766e-10	1301.6907827854156
255	187.8137	111.874214	311.34586	1.906666	241.75	63.16393	18.580585	94.85679	-57.215374	1024000	-0.0016822416	1817.5848	0.0	-610.5596	0.20941615	5.066395e-09	1305.1718819141388
256	156.87007	122.46433	280.4696	-35.457893	251.13333	54.11764	23.553024	101.44535	-88.189186	1028000	-0.013927688	1237.386	0.0	-599.51764	0.24668397	2.3543836e-09	1308.8911337852478
257	176.41208	122.6088	293.0303	-37.366447	237.1875	60.978767	21.578575	97.81141	-59.337196	1032000	-0.020856615	1059.5925	0.0	-229.18158	0.1965862	3.3080578e-09	1312.460175037384
258	185.17363	104.02888	278.9675	-34.861053	262.6	54.964577	20.660116	101.02239	-76.34414	1036000	0.006476699	967.93115	0.0	-162.86859	0.19357963	1.4901161e-10	1316.0855557918549
259	175.2504	106.86403	266.89987	-3.843227	237.1875	55.58507	25.485126	100.60912	-89.186005	1040000	0.0031184566	1055.5028	0.0	-128.69495	0.20035571	-2.503395e-09	1319.6685280799866
260	178.28792	106.03831	278.938	-4.401721	285.14285	51.100307	22.030113	101.90585	-65.13016	1044000	0.006822077	1415.4055	0.0	-249.20715	0.18583706	-1.1324882e-09	1323.473875761032
261	148.14156	122.82274	261.81848	-25.404455	266.6	43.645374	25.613829	98.17941	-97.52534	1048000	-0.0016325992	1287.806	0.0	-235.20581	0.19381782	0.0	1327.0798020362854
262	162.34962	110.30641	307.6734	-17.73511	247.625	42.52819	27.104595	94.834724	-105.85942	1052000	0.0095939655	1366.3934	0.0	-176.52612	0.2098548	-7.4505807e-10	1330.7195167541504
263	127.651474	125.6917	280.51364	-93.99393	265.0	45.797764	27.002275	97.98401	-113.06307	1056000	0.020403283	1327.022	0.0	-393.1781	0.1976696	-2.9802322e-10	1334.4670779705048
264	205.92809	91.65337	298.2594	-10.783956	301.84616	44.806015	28.160412	97.08812	-76.58569	1060000	0.016598467	1245.5267	0.0	-475.89313	0.18983668	2.4437905e-09	1338.2589349746704
265	104.25785	114.146126	252.09088	-54.783115	281.7857	45.462826	25.26164	98.35599	-85.10131	1064000	-0.013265706	1894.9948	0.0	-928.1431	0.20258057	-2.3543836e-09	1342.2323818206787
266	135.60767	125.83762	264.46588	-62.57778	346.36365	23.022224	32.32013	97.3644	-76.223274	1068000	0.0012603136	1322.9797	0.0	-247.03357	0.19588017	-2.6524067e-09	1346.234022140503
267	140.0627	136.91884	268.61362	-55.89695	255.53334	32.187256	34.0802	98.650604	-123.32386	1072000	-0.02009592	1256.7502	0.0	-372.81458	0.21878007	2.0861626e-09	1350.019639968872
268	66.22369	110.56248	270.08694	-45.360275	318.5	34.41884	32.26071	95.64616	-113.815926	1076000	0.01443048	1573.4218	0.0	-840.29205	0.26254982	-1.7285346e-09	1354.0172548294067
269	191.5545	114.235794	305.19302	-72.46269	300.92307	24.393007	31.686695	94.013885	-82.89426	1080000	-0.014892405	1637.7189	0.0	-922.2359	0.18637674	3.8743018e-09	1357.913643836975
270	176.31696	110.67685	285.1106	-71.11102	306.07693	49.16554	24.887007	98.23698	-100.74752	1084000	0.00043086862	1187.834	0.0	-246.0705	0.21030448	9.834766e-10	1361.8983268737793
271	176.06085	90.92918	259.82184	6.7762218	316.91666	40.707024	24.8732	98.66569	-62.600887	1088000	-0.0010645044	674.2838	0.0	-210.67902	0.21515198	1.758337e-09	1366.0436809062958
272	151.12814	104.05812	270.9471	-12.411863	380.3	40.45316	23.189281	97.418015	-110.8101	1092000	0.010385012	1073.4728	0.0	-465.81732	0.2085407	2.5331974e-09	1370.2899889945984
273	130.14812	127.87163	260.62955	-48.198692	302.33334	31.05432	26.356737	93.34641	-87.93949	1096000	-0.023484413	863.4363	0.0	-341.44525	0.22019204	-1.1771918e-09	1374.4705860614777
274	134.11601	127.48125	271.53833	-59.657127	319.91666	29.71373	28.660292	93.93184	-116.045044	1100000	0.014398696	1191.4004	0.0	-288.00476	0.2208687	-3.3080578e-09	1378.450449705124
275	112.26952	129.72244	291.92874	-42.776478	359.54544	28.164524	26.654621	94.51823	-105.213646	1104000	0.009532456	1314.988	0.0	-443.59283	0.22344932	-1.7285346e-09	1382.6560707092285
276	120.06011	134.94096	244.17345	-105.28357	391.44446	16.867844	27.527327	98.371155	-60.71256	1108000	-0.029452825	972.7124	0.0	-546.78827	0.21975225	3.874302e-10	1387.1456580162048
277	181.95193	70.13997	254.51671	9.86389	484.625	28.090105	26.49354	85.64247	-78.05489	1112000	-0.00010652441	189.86351	0.0	-52.547012	0.21436651	-1.0877848e-09	1391.844251871109
278	153.88618	96.204185	243.57953	-22.264767	421.8889	32.16075	26.382904	86.58713	-99.78327	1116000	0.007668394	370.5758	0.0	-157.85143	0.21592268	2.2947788e-09	1396.9629788398743
279	45.275307	98.57001	198.40404	-67.06549	483.125	21.023245	22.65258	85.7142	-101.55579	1120000	-0.0031907468	1370.2192	0.0	-556.3482	0.2398447	4.738569e-09	1402.526773929596
280	88.53019	145.90045	218.08408	-106.50412	667.8	1.1782504	25.905767	87.62005	-81.98024	1124000	0.00491981	778.7385	0.0	-200.20557	0.22391364	3.6656858e-09	1407.794312953949
281	26.097897	114.18352	253.60246	-79.87396	486.42856	4.929106	27.840504	89.7999	-104.24687	1128000	-0.0010145677	431.8202	0.0	-83.84674	0.23532884	-4.9471853e-09	1413.6326467990875
282	8.162013	121.703415	286.16336	-101.37492	559.5714	-2.235767	23.175148	83.47442	-93.50409	1132000	-0.014721527	722.55414	0.0	-276.50784	0.24966232	5.0365925e-09	1419.5123388767242
283	83.466866	104.93878	276.32693	-16.2179	514.6667	0.048203614	30.7018	91.53922	-107.13358	1136000	0.0053303973	324.04956	0.0	-136.67271	0.24693851	-1.0579825e-09	1425.2095878124237
284	12.743774	108.402794	276.19034	-54.83137	507.57144	1.0477763	28.03284	90.52877	-123.120125	1140000	-0.017266925	285.3416	0.0	-64.993835	0.2465533	-2.3245812e-09	1430.8078508377075
285	104.02449	136.6513	291.63467	-14.362277	778.8	3.9151793	30.697416	89.10839	-30.018358	1144000	-0.0011819298	184.73581	0.0	-89.510086	0.22461677	-8.3446505e-10	1436.5270009040833
286	1.924289	4.7345114	8.839757	-2.7215672	1000.0	-8.075634	16.126783	61.489033	-21.963596	1148000	-0.015837962	44.655266	0.0	-16.576077	0.24886635	7.1525574e-10	1442.7755999565125
287	-45.47348	33.8617	-0.2204223	-92.76265	867.5	-4.954456	25.654728	99.355	-32.698677	1152000	-0.015350793	266.2067	0.0	-60.377106	0.25738883	1.4603138e-09	1449.642175912857
288	-60.71943	64.155975	7.0967	-153.17024	706.8	-6.4825144	18.141422	57.821384	-82.1649	1156000	-0.008697772	467.8702	0.0	-57.385345	0.25404945	-3.0100347e-09	1455.7917909622192
289	-24.010353	30.90758	14.269367	-55.682117	1000.0	-10.6850195	17.561749	62.34556	-23.524923	1160000	-0.014823543	30.288961	0.0	-13.5337715	0.25437522	5.9604646e-09	1462.496780872345
290	-31.409998	14.292087	-12.867623	-50.456367	1000.0	-12.141484	18.175856	92.861374	-22.715693	1164000	-0.008824403	43.303574	0.0	-17.213982	0.25375032	1.4901161e-09	1468.6560428142548
291	29.865047	119.78592	267.86707	-41.149323	669.2	-5.601742	25.619762	94.07092	-120.24065	1168000	-0.023382107	148.16689	0.0	-36.887512	0.25498912	2.8312206e-09	1474.9269108772278
292	-13.756478	32.501564	43.96669	-56.48878	547.8333	-7.2207255	21.602287	92.301476	-122.76422	1172000	0.0073870383	67.401794	0.0	-22.99533	0.25642747	-2.8312206e-09	1481.1031398773193
293	-34.780014	19.595985	-2.026438	-53.990917	1000.0	-8.948446	16.835857	92.62226	-21.581486	1176000	-0.017499018	23.4505	0.0	-2.6555347	0.25071785	2.682209e-10	1486.9350559711456
294	-50.561096	10.341165	-38.767475	-67.20019	1000.0	-8.477289	13.350358	48.104206	-20.156322	1180000	-0.013901586	22.735233	0.0	-2.0806122	0.25555882	1.2516975e-09	1492.63862490654
295	-67.94527	34.17234	-42.597275	-126.77793	936.5	-9.118298	19.78849	94.91567	-68.25502	1184000	-0.009973133	191.40002	0.0	-35.051834	0.25317746	3.695488e-09	1498.6393587589264
296	-38.13366	90.38403	112.749794	-113.92865	800.0	-10.632298	18.914097	73.73755	-91.06448	1188000	-0.010728336	405.5823	0.0	-19.035004	0.2594948	8.3446505e-10	1504.6644687652588
297	-35.045273	40.69689	34.22331	-82.307846	732.6	-9.467443	19.529654	88.07085	-87.45166	1192000	0.0037807287	213.57059	0.0	-39.63208	0.28636953	-1.2814999e-09	1510.0621559619904
298	110.45188	123.9859	280.05072	-39.29439	678.2	-7.235767	22.93729	90.44332	-73.58095	1196000	-0.041415628	790.52057	0.0	-456.06412	0.28723577	-3.606081e-09	1516.0181548595428
299	90.21211	162.98097	296.11765	-112.0305	480.75	16.226622	33.75203	102.96986	-82.08429	1200000	0.004591637	1002.11743	0.0	-360.0025	0.2817551	-4.9769877e-09	1520.2637989521027
300	-10.163344	111.21481	208.38475	-146.96497	659.5	-3.8296132	28.990913	103.66785	-81.25117	1204000	-0.012793068	957.92566	0.0	-752.2453	0.3092706	3.1590461e-09	1525.9472107887268
301	-14.526067	68.35224	101.108284	-90.09756	559.5714	-3.7427895	22.519812	85.28265	-91.9403	1208000	-0.016421324	847.88403	0.0	-357.76282	0.3376477	1.3709068e-09	1531.14066696167
302	128.22112	129.93935	299.01218	-83.82182	316.33334	11.404403	33.291973	90.73625	-83.41722	1212000	0.005575472	1739.0969	0.0	-498.91638	0.28947735	-1.1622906e-09	1535.0924127101898
303	114.810776	121.24549	292.20117	-118.2528	367.4	22.046562	31.044092	103.57031	-73.5561	1216000	-0.023890669	1047.9437	0.0	-231.89893	0.31788728	-1.7881394e-10	1539.4171340465546
304	61.538002	122.19799	177.54327	-122.510704	397.3	14.276037	27.360674	104.55961	-78.58454	1220000	-0.010070893	1327.1093	0.0	-201.22314	0.3202667	2.682209e-10	1543.933441877365
305	85.22814	111.961464	295.8651	-45.85091	258.53333	21.141087	36.562515	102.618996	-98.71213	1224000	-0.0025413567	1561.0293	0.0	-398.39954	0.30141467	3.1292438e-09	1548.2708058357239
306	126.94816	113.57765	255.59628	-57.52399	261.73334	23.140465	35.316883	99.68828	-88.92422	1228000	0.015628332	1824.1893	0.0	-566.3688	0.26350865	-5.885959e-09	1552.3526158332825
307	99.886055	120.23755	290.3129	-41.025066	212.88889	34.086548	32.680023	103.79438	-105.30917	1232000	-0.0069716997	1734.6724	0.0	-336.21887	0.28433344	4.1127204e-09	1555.895980834961
308	88.52441	116.54641	281.07147	-60.100285	227.64706	28.250341	34.979702	104.024635	-105.486664	1236000	0.01962662	1500.7328	0.0	-363.55774	0.28284177	-9.223819e-09	1559.489014863968
309	38.048847	99.76362	268.04666	-101.71205	186.33333	21.072628	37.086136	102.09609	-108.02664	1240000	-0.02395746	2104.36	0.0	-868.75916	0.30474734	2.4139881e-09	1562.994626045227
310	52.85828	116.045135	250.75769	-101.94788	257.93332	20.197285	38.809383	83.526184	-103.11056	1244000	0.030580105	2268.8674	0.0	-1044.8754	0.29713655	-5.915761e-09	1566.8936910629272
311	74.51806	99.598816	219.41461	-52.138416	198.5	11.21124	32.947872	100.851074	-118.11101	1248000	-0.0315236	1925.678	0.0	-979.5858	0.2638272	6.169081e-09	1570.4678120613098
312	40.79969	110.19508	220.95021	-67.06487	207.8421	23.022026	30.87085	98.38681	-128.80817	1252000	-0.0050140573	2305.2976	0.0	-658.11646	0.29709345	3.427267e-10	1573.9181628227234
313	112.84495	103.70707	273.99222	-92.91738	231.88235	12.613014	36.82327	101.027306	-130.66705	1256000	0.006166993	1905.0138	0.0	-838.4596	0.2843103	-4.4703484e-11	1577.6234097480774
314	78.868866	116.176704	294.28967	-81.83714	221.72223	34.102196	31.403824	100.39944	-134.09424	1260000	-0.01033493	2045.1652	0.0	-925.8699	0.26267365	-8.3446505e-10	1581.212856054306
315	101.02869	109.29477	275.43265	-60.28139	217.38889	28.34351	36.112324	105.249054	-127.95277	1264000	-0.037444994	1388.5238	0.0	-460.6007	0.27717113	-2.2053719e-09	1584.7328708171844
316	6.2618074	127.91071	268.22073	-141.42892	234.13333	26.193739	28.96833	102.132286	-128.33452	1268000	0.0081479475	3280.6335	0.0	-2194.5757	0.27890855	-3.5762787e-10	1588.3281679153442
317	40.531925	103.201035	295.671	-96.37491	241.25	9.4560995	38.42063	102.09422	-130.3184	1272000	-0.033478446	1852.6233	0.0	-639.08826	0.20613027	-9.536744e-10	1592.3622398376465
318	9.218224	96.36946	271.053	-91.15023	170.13043	6.691637	36.087765	101.49873	-128.13986	1276000	-0.013290049	1791.6488	0.0	-543.8412	0.2434105	-3.3676624e-09	1595.654376745224
319	26.475767	92.80032	273.661	-87.1374	204.0	11.849311	38.959934	97.756996	-131.82791	1280000	-0.05399187	1723.6464	0.0	-521.2235	0.27941364	6.7055224e-09	1599.2584900856018
320	35.88618	125.263245	287.174	-97.33628	198.9	3.0408812	38.977814	97.76995	-133.852	1284000	-0.016262751	1754.126	0.0	-419.68433	0.20090978	-4.887581e-09	1602.664030790329
321	40.504604	134.09074	287.21924	-162.15382	256.73334	20.001415	41.259357	110.01697	-98.004715	1288000	-0.0013124838	1694.056	0.0	-476.00073	0.23909076	-3.5762787e-10	1606.4632859230042
322	106.804054	116.739494	245.3977	-148.43423	256.73334	9.099296	38.35139	101.96189	-135.06859	1292000	-0.020959489	1948.2898	0.0	-642.03174	0.2055206	6.4671037e-09	1610.2839369773865
323	78.097435	119.69575	250.50883	-126.60219	239.5625	23.359877	37.593388	96.904434	-96.69304	1296000	-0.004408446	1528.7577	0.0	-435.79688	0.18251908	-7.1525574e-10	1613.8306548595428
324	38.160343	127.137886	260.4106	-144.71135	212.72223	15.0082	40.509064	104.05395	-105.4276	1300000	0.010088441	1636.6598	0.0	-177.80737	0.19773573	1.4007091e-09	1617.3110148906708
325	25.97532	118.84131	152.47035	-161.93953	428.55554	6.422106	35.583965	88.31745	-106.592705	1304000	0.029887939	1728.015	0.0	-575.59827	0.16394387	2.0861626e-09	1621.6987199783325
326	-4.2524285	122.18843	289.67758	-150.02759	322.41666	6.451944	33.82474	102.98742	-103.71778	1308000	0.00013441539	1362.2141	0.0	-255.82935	0.2235178	6.8843367e-09	1625.9476337432861
327	35.88696	120.78239	220.1834	-138.71675	304.9091	23.66061	43.219772	102.432526	-135.2178	1312000	-0.06634332	2283.1357	0.0	-1133.2305	0.30155265	-9.953975e-09	1629.9859046936035
328	37.031925	131.08662	240.6921	-114.22258	260.13333	10.179679	39.668102	101.08688	-115.177155	1316000	-0.023222748	1613.5009	0.0	-256.00293	0.22984129	5.662441e-10	1633.7900741100311
329	82.47658	96.15641	269.23636	-56.09414	494.75	2.626462	36.719738	99.065865	-94.313995	1320000	-0.035274792	1038.4286	0.0	-537.338	0.3094238	1.0251999e-08	1637.9667057991028
330	-9.996406	140.52486	309.38928	-129.16246	261.53333	-0.4906842	28.90221	89.24569	-101.46026	1324000	0.011702823	2072.359	0.0	-1256.0063	0.18569832	-4.887581e-09	1641.4142670631409
331	26.766287	123.00308	248.73708	-151.50468	319.25	-2.1724555	42.922935	103.644806	-103.558586	1328000	-0.0076240017	1369.9344	0.0	-460.43085	0.17058563	-5.9604643e-10	1645.4415338039398
332	106.20321	122.26697	279.53992	-76.913124	385.6	16.426067	43.18021	101.30348	-105.45366	1332000	-0.06792801	1584.2614	0.0	-746.4899	0.2274149	2.4437905e-09	1649.5185210704803
333	81.35361	130.90573	269.0984	-103.82132	323.91666	12.505252	34.7069	102.37548	-100.66778	1336000	-0.017303165	925.60474	0.0	-184.16754	0.17875779	1.4305115e-09	1653.6600999832153
334	2.8423836	132.68341	228.2382	-148.47519	356.81818	10.765412	39.819965	103.81945	-105.41702	1340000	-0.038400352	1789.9814	0.0	-659.5596	0.23892146	1.8775463e-09	1657.6365690231323
335	-20.71173	100.771675	168.68895	-109.08268	299.46155	-12.932641	33.722298	99.61246	-98.35358	1344000	0.01553058	1386.523	0.0	-292.38367	0.1994449	-2.4735927e-09	1661.3891849517822
336	128.68765	93.07373	208.14977	-109.15761	492.75	3.657828	39.420795	98.7027	-101.34012	1348000	-0.068156146	1600.9988	0.0	-866.9612	0.23565026	8.3446505e-10	1665.9333500862122
337	29.342155	135.68877	245.225	-87.72489	471.25	21.492582	24.975098	101.548676	-58.74555	1352000	-0.010582732	1163.1036	0.0	-658.578	0.16341734	-3.8743018e-09	1670.6143808364868
338	52.64668	135.72821	220.77525	-149.6307	319.83334	-3.3779078	35.26368	101.643036	-100.47099	1356000	-0.016119337	1469.6155	0.0	-312.56555	0.17819414	-1.9371509e-09	1674.54953789711
339	-50.00985	105.74826	145.5122	-192.96667	375.5	1.3965772	28.831057	95.263535	-96.34473	1360000	0.016413275	1724.8196	0.0	-786.9282	0.1951171	1.6987324e-09	1678.6153318881989
340	5.6158447	112.901825	142.25186	-168.67403	495.75	-14.705337	35.779728	94.788795	-103.95557	1364000	-0.010922325	1004.7096	0.0	-277.25055	0.18309267	-2.592802e-09	1683.4293138980865
341	79.57956	108.24598	174.51593	-95.05754	415.0	-2.0032372	36.857647	95.08091	-101.23695	1368000	-0.01501868	1314.6368	0.0	-448.08057	0.17242913	1.9967556e-09	1687.971139907837
342	-12.819549	140.9199	204.3859	-162.63588	449.5	4.9137025	28.343332	80.38996	-87.975914	1372000	0.012717368	1190.4115	0.0	-482.86316	0.18890344	-2.3394824e-09	1692.57954788208
343	-15.264819	151.06824	163.83621	-249.44096	538.8571	-13.221338	27.352106	91.15052	-98.63403	1376000	-0.0018702557	1047.8855	0.0	-136.58276	0.18569216	-8.3446505e-10	1697.5531558990479
344	31.439575	94.868835	161.33241	-76.2988	729.6	-2.186898	27.44111	85.07787	-91.652	1380000	-0.009649276	336.4957	0.0	-122.2906	0.19498989	-4.082918e-09	1702.9612798690796
345	25.642395	151.5047	202.76805	-183.60612	592.8333	-3.143251	22.779457	94.37921	-80.35266	1384000	-0.0042104246	717.62994	0.0	-51.126648	0.18092385	1.5497208e-09	1707.9477248191833
346	3.3663254	75.475876	132.94571	-54.423813	893.75	-0.44496924	21.961119	91.59434	-33.40756	1388000	-0.0030919202	133.0428	0.0	-32.49173	0.17353983	-3.3527612e-09	1713.6948828697205
347	-86.087585	52.805515	-47.359627	-189.64555	797.0	-5.6968517	13.576427	43.202785	-85.48742	1392000	0.012843564	390.24307	0.0	-154.48094	0.19496542	1.4901161e-10	1718.6846628189087
348	-3.366085	93.071686	153.95293	-87.35773	889.75	-12.225562	20.808802	90.76607	-77.97957	1396000	-0.01580932	254.048	0.0	-75.616486	0.19111015	2.115965e-09	1724.9720287322998
349	-55.39287	27.753654	-27.279331	-92.53946	1000.0	-8.237575	16.882353	86.3773	-59.967213	1400000	-0.023337357	127.20527	0.0	-84.21234	0.1930357	-3.2782554e-10	1731.6204969882965
350	-52.541573	16.818659	-33.998405	-76.516	1000.0	-9.029945	16.795286	78.71472	-28.207117	1404000	-0.013418216	38.59478	0.0	-6.8038425	0.19348134	-4.768372e-10	1738.605111837387
351	-82.27852	31.631956	-51.728626	-135.23714	892.0	-9.047466	12.036953	39.856346	-80.92176	1408000	2.581501e-05	128.36804	0.0	-26.045761	0.18008171	-5.066395e-09	1744.3522539138794
352	-58.34975	27.528624	-25.423758	-85.782295	1000.0	-16.480267	17.778297	84.9352	-29.682402	1412000	-0.024383647	40.150227	0.0	-16.847036	0.19660105	1.4305115e-09	1750.7927100658417
353	-43.398556	19.416462	-17.783619	-71.95638	1000.0	-12.46615	18.582941	91.18097	-28.346632	1416000	-0.022182373	33.29836	0.0	-12.130774	0.17746376	2.026558e-09	1757.577122926712
354	-33.47721	16.829742	-14.088889	-57.293465	1000.0	-7.866703	17.733503	94.00893	-26.044567	1420000	-0.020826267	22.383177	0.0	-3.5097065	0.18707374	-3.516674e-09	1764.0923900604248
355	-30.696999	39.555656	2.5888066	-98.24821	1000.0	-9.613555	22.097328	94.153656	-28.844679	1424000	-0.0066746315	22.403324	0.0	-4.8429184	0.18116733	-3.2782554e-09	1770.34960603714
356	-36.170216	23.24041	-14.603267	-74.41721	1000.0	-9.102004	19.353935	94.1015	-27.516714	1428000	-0.008904294	27.147575	0.0	-4.759548	0.18546845	1.5199184e-09	1777.085135936737
357	-54.888847	17.149012	-33.662544	-79.751	1000.0	-8.3446665	14.654542	58.328274	-24.946074	1432000	-0.018514825	29.474052	0.0	-6.021881	0.17872682	3.2782554e-10	1783.2348539829254
358	-64.173515	21.454966	-32.768837	-93.36952	1000.0	-12.063488	15.1978445	59.44	-26.39213	1436000	-0.005656044	31.35328	0.0	-9.547628	0.18071155	1.7881393e-09	1789.86536693573
359	-74.85559	40.38147	-33.26332	-140.95282	924.25	-8.3871565	18.851183	85.62511	-90.578156	1440000	-0.0019895842	179.51387	0.0	-41.187576	0.19322081	1.8775463e-09	1796.1238787174225
360	-37.933167	6.8066516	-30.086504	-47.95567	1000.0	-11.034277	17.807835	73.36475	-27.095657	1444000	-0.006784685	30.081463	0.0	-6.7620964	0.18536031	-6.854534e-10	1801.3099129199982
361	-37.292515	19.03227	-8.246838	-54.990807	1000.0	-11.222347	15.984201	69.963066	-28.194883	1448000	-0.01464467	21.23759	0.0	-4.4879074	0.1928539	1.2218953e-09	1808.1329357624054
362	-43.921898	32.461723	-9.129501	-97.019104	1000.0	-10.4716	16.55812	73.24542	-26.52812	1452000	-0.010502983	21.320805	0.0	-1.9667053	0.20023884	2.592802e-09	1814.5282669067383
363	-56.545044	9.936435	-42.285023	-66.77439	1000.0	-11.884591	17.534285	75.78367	-26.143013	1456000	-0.03359891	30.74828	0.0	-6.5337048	0.188482	-2.6524067e-09	1821.6359958648682
364	-22.926136	10.590217	-4.8926387	-32.040165	1000.0	-12.111536	20.744183	90.10756	-29.095306	1460000	-0.008034706	31.314863	0.0	-10.257044	0.18641922	-7.4505807e-10	1827.2817928791046
365	8.01754	70.15131	127.68373	-51.424923	962.75	-5.537994	24.554832	92.8853	-77.496124	1464000	-0.010329758	119.7152	0.0	-49.226967	0.19210711	-1.1324882e-09	1834.0408618450165
366	21.85028	122.2092	222.33229	-108.90046	796.0	-0.8078253	19.427532	71.166985	-79.63861	1468000	-0.0055313637	300.97995	0.0	-100.78137	0.19156508	3.0696392e-09	1839.50479388237
367	61.79602	153.27185	235.33641	-144.65367	648.3333	8.955764	37.28336	87.44584	-92.24888	1472000	-0.042955466	1216.3889	0.0	-564.0721	0.24279162	3.2782554e-09	1844.8160979747772
368	75.03687	122.48452	276.3393	-40.841576	448.875	7.287544	29.629562	97.38576	-101.8557	1476000	-0.015300034	1054.4486	0.0	-345.53723	0.1836785	7.599592e-10	1849.525331735611
369	204.64812	42.815193	257.70718	136.12373	478.42856	24.566156	34.01701	93.69614	-93.028244	1480000	-0.06619156	1204.5189	0.0	-754.05334	0.2172558	-4.1425228e-09	1854.685401916504
370	155.9605	103.692215	235.78044	-49.401398	354.55554	26.722641	19.195768	84.094345	-53.063618	1484000	-0.04901156	1107.6997	0.0	-173.63025	0.22604899	-3.7550927e-09	1859.3394289016724
371	153.8348	100.63773	254.92484	-17.656858	350.33334	30.766188	21.85511	94.135185	-64.605225	1488000	-0.005201393	1139.9491	0.0	-296.89374	0.18906915	5.111098e-09	1863.741385936737
372	201.09021	97.604195	297.1169	-35.17922	434.0	30.236906	20.599224	89.31728	-75.779854	1492000	-0.074377485	1173.7593	0.0	-583.7049	0.28299433	8.672476e-09	1868.3477427959442
373	222.12149	76.365166	302.02148	-31.986008	298.3846	35.27685	22.696398	104.623634	-39.70228	1496000	-0.046366245	1194.6456	0.0	-612.62946	0.17878187	-4.5895576e-09	1872.1371409893036
374	145.55675	107.45197	270.30048	-24.161114	474.125	60.40553	17.325212	107.10344	-33.595833	1500000	-0.06963988	2564.312	0.0	-1754.5737	0.31232157	-8.642673e-10	1876.6050379276276
375	203.36043	100.29915	292.02634	-7.4390254	278.35715	36.799084	27.690256	104.28163	-89.13694	1504000	-0.0324965	1885.9957	0.0	-770.5814	0.15619652	3.874302e-10	1880.3325927257538
376	211.11412	97.73622	284.89044	-10.711897	278.81818	50.391693	17.012197	101.35703	-57.362713	1508000	-0.05158971	1175.6768	0.0	-662.28986	0.22881834	1.3411046e-09	1884.415603876114
377	190.06294	126.116104	307.47504	-46.655544	278.14285	44.591602	30.0549	105.73129	-88.00522	1512000	-0.0337522	1186.6725	0.0	-539.75635	0.15115595	3.0845404e-09	1888.0288968086243
378	159.27953	136.02058	302.4203	-53.65402	262.13333	55.51992	33.961815	110.552765	-92.735695	1516000	0.0025137109	1774.8492	0.0	-507.4077	0.15188798	-1.1920929e-09	1891.799695968628
379	191.46925	89.478096	268.6632	9.714856	332.5	33.375023	34.289295	99.922356	-99.06726	1520000	-0.07688746	1403.4142	0.0	-855.89746	0.24293637	8.3446505e-10	1895.6268939971924
380	241.25606	74.283264	312.2808	-1.7501113	275.42856	55.13315	30.085794	105.43359	-99.324615	1524000	-0.028726747	455.91364	0.0	-197.66821	0.14156683	-1.1026859e-09	1899.4731140136719
381	182.49974	116.8199	291.3486	-6.7153635	249.3125	55.037243	29.608639	109.13727	-82.753716	1528000	0.0005345644	1211.3527	0.0	-347.62366	0.1535024	-6.556511e-10	1903.0172128677368
382	174.64764	129.57307	291.06158	-27.610207	253.6	43.03726	44.55532	108.02847	-98.55554	1532000	-0.015992556	1396.772	0.0	-261.06995	0.14939216	7.301569e-10	1906.5499758720398
383	222.62607	72.62851	279.92612	-28.83601	271.57144	60.83939	24.741234	108.96007	-97.11227	1536000	-0.018006062	315.63568	0.0	-82.87503	0.14343265	-2.3841857e-09	1910.2806949615479
384	167.03613	131.97716	297.44583	-62.42267	289.23077	42.03477	41.301895	108.74232	-92.14626	1540000	-0.004632689	1095.5892	0.0	-441.9688	0.15003167	3.1292438e-09	1914.0224187374115
385	96.627846	127.21632	260.18942	-72.83319	300.84616	20.836773	44.464355	91.799	-96.41808	1544000	-0.0060509495	1014.4555	0.0	-138.28888	0.15385033	-4.2021275e-09	1917.7935938835144
386	171.83531	111.233444	283.33838	-37.66786	331.08334	28.79377	43.889297	108.1943	-96.96644	1548000	-0.002305909	1001.83685	0.0	-318.18066	0.13900459	2.8908254e-09	1921.751196861267
387	211.49313	90.896904	302.327	-47.13564	348.8	43.170803	33.298252	106.424995	-96.62923	1552000	-0.001735085	1204.8685	0.0	-517.1467	0.13646998	-2.384186e-10	1925.9673519134521
388	175.78113	71.598854	227.08943	-10.320432	489.5	32.58803	26.3183	106.57023	-66.22423	1556000	0.012100418	582.1444	0.0	-196.92743	0.14539875	-1.1920929e-09	1930.7709820270538
389	79.32281	106.68812	217.67798	-54.75316	596.3333	25.595724	20.152885	82.372314	-65.20844	1560000	-0.005881745	1117.7555	0.0	-548.34326	0.13230903	1.013279e-09	1935.9196090698242
390	86.38434	130.80614	229.70403	-108.961876	564.4286	14.6269865	28.960857	81.461235	-81.39659	1564000	-0.010959551	1051.394	0.0	-285.46613	0.1461345	8.046627e-10	1941.1096670627594
391	152.9093	116.00243	255.65216	-69.80452	479.125	17.16262	27.10742	83.62533	-85.07331	1568000	-0.0032639087	636.2652	0.0	-205.53714	0.12998272	-4.5895576e-09	1945.6279079914093
392	100.07196	122.706924	275.31116	-83.34533	715.2	8.253571	32.714203	86.892426	-94.5896	1572000	-0.000109683184	841.8076	0.0	-431.21045	0.130925	7.4505807e-10	1950.9579586982727
393	75.53222	131.25531	258.49823	-67.551605	464.625	10.298172	25.527761	93.30073	-87.78432	1576000	-0.0047526574	1064.5513	0.0	-206.17645	0.13920438	-2.592802e-09	1955.675901889801
394	47.374557	103.163795	228.74852	-70.35833	580.1667	12.593016	33.50914	93.57949	-85.76722	1580000	-0.044350136	963.6326	0.0	-403.50085	0.18897963	-1.9371509e-09	1960.650223016739
395	132.03043	65.8694	191.12424	21.013773	797.6	-1.3353232	32.48065	99.31826	-93.14342	1584000	-0.02568157	883.30707	0.0	-642.5764	0.15293078	-5.364418e-10	1966.550234079361
396	91.01711	101.64225	201.37799	-80.5153	765.0	19.676476	25.512339	83.47234	-76.69296	1588000	-0.044830237	937.418	0.0	-450.86652	0.19964442	9.536744e-10	1972.633798122406
397	73.319725	99.52377	189.23553	-90.231735	750.2	10.142851	24.371761	99.5	-64.98384	1592000	-0.02555787	380.25772	0.0	-86.04297	0.17728157	-2.4437905e-09	1978.1339199543
398	16.505499	57.607384	98.75311	-47.613617	899.5	1.2937269	22.705166	99.58985	-64.77898	1596000	-0.030871961	246.82254	0.0	-59.51091	0.20050925	-2.115965e-09	1983.795560836792
399	13.589872	106.28756	178.11095	-116.91552	896.0	0.04460449	20.582449	80.986946	-102.03894	1600000	-0.011657942	289.08182	0.0	-33.18666	0.16468264	-5.662441e-10	1989.6484367847443
400	-32.33303	46.32502	5.453556	-109.29221	922.25	-3.4761858	21.624287	89.532684	-95.67711	1604000	-0.0021378445	241.73085	0.0	-60.47058	0.16087998	1.192093e-10	1995.5973627567291
401	-27.496304	20.357607	4.689529	-47.69039	1000.0	-11.326303	17.042173	67.1099	-26.381556	1608000	-0.017785016	46.420483	0.0	-21.6019	0.16490361	5.4240226e-09	2001.0431380271912
402	-41.9582	19.499737	-15.556707	-70.38526	1000.0	-7.3084755	14.424595	37.90063	-25.161242	1612000	-0.00499995	34.835426	0.0	-9.163034	0.17048636	-3.874302e-10	2007.9717857837677
403	-13.754768	17.531134	11.4772415	-36.98489	1000.0	-6.6605167	17.69841	88.92689	-20.61557	1616000	-0.023743732	39.822895	0.0	-9.155365	0.1679659	-3.874302e-10	2014.600956916809
404	-45.66368	28.84975	-15.344515	-89.376434	1000.0	-6.2573113	14.693653	62.038162	-17.986092	1620000	-0.025410226	24.365839	0.0	-8.805777	0.17380854	-5.662441e-10	2020.7468829154968
405	-38.009903	27.846125	-4.554645	-65.75174	1000.0	-6.3352485	13.133601	58.137432	-17.297396	1624000	-0.02138818	23.123384	0.0	-5.5140514	0.1719879	-1.7434358e-09	2027.4934079647064
406	-44.7178	11.759003	-32.15403	-60.01972	1000.0	-5.876574	10.681684	36.60597	-17.671055	1628000	-0.009967394	32.550682	0.0	-11.718901	0.1761246	-1.6391277e-09	2033.9325709342957
407	-54.245422	15.736542	-37.398663	-77.70427	1000.0	-7.1058583	10.450784	63.27659	-19.073463	1632000	0.00010648942	29.314255	0.0	-9.455555	0.17211972	2.682209e-10	2039.9725999832153
408	-73.352844	19.317574	-49.610725	-97.362686	1000.0	-9.159491	11.564835	62.531094	-17.12444	1636000	-0.0025965977	22.245504	0.0	-5.455078	0.1757831	-3.6656858e-09	2046.1623420715332
409	-65.48628	24.140987	-28.579313	-94.63824	1000.0	-6.7446237	9.725231	39.70325	-18.434412	1640000	-0.009487257	32.573067	0.0	-10.752035	0.17731227	1.5795231e-09	2053.2323508262634
410	-75.22028	36.851936	-32.14753	-127.0013	1000.0	-8.29417	12.370916	75.74688	-26.581963	1644000	0.013867542	35.928806	0.0	-12.502666	0.17448823	-1.7285346e-09	2061.018738746643
411	-89.595856	14.68399	-73.317116	-111.664955	1000.0	-9.759971	8.143456	20.924109	-18.58476	1648000	-0.019411463	15.122866	0.0	-3.678362	0.18526441	2.384186e-10	2066.715670824051
412	-75.030396	15.315288	-50.923946	-89.22365	1000.0	-9.614889	10.202807	47.616993	-19.357656	1652000	-0.01629442	17.707026	0.0	-3.4749718	0.18464844	-1.2516975e-09	2073.6993367671967
413	-100.870636	27.228682	-78.85204	-147.52983	1000.0	-11.133957	12.369075	65.28121	-27.275581	1656000	0.001989678	35.831306	0.0	-8.84778	0.17925629	-4.2915342e-09	2079.503084897995
414	-85.17454	24.391235	-59.628315	-123.48828	1000.0	-10.981635	6.801885	15.076994	-19.300774	1660000	-0.017320292	16.52517	0.0	-1.6647482	0.1792464	-8.9406965e-10	2085.3270919322968
415	-80.75111	10.901849	-68.47958	-97.042854	1000.0	-11.72861	9.44053	48.82	-20.173487	1664000	-0.023836117	13.971811	0.0	-1.2414675	0.17448376	-2.384186e-10	2092.935025691986
416	-70.02452	15.638824	-48.453438	-86.13046	1000.0	-10.021604	9.822961	46.817574	-19.75151	1668000	-0.00013313281	19.855993	0.0	-2.616047	0.17369765	-1.0430813e-09	2099.3867938518524
417	-79.51543	23.837654	-49.35388	-116.09419	1000.0	-10.923107	12.391505	56.626427	-23.69681	1672000	0.0032486634	27.413801	0.0	-5.0281086	0.17171386	2.9802322e-10	2105.8147139549255
418	-65.26221	10.656478	-53.925945	-82.63726	1000.0	-12.214774	12.358064	69.89027	-25.436928	1676000	-0.0030191578	22.449734	0.0	-4.082781	0.16602914	3.3676624e-09	2113.0189769268036
419	-72.3123	20.498623	-40.183823	-95.20299	1000.0	-13.635399	12.590912	44.74382	-21.59712	1680000	-0.016922172	20.10453	0.0	-4.896326	0.15452115	4.1723253e-10	2120.3245527744293
420	-65.9427	18.55724	-38.742245	-84.82917	1000.0	-13.276668	14.374716	71.905815	-24.99948	1684000	-0.027348824	27.292774	0.0	-6.384857	0.16623491	-5.364418e-10	2127.8314878940582
421	-48.271168	25.540102	-6.6381598	-71.67482	1000.0	-11.461605	16.923674	74.246414	-27.596006	1688000	-0.019894645	47.99005	0.0	-17.3414	0.1539338	-3.7252903e-09	2134.742199897766
422	-40.033684	14.3430195	-19.61562	-59.795067	1000.0	-9.670671	12.369981	27.994701	-22.276997	1692000	-0.010390006	19.808687	0.0	-2.9706135	0.17032254	-3.4272671e-09	2142.4777998924255
423	-46.952118	20.472721	-13.502415	-65.43729	1000.0	-12.360287	15.896493	61.13009	-25.13109	1696000	-0.010511472	29.010057	0.0	-9.997334	0.16527788	-3.874302e-10	2150.0390188694
424	-23.892387	23.220692	-2.9556692	-63.245975	1000.0	-9.007111	19.778017	74.19509	-22.732782	1700000	-0.013126894	30.98354	0.0	-14.49309	0.16110049	-3.874302e-10	2156.6868369579315
425	-28.353867	8.863809	-20.042353	-41.48254	1000.0	-8.493761	14.371829	36.973244	-21.040699	1704000	-0.030295154	21.774715	0.0	-5.6232014	0.1731896	2.1308662e-09	2164.779979944229
426	-45.550415	11.525424	-34.275623	-64.15034	1000.0	-8.960906	16.96958	49.270172	-26.163223	1708000	-0.025700383	68.7629	0.0	-55.103306	0.16907486	1.2218953e-09	2173.111671924591
427	-19.126295	30.693293	24.831306	-52.662247	1000.0	-11.5541525	20.088509	71.36338	-27.273066	1712000	-0.010516059	44.47967	0.0	-30.256002	0.1534608	-7.748604e-10	2179.6620149612427
428	-8.586851	18.701736	18.758316	-27.542469	1000.0	-7.0802765	18.47524	57.288147	-24.130577	1716000	-0.016629567	30.2495	0.0	-10.90728	0.16587357	3.3825636e-09	2187.6051959991455
429	14.088658	16.075684	36.114265	-4.700719	1000.0	-3.8815362	21.708899	81.37633	-22.923443	1720000	-0.008212311	142.64774	0.0	-125.87412	0.15860368	9.23872e-10	2194.9095718860626
430	48.445286	107.731	230.61766	-40.84612	830.0	-4.1662173	20.370285	63.143284	-24.919535	1724000	-0.03233209	151.23317	0.0	-91.3795	0.16193675	-3.1292438e-09	2201.671170949936
431	7.8973036	65.87035	114.777115	-59.13627	838.25	12.701645	31.77983	70.15421	-75.39295	1728000	-0.07645015	960.00146	0.0	-724.80756	0.23854132	5.4240226e-09	2208.6809368133545
432	9.544962	59.197414	101.29333	-64.001625	833.0	-1.9934665	19.813156	48.11605	-109.90336	1732000	-0.006161087	208.1651	0.0	-37.858932	0.17632894	-2.3543836e-09	2214.9810478687286
433	87.62093	129.2526	248.64888	-83.1566	541.0	3.0881329	20.654362	42.630795	-98.91554	1736000	-0.01885931	926.66626	0.0	-270.40088	0.23048595	4.6491624e-09	2220.595973968506
434	103.36084	110.5987	234.57076	-41.129498	431.125	13.983688	27.521719	61.497364	-128.3978	1740000	-0.06787831	1284.4751	0.0	-483.1349	0.22934596	5.8710574e-09	2225.671396970749
435	61.21529	118.45408	220.87979	-79.38916	275.92856	24.94456	24.575674	81.80783	-126.826996	1744000	-0.01137805	2032.7969	0.0	-834.6294	0.15761639	2.9802323e-09	2229.5128717422485
436	83.98887	124.256935	250.5807	-58.241356	270.7143	13.466406	28.373032	71.386536	-116.76299	1748000	0.004002991	1799.3992	0.0	-300.82043	0.1553464	-1.0728836e-09	2233.425528049469
437	33.58142	113.47907	251.78458	-60.469364	248.625	13.142456	28.589117	72.711235	-123.315926	1752000	-0.005315795	1970.4205	0.0	-503.15723	0.16160205	-1.9073487e-09	2237.167366027832
438	67.021126	115.36271	212.98863	-66.96504	319.25	12.874176	37.92675	80.1603	-115.090965	1756000	-0.0584783	1822.1603	0.0	-675.239	0.2309781	-3.218651e-09	2241.5676970481873
439	26.625755	97.37791	213.79448	-42.008713	231.23077	23.336454	28.703407	78.37518	-78.64266	1760000	-0.04602569	1731.5248	0.0	-733.8152	0.20298618	4.3213366e-09	2246.0463478565216
440	96.510216	121.31789	252.75201	-77.80314	272.64285	2.9840956	31.717466	76.4361	-97.56339	1764000	-0.007391696	2099.9692	0.0	-643.2616	0.14267087	-1.9073487e-09	2249.870803833008
441	41.810375	116.42932	216.36186	-64.00808	223.52942	17.787354	28.044596	98.33383	-91.49889	1768000	-0.015064088	1886.0879	0.0	-249.1565	0.15563683	1.7434358e-09	2253.514417886734
442	43.605656	121.87143	224.468	-100.4642	233.625	11.017625	30.273016	98.43802	-111.2213	1772000	-0.009234884	1715.988	0.0	-185.76953	0.14880428	1.4007091e-09	2257.2360229492188
443	89.8798	132.34785	242.13257	-108.66308	319.5	19.718636	34.072617	80.432396	-116.416336	1776000	-0.012272695	1475.6931	0.0	-225.00232	0.16875803	-5.066395e-10	2261.167104959488
444	39.312523	118.92664	238.43028	-74.74661	388.4	32.619434	33.540245	77.62103	-103.432846	1780000	-0.018389491	2482.4268	0.0	-1407.3716	0.19749704	-4.3809414e-09	2266.090602874756
445	14.494795	114.413734	207.67667	-98.62766	246.93333	-1.7631843	28.999283	42.448597	-119.6296	1784000	-0.0082229115	2055.0103	0.0	-291.8512	0.15329412	1.952052e-09	2269.783968925476
446	127.073425	111.73362	206.91385	-108.160774	316.66666	2.4114091	30.102182	79.38284	-119.30572	1788000	-0.018532233	2416.094	0.0	-1336.8478	0.123172775	-1.2814999e-09	2273.6205689907074
447	109.33924	100.569916	228.44034	-62.81861	282.30768	28.47218	22.789	88.36182	-66.60694	1792000	-0.015646823	1064.2344	0.0	-181.8335	0.13130412	8.642673e-10	2277.6618509292603
448	81.707565	117.02111	223.8259	-84.01108	327.33334	32.419548	24.07802	84.37293	-62.915245	1796000	-0.011546402	2177.2485	0.0	-615.2931	0.16751762	1.6689301e-09	2281.707189798355
449	49.374817	105.27094	223.02394	-96.97593	282.54544	19.324226	23.863823	79.411606	-89.17195	1800000	-0.023728663	1379.7853	0.0	-350.3579	0.19597574	1.2814999e-09	2286.0383598804474
450	74.72808	120.482864	240.62248	-83.17076	321.58334	11.507233	26.61752	74.48499	-104.24123	1804000	-0.012279536	1369.6768	0.0	-262.52185	0.12163646	-3.1888485e-09	2290.1687519550323
451	45.875156	122.241234	206.59407	-95.967094	369.5	17.983347	28.111782	74.87537	-104.798836	1808000	-0.0014040535	1575.501	0.0	-430.0027	0.14235167	-1.4901161e-09	2294.53182888031
452	78.01977	111.79243	225.09315	-66.44806	461.875	3.0708945	21.304087	45.655045	-105.03254	1812000	-0.05772969	1072.1504	0.0	-356.02698	0.24712911	5.7071445e-09	2299.1813678741455
453	76.39684	97.843704	197.57816	-59.96232	443.33334	12.289153	20.1507	47.736824	-101.40671	1816000	-0.023008665	1165.2192	0.0	-280.75226	0.2123118	-1.2069941e-09	2303.7227120399475
454	150.67917	70.90293	218.08922	-13.679326	484.125	14.362439	23.106516	72.60664	-75.550285	1820000	-0.056640014	1000.28864	0.0	-479.71472	0.20291716	6.7353247e-09	2308.515965938568
455	135.81532	112.0985	226.04652	-77.866165	442.22223	21.232931	15.829572	67.01782	-54.764812	1824000	-0.029675776	1175.3046	0.0	-360.48846	0.14463034	1.6391277e-09	2313.023052930832
456	96.21177	128.52327	253.99754	-68.52351	323.27274	25.254772	19.29184	74.25173	-78.94347	1828000	-0.01505354	1327.7064	0.0	-228.81433	0.121398255	3.7699937e-09	2317.325289964676
457	-12.571095	74.985855	215.67683	-70.78087	310.33334	10.692898	23.5647	76.33817	-79.56228	1832000	0.01776771	1758.0925	0.0	-849.5635	0.13671438	-1.8179417e-09	2321.429552793503
458	135.0819	112.99364	247.35316	-63.830025	354.0	-4.4638624	35.703804	61.253616	-120.11632	1836000	-0.032963783	3090.107	0.0	-1704.81	0.13267398	-3.6507846e-09	2326.0448727607727
459	67.727615	115.97503	241.88826	-73.34074	542.5714	24.579773	29.183762	74.34945	-74.89942	1840000	0.013298077	1412.0654	0.0	-536.3881	0.14579503	-3.0994416e-09	2332.156944990158
460	87.44669	78.55488	214.18256	-0.8212486	855.0	6.836248	16.463667	56.223743	-55.207794	1844000	-0.018650109	276.40762	0.0	-95.12834	0.16712262	2.6524067e-09	2339.7200288772583
461	40.60174	88.37909	177.61089	-41.186253	662.0	9.159112	20.270643	64.494415	-74.561	1848000	-0.013822924	493.69067	0.0	-58.65854	0.15914413	-1.0430813e-09	2347.6018788814545
462	106.76418	109.93532	232.0126	-9.920306	613.6667	2.98305	19.366587	51.855885	-77.63601	1852000	-0.011685791	660.91266	0.0	-159.61191	0.13971323	7.1525574e-10	2353.667501926422
463	80.203575	109.94702	220.2829	-25.978352	752.6	5.905295	19.816294	66.0397	-82.653725	1856000	-0.020038387	218.5893	0.0	-76.29013	0.13669786	1.9967556e-09	2361.7862730026245
464	113.273026	86.84348	214.22337	-38.248985	657.0	18.411219	21.356903	58.473667	-79.40076	1860000	-0.06866123	785.7307	0.0	-291.72684	0.23131804	-1.5497208e-09	2368.097213745117
465	142.87415	95.29171	263.2311	22.567154	677.6	17.2663	22.455576	66.93745	-38.43306	1864000	-0.04776012	592.1118	0.0	-252.02795	0.17521314	-1.2516975e-09	2375.1783180236816
466	75.64778	69.414825	191.70813	13.830023	964.5	11.919181	15.64823	59.69324	-31.030106	1868000	-0.041567795	181.95718	0.0	-36.07718	0.19753091	2.7418137e-09	2382.66131401062
467	45.44759	91.60883	203.96788	-12.466203	856.5	3.0171227	16.529425	59.346306	-9.158302	1872000	-0.020082464	192.2979	0.0	-40.85701	0.15583935	-1.5497208e-09	2389.77783703804
468	34.237278	65.195816	145.49144	-17.770008	949.75	3.1664972	17.767393	58.414112	-37.925945	1876000	-0.015724355	131.98584	0.0	-36.00567	0.15758	-1.4007091e-09	2396.447052001953
469	102.87836	91.60065	223.51614	7.112804	768.2	5.6187153	20.197277	57.95402	-63.1055	1880000	-0.014711273	353.6431	0.0	-44.373596	0.16524515	-2.2053719e-09	2403.0712218284607
470	65.771225	67.90391	182.08582	10.969964	967.75	3.9362895	19.384285	58.0883	-38.211105	1884000	-0.03026606	114.21243	0.0	-19.908577	0.18022247	-1.3709068e-09	2409.833821773529
471	50.025517	76.628975	182.43806	-0.124639556	912.75	-0.36292505	17.44892	51.111065	-37.24479	1888000	-0.021418545	162.93594	0.0	-25.215286	0.16122247	-3.427267e-10	2417.427920103073
472	70.62266	79.245995	203.09148	-7.0310407	871.75	5.7406588	20.732262	58.26823	-28.301895	1892000	-0.047553863	205.3399	0.0	-59.746323	0.18351187	4.3213366e-10	2424.7495470046997
473	87.135445	105.01123	254.6347	-17.692022	882.25	7.988188	19.69601	48.52631	-18.515692	1896000	-0.045064192	237.77916	0.0	-21.420746	0.18610139	3.3378602e-09	2431.9197669029236
474	206.54753	32.897144	261.3999	154.46512	511.66666	9.298094	19.321697	59.809895	-21.807568	1900000	-0.03722303	905.08905	0.0	-415.97647	0.16536358	3.5762786e-09	2437.7270929813385
475	196.67061	38.823933	252.74687	153.0911	743.6	28.044788	15.753702	63.803616	-20.36193	1904000	-0.09854338	667.54736	0.0	-181.65796	0.25366843	-1.5199184e-09	2443.6024689674377
476	193.99023	77.681984	262.37762	11.676253	490.5	24.329433	16.582354	60.106678	-45.154194	1908000	-0.07386673	797.1484	0.0	-181.62848	0.22801267	-9.23872e-10	2449.2356588840485
477	167.45439	102.05114	268.31342	6.8372083	331.25	30.396046	13.961846	61.420097	-43.461964	1912000	-0.021936614	1369.6659	0.0	-446.41577	0.14591435	-1.0728836e-09	2453.7277579307556
478	206.71246	99.32298	279.3807	-38.977264	357.72726	34.118076	14.946704	66.63431	-52.99899	1916000	-0.018036129	787.75574	0.0	-285.008	0.14055851	3.218651e-09	2458.200428009033
479	229.31114	38.571594	283.7184	131.69922	432.66666	41.24151	20.614077	74.04276	-18.95817	1920000	-0.16098312	1051.249	0.0	-713.9509	0.25332427	-5.930662e-09	2462.616001844406
480	207.98618	51.493565	263.399	106.31418	526.0	45.635902	15.609333	67.39521	-25.871134	1924000	-0.15870464	963.294	0.0	-532.3463	0.3129593	6.0498713e-09	2467.2776539325714
481	232.6385	67.19459	279.97772	17.118906	327.16666	43.347076	11.466886	67.36397	-68.45724	1928000	-0.031058643	840.15643	0.0	-211.15015	0.12890689	-4.2617323e-09	2471.2117397785187
482	225.38647	78.44564	297.70337	45.067345	301.53845	46.566658	15.844409	77.18128	-71.337776	1932000	-0.022363631	894.2365	0.0	-214.67291	0.12653857	-2.2053719e-09	2475.0424349308014
483	238.64598	70.3868	288.9012	4.1328735	288.3846	51.02348	17.198221	82.12098	-79.02266	1936000	-0.017704586	755.4051	0.0	-266.68295	0.12594648	-2.0861626e-09	2478.7235758304596
484	241.96748	62.612766	276.32306	19.293915	281.42856	60.094433	13.220131	91.425865	-83.21516	1940000	-0.0139056	380.62857	0.0	-157.93523	0.12363445	2.9206275e-09	2482.59094786644
485	242.37595	63.24659	287.72314	20.065817	273.7857	62.845665	16.930658	91.12984	-93.32854	1944000	-0.013098018	367.7201	0.0	-48.732788	0.121516995	-3.2335519e-09	2486.339854001999
486	225.68974	80.3473	277.11032	20.331066	264.73334	63.399414	16.679995	86.48003	-94.34353	1948000	-0.0101773925	747.4164	0.0	-65.23712	0.12933019	-8.642673e-10	2490.0577318668365
487	181.62688	109.69278	285.06088	-5.976938	266.7143	56.167595	26.589607	87.18821	-102.97843	1952000	-0.00475861	827.1255	0.0	-198.10028	0.12139603	3.1888485e-09	2493.7369079589844
488	235.49452	83.10179	300.81738	18.003105	258.33334	56.47229	22.401869	85.122604	-89.88485	1956000	-0.018342484	605.0371	0.0	-183.42776	0.119731784	1.8775463e-09	2497.380299806595
489	221.9319	85.82114	287.89423	-0.26762584	269.0	67.08348	12.128441	88.637146	-75.94893	1960000	-0.006310282	746.2952	0.0	-129.78589	0.12377256	-1.8775463e-09	2501.124520778656
490	251.78574	70.74506	302.37012	13.756067	290.76923	63.378292	15.801357	84.04664	-96.14811	1964000	0.005338241	365.77142	0.0	-101.84766	0.11423665	4.768372e-10	2504.8516068458557
491	244.98682	45.37188	287.85162	113.4378	343.45456	61.77185	18.63708	88.25636	-60.39357	1968000	-0.117770515	1187.0463	0.0	-896.82275	0.20625189	1.1920929e-09	2508.71489405632
492	242.51338	65.504555	288.0938	14.619482	266.64285	66.685524	10.871213	92.276375	-43.070168	1972000	-0.02203399	349.5838	0.0	-116.134964	0.11786319	2.1755695e-09	2512.361197948456
493	200.17424	81.61996	265.89957	24.619835	314.66666	60.21314	18.838318	91.32319	-41.568367	1976000	-0.005752202	941.6911	0.0	-468.19516	0.12121094	3.5464764e-09	2516.060754776001
494	231.40033	63.67118	274.40295	46.14121	328.16666	69.47455	11.71537	91.05015	-29.940384	1980000	-0.10444835	1363.4703	0.0	-539.18744	0.18680139	-8.642673e-10	2520.193614959717
495	273.29327	18.10401	302.94397	240.40973	277.2857	63.299007	12.965484	88.68628	-20.013603	1984000	-0.017311042	324.18005	0.0	-210.63454	0.11842719	1.6987324e-09	2523.821912050247
496	238.8916	78.45378	303.28336	9.889231	323.58334	61.600048	18.915987	95.956894	-62.64254	1988000	-0.074298	625.43164	0.0	-292.63632	0.20995118	4.768372e-10	2527.680769920349
497	235.07472	73.45804	281.6656	33.388264	245.5	68.37792	15.228981	97.9292	-56.727947	1992000	-0.014889865	566.77155	0.0	-196.52914	0.115756035	-2.8312206e-09	2531.279368877411
498	222.97061	98.9618	299.26797	-22.523941	244.9375	63.05816	30.653204	99.51966	-95.36245	1996000	-0.006554344	1059.498	0.0	-329.90686	0.111528106	-4.6789648e-09	2534.850150823593
499	219.90887	85.888145	286.392	32.06214	302.69232	59.59489	24.747877	115.1477	13.212802	2000000	-0.015872825	869.7047	0.0	-196.12018	0.20001554	3.6656858e-09	2538.658895969391
