Epoch	AverageEpRet	StdEpRet	MaxEpRet	MinEpRet	EpLen	AverageVVals	StdVVals	MaxVVals	MinVVals	TotalEnvInteracts	LossPi	LossV	DeltaLossPi	DeltaLossV	Entropy	KL	Time
0	-189.17142	142.95161	-39.012775	-536.24384	91.382355	-0.14576261	0.02849225	0.016680054	-0.20412384	4000	0.004244461	12637.81	0.0	-681.38574	1.3790402	-3.2782554e-10	3.5357069969177246
1	-196.47139	111.181076	-64.12484	-430.96594	98.7	-4.2117457	1.2430345	3.7469394	-5.4428315	8000	0.00061536505	12736.051	0.0	-939.51953	1.3813713	1.5199184e-09	6.587576866149902
2	-180.646	125.257614	23.964733	-478.98102	92.48837	-9.320128	0.124854885	-6.860548	-9.43295	12000	-0.001441795	12406.868	0.0	-572.02637	1.3821806	1.5795231e-09	9.600071907043457
3	-205.76888	115.965	-49.300774	-502.30338	92.976746	-12.6257715	0.17106141	-9.511171	-12.690726	16000	-0.0025168548	12933.328	0.0	-603.8213	1.3822107	1.4901161e-10	12.610936164855957
4	-152.27686	106.19924	23.45507	-554.9157	104.75676	-15.83516	0.07901905	-14.800308	-15.873688	20000	-0.0046460335	7115.277	0.0	-246.69678	1.3816857	-1.1920929e-09	15.650418043136597
5	-194.17345	103.65648	-10.650288	-470.0708	102.552635	-17.962034	0.07661411	-17.078028	-17.990398	24000	-0.0023196551	9629.807	0.0	-418.47363	1.3798263	2.0861626e-10	18.682445764541626
6	-159.67021	101.05343	28.86482	-513.2019	101.79487	-20.621725	0.17534178	-15.980548	-20.650356	28000	-0.0062604095	6961.4277	0.0	-304.2544	1.3778316	1.013279e-09	21.716038942337036
7	-137.04617	89.5467	-33.016994	-502.76376	92.95238	-22.96531	0.06777916	-21.572136	-22.982458	32000	-0.006928879	5212.4355	0.0	-188.34082	1.3741881	-3.2782554e-10	24.740290880203247
8	-159.43959	80.741974	-22.637022	-364.93396	106.64865	-24.85575	0.03794077	-24.06272	-24.867857	36000	-0.0063215336	4865.9375	0.0	-213.61523	1.3707999	-1.0728836e-09	27.782120943069458
9	-144.2604	87.371994	-23.835085	-366.63638	106.10811	-26.867186	0.037223917	-26.14731	-26.87858	40000	-0.004591579	4870.805	0.0	-201.4668	1.3672005	1.0430813e-09	30.852535009384155
10	-176.76453	95.962875	-57.191067	-455.36642	107.72973	-28.866533	0.034542605	-28.057837	-28.875685	44000	-0.0085838325	5829.2036	0.0	-260.85596	1.3611065	9.685754e-10	33.92751216888428
11	-165.4154	89.28681	-30.026917	-349.2795	104.78378	-31.14616	0.055830564	-30.115671	-31.156292	48000	-0.0057778205	5056.425	0.0	-240.98047	1.3556122	2.8759242e-09	37.01385307312012
12	-139.69022	72.347885	-34.2859	-312.51044	104.26316	-33.384468	0.006373709	-33.161324	-33.3897	52000	-0.0006000211	2936.8567	0.0	-128.82959	1.351111	6.705523e-10	40.06270503997803
13	-165.60005	103.12268	-34.746876	-385.0337	112.57143	-35.068344	0.046516027	-33.98686	-35.078636	56000	-0.004583001	5577.391	0.0	-204.85889	1.3489166	7.4505807e-10	43.1269588470459
14	-145.7096	80.80286	-38.236233	-319.8509	109.55556	-37.146023	0.2132587	-32.71014	-37.163998	60000	-0.0085359495	3252.403	0.0	-146.9585	1.3442601	1.6391277e-10	46.20525288581848
15	-141.70813	73.15777	-36.322224	-328.33987	115.20588	-38.97645	0.018676966	-38.557877	-38.9814	64000	-0.005027099	2560.715	0.0	-94.13916	1.3406721	-1.9073487e-09	49.328978061676025
16	-172.77214	99.266884	-37.369335	-448.29645	111.083336	-40.475483	0.019092571	-40.20471	-40.48037	68000	-0.014371593	5528.005	0.0	-218.05566	1.3355856	7.301569e-10	52.47420907020569
17	-197.14667	102.3448	-28.273367	-483.103	124.90625	-42.710037	0.03124977	-42.268673	-42.716457	72000	-0.0056704446	5946.8223	0.0	-265.71387	1.3328489	-1.1473894e-09	55.64900588989258
18	-152.9964	96.45712	11.0778265	-380.84912	118.666664	-45.229404	0.012566206	-44.887016	-45.232487	76000	0.0015606837	3768.5024	0.0	-98.46289	1.3261282	-2.2500752e-09	58.78454399108887
19	-170.31345	92.704796	-39.758793	-404.84525	124.9375	-46.841618	0.027301246	-46.249718	-46.845757	80000	-0.009286886	3758.848	0.0	-132.28174	1.3186581	-2.5331975e-10	61.974883794784546
20	-127.41874	90.69665	46.2528	-341.53568	121.030304	-48.654263	0.011254586	-48.492683	-48.65744	84000	-0.0122617055	2678.2292	0.0	-24.210205	1.3147209	7.1525574e-10	65.22602701187134
21	-149.77022	104.5682	6.1614347	-428.30377	120.78788	-49.514477	0.01901976	-49.26185	-49.518417	88000	-0.0064468686	4014.147	0.0	-85.1062	1.3062106	-8.791685e-10	68.39263582229614
22	-174.13544	104.45663	-15.206905	-408.38696	125.0	-50.996086	0.011883561	-50.75978	-50.998913	92000	-0.0012918998	3811.3726	0.0	-117.08667	1.2970427	-4.1723253e-10	71.54727506637573
23	-159.39256	106.63072	26.945494	-369.79218	131.13333	-52.79054	0.036189955	-52.273003	-52.79936	96000	0.0011234707	3753.38	0.0	-73.58374	1.2867323	1.0728836e-09	74.75860691070557
24	-137.4526	82.35709	-24.186317	-343.38904	120.242424	-54.272682	0.0061349478	-54.16689	-54.27459	100000	-0.0067247236	1918.7596	0.0	-33.264526	1.2792509	5.2154064e-10	77.91114807128906
25	-148.6492	102.89712	-14.595273	-516.60925	126.7	-55.297844	0.0077582295	-55.11667	-55.299843	104000	0.001965759	2996.381	0.0	-39.735107	1.271155	-4.0233136e-10	81.07981300354004
26	-103.046196	75.40465	-7.575058	-317.84848	177.86363	-56.374805	0.08492678	-55.881523	-56.40646	108000	-0.0032796932	2087.366	0.0	-98.36902	1.2836472	-7.1525574e-10	85.58683490753174
27	-98.461655	63.70961	-18.78412	-289.25836	128.32259	-55.748085	0.06728373	-54.41687	-55.76316	112000	-0.012926277	1497.0817	0.0	-3.876587	1.2559177	-3.5762787e-10	89.02667593955994
28	-134.78386	103.528625	27.2245	-339.6423	143.22223	-55.32708	0.49621254	-46.40739	-55.385567	116000	0.01114729	2708.056	0.0	-12.059082	1.2485915	-6.109476e-10	92.22155690193176
29	-129.04489	110.21529	3.260433	-297.91885	186.0	-55.420975	2.2289052	-3.4237847	-55.678604	120000	-0.01108428	3458.3726	0.0	-405.25757	1.2559675	1.6689301e-09	96.6876380443573
30	-104.59518	105.82537	41.973774	-298.21912	196.6	-50.126087	10.677608	-1.4112504	-55.388054	124000	-0.031703867	2318.2576	0.0	-247.09912	1.2462313	-4.4703483e-10	100.78207588195801
31	-100.94416	90.06619	38.719948	-322.55994	164.91667	-48.04622	6.01775	40.013184	-49.240765	128000	-0.004660938	2483.6243	0.0	-170.11377	1.2195292	4.917383e-10	104.1011049747467
32	-84.09786	74.99025	29.034918	-279.71478	151.26923	-49.343975	0.6358371	-46.55482	-53.472244	132000	-0.025319822	1963.5922	0.0	-37.22522	1.1992565	-6.2584876e-10	107.37968683242798
33	-96.58162	94.31227	18.383167	-378.98245	158.52	-48.546757	1.7736763	-31.270634	-54.3202	136000	-0.02198182	2370.389	0.0	-51.34912	1.190006	-4.61936e-10	110.84278512001038
34	-152.52142	93.43789	43.451347	-322.20557	177.81818	-48.34014	1.5717607	-47.470016	-54.23096	140000	0.021944946	2062.3777	0.0	-84.99866	1.1801656	1.6987324e-09	114.2430419921875
35	-54.342815	63.295753	39.266537	-148.2199	292.07693	-52.647907	1.9594958	-42.04544	-55.184273	144000	-0.018836904	2346.159	0.0	-1103.5924	1.2173272	5.364418e-10	120.16476488113403
36	-69.107796	77.84258	6.0203905	-269.33508	357.0	-25.888262	7.1717386	-1.3538029	-50.457188	148000	0.0006182132	1622.7979	0.0	-197.98865	1.2205637	-6.109476e-10	126.14232087135315
37	-82.143394	91.5671	26.438566	-281.99973	229.93333	-12.322916	9.965231	18.770689	-51.867256	152000	-0.034822274	1886.5709	0.0	-465.64502	1.1919681	-9.23872e-10	130.34427690505981
38	-49.020374	76.362465	27.891129	-163.13991	458.2857	-26.509365	12.007035	-8.153359	-52.71238	156000	-0.03362409	1273.3718	0.0	-272.53076	1.2234348	-5.2154064e-10	137.14985394477844
39	-72.675354	90.37386	20.00258	-343.37848	218.76471	-13.391104	5.6022534	-9.742278	-43.307186	160000	0.022161148	1915.898	0.0	-210.19165	1.1677091	-1.3411046e-09	142.11895394325256
40	-49.684307	54.02005	48.919212	-155.92119	296.0	-21.289093	6.5464163	-4.367879	-51.087982	164000	0.0056804502	1031.9689	0.0	-129.94214	1.1874055	-7.0035455e-10	147.4293031692505
41	-70.085724	91.63121	40.240097	-248.89737	242.125	-16.696383	5.4741707	3.4676952	-42.560184	168000	-0.013459328	2010.2351	0.0	-301.8451	1.1753701	-2.2500752e-09	152.46956491470337
42	-70.05418	66.04098	28.810987	-224.00053	227.82353	-24.536688	11.067008	-9.291068	-53.69494	172000	-0.012562571	1327.6515	0.0	-65.30591	1.170625	1.0579825e-09	156.59650897979736
43	-82.707146	75.33915	2.4071143	-287.04156	179.13637	-20.488653	5.819385	1.4278132	-53.224182	176000	0.0076482613	1843.4747	0.0	-406.0338	1.1350292	2.4735927e-09	160.0359079837799
44	-80.326775	103.438225	43.468525	-327.0398	190.4762	-32.996765	10.353969	-20.7999	-54.307255	180000	0.0053038923	2321.575	0.0	-179.36572	1.1327857	-1.8328429e-09	163.50270795822144
45	-49.26684	68.18427	29.463171	-224.67206	236.93333	-33.281116	13.344965	-19.65935	-54.959457	184000	-0.025341583	1596.9542	0.0	-300.99683	1.1735046	2.2649764e-09	168.0474030971527
46	-24.76189	43.51114	33.30662	-80.896706	425.0	-27.291922	10.759835	-15.90211	-54.038696	188000	-0.040055715	1164.9838	0.0	-251.24414	1.2194726	-9.387732e-10	174.7290689945221
47	-42.733112	38.56517	-10.445268	-138.93404	260.41666	-16.808771	3.8735757	-2.1297798	-45.12307	192000	-0.047273062	1011.0926	0.0	-100.76459	1.1863655	1.3113022e-09	179.4515631198883
48	-54.380657	60.269905	27.111042	-179.66048	249.4375	-12.505674	6.828144	3.1714635	-52.558002	196000	-0.008989982	1054.2245	0.0	-216.72931	1.156131	-6.854534e-10	184.07849287986755
49	-43.945465	65.66499	35.71867	-217.17564	330.25	-23.070543	14.765404	-2.0218987	-53.589066	200000	-0.035126552	995.08655	0.0	-235.48529	1.1731311	1.5497208e-09	189.93368983268738
50	-32.147305	75.01369	35.979332	-266.90277	260.8	-13.570197	10.164828	4.752351	-52.956448	204000	-0.038346436	1366.5729	0.0	-134.66553	1.144759	-1.9818545e-09	194.62194418907166
51	-90.51893	65.474724	12.5602045	-190.06563	346.63635	-14.232787	12.196268	12.350789	-53.229652	208000	-0.0333432	1443.3363	0.0	-230.40332	1.1590731	-1.013279e-09	199.58239603042603
52	-87.31335	78.412415	27.423475	-254.37105	248.14285	-23.67955	15.653803	5.13488	-54.047638	212000	-0.031652667	1325.5469	0.0	-154.53271	1.1121067	6.854534e-10	203.50836896896362
53	-22.979261	43.991913	27.749245	-106.50304	397.2	-15.447786	10.50875	-1.7701375	-54.66016	216000	-0.04128938	680.21686	0.0	-179.81705	1.1556252	1.2814999e-09	208.90497994422913
54	-16.667627	25.983364	29.603107	-84.61568	327.16666	-11.581452	11.502208	2.2432127	-53.318398	220000	-0.037566565	699.4889	0.0	-38.072815	1.1244755	-1.8030405e-09	214.3832230567932
55	-58.83606	68.35664	19.325014	-198.26187	618.6667	-13.90691	14.708653	0.55236506	-53.36741	224000	-0.0018252806	974.77014	0.0	-192.24664	1.148445	-1.3262034e-09	221.60278797149658
56	-76.76278	79.54711	18.777046	-210.30624	486.375	-9.859014	9.029179	-1.4463079	-53.04623	228000	-0.016900795	940.2995	0.0	-112.34711	1.138861	4.4703484e-11	226.89989686012268
57	-62.038437	59.883007	34.125767	-153.03777	654.5	-11.876332	5.804988	3.1621404	-52.774315	232000	-0.029720057	811.8956	0.0	-69.38086	1.1704694	1.6391277e-10	233.1495189666748
58	-80.56967	86.84444	27.45591	-228.01187	612.6667	-10.575878	6.117978	-3.0781255	-50.071915	236000	-0.02817596	1100.3662	0.0	-95.966125	1.1794767	-1.6093255e-09	239.502201795578
59	-2.1404243	46.747845	41.048187	-106.44187	466.2857	-12.25697	9.49202	-2.9249687	-50.661213	240000	-0.04011972	860.21967	0.0	-79.90143	1.1551255	-5.9604643e-10	245.74154090881348
60	-25.306358	23.623081	-1.8660043	-66.57175	635.6667	-10.638124	13.063815	-1.813535	-50.630554	244000	-0.047226872	695.5439	0.0	-104.0462	1.1483617	-3.427267e-10	251.74740314483643
61	3.7556858	50.40399	54.28843	-97.20577	492.5	-10.719178	7.3905253	-1.4914416	-41.139103	248000	-0.030447269	822.97614	0.0	-61.8869	1.1504282	-2.682209e-10	257.698157787323
62	3.7168343	67.3934	81.646385	-109.12394	654.6667	-13.563467	11.544462	0.24360275	-48.840687	252000	-0.04355882	856.3598	0.0	-122.81781	1.1976078	2.3543836e-09	263.95044898986816
63	-8.336469	19.732914	12.899398	-49.81309	444.2857	-4.380443	7.9635334	2.371166	-45.765934	256000	-0.030029105	448.9595	0.0	-31.659668	1.1586864	-1.8179417e-09	270.18100094795227
64	9.253746	40.891693	108.782074	-44.899666	322.91666	-5.1057844	9.995472	1.7561133	-50.17248	260000	-0.034343317	814.97595	0.0	-64.9292	1.1341472	2.399087e-09	275.3413429260254
65	-11.609366	30.463747	66.03262	-47.68016	281.92856	-3.002268	8.732951	2.660561	-52.9893	264000	-0.02309845	881.1554	0.0	-256.7574	1.0862417	1.7732382e-09	279.6719739437103
66	21.204863	52.200275	117.77776	-54.712856	479.2857	-13.655612	12.704271	3.0065002	-54.03435	268000	-0.046130758	798.8868	0.0	-171.70154	1.1694878	-1.1771918e-09	285.00544595718384
67	7.400357	46.032986	67.170395	-84.01414	323.75	-3.9921281	10.366402	4.5940394	-50.012707	272000	-0.025843289	782.26447	0.0	-122.12073	1.0587599	1.0430813e-10	289.75060415267944
68	-2.7191806	46.112225	71.50245	-83.293365	475.625	-10.491473	14.187465	5.3292704	-54.10412	276000	-0.054103293	875.8765	0.0	-119.71753	1.156308	1.2814999e-09	295.4113290309906
69	9.287933	36.31559	50.844936	-61.494415	553.7143	-12.324207	19.418833	9.680677	-52.460438	280000	-0.06655545	748.9274	0.0	-254.54419	1.1219566	6.854534e-10	301.115464925766
70	6.446903	38.25789	67.95284	-49.122692	637.8333	-2.89264	9.717575	10.464087	-49.73258	284000	-0.07655219	513.1014	0.0	-26.50885	1.1344408	8.1956386e-10	307.90373611450195
71	-29.929968	56.784657	52.832386	-128.15038	612.1667	0.085353516	11.972847	17.579357	-45.30699	288000	-0.012953364	794.563	0.0	-223.06366	1.1070466	-2.9802322e-10	313.5375759601593
72	16.702658	71.17257	162.9585	-58.89656	515.8333	-13.486074	19.692677	11.185233	-54.84986	292000	-0.09812841	1092.9265	0.0	-448.45203	1.0429374	-1.4901162e-11	318.88739800453186
73	0.22222099	41.547745	50.69712	-51.413258	608.0	-2.4673157	9.728905	11.370984	-48.687153	296000	-0.04088308	547.62225	0.0	-78.743195	1.1390178	-6.854534e-10	325.04438400268555
74	42.676037	55.75938	98.40328	-36.73093	738.4	1.3391145	8.539692	13.078355	-43.416588	300000	-0.07997016	515.834	0.0	-118.952484	1.1443449	-7.1525574e-10	330.9092848300934
75	25.587727	72.6095	122.40104	-77.377174	817.0	5.2367787	6.044182	15.647987	-33.457394	304000	-0.0076204063	589.6412	0.0	-83.977234	1.1274586	1.1920929e-09	337.2493278980255
76	-2.2479944	51.84788	57.250866	-85.38682	835.75	3.6143095	3.934329	17.3522	-33.716373	308000	-0.047342762	462.44214	0.0	-62.892426	1.0725635	-2.220273e-09	343.6549799442291
77	8.427621	67.30778	115.478134	-73.122055	793.8	2.3472307	7.4718986	17.66954	-45.24249	312000	-0.028670995	681.629	0.0	-46.675903	1.0631429	1.3411046e-09	350.5399589538574
78	-5.2982726	73.37911	92.304214	-104.75501	778.2	1.1993008	6.5078197	10.798386	-44.023716	316000	-0.058209643	445.3628	0.0	-34.799103	1.0470976	-1.5050173e-09	357.07347893714905
79	4.231983	53.898052	58.33434	-62.07964	809.75	-1.2306194	5.047223	10.0184	-41.439377	320000	-0.029903809	361.15955	0.0	-58.53177	1.0696459	-6.854534e-10	363.4519979953766
80	-9.883316	55.047504	59.556904	-84.15064	844.0	2.5822256	4.5981736	22.829432	-23.98936	324000	-0.03854587	544.40326	0.0	-88.13583	1.0930883	1.5348196e-09	369.666531085968
81	60.70245	26.669209	106.02228	40.19085	1000.0	-2.3261309	3.9664178	11.472699	-10.396169	328000	-0.057530362	191.8375	0.0	-57.693665	1.1016328	2.3245812e-09	376.2898139953613
82	72.3378	48.08295	135.3814	0.98435766	891.5	3.4057195	6.99706	22.040533	-26.280281	332000	-0.06214821	284.27875	0.0	-44.124893	1.0464439	4.0233136e-10	382.5520489215851
83	65.70359	15.968833	80.998535	39.067528	1000.0	4.186536	6.6958556	18.810566	-18.120455	336000	-0.051073503	104.18753	0.0	-23.543144	1.1171237	-3.2782554e-10	390.16026973724365
84	62.20686	69.859886	159.87843	-30.206953	716.6	6.7911196	8.233919	28.928028	-28.253853	340000	-0.06190707	568.9173	0.0	-151.21054	1.0713674	1.937151e-10	396.12699699401855
85	63.10293	61.474144	106.65488	-42.74956	863.0	3.5528667	5.962166	16.770168	-17.673313	344000	-0.07159606	376.51727	0.0	-42.102966	1.090845	1.8179417e-09	402.2882869243622
86	131.18842	22.193947	158.18777	99.90489	1000.0	2.6439378	8.033745	18.14757	-26.093998	348000	-0.06860464	235.16498	0.0	-73.77342	1.1146171	-2.503395e-09	408.29920291900635
87	63.14382	82.42003	138.91554	-43.2406	738.2	9.374334	10.033209	37.825115	-31.799273	352000	-0.035557628	556.6229	0.0	-157.07446	1.0887754	1.6093255e-09	413.54744601249695
88	63.49696	62.010277	143.99573	-18.89691	665.6667	3.3540366	8.345669	18.561533	-25.192112	356000	-0.02524939	380.67282	0.0	-53.022766	1.0858301	-1.0728836e-09	419.42660689353943
89	90.637856	61.063335	137.1622	-14.30934	839.25	2.3501644	9.647969	21.24542	-38.341026	360000	-0.047222104	357.61896	0.0	-68.98807	1.1044782	-2.2351743e-09	425.1229918003082
90	83.77681	53.62493	158.81729	17.242624	715.2	9.21323	10.619059	32.344524	-35.780193	364000	-0.04161119	366.39062	0.0	-71.40845	1.0849853	-2.115965e-09	430.4443700313568
91	35.312202	85.65501	172.9142	-51.623814	563.0	8.097847	11.431382	25.587727	-41.413467	368000	-0.022411741	779.54425	0.0	-155.46759	1.0760396	-7.4505807e-10	436.1264798641205
92	76.65642	46.243122	152.78542	24.569336	730.2	1.0785037	12.338066	25.218334	-46.27959	372000	-0.07351025	336.37216	0.0	-109.637344	1.0594119	1.0281801e-09	441.5660128593445
93	68.54779	84.67978	131.5534	-77.29474	834.5	5.897246	11.28193	26.380457	-45.647068	376000	-0.00917644	342.3199	0.0	-54.55954	1.0671794	-2.0861626e-10	447.6324727535248
94	78.87919	75.955956	148.1832	-42.476913	832.5	6.373867	12.318542	26.835533	-47.58081	380000	-0.044392213	248.20532	0.0	-64.630005	1.0507579	-2.1755695e-09	453.45201206207275
95	101.79999	8.946394	111.47246	92.58303	1000.0	9.062822	12.32174	28.191826	-43.457546	384000	-0.052358948	143.02444	0.0	-74.45713	1.0713906	-6.109476e-10	460.20657992362976
96	42.337513	98.058624	163.75827	-84.682434	764.2	7.198311	12.394633	41.065876	-47.794518	388000	-0.03273592	478.5373	0.0	-268.63452	1.03453	1.8626451e-09	465.88803696632385
97	102.08412	10.39789	119.82456	93.51984	1000.0	7.2277393	9.476929	27.935366	-33.49001	392000	-0.051586617	111.23603	0.0	-40.275482	1.0590483	1.9818545e-09	472.65706396102905
98	56.701984	35.26699	95.5978	-8.407833	733.6	7.8886366	9.675346	44.559563	-18.652369	396000	-0.0071603656	347.27655	0.0	-107.04367	1.0229745	1.7732382e-09	479.63743805885315
99	83.456276	19.975449	104.72937	59.267017	1000.0	2.0498834	7.800886	28.130335	-34.90607	400000	-0.055982765	168.88289	0.0	-54.90239	0.9975476	3.2633543e-09	486.2378439903259
100	73.575745	16.71585	99.090675	52.771576	1000.0	7.270882	9.377312	28.194914	-8.145554	404000	-0.03309488	102.87224	0.0	-43.22083	1.0506814	-7.599592e-10	493.9289219379425
101	73.27368	58.888184	123.18863	-27.022465	830.25	8.721221	9.030455	37.36175	-3.657987	408000	-0.0007056296	346.6603	0.0	-101.56543	1.0268744	-1.7881394e-10	500.4601831436157
102	103.27559	14.5913	119.579445	79.73191	1000.0	3.9613502	7.818315	28.360777	-22.067982	412000	-0.0242692	68.921	0.0	-29.594467	0.98990345	-3.0100347e-09	507.05433893203735
103	113.26048	13.581753	136.24623	101.78089	1000.0	5.593535	9.278177	28.77755	-21.031385	416000	-0.039712075	52.826008	0.0	-17.227097	1.0043854	1.5348196e-09	513.4098870754242
104	129.51288	30.943436	176.77922	94.12606	1000.0	7.5446544	10.9468975	31.154932	-3.5205073	420000	-0.05649156	122.22048	0.0	-33.058342	1.0008537	-2.2351741e-10	519.2412889003754
105	123.31805	29.725546	164.4711	84.614944	1000.0	14.133409	11.526814	38.9399	0.12846929	424000	-0.027661603	208.17482	0.0	-114.88443	0.9924228	-1.9073487e-09	525.7228028774261
106	60.572124	66.24847	135.00903	-49.229168	645.0	11.24846	14.185925	33.574173	-7.396359	428000	0.010694114	621.388	0.0	-153.85165	0.9826437	-2.8759242e-09	531.3680231571198
107	79.60097	54.50748	162.34431	25.262194	619.3333	6.0827804	12.715068	33.170616	-47.70845	432000	-0.018356262	394.46274	0.0	-108.54312	0.96680146	4.3213366e-10	536.6832840442657
108	119.28288	65.778175	184.06015	20.617544	688.8	4.111751	13.299613	35.333168	-53.18962	436000	-0.05453153	431.11224	0.0	-87.34024	0.9414343	-1.7285346e-09	541.3646669387817
109	73.6759	52.523846	143.21992	10.241908	702.4	8.741355	14.592281	38.08174	-53.093086	440000	-0.010407854	396.32236	0.0	-66.62848	0.9422185	1.4305115e-09	546.3184561729431
110	156.90411	13.385203	174.3358	143.03943	1000.0	2.847383	12.953962	38.835514	-52.79225	444000	-0.033536248	271.63824	0.0	-160.65933	0.94218105	1.0728836e-09	552.1831188201904
111	124.23087	17.187893	152.61633	107.6544	1000.0	9.663792	14.154788	41.377674	1.2564263	448000	-0.048139513	65.01115	0.0	-19.530273	0.91890544	1.8626451e-09	557.4227590560913
112	123.070885	72.85478	169.88763	-21.866217	784.0	10.978746	15.585229	41.519547	0.18362594	452000	-0.049838345	403.48676	0.0	-68.02081	0.9106439	-2.7567149e-09	562.8480169773102
113	84.00041	43.893196	112.10589	8.03456	822.5	9.735609	13.042738	41.805	-17.552828	456000	-0.021553896	193.71965	0.0	-19.4944	0.8966039	-2.9802324e-11	568.2995369434357
114	142.52101	65.2782	218.32262	22.058962	779.0	8.377283	13.989856	42.242046	-2.8555758	460000	-0.038326062	373.10944	0.0	-59.85257	0.8435574	9.983778e-10	573.3130879402161
115	125.62905	71.84137	219.02477	-0.3258016	748.0	12.437237	14.990384	44.005978	-44.218143	464000	-0.026315019	464.73114	0.0	-79.57196	0.8722249	2.7269125e-09	578.1749498844147
116	146.05461	14.242757	163.03127	124.50704	1000.0	8.377907	12.699605	45.280903	1.3283155	468000	-0.009524098	67.02117	0.0	-11.975567	0.8292725	9.23872e-10	583.8098080158234
117	71.0309	76.71666	144.16899	-52.54484	820.5	11.274727	14.922586	46.707623	-21.34753	472000	0.006468964	433.6111	0.0	-125.558716	0.8457803	-2.1010638e-09	589.1426339149475
118	179.29239	47.72048	234.1052	113.22718	934.25	7.2823043	14.857573	45.739277	-47.781567	476000	-0.0703179	330.2068	0.0	-91.94064	0.8520021	-1.8775463e-09	594.429694890976
119	101.38141	76.51461	167.74025	-44.048855	795.8	14.277516	12.361098	47.363445	-46.01737	480000	-0.062059738	397.32526	0.0	-140.16537	0.8606105	-5.811453e-10	600.2024519443512
120	147.08524	54.582832	221.4214	85.722244	879.25	11.734682	12.531057	47.955128	-16.839209	484000	-0.061994396	161.90282	0.0	-8.394623	0.82082313	-7.4505807e-10	606.0015859603882
121	105.266685	88.59296	222.4361	-22.526814	766.8	13.037972	16.928328	48.32294	-45.29245	488000	-0.022646205	429.05768	0.0	-96.578064	0.787202	-1.6391277e-09	611.4635310173035
122	93.83951	98.2299	219.72908	-14.6862	550.5	11.940479	15.912705	48.566	-47.43896	492000	-0.053170767	866.843	0.0	-236.44366	0.88884723	-7.748604e-10	616.9876909255981
123	103.66022	70.95469	208.49196	-13.691455	777.2	10.636072	13.435492	48.255657	-16.601297	496000	-0.058159903	383.2926	0.0	-110.857635	0.81869996	2.0861626e-10	622.6265659332275
124	179.71791	58.163116	256.1854	112.81909	796.5	6.8432393	14.516784	49.055992	-31.041876	500000	-0.06474106	446.5017	0.0	-159.32053	0.81587595	2.2351741e-10	628.5112578868866
125	67.82464	81.43208	146.79425	-32.920773	715.0	13.078604	13.506131	50.35191	-1.9272885	504000	-0.010403491	523.9618	0.0	-89.89047	0.7547362	2.1904707e-09	634.3428738117218
126	109.46171	109.70071	245.22456	-27.766354	620.5	9.541135	13.857801	49.196808	-7.690861	508000	-0.101212606	786.44214	0.0	-116.25665	0.8685027	1.0430813e-10	639.8709168434143
127	127.01851	128.77626	259.06934	-59.96743	549.1429	11.4096775	15.064655	48.89267	-10.248707	512000	-0.1001589	1011.25555	0.0	-208.01532	0.89492136	2.5331974e-09	645.3093178272247
128	117.13787	109.54075	219.03322	-41.44995	619.6667	9.864732	14.674003	47.315746	-33.96141	516000	-0.07641785	785.0021	0.0	-221.19568	0.87909526	1.0877848e-09	651.0586581230164
129	156.45819	66.79655	224.32008	72.70946	757.8	13.757954	11.943519	47.635353	-15.29834	520000	-0.05866083	413.80576	0.0	-169.16916	0.7837974	-1.2218953e-09	656.1200778484344
130	37.11158	108.12441	200.35298	-84.754135	672.6	17.624743	14.55579	47.754986	-9.762476	524000	-0.0055758837	902.5277	0.0	-252.388	0.79567295	-2.384186e-10	661.9801609516144
131	99.90628	127.23094	230.79015	-105.08683	492.625	8.80878	15.697227	46.74533	-12.240272	528000	-0.13935608	1230.8605	0.0	-348.65662	0.8896438	1.013279e-09	667.634838104248
132	79.13073	126.72071	247.16399	-83.446144	664.6	11.610131	14.285409	44.60594	-32.01305	532000	-0.03422709	855.4941	0.0	-174.71722	0.90189385	-2.9802324e-11	673.2903230190277
133	148.20387	119.220276	268.07916	-40.39285	521.2857	10.833035	17.416052	44.493515	-34.806553	536000	-0.05982382	1373.815	0.0	-329.4265	0.8506364	-5.811453e-10	678.1952588558197
134	144.14018	128.31383	266.8147	-79.27169	561.5714	18.835129	13.065131	45.2387	-44.31691	540000	-0.0681504	1013.4469	0.0	-267.08563	0.8395225	-3.1292438e-10	683.1196849346161
135	195.51176	89.47117	256.7831	-15.745066	485.7143	15.92278	17.080034	42.464508	-52.46049	544000	-0.11986663	773.15674	0.0	-188.24799	0.844249	1.6242265e-09	688.6551828384399
136	146.63683	103.96702	254.46065	-13.169789	508.85715	23.79477	14.2467	51.321808	-27.574118	548000	-0.07510204	1062.7251	0.0	-293.83344	0.8987697	-3.874302e-10	693.5850648880005
137	193.9889	73.81812	261.29086	6.643794	462.25	20.527514	17.69222	44.963608	-39.219807	552000	-0.12851681	778.96106	0.0	-327.4019	0.85616404	-1.2814999e-09	698.4226260185242
138	195.3602	81.43968	267.64072	1.0514227	487.375	17.212397	28.835989	54.770733	-53.78146	556000	-0.15080951	760.44104	0.0	-380.10492	0.8807851	9.685754e-10	703.2373089790344
139	213.08368	89.34286	288.27914	-21.166569	416.66666	37.33768	12.872536	67.19343	-34.579044	560000	-0.06940337	638.8359	0.0	-180.85876	0.80683565	-2.30968e-09	707.8426361083984
140	211.172	82.97289	279.19092	-25.644743	367.8	27.922512	26.561323	68.226494	-43.59324	564000	-0.069895305	782.69666	0.0	-323.3041	0.82178086	-8.1956386e-10	712.3421897888184
141	145.30046	117.156075	261.87744	-58.108818	379.1	37.68782	20.166195	79.907745	-32.78216	568000	-0.002034567	1415.1682	0.0	-402.84747	0.87430584	2.6077032e-09	716.782958984375
142	185.63074	97.56928	267.35382	-2.6266167	385.3	38.749687	13.871582	66.46108	-17.695982	572000	-0.0056827976	936.52155	0.0	-262.33154	0.75676036	-8.1956386e-10	720.967383146286
143	177.03606	115.66697	291.3706	-27.096155	340.81818	19.626778	34.75815	71.03269	-58.665943	576000	-0.02534079	1228.6093	0.0	-385.6396	0.8114652	1.3411044e-10	725.1368708610535
144	183.4636	109.57273	279.06726	-1.4656003	360.63635	42.33917	17.478172	73.107544	-32.48171	580000	-0.01711951	1507.477	0.0	-347.11255	0.788217	1.385808e-09	729.2806839942932
145	176.5064	115.538414	295.50388	-29.222261	360.72726	31.395071	22.029158	62.049923	-38.128937	584000	-0.030636601	1678.1074	0.0	-372.89246	0.8303354	2.115965e-09	733.3262000083923
146	132.42314	121.54014	262.7136	-37.041157	342.36365	29.464437	21.126112	60.119305	-36.658092	588000	-0.024809426	1475.6215	0.0	-371.61438	0.81141484	-1.6391277e-10	737.5484161376953
147	151.13634	125.744644	251.16774	-90.1922	304.25	31.171484	26.457767	61.671146	-42.52982	592000	-0.029105736	1293.6699	0.0	-380.77667	0.81547564	-2.041459e-09	741.4901130199432
148	137.9631	126.02692	281.50742	-22.558468	295.07693	39.431717	20.578926	66.43767	-33.931362	596000	0.012831464	1437.968	0.0	-260.12244	0.7930143	1.2814999e-09	745.4034790992737
149	142.33508	116.14786	276.68866	-15.304249	327.66666	23.665703	29.013594	66.19314	-43.016106	600000	-0.0589153	1793.6858	0.0	-542.5388	0.8406958	-9.387732e-10	749.4703140258789
150	196.47115	96.39373	280.99652	-8.3006935	324.08334	34.41114	24.652765	66.8004	-29.005682	604000	-0.012560119	1080.491	0.0	-399.1131	0.7860355	1.7732382e-09	753.5590968132019
151	148.46953	113.149185	258.43982	-29.492617	349.18182	41.673008	25.631939	76.616776	-28.983164	608000	0.010211085	1099.5356	0.0	-372.82983	0.80863196	-8.1956386e-10	757.8062100410461
152	188.01292	105.01313	261.89392	-49.31995	380.7	28.57054	31.950094	69.344124	-47.65628	612000	-0.016184121	1274.4497	0.0	-399.1942	0.80774915	-3.4570693e-09	762.2137730121613
153	174.96275	95.07141	266.50467	-8.042784	407.1111	36.843906	19.642036	67.83924	-21.779408	616000	-0.021713529	763.7915	0.0	-149.13513	0.8841954	1.4603138e-09	766.8936409950256
154	234.12546	20.912954	266.29037	185.93115	389.4	38.117428	17.345917	68.71317	-14.035907	620000	-0.07661093	349.5238	0.0	-221.47499	0.8125331	-9.834766e-10	771.6353368759155
155	183.36197	97.10698	257.1034	-8.335783	393.33334	42.59149	18.619173	72.45002	-12.3630905	624000	-0.008951988	734.5589	0.0	-204.30212	0.8483775	2.6375055e-09	776.3362319469452
156	143.0267	104.68459	254.67929	-33.46116	434.8889	35.88066	23.039824	70.47117	-24.878456	628000	0.0037421242	1229.5575	0.0	-424.50995	0.81372845	-1.5348196e-09	780.8209810256958
157	240.46875	22.133652	275.49017	214.91553	448.75	22.780924	22.003994	67.5622	-29.592653	632000	-0.025709383	641.3917	0.0	-388.82605	0.8298508	-1.1622906e-09	786.4065301418304
158	222.05681	71.570465	278.2207	21.699125	379.1	40.90043	18.087675	70.1256	-17.986923	636000	-0.03269018	553.9053	0.0	-128.14447	0.8276555	7.301569e-10	790.967808008194
159	154.62236	123.16615	272.33603	-53.032066	396.2	41.649094	19.34972	73.53837	-1.1595849	640000	0.01576691	1504.6207	0.0	-687.9459	0.84664947	-2.95043e-09	795.5248639583588
160	124.077156	127.01863	261.72592	-24.694654	356.54544	33.21746	25.463802	70.750824	-36.13674	644000	0.013472273	1617.5264	0.0	-543.79114	0.83922863	-3.8146974e-09	799.8247489929199
161	216.20786	73.91379	277.2767	5.894942	365.8	31.718246	20.22087	70.420044	-25.166506	648000	-0.02660071	960.25275	0.0	-501.52557	0.7892742	1.1026859e-09	804.1891448497772
162	205.63782	84.182335	262.64032	-25.995213	402.66666	24.040703	29.61758	72.51656	-37.85098	652000	-0.049745426	1288.1227	0.0	-733.6588	0.7953873	-1.0579825e-09	808.5434699058533
163	177.0324	96.999916	271.21808	-21.190205	431.8889	43.59574	18.256586	72.78319	-20.99159	656000	-0.006840886	923.6265	0.0	-296.9795	0.791447	-6.705523e-10	813.2259199619293
164	152.31271	114.55514	261.91095	-60.025517	413.44446	34.04726	15.727538	70.26538	-24.683577	660000	-0.0359753	1089.9452	0.0	-230.60529	0.8844953	-2.8312205e-10	817.829864025116
165	157.49725	137.91342	269.04767	-146.25854	434.33334	24.746225	23.524025	70.35259	-25.935633	664000	-0.0012989504	1144.6182	0.0	-366.50977	0.81619346	-2.8461218e-09	822.5447549819946
166	157.99939	100.255684	253.98323	-32.844803	428.33334	27.84104	24.346102	71.266464	-27.562988	668000	-0.01406106	921.05804	0.0	-144.82379	0.8327321	1.5646219e-09	827.2163641452789
167	123.341576	129.1175	266.64322	-44.810825	341.27274	32.08896	19.165012	72.38876	-27.504185	672000	-0.005123232	1455.0499	0.0	-375.58362	0.8777901	4.4703483e-10	831.6863989830017
168	183.12534	86.97754	260.5783	9.562145	378.3	27.702827	24.378403	72.65684	-22.839514	676000	-0.01709583	846.3608	0.0	-331.50214	0.823458	7.4505804e-11	836.1020510196686
169	199.5672	93.36157	295.9321	-2.3264303	361.0	34.19709	24.72299	73.580505	-27.147194	680000	-0.030980226	799.06415	0.0	-291.12576	0.8135865	5.9604643e-10	840.6135430335999
170	174.1238	104.15212	254.1942	-10.4978895	363.18182	44.362183	19.62592	75.147675	-15.237057	684000	-0.03080625	880.88257	0.0	-224.62897	0.83277214	-1.6093255e-09	845.0181670188904
171	164.83792	107.52331	277.5154	-38.65462	361.81818	33.809822	21.376972	73.88346	-20.473812	688000	-0.018909771	912.5729	0.0	-87.2583	0.83678114	2.2351743e-09	849.384152173996
172	218.92914	71.936	270.4677	3.2566438	358.18182	36.49169	22.533546	74.98975	-20.320534	692000	-0.03074342	569.1286	0.0	-271.87347	0.8195733	1.7434358e-09	853.7876369953156
173	130.72404	135.10373	259.33493	-124.58866	367.7	43.115227	20.616718	76.35046	-26.807945	696000	0.019113986	1917.8903	0.0	-1298.9912	0.84232235	-6.109476e-10	858.1397030353546
174	159.53929	118.44515	258.6752	-54.835476	353.63635	21.934788	31.427835	73.59911	-44.951054	700000	-0.04790885	1953.0344	0.0	-911.5458	0.8229426	5.066395e-10	862.4629518985748
175	114.02324	117.54639	267.63535	-22.453169	348.36365	34.707188	24.113684	75.008125	-24.275028	704000	0.017117035	1500.0742	0.0	-683.4652	0.8068071	2.7269125e-09	866.7905411720276
176	216.9321	74.16663	289.07578	11.652146	375.0	27.884743	23.901402	70.64742	-37.121025	708000	-0.06366695	1237.153	0.0	-587.68335	0.78994	1.6838312e-09	871.4271078109741
177	248.17493	28.281637	299.59067	216.69778	378.8	38.27452	24.98135	76.27288	-36.263252	712000	0.006400569	662.7008	0.0	-302.3227	0.7623789	6.2584876e-10	875.881520986557
178	187.36098	104.834236	277.05884	-0.89424837	344.18182	46.480648	15.885018	77.12932	5.083893	716000	-0.02852018	950.16504	0.0	-210.33801	0.83609706	-8.791685e-10	880.0874309539795
179	234.31589	41.694366	269.95154	133.24272	468.75	37.900608	23.651068	76.48262	-26.306246	720000	0.045989145	927.40674	0.0	-415.16016	0.72854763	7.1525574e-10	884.4173851013184
180	148.55309	106.02076	244.74341	-8.893382	330.9091	43.4059	14.65976	74.8549	1.5907686	724000	-0.04571443	1307.901	0.0	-464.56097	0.885264	-3.7252904e-10	888.6171100139618
181	213.83336	76.67348	266.41946	5.6968217	423.77777	36.777077	22.401567	75.21713	-12.721304	728000	-0.0010520415	664.9421	0.0	-72.8775	0.76610315	-5.2154064e-10	892.9416909217834
182	221.51744	76.93731	261.84567	-16.861872	360.9091	43.230766	19.177492	74.671074	-1.2470164	732000	-0.052345596	434.2827	0.0	-78.654205	0.82591623	-1.9222497e-09	897.2170372009277
183	223.54636	85.12664	279.4894	-26.637653	376.2	40.806084	23.279049	76.267105	0.08417767	736000	-0.03745594	710.1189	0.0	-285.3808	0.8511635	2.667308e-09	901.54838514328
184	254.11722	19.403559	279.6706	220.54839	376.66666	39.781242	20.509228	77.005486	-16.744896	740000	0.04221567	382.14804	0.0	-140.44377	0.70944536	-3.1292438e-10	905.7685890197754
185	243.83932	30.777805	272.8113	165.38333	433.1111	51.219467	17.564413	88.824684	-4.335036	744000	0.04120446	816.5525	0.0	-303.38928	0.7338788	4.917383e-10	910.3322198390961
186	224.41164	62.14767	265.2471	24.52419	330.0	49.542942	14.232133	73.95336	0.61163664	748000	-0.10089345	426.23917	0.0	-117.40869	0.80721074	1.4454127e-09	914.56241106987
187	137.94246	118.21895	259.48868	-54.79236	312.33334	45.953392	21.01407	86.41597	-4.6222057	752000	-0.011337902	1377.2169	0.0	-562.4808	0.85450953	-6.109476e-10	918.6597430706024
188	233.13028	62.932587	270.00266	40.664696	348.45456	32.849514	28.820988	77.701385	-43.278477	756000	-0.008640595	939.89764	0.0	-589.3817	0.79979074	8.9406965e-10	922.8621928691864
189	195.9857	93.72438	279.74243	-11.500131	355.27274	46.813976	17.33923	81.28069	9.057137	760000	-0.003510603	956.46063	0.0	-143.56836	0.7817597	1.9669533e-09	926.9760489463806
190	202.06064	91.81535	260.3678	-15.088669	334.81818	47.11371	19.079447	87.1018	-6.2154317	764000	-0.029386772	845.38086	0.0	-183.26398	0.75788206	-2.682209e-10	931.1136269569397
191	169.77733	111.75009	268.2815	4.6594186	318.25	41.321568	23.738997	84.078415	-23.759651	768000	-0.027135037	1122.2377	0.0	-114.92023	0.7962169	2.399087e-09	935.0638389587402
192	208.87671	69.371826	261.52188	9.349054	334.0	42.052055	21.10944	79.742615	-29.541136	772000	0.0071129166	643.2737	0.0	-195.85593	0.77752256	-1.0728836e-09	939.2469687461853
193	138.07053	125.78563	263.64066	-89.9428	353.0909	46.196777	18.779829	80.49111	-12.990104	776000	0.041559268	2178.4072	0.0	-1167.8475	0.74126005	-7.748604e-10	943.4287900924683
194	209.95735	90.124466	275.0563	9.191379	313.83334	42.67689	24.330013	79.68722	-35.553375	780000	0.014761818	741.8394	0.0	-273.12473	0.79700524	-1.6689301e-09	947.3914408683777
195	215.06297	92.10599	296.03333	6.2956285	312.0	47.76058	24.010702	80.43119	-36.331093	784000	-0.023961507	481.84787	0.0	-105.34451	0.78605264	2.9057263e-09	951.3975398540497
196	150.99672	115.44718	272.4141	-0.99595195	272.85715	40.30703	32.36397	81.56502	-40.880413	788000	-0.044023875	1047.8019	0.0	-194.76709	0.7648576	1.6391277e-10	955.237254858017
197	230.12407	69.422485	302.97903	9.323487	310.58334	50.364716	21.021925	81.54889	-30.77191	792000	0.03272018	594.06824	0.0	-153.43817	0.73107517	7.301569e-10	959.2843790054321
198	187.69762	103.02717	276.2187	-5.760055	321.33334	54.353516	21.778152	81.08664	-48.35271	796000	0.09752872	1418.5508	0.0	-534.6001	0.7220312	-1.6242265e-09	963.2395689487457
199	167.48149	116.934074	280.56308	-7.75978	283.14285	48.837765	20.39848	79.45871	-23.686186	800000	-0.015715525	1325.5453	0.0	-293.40527	0.7609645	1.1473894e-09	967.151725769043
200	167.05992	126.14149	295.97855	-49.850513	274.85715	42.641277	22.49477	84.35614	-35.54029	804000	0.0090179285	1340.48	0.0	-229.99915	0.79342943	1.8030405e-09	970.9283459186554
201	178.72475	112.97385	277.5519	-12.127643	280.92856	37.502655	32.35268	81.68771	-41.153797	808000	-0.010402981	852.5793	0.0	-182.05573	0.7643004	3.2782554e-09	974.7927730083466
202	223.93777	74.71514	281.0858	-25.438683	299.3846	57.04138	21.21474	87.1431	-34.90981	812000	0.022604352	317.64	0.0	-90.40808	0.743484	-4.4703484e-11	978.6756348609924
203	192.35425	107.7173	289.60284	-36.43881	274.92856	48.912884	27.94842	84.66157	-50.789993	816000	-0.012335851	1462.2083	0.0	-328.12622	0.7352372	-9.23872e-10	982.4756181240082
204	164.40248	130.37584	288.45398	-67.83772	281.5	51.56702	22.478886	85.673805	-55.653545	820000	-0.007916567	1130.461	0.0	-456.05646	0.8077296	-3.0100347e-09	986.3021550178528
205	135.87595	115.10973	286.9844	-27.833197	293.15384	31.146513	31.96571	83.10787	-50.41791	824000	-0.014572026	1112.05	0.0	-277.47394	0.79904056	0.0	990.2184109687805
206	189.82175	115.63788	287.85318	-7.6696153	289.23077	41.5203	33.22227	89.42997	-66.694786	828000	0.02056418	452.07388	0.0	-144.4855	0.75737715	2.682209e-10	994.0329339504242
207	172.00467	118.04662	274.1813	-21.43861	273.14285	27.956812	37.950462	89.06885	-52.18367	832000	-0.0660352	1695.2872	0.0	-544.8861	0.76640683	2.2053719e-09	997.8054621219635
208	257.13034	20.256063	290.0011	228.44193	309.91666	45.01781	31.404207	85.93337	-49.70533	836000	-0.035398144	966.6778	0.0	-735.39514	0.7270305	-1.1026859e-09	1001.7650561332703
209	186.03648	101.65898	275.801	24.550188	301.46155	60.825394	18.799168	98.31299	-41.438263	840000	-0.020630356	957.25525	0.0	-555.4614	0.8174025	2.7418137e-09	1005.8216378688812
210	240.57126	24.585026	263.87878	174.28705	378.7	51.352066	21.119362	82.08089	-21.686275	844000	0.09872481	640.74066	0.0	-221.28046	0.6920429	-1.0281801e-09	1010.1283099651337
211	197.63574	92.96016	270.88562	2.3825815	345.72726	43.993607	22.6201	74.88863	-40.798386	848000	-0.04121325	775.77625	0.0	-169.25226	0.77444226	1.6540289e-09	1014.3131721019745
212	223.87114	76.38433	289.0056	-3.0521271	354.0909	47.986214	17.858503	79.34427	-33.62141	852000	-0.0375865	600.1785	0.0	-118.43878	0.77001154	-2.0563602e-09	1018.635213136673
213	149.56729	106.362885	288.1761	-11.85869	330.66666	40.676456	24.501822	79.64852	-41.01859	856000	0.012384059	1204.3635	0.0	-262.7378	0.73263305	-2.5331974e-09	1022.8834509849548
214	215.35768	73.65052	277.6922	4.7537007	352.45456	35.07015	29.493044	76.83212	-44.131577	860000	-0.009090664	1003.1615	0.0	-432.37183	0.735662	1.0579825e-09	1027.1912851333618
215	179.30835	128.42004	289.3388	-62.47458	319.08334	45.101227	21.374249	80.05685	-37.22598	864000	-0.006951113	1455.5922	0.0	-242.20264	0.7122656	-4.0233136e-10	1031.3049039840698
216	100.69265	133.07791	274.5104	-43.047516	273.14285	32.32683	26.887846	75.47924	-61.06066	868000	-0.008312101	1907.9987	0.0	-322.4696	0.81457055	2.9802324e-11	1035.1765048503876
217	242.57507	18.804405	269.67807	209.22633	360.5	30.781479	28.519289	80.71362	-64.06182	872000	0.03829062	1073.938	0.0	-592.1372	0.7030182	4.917383e-10	1039.362566947937
218	182.43536	126.02681	297.43655	-37.629208	396.9	49.478165	18.75527	79.547195	-68.02033	876000	0.06460602	1504.1182	0.0	-808.3215	0.6750909	-5.960465e-11	1043.5563447475433
219	166.8459	128.0937	292.94873	-47.935925	276.64285	42.562103	24.459587	79.24923	-72.76691	880000	-0.061370566	921.42267	0.0	-475.52054	0.7937904	-6.2584876e-10	1047.437569141388
220	145.98366	127.855354	267.23386	-30.016912	304.23077	28.77334	37.387516	85.41693	-73.72467	884000	-0.016308341	1428.7375	0.0	-262.28894	0.7759989	-8.493662e-10	1051.488047838211
221	226.08264	65.27571	273.48947	15.762322	329.0	39.06274	31.994677	83.5318	-73.14053	888000	0.040080287	1328.9645	0.0	-643.645	0.71199965	2.8908254e-09	1055.572510957718
222	188.21663	115.13514	301.8862	6.018038	279.53845	48.898403	24.311373	83.13701	-73.88516	892000	-0.013104201	1177.5875	0.0	-465.18988	0.7484816	-1.7434358e-09	1059.4590549468994
223	159.25352	113.28982	262.0861	3.0335443	290.23077	37.914585	32.418377	84.090034	-76.647194	896000	-0.038209207	1654.1267	0.0	-628.7367	0.7754526	1.7285346e-09	1063.5485179424286
224	192.35745	100.6214	262.60263	-8.8744335	305.84616	43.935875	21.036907	80.78592	-69.21018	900000	-0.072927475	999.70056	0.0	-211.96387	0.7885981	2.2053719e-09	1067.4993958473206
225	184.51006	103.55048	285.6537	-10.544891	308.25	42.94543	28.688446	85.37645	-71.37196	904000	0.021379355	713.23486	0.0	-114.10492	0.81188273	-1.9818545e-09	1071.5031878948212
226	258.23724	13.13757	281.75653	235.36247	328.25	51.134186	24.703022	87.55208	-10.586697	908000	-0.014995584	487.9514	0.0	-377.99844	0.75516796	1.1771918e-09	1075.5468847751617
227	198.09853	110.53933	279.38504	-23.273619	299.07693	57.09914	21.069082	86.68838	-64.608475	912000	0.030686734	924.0778	0.0	-176.3352	0.75834936	1.7881393e-09	1079.4828479290009
228	253.5714	20.841719	283.62714	224.81491	332.27274	52.20251	21.303946	93.1412	-46.65042	916000	-0.030596726	421.34366	0.0	-277.17627	0.78000283	-1.8626451e-09	1083.6408650875092
229	202.5694	89.85254	264.73267	-16.578377	330.83334	48.935085	22.099867	84.75859	-64.67276	920000	0.01761661	1108.1348	0.0	-344.04626	0.734074	-1.2814999e-09	1087.8703219890594
230	233.69427	68.67083	281.18915	12.854436	318.25	46.72346	24.154297	91.352806	-27.922333	924000	-0.04104281	780.7687	0.0	-370.98892	0.7606997	7.301569e-10	1091.9342830181122
231	220.07954	76.83188	278.48782	5.1945715	331.16666	59.770126	18.5462	92.94137	-52.448765	928000	-0.002044306	928.8569	0.0	-297.94342	0.7255106	-1.4603138e-09	1096.0350458621979
232	231.49713	35.32671	274.6928	168.27989	431.55554	48.95974	19.937893	84.96848	-52.121677	932000	0.09198304	863.0677	0.0	-406.58377	0.663916	-2.503395e-09	1100.268632888794
233	207.31052	110.610054	289.50653	-16.44595	305.53845	49.26849	19.249847	81.05584	-34.89424	936000	-0.063479334	1075.1033	0.0	-189.28186	0.7474099	2.1457671e-09	1104.545933008194
234	218.10866	88.2709	304.98032	18.035168	358.0	49.14507	23.945498	84.63594	-39.31866	940000	0.046571054	678.9221	0.0	-193.19235	0.676354	-1.7732382e-09	1108.5840010643005
235	206.96019	78.49496	268.0643	34.17856	396.66666	40.363834	25.062225	83.812416	-15.535	944000	0.06884583	677.02686	0.0	-328.94333	0.6895669	4.4256447e-09	1112.856456041336
236	229.00212	72.802155	282.0063	-3.160744	309.66666	50.295055	20.651737	83.5698	-42.24964	948000	-0.089010745	967.57654	0.0	-584.2654	0.75414026	-2.384186e-10	1116.868166923523
237	233.21552	73.52118	285.6981	-3.515664	323.91666	57.337013	20.186718	81.57384	-21.563126	952000	0.023251023	386.0182	0.0	-47.792908	0.71868443	-3.427267e-10	1120.9590511322021
238	240.22932	76.56529	303.5793	-15.788408	296.53845	55.20918	19.163952	81.386566	-32.2543	956000	-0.018725611	509.75372	0.0	-170.57895	0.7462644	1.6540289e-09	1124.807550907135
239	210.12617	81.465294	277.8974	16.495262	314.5	61.509	12.357328	83.97553	6.726545	960000	0.031686444	1088.7363	0.0	-457.96985	0.7365999	-1.3262034e-09	1128.796600818634
240	233.31125	81.04819	299.0021	5.741708	285.7143	52.625103	23.529272	80.72151	-47.9274	964000	-0.020945726	753.6982	0.0	-241.60022	0.7055357	-5.811453e-10	1132.6056778430939
241	164.23454	119.572556	305.12244	-2.343147	257.86667	58.42306	20.204882	86.25149	-57.67144	968000	0.019178864	1881.7262	0.0	-905.1199	0.76205206	-1.0281801e-09	1136.3225238323212
242	136.17456	110.50104	267.4533	-4.5779934	253.33333	44.463856	29.856592	82.25285	-63.317734	972000	0.024930075	1531.7161	0.0	-490.15503	0.7569144	6.2584876e-10	1140.1703219413757
243	198.62413	101.24938	274.41135	-9.079197	262.2	43.870148	30.117514	79.3396	-56.69966	976000	0.038830694	930.03973	0.0	-372.04077	0.6808729	4.0233136e-10	1143.9556040763855
244	180.38405	112.63822	302.28668	0.100143865	274.7857	43.283157	31.604115	94.10471	-73.26211	980000	-0.039426316	1284.5723	0.0	-310.30157	0.66852635	-3.0696392e-09	1147.7200689315796
245	195.93324	98.245155	274.75052	15.625407	255.33333	59.2575	19.512346	85.59453	-24.691013	984000	-0.0436578	1277.3022	0.0	-329.92865	0.69569606	-2.0861626e-09	1151.4279718399048
246	158.56606	120.03275	279.98685	-54.580444	248.13333	50.876102	24.639517	82.37823	-37.06702	988000	0.024158845	1546.2849	0.0	-395.85083	0.690114	-2.8908254e-09	1155.0742909908295
247	210.48547	100.27633	285.70135	9.422877	263.2857	46.75448	26.969536	83.115524	-72.04908	992000	-0.046913564	1246.9163	0.0	-324.44025	0.70837474	2.69711e-09	1158.7641260623932
248	229.04305	89.78112	293.27618	4.5842514	271.2143	54.738785	24.904278	82.58416	-68.50953	996000	-0.07304797	1052.2179	0.0	-303.9198	0.71206945	8.3446505e-10	1162.4901390075684
249	234.1533	74.37224	300.10507	-14.19438	286.6154	63.230045	16.014435	87.79604	-17.308804	1000000	0.056235038	755.90137	0.0	-222.16107	0.71312207	-4.1723253e-10	1166.3944311141968
250	205.30527	101.793526	295.48776	6.786864	281.2857	58.534264	22.711567	91.25586	-60.975636	1004000	-0.037149046	1053.6279	0.0	-256.59357	0.7315027	1.7881394e-10	1170.2013278007507
251	227.65465	80.29251	286.53912	35.22232	281.2143	57.82296	18.835127	85.86345	-17.92156	1008000	-0.073120184	784.04895	0.0	-68.792725	0.7607097	-7.748604e-10	1174.095176935196
252	145.52383	126.56415	279.6832	-26.453625	344.0	43.100132	25.723547	88.43957	-52.764206	1012000	0.017114514	1260.8887	0.0	-512.3685	0.773301	-1.3709068e-09	1178.3895680904388
253	192.83334	113.50025	279.80356	-26.564308	307.46155	42.008984	26.353542	81.26717	-53.030773	1016000	-0.07216539	989.5593	0.0	-226.82397	0.79672164	3.7252904e-10	1182.560045003891
254	228.34407	63.99395	281.50223	54.03642	417.77777	47.631275	21.24345	85.08871	-13.001585	1020000	0.011999697	376.27563	0.0	-181.31956	0.7640463	1.6391277e-10	1186.8571829795837
255	243.97601	22.281046	284.27914	216.55086	358.63635	55.08025	18.325619	83.767914	-24.655903	1024000	-0.11969569	169.23875	0.0	-72.83286	0.79849017	5.066395e-10	1191.1940169334412
256	241.653	21.188307	267.6211	203.74605	413.33334	55.12605	18.419687	91.69566	19.977308	1028000	0.10455896	632.911	0.0	-347.76648	0.68672645	-1.296401e-09	1195.3688578605652
257	252.22438	22.894064	290.49048	218.96823	346.81818	52.39661	17.075655	79.55023	-2.4599528	1032000	-0.16738199	223.51848	0.0	-95.86593	0.7597395	-1.8775463e-09	1199.765450000763
258	195.89638	102.61498	298.71225	-1.1308577	324.33334	54.253452	22.839836	84.21387	-32.573036	1036000	-0.03726942	783.01135	0.0	-382.13165	0.8098073	-4.917383e-10	1204.0314991474152
259	252.33168	18.363834	278.33456	214.01901	349.9091	49.524094	18.773726	79.92196	-56.6323	1040000	-0.08809515	480.34866	0.0	-213.28015	0.77113754	2.8312205e-10	1208.6113941669464
260	198.9381	87.00226	261.73627	11.544878	337.27274	53.41949	21.449919	83.923004	-27.68744	1044000	0.07278576	727.3171	0.0	-291.87555	0.6853152	3.1590461e-09	1212.941565990448
261	202.02388	80.45266	278.8434	-8.259938	393.2	45.653263	20.240673	80.87025	-49.326973	1048000	-0.067779966	1093.9049	0.0	-378.52673	0.7034679	-2.8461218e-09	1217.654776096344
262	165.34348	115.72999	284.69537	-25.566013	302.6154	39.646645	23.783648	79.798294	-56.33555	1052000	-0.0035956525	851.8021	0.0	-404.30576	0.79499227	-2.2500752e-09	1221.6581377983093
263	218.37997	70.0618	275.0806	18.439219	355.18182	33.66725	31.253616	79.40198	-51.81123	1056000	0.06380702	1628.9933	0.0	-1010.6513	0.61885035	1.2218953e-09	1225.8755447864532
264	235.82039	69.58058	285.99655	2.9489512	300.23077	52.674328	16.758791	84.4485	-25.261518	1060000	-0.07017375	445.49976	0.0	-221.62907	0.7520098	-1.2069941e-09	1230.048336982727
265	210.322	79.96372	280.388	20.065742	295.84616	49.44424	26.113482	93.872086	-54.066193	1064000	0.041217923	614.5229	0.0	-164.33606	0.71953547	7.4505807e-10	1233.9580538272858
266	206.74774	83.58782	284.90323	-2.3269546	311.5	50.94698	24.629429	82.031075	-62.737965	1068000	-0.07061299	671.5413	0.0	-204.90079	0.7433871	1.3560056e-09	1237.9629509449005
267	197.86337	118.0968	287.9984	-22.455477	288.30768	54.145935	24.893984	101.25533	-73.79434	1072000	0.028200837	980.09906	0.0	-464.98004	0.7076764	-1.5050173e-09	1241.845132112503
268	195.24857	135.62956	286.7096	-169.29305	302.53845	53.94689	19.637657	81.395294	-45.586647	1076000	0.03299157	1738.15	0.0	-733.70544	0.68320704	7.748604e-10	1245.6729400157928
269	196.08305	112.21068	284.79083	-12.7705	253.4	45.348907	31.392168	80.07255	-82.54391	1080000	-0.10152261	2030.6357	0.0	-846.0405	0.7103781	-1.3560056e-09	1249.3531138896942
270	154.68335	109.578354	265.58923	-6.657444	258.0	52.9816	25.155275	80.62009	-65.07449	1084000	-0.018761944	2064.8313	0.0	-499.8839	0.7491478	6.705523e-10	1253.114944934845
271	209.7412	100.35664	295.39276	8.558736	275.2143	46.321712	22.25111	78.87408	-85.84132	1088000	-0.022363761	838.5692	0.0	-351.55316	0.7406094	-7.0035455e-10	1256.834264755249
272	153.95087	117.0309	287.1394	-16.690212	239.4375	50.334858	27.099838	85.678856	-84.25888	1092000	0.025457656	1652.6235	0.0	-312.7931	0.7125625	1.3113022e-09	1260.4568300247192
273	221.0577	92.24385	291.74875	-5.729673	265.35715	49.06149	28.8983	78.29343	-86.55733	1096000	-0.022353355	961.30536	0.0	-408.281	0.68062407	4.768372e-10	1264.2332739830017
274	202.14915	115.963776	301.57385	-96.2174	277.92856	53.548332	27.249004	80.53933	-55.822926	1100000	0.062154375	798.8886	0.0	-307.2533	0.7171483	-7.1525574e-10	1268.0905900001526
275	222.37541	90.11053	284.4025	-18.35966	283.7857	50.85322	35.783634	87.65373	-91.33064	1104000	-0.040938225	855.27844	0.0	-281.21906	0.65850025	-1.5646219e-09	1271.9095509052277
276	185.73961	116.45081	291.17172	-22.87865	266.85715	60.318813	21.955177	88.57128	-85.34061	1108000	-0.012806326	783.8915	0.0	-552.92584	0.7490319	9.983778e-10	1275.7273070812225
277	198.91737	108.38692	293.24597	-21.200453	292.23077	49.241497	31.76938	95.499596	-85.9221	1112000	-0.021672482	1094.8933	0.0	-429.56134	0.72639245	-3.606081e-09	1279.6001229286194
278	196.87476	102.312645	278.6788	-14.548116	289.46155	53.90037	17.495068	85.59963	-0.37562615	1116000	0.018597683	1516.7666	0.0	-391.85034	0.7106235	-1.5795231e-09	1283.5465660095215
279	212.92433	100.6421	298.37442	-2.2141516	267.64285	50.538086	22.866766	80.73288	-79.640526	1120000	-0.047004662	800.6964	0.0	-480.86996	0.7176173	-7.4505807e-10	1287.2762389183044
280	187.48872	104.91356	282.06073	-2.1589205	280.35715	53.606445	32.504765	86.96055	-84.12798	1124000	0.010921866	1461.38	0.0	-462.20825	0.71848273	-8.1956386e-10	1291.1214759349823
281	218.29556	81.279854	282.89893	11.70098	280.07144	51.59873	19.397688	91.67412	-84.35769	1128000	-0.10400742	677.3673	0.0	-206.12238	0.71931106	-1.4901161e-10	1295.0225429534912
282	132.47275	99.923485	265.9012	-3.1222234	431.22223	47.014503	23.10361	82.50534	-41.536037	1132000	0.042268824	2434.6423	0.0	-1479.4308	0.6706121	3.9339065e-09	1299.3640389442444
283	162.84622	112.60947	289.1442	-22.958973	299.3846	31.653215	24.331501	76.18108	-91.69276	1136000	-0.06176193	1277.6558	0.0	-420.33276	0.76270634	9.685754e-10	1303.436674118042
284	236.69138	74.76626	285.47687	-15.802873	294.30768	38.48648	28.615017	79.94371	-65.18807	1140000	-0.10338704	1254.3854	0.0	-932.85895	0.72260296	1.2367963e-09	1307.259073972702
285	208.8932	97.52733	293.5289	4.581124	314.25	54.620377	25.88149	99.5016	-49.26794	1144000	0.0195271	1161.9507	0.0	-228.4657	0.6586096	-5.662441e-10	1311.205796957016
286	245.84264	27.529207	291.07242	205.52867	351.54544	47.809032	24.014233	94.65964	-15.108669	1148000	-0.08518711	380.16037	0.0	-165.52568	0.76928914	-8.1956386e-10	1315.3510148525238
287	195.02847	114.458534	302.0664	-40.20334	360.81818	52.660225	22.979502	92.68679	-14.221865	1152000	0.002082007	1151.1688	0.0	-366.7033	0.73119956	3.427267e-10	1319.716824054718
288	148.34671	111.22145	265.90356	-10.12541	342.9091	37.35063	27.252798	85.81815	-29.550072	1156000	-0.015082489	1081.155	0.0	-296.44055	0.78347534	-4.917383e-10	1324.17773604393
289	214.8577	65.662704	283.02652	35.366585	360.5	30.766716	28.101696	87.54407	-44.858864	1160000	0.014496313	1374.1079	0.0	-585.22595	0.67705935	-2.8312205e-10	1328.7492308616638
290	250.56471	20.942806	303.4842	216.61243	336.63635	46.602173	19.217806	84.64	-17.187737	1164000	-0.08758442	237.09706	0.0	-146.92871	0.77773476	-9.685754e-10	1332.948390007019
291	224.7793	77.753105	287.60782	-9.180411	340.36365	54.14983	20.66484	88.48346	-21.296175	1168000	-0.025034847	335.9058	0.0	-30.40506	0.80310094	-1.9967556e-09	1337.2341477870941
292	235.55981	71.038895	303.13864	19.941792	321.25	58.20797	20.899477	92.18334	-42.679558	1172000	0.041357473	602.64026	0.0	-261.59637	0.6950605	1.4305115e-09	1341.3435311317444
293	226.46022	78.20448	293.1594	-14.119859	333.0	52.469593	22.886795	88.930664	-24.210005	1176000	-0.0072464533	1018.5579	0.0	-508.9502	0.7127984	-1.2069941e-09	1345.510880947113
294	214.97037	89.886856	297.21466	-11.210832	307.15384	48.61647	28.482195	90.45569	-68.72332	1180000	-0.0724552	726.4595	0.0	-254.99731	0.6775691	-7.0035455e-10	1349.3936479091644
295	149.69168	123.27368	287.9293	-28.966988	282.85715	48.049118	27.548405	81.354294	-59.53203	1184000	-0.023013595	1664.9087	0.0	-429.57935	0.65936255	-1.6987324e-09	1353.366201877594
296	215.1258	101.167534	278.4718	-43.846176	285.69232	51.168056	24.188974	82.08339	-86.27569	1188000	-0.04923266	1320.3032	0.0	-505.4926	0.73475987	9.387732e-10	1357.273225069046
297	190.51248	99.26644	286.28036	-4.0022726	273.0	41.138664	32.274914	92.796165	-70.71749	1192000	-0.09351332	1447.1356	0.0	-548.8768	0.70127964	2.1457671e-09	1361.0524899959564
298	142.78996	130.62508	287.02542	-21.584396	245.125	46.394196	27.636934	90.65986	-75.35733	1196000	-0.019410856	1903.3678	0.0	-805.5199	0.71527433	2.4437905e-09	1364.7328650951385
299	174.02701	120.100624	282.60287	-10.529778	265.2	42.27167	36.85215	93.43683	-78.845024	1200000	-0.042343475	1228.4008	0.0	-289.6408	0.70104414	3.1292438e-10	1368.5202288627625
300	164.93694	113.00569	279.6052	-22.387081	285.0	46.647316	27.3259	88.00663	-82.14284	1204000	0.027074184	1724.1147	0.0	-433.74512	0.63410336	-1.5646219e-09	1372.5343289375305
301	229.55763	61.585827	283.7311	24.692986	302.0	44.855015	24.59291	85.64654	-57.607758	1208000	-0.013998366	626.98694	0.0	-409.88812	0.6683036	6.705523e-10	1376.4157750606537
302	193.16052	107.15706	282.18854	-4.932482	278.07144	49.737507	23.812542	88.71333	-69.76899	1212000	-0.039014608	1511.7953	0.0	-364.81787	0.74084294	-1.4901161e-10	1380.2450549602509
303	200.23274	105.22422	303.6008	12.122523	290.30768	51.622772	22.449947	90.55958	-89.19409	1216000	0.024308369	1086.2324	0.0	-261.57166	0.6911919	7.748604e-10	1384.0825300216675
304	247.60182	30.203054	276.75668	159.04741	352.81818	50.488132	21.436092	86.910095	-54.77941	1220000	0.019131238	663.78033	0.0	-355.95126	0.6341188	-2.2798776e-09	1388.0228018760681
305	199.71849	100.41044	282.88434	11.304897	300.30768	56.106182	23.207197	96.8555	-42.131138	1224000	-0.024143487	1056.0991	0.0	-314.3612	0.73588866	1.7434358e-09	1391.9728860855103
306	222.1825	72.63924	269.21396	0.157902	329.5	49.05625	20.72504	84.18765	-43.521893	1228000	-0.03740987	802.3286	0.0	-297.26266	0.66923386	-2.7567149e-09	1395.9522759914398
307	200.22702	109.834724	295.96033	-28.602543	283.14285	55.414963	20.35328	89.57249	-70.29531	1232000	-0.021860596	1058.7731	0.0	-422.50275	0.761056	-5.960465e-11	1399.8934190273285
308	196.6824	112.494156	267.77496	-60.9245	285.35715	52.01897	26.112255	95.696686	-84.45584	1236000	0.019897541	940.3293	0.0	-216.17206	0.715902	-8.493662e-10	1403.7939248085022
309	236.55144	83.42971	291.11496	-33.756096	305.83334	52.268204	21.949156	90.52549	-84.33139	1240000	-0.0114133265	532.748	0.0	-72.84665	0.72869354	-2.0712614e-09	1407.7332680225372
310	176.68614	120.6291	266.48932	-11.203492	286.76923	54.053375	25.938066	99.00326	-83.807106	1244000	-0.03652417	972.4517	0.0	-281.22223	0.7442607	-1.8924475e-09	1411.633682012558
311	245.79823	35.319714	298.25952	156.20108	332.08334	49.150875	25.618778	97.98046	-64.89965	1248000	0.038308073	728.6803	0.0	-388.6788	0.68436444	1.6987324e-09	1415.596284866333
312	234.45995	68.22407	279.60013	12.850142	325.41666	55.819134	22.351898	95.905914	-24.873558	1252000	-0.04086162	667.94214	0.0	-283.2461	0.7441218	1.2218953e-09	1419.7198379039764
313	191.01529	101.6117	291.50043	17.522985	478.25	45.775562	22.592966	85.145676	-33.70872	1256000	0.06141833	1056.5083	0.0	-569.44495	0.6825158	5.9604643e-10	1424.097562789917
314	234.91808	63.86445	288.99484	32.754517	326.83334	42.502132	24.267849	78.41931	-78.61882	1260000	-0.098115616	592.17505	0.0	-357.82574	0.738419	-3.7252904e-10	1428.1688408851624
315	227.37573	66.634056	291.24518	19.641512	321.41666	57.351044	14.409219	84.68548	-49.93633	1264000	-0.030757284	385.85605	0.0	-129.85422	0.743198	1.1771918e-09	1432.2117750644684
316	243.3841	20.902498	275.6622	215.29507	336.54544	56.59701	17.655542	94.865906	-22.41084	1268000	0.0013167474	171.27362	0.0	-64.090645	0.7520033	-7.1525574e-10	1436.395276069641
317	234.94786	73.61252	291.51147	-2.4387205	318.08334	55.69538	20.0813	84.40894	-73.46546	1272000	0.0043025645	659.4259	0.0	-119.34314	0.70818555	-4.4703483e-10	1440.3929080963135
318	213.91856	91.35632	282.96817	25.613821	333.45456	53.25568	18.739569	85.41875	-77.12812	1276000	-0.0069779744	616.1373	0.0	-293.43207	0.72706366	-8.1956386e-10	1444.6353328227997
319	234.38805	72.23915	306.62445	11.5352745	323.83334	52.90488	18.946321	84.884605	-69.24892	1280000	-0.030689621	300.08463	0.0	-74.13266	0.72938216	4.0233136e-10	1448.7312488555908
320	172.48645	121.30614	268.8796	-27.513052	306.83334	50.176445	27.212925	85.58991	-78.16708	1284000	0.031060725	1561.3542	0.0	-593.32776	0.7032104	-5.066395e-10	1452.8542747497559
321	247.80031	30.828442	285.17435	166.4658	326.33334	46.633083	19.189777	82.881294	-61.357174	1288000	0.059265614	596.4116	0.0	-276.7718	0.69310933	-2.9802324e-11	1456.9040479660034
322	230.07675	71.87688	286.98636	-7.7157607	291.46155	58.013096	20.072819	84.66773	-85.494156	1292000	-0.060330156	396.10916	0.0	-57.73355	0.7117003	-3.427267e-10	1460.894112110138
323	224.87448	89.67189	303.5885	7.011806	286.84616	60.03863	22.657547	88.43314	-89.82384	1296000	0.003955552	650.0628	0.0	-196.1243	0.7124773	1.4156103e-09	1464.8357939720154
324	215.37971	92.21183	297.45953	-15.895149	300.15384	52.867523	22.156725	83.10065	-88.142044	1300000	-0.049811766	1115.335	0.0	-296.0169	0.7049358	-1.937151e-10	1468.8088550567627
325	232.43272	74.67886	295.55753	-19.974022	303.46155	55.065308	19.167912	85.17904	-78.41607	1304000	-0.01185943	512.2721	0.0	-80.90781	0.7101594	-1.1920929e-09	1472.6765069961548
326	233.23839	80.66551	288.57858	-30.62847	297.92307	55.151093	23.221241	86.259415	-75.424385	1308000	-0.010342105	1078.1403	0.0	-408.5995	0.6841959	-7.599592e-10	1476.6045589447021
327	197.40526	111.30989	289.36404	-5.7919903	306.69232	56.921665	21.373602	95.411674	-46.220142	1312000	0.015656952	1283.1921	0.0	-615.42737	0.6691575	-7.301569e-10	1480.5681128501892
328	225.60686	85.47548	294.14618	29.521006	293.15384	46.51877	27.05614	90.86557	-96.08734	1316000	-0.052542154	1138.7021	0.0	-429.11084	0.6825052	-5.662441e-10	1484.3705711364746
329	198.38474	108.04449	302.16882	-5.623948	280.76923	58.970024	17.665302	102.60638	-66.07424	1320000	0.081361264	1136.0581	0.0	-753.011	0.6552032	1.0430813e-09	1488.2161710262299
330	191.26646	94.82141	271.4101	-0.16528063	295.0	48.82835	29.436687	85.981476	-87.763885	1324000	-0.03190389	767.0648	0.0	-302.79666	0.70755935	3.427267e-10	1492.1321280002594
331	235.02281	53.124428	286.8128	78.72011	360.9091	41.002438	30.176928	87.66509	-77.8536	1328000	0.0419691	1391.6433	0.0	-1005.51886	0.5781378	-2.9802324e-11	1496.0304908752441
332	172.67085	116.49968	271.00516	-27.616589	266.6	55.40192	26.143534	105.31111	-34.784485	1332000	-0.039458077	1161.4077	0.0	-407.62732	0.7292323	-1.6987324e-09	1499.8118968009949
333	188.26811	112.31252	276.69485	-33.33072	262.4	53.13657	23.382992	92.39288	-73.38837	1336000	-0.0072317063	956.71094	0.0	-444.9415	0.7257156	-1.3560056e-09	1503.5489978790283
334	220.99135	87.78247	288.20844	4.5185785	280.64285	54.012623	27.085411	88.34614	-69.46761	1340000	-0.028904388	990.9759	0.0	-245.37231	0.711255	-1.2516975e-09	1507.4096698760986
335	174.98741	113.84129	274.98218	-19.946943	265.33334	51.51402	24.376558	89.98851	-89.81552	1344000	-0.027122287	1347.1005	0.0	-264.94397	0.76200974	-8.046627e-10	1511.1107420921326
336	248.5827	64.42324	290.59396	29.78339	290.23077	45.784157	29.721045	89.64776	-62.277496	1348000	-0.0192696	961.426	0.0	-636.4463	0.6902474	-1.0728836e-09	1514.953933954239
337	220.14474	83.15944	290.69193	11.859301	279.2857	66.981094	20.008224	97.7934	-83.40552	1352000	-0.0018487644	762.81525	0.0	-186.8421	0.715895	-2.3543836e-09	1518.8622081279755
338	177.45287	108.334915	276.56406	-4.627686	349.36365	46.4974	28.088438	97.4561	-73.733215	1356000	0.05681498	905.171	0.0	-358.17395	0.6817759	-3.1292438e-10	1523.023901939392
339	233.81656	75.56077	283.82208	-0.93750125	325.63635	45.013836	29.120117	87.244865	-93.46136	1360000	-0.065484166	1017.74744	0.0	-364.30695	0.67439526	-1.3411044e-10	1527.1195409297943
340	241.90886	23.983976	280.9419	189.35948	329.66666	53.87482	19.803328	96.09612	-48.39327	1364000	-0.101968184	335.6893	0.0	-140.69609	0.7305185	2.2351741e-10	1531.1841847896576
341	241.04462	81.2278	291.33224	-35.025776	302.30768	60.383907	19.287195	105.73483	-85.63222	1368000	0.032301668	559.7179	0.0	-65.86426	0.7394242	-4.4703483e-10	1535.2350888252258
342	259.04782	7.202536	270.5945	243.139	317.58334	63.355957	15.83845	96.34505	16.788597	1372000	-0.039421055	132.11082	0.0	-34.129143	0.72373265	2.771616e-09	1539.6398899555206
343	182.65936	126.62103	268.16864	-114.69857	317.5	60.43996	16.327486	98.49582	-46.39718	1376000	0.037975974	1813.7699	0.0	-992.782	0.72072804	-8.642673e-10	1543.9806489944458
344	178.3003	114.65622	298.56015	-23.907022	285.35715	46.425396	23.641235	83.23356	-70.381645	1380000	-0.055565633	1290.4259	0.0	-575.4067	0.7248652	8.642673e-10	1548.0399839878082
345	225.37926	92.55569	309.7479	-5.007836	298.84616	40.378952	28.309847	84.58044	-43.535862	1384000	-0.020885253	1490.2529	0.0	-827.3007	0.73453385	-1.5646219e-09	1551.9964790344238
346	228.95331	60.219543	280.62473	38.79678	325.41666	56.815887	20.439201	105.20763	-57.11188	1388000	-0.06655776	535.01245	0.0	-213.6633	0.7427484	-4.768372e-10	1556.0372099876404
347	189.9024	111.74963	291.01184	-39.273136	307.58334	50.628586	22.881863	89.56318	-54.008205	1392000	-0.008939545	974.6439	0.0	-240.06866	0.7617425	-1.1771918e-09	1559.937247991562
348	227.30687	78.45857	277.5192	-25.804298	308.58334	56.005436	21.222479	98.52142	-63.877224	1396000	-0.036898244	381.49057	0.0	-143.4769	0.77999634	1.6093255e-09	1563.9986698627472
349	228.52318	70.83937	273.42557	1.4393245	329.5	57.02525	20.320366	99.7469	-82.5191	1400000	-0.035788763	649.1852	0.0	-235.12845	0.73706794	-2.9802324e-11	1568.1783909797668
350	224.09653	64.73205	273.29434	37.153442	336.81818	52.536453	19.341475	91.0603	-64.47615	1404000	-0.038715117	566.2504	0.0	-206.7121	0.7681483	1.5050173e-09	1572.345920085907
351	246.66905	18.24759	265.8552	204.12825	338.0	53.438385	18.476416	89.75993	-1.2007823	1408000	0.040625513	174.77061	0.0	-117.784836	0.76252204	2.1457671e-09	1576.4112148284912
352	254.2657	21.698559	286.43613	207.16423	327.0	56.263813	18.16556	93.19618	-60.537853	1412000	-0.05590142	264.24734	0.0	-110.06328	0.73180974	3.2782554e-10	1580.4504630565643
353	219.28052	72.29551	290.38263	7.206799	341.0909	55.96707	17.899336	99.5989	-49.4012	1416000	-0.027143646	741.17426	0.0	-188.95349	0.71635425	1.6987324e-09	1584.6048488616943
354	229.62878	79.406265	267.9944	-28.669569	322.25	52.19508	18.575176	97.902626	-65.6627	1420000	-0.013179345	547.9205	0.0	-106.10669	0.7506714	3.1292438e-10	1588.675863981247
355	215.3891	94.00862	275.92972	-3.0481493	333.08334	56.088642	17.47911	93.67111	-43.98807	1424000	0.0650349	960.9266	0.0	-287.46558	0.66694236	2.6375055e-09	1592.754781961441
356	177.5153	106.24404	298.7953	-18.771177	380.4	46.685593	17.879553	83.30263	-68.0001	1428000	0.07594266	1554.8467	0.0	-571.202	0.642387	-1.3709068e-09	1597.0997331142426
357	194.10199	106.82582	276.43488	-13.545046	306.53845	36.034508	21.994852	82.950294	-62.093925	1432000	-0.103260346	1484.2789	0.0	-626.2835	0.6912127	-1.6987324e-09	1601.0650579929352
358	238.04605	28.469172	277.21906	169.94905	334.54544	51.456448	19.85552	102.45342	-55.54955	1436000	0.08992478	796.55676	0.0	-331.67786	0.6545396	-1.0430813e-10	1605.0727498531342
359	228.36794	79.33589	285.01813	-37.278255	304.84616	56.448742	18.499968	101.40193	-37.645466	1440000	-0.04645138	590.2008	0.0	-108.32941	0.68183815	1.2516975e-09	1608.9729549884796
360	188.58887	112.618195	292.86572	-26.918306	319.33334	55.70474	20.775908	107.85678	-28.36719	1444000	0.038557753	1695.6051	0.0	-631.76575	0.6592617	2.0563602e-09	1613.3355238437653
361	141.00871	135.06055	274.16714	-78.533104	273.35715	40.109608	27.590618	84.45588	-90.959755	1448000	-0.009385402	1551.1434	0.0	-892.5046	0.69886196	8.493662e-10	1617.1003530025482
362	200.811	111.341	290.25778	-38.575336	277.0	34.802155	29.91345	77.38179	-88.424164	1452000	-0.09684841	1584.0814	0.0	-735.19037	0.65511274	-1.5944243e-09	1620.8465888500214
363	200.72902	99.70276	292.53207	7.8184104	277.92856	51.225815	28.576801	104.08097	-47.888332	1456000	0.025211575	1045.529	0.0	-302.04993	0.6845214	-1.9073487e-09	1624.7401270866394
364	219.10342	91.91195	311.62598	17.28556	306.84616	47.756634	26.86318	105.41357	-44.992905	1460000	0.034779537	1423.7346	0.0	-415.73395	0.62452686	-1.7285346e-09	1628.7018229961395
365	238.64856	72.583046	297.12708	3.8991995	321.58334	55.23928	22.4643	96.76089	-61.49418	1464000	0.00072481635	427.91574	0.0	-165.21518	0.67078334	-3.874302e-10	1632.7211849689484
366	227.97853	82.89562	295.22467	17.051397	271.0	65.30129	16.539633	96.59762	-3.4695826	1468000	-0.026285255	756.435	0.0	-93.387634	0.70995027	1.5199184e-09	1636.4368000030518
367	210.99066	99.680855	280.1813	-4.4117417	256.6	63.078453	18.1218	89.96838	-65.378174	1472000	-0.005953491	833.1893	0.0	-184.85211	0.69379026	1.1771918e-09	1640.1296830177307
368	137.337	125.42056	292.00027	-44.645214	240.5	50.75827	29.20278	86.9822	-93.61968	1476000	-0.0130460225	1349.0405	0.0	-521.6881	0.74080163	-3.3527612e-09	1643.7931640148163
369	147.32338	131.1063	308.96823	-43.11006	244.9375	40.06267	33.34337	80.739296	-88.19008	1480000	0.009496692	1451.0387	0.0	-259.99194	0.70725965	1.9222497e-09	1647.4502851963043
370	156.45338	116.49055	275.68964	-15.08519	319.58334	26.543463	32.122906	83.04359	-89.75715	1484000	-0.02522046	1664.2832	0.0	-805.4672	0.7409519	5.4836273e-09	1651.3167760372162
371	204.1843	110.507774	290.7805	-9.563808	260.7857	50.03508	28.248095	83.837746	-70.55561	1488000	0.037904926	1073.7833	0.0	-660.45105	0.67370343	8.493662e-10	1655.0829350948334
372	182.39073	113.35851	293.8969	-43.55337	285.84616	44.1682	39.571804	90.60396	-93.798195	1492000	-0.057233192	1270.1039	0.0	-542.61664	0.70563877	-2.115965e-09	1659.0110127925873
373	226.2307	84.439964	288.7217	-25.348322	343.0909	51.935658	26.093863	103.2522	-87.70487	1496000	0.00014558053	923.77625	0.0	-284.9082	0.65098965	4.3213366e-10	1663.297847032547
374	216.84824	104.64744	293.68646	-36.83109	299.92307	53.922493	20.133562	97.03957	-90.30783	1500000	-0.10506645	840.2234	0.0	-334.2157	0.73307943	3.874302e-10	1667.231584072113
375	171.9956	109.17094	285.4317	-9.793751	303.76923	45.09596	33.80321	106.87333	-94.34079	1504000	0.02543411	837.847	0.0	-274.83624	0.72495717	2.399087e-09	1671.2369968891144
376	172.28798	126.05606	298.83237	-24.43019	282.15384	42.93325	31.430155	97.39634	-90.20108	1508000	-0.035938367	1177.1155	0.0	-254.70148	0.7420911	-4.0978194e-09	1675.0691621303558
377	230.77657	62.765686	265.7156	26.112823	312.91666	53.772755	25.96415	105.79742	-82.1766	1512000	0.044035446	437.36072	0.0	-116.46854	0.73530054	2.2649764e-09	1679.1518030166626
378	219.49384	66.40154	282.72485	19.409258	339.0	59.41527	14.009226	95.67384	19.086771	1516000	-0.0042650104	628.9637	0.0	-297.702	0.77665937	-4.917383e-10	1683.2739930152893
379	238.32204	66.26313	291.90945	35.6244	339.81818	41.96619	25.934732	82.1836	-63.910515	1520000	-0.052232593	999.9054	0.0	-524.2743	0.7524428	0.0	1687.3798410892487
380	226.88873	65.544174	284.73233	16.375105	328.5	57.079884	13.864825	89.98177	-15.124314	1524000	-0.033580836	501.89816	0.0	-106.03616	0.7697272	3.6209822e-09	1691.501208782196
381	213.21921	84.490654	281.21957	-30.89353	372.8	51.797806	17.40454	84.009834	-73.543175	1528000	0.03314867	738.87946	0.0	-220.04822	0.7259289	3.3378602e-09	1695.6932728290558
382	260.40662	18.909151	280.8763	222.13461	349.81818	49.6005	15.950273	81.14142	13.848745	1532000	-0.08646319	215.7797	0.0	-111.31694	0.7830596	-5.2154064e-10	1699.7844669818878
383	256.06995	13.006389	278.75864	242.62895	338.54544	57.597534	16.025991	86.10683	25.623001	1536000	-0.05591828	95.84778	0.0	-17.17472	0.763708	2.682209e-10	1704.0116338729858
384	256.35608	27.583006	287.8355	211.33696	331.08334	57.795914	15.5378685	88.05723	26.95111	1540000	-0.0029901231	90.16281	0.0	-34.505356	0.746782	2.3543836e-09	1708.049160003662
385	260.1199	18.63319	284.25116	211.33954	323.41666	61.976433	15.043486	92.836815	-32.930058	1544000	-0.056947034	83.223785	0.0	-21.020119	0.7636149	-2.0116568e-09	1712.0246889591217
386	199.23105	108.11216	288.69086	-14.736789	293.46155	60.123207	16.979572	91.676476	-85.38134	1548000	-0.008774344	1177.409	0.0	-366.18683	0.7582139	5.364418e-10	1715.8606100082397
387	226.17238	72.430664	281.7687	-5.2628846	324.66666	50.083004	18.955986	82.74751	-63.82889	1552000	0.018746525	660.457	0.0	-255.51636	0.706747	-2.1010638e-09	1720.0224609375
388	207.83308	104.47418	302.97366	-13.354596	289.23077	53.80482	21.732754	104.63117	-69.44526	1556000	-0.042750176	918.42725	0.0	-637.58594	0.72409976	-2.2798776e-09	1723.8851928710938
389	213.17125	106.88244	302.30798	-25.56451	299.69232	47.92637	30.493673	84.65923	-97.80483	1560000	0.014178701	994.80853	0.0	-191.86719	0.6829446	-7.599592e-10	1727.9454159736633
390	198.21635	98.07121	268.41873	-0.50524414	269.7143	47.6185	30.148005	83.64782	-92.487885	1564000	-0.0739129	1123.0863	0.0	-297.11615	0.70535004	-2.4437905e-09	1731.7475678920746
391	198.92357	112.26642	301.34955	-24.241547	279.07144	51.590477	27.468847	100.51112	-63.80318	1568000	0.036195207	794.4585	0.0	-249.12335	0.72351	-8.3446505e-10	1735.5630841255188
392	204.99762	81.56528	287.73642	35.1119	321.16666	56.44851	19.996923	87.9112	-65.372856	1572000	0.07690773	1384.7158	0.0	-656.5012	0.6419202	1.4901161e-10	1739.5578379631042
393	178.0367	120.99643	299.18167	-28.879372	296.15384	42.180283	26.605064	88.61422	-107.68252	1576000	-0.07341151	1593.7905	0.0	-316.76135	0.65716314	2.4288893e-09	1743.3787569999695
394	208.40909	110.77325	315.58588	-28.717413	277.2143	49.477837	27.030315	101.0623	-86.9103	1580000	-0.084734656	1217.0809	0.0	-316.23938	0.6811484	-9.536744e-10	1747.1978979110718
395	182.80127	110.97339	288.88687	-8.20769	273.07144	50.652397	23.629875	97.660484	-89.80461	1584000	-0.030926175	1316.4568	0.0	-388.1526	0.7070209	-7.8976153e-10	1750.9308710098267
396	206.66039	119.86466	311.43677	-41.51624	300.07693	43.082687	31.25991	90.54172	-95.64635	1588000	0.008947626	1152.7449	0.0	-307.2221	0.6116035	4.3213366e-10	1754.7449119091034
397	242.58966	75.791985	289.77866	-12.459208	298.15384	58.945004	20.057814	92.07846	-43.06658	1592000	0.074155316	551.0718	0.0	-136.10095	0.69547075	1.2516975e-09	1758.5156450271606
398	228.29134	83.049965	281.2599	12.457535	266.06668	63.08447	17.78462	94.33437	-96.1948	1596000	-0.051032476	472.58987	0.0	-288.05713	0.7245235	-1.3262034e-09	1762.273180961609
399	236.17542	65.52836	291.33234	16.426174	275.7857	62.135548	22.054483	100.037254	-91.24186	1600000	-0.061579198	515.7476	0.0	-127.57413	0.70393234	8.493662e-10	1766.0515258312225
400	203.96051	100.66842	290.9673	-13.939845	292.6154	58.094696	21.33335	95.96072	-53.997936	1604000	0.019183194	1166.7502	0.0	-383.4496	0.7073355	-2.1904707e-09	1769.9129619598389
401	214.3697	78.97576	278.62418	22.311897	284.53845	50.019806	23.131975	83.829636	-98.38879	1608000	-0.085409775	658.9437	0.0	-207.57748	0.71043956	-5.2154064e-10	1773.774127960205
402	237.09766	38.04815	290.6781	161.29198	330.25	53.993946	19.071186	91.57976	-62.02918	1612000	0.09297532	756.97815	0.0	-238.2724	0.6723928	-1.8328429e-09	1777.812754869461
403	235.04475	82.959724	281.45142	-44.350792	287.69232	62.742462	18.03104	102.42491	-51.955963	1616000	-0.06840262	445.65274	0.0	-173.60876	0.76162386	-5.5879354e-09	1781.6725158691406
404	230.1416	82.76692	303.5499	14.260936	280.07144	63.95034	15.685789	105.89132	-69.10929	1620000	-0.027562497	874.2125	0.0	-243.18878	0.72510606	7.301569e-10	1785.423833847046
405	244.10236	66.43207	277.6274	16.483635	305.3846	57.492893	24.644444	103.76281	-99.62187	1624000	0.0037666864	434.99496	0.0	-169.34659	0.734882	-2.503395e-09	1789.2973058223724
406	232.37819	64.35055	306.3993	53.78613	314.33334	64.94517	16.701283	104.570045	-22.354471	1628000	0.023577545	913.9969	0.0	-302.92395	0.6935998	-2.3692845e-09	1793.32581615448
407	254.21883	19.440788	288.62695	227.40463	315.5	42.79522	34.215454	99.200836	-76.806335	1632000	-0.01044054	1354.9983	0.0	-1236.1038	0.69715387	1.1622906e-09	1797.2498979568481
408	262.96985	30.967289	303.44894	188.96724	343.81818	63.00816	16.244608	89.45192	-17.16466	1636000	0.026196647	535.5725	0.0	-346.98608	0.6142996	-5.5134297e-10	1801.1869578361511
409	210.58282	92.314514	283.0985	-27.336678	292.76923	58.24609	18.22618	87.5931	-10.118538	1640000	-0.005446164	901.67755	0.0	-93.30121	0.67237693	-1.937151e-10	1805.0187997817993
410	240.7177	72.853485	294.0486	1.0376083	297.23077	54.851944	21.366533	85.5545	-97.57104	1644000	-0.08792093	630.76215	0.0	-202.73962	0.64813185	-2.9802322e-10	1808.9093897342682
411	228.52725	95.65709	296.372	-7.317595	275.35715	61.208744	22.410437	91.2362	-98.185616	1648000	0.035187654	610.5232	0.0	-263.32053	0.6922221	-2.0861626e-10	1812.628123998642
412	209.6858	98.16765	289.57434	-19.756197	290.46155	64.487076	19.390038	97.98216	-100.02971	1652000	-0.02604173	588.1593	0.0	-295.44077	0.6739906	-1.5199184e-09	1816.461667060852
413	261.4186	15.203574	297.66284	237.83583	292.92307	49.134712	31.964544	92.67291	-87.13655	1656000	0.053274628	1042.4233	0.0	-969.27673	0.7144799	2.0116568e-09	1820.2970361709595
414	239.20294	65.83177	298.32718	43.906487	347.45456	67.82835	14.509752	93.46693	-5.6207438	1660000	0.07702537	1046.856	0.0	-602.0043	0.6797232	-1.4901161e-10	1824.4425060749054
415	250.2213	37.0773	304.83005	162.95609	351.36365	52.534767	25.01001	86.68005	-36.993736	1664000	-0.013782033	576.7996	0.0	-336.16064	0.62747264	-1.0877848e-09	1828.3347029685974
416	224.48589	85.45997	304.28635	5.4507194	275.2857	63.201756	18.124737	98.35896	-95.32782	1668000	-0.08297235	658.9798	0.0	-445.22638	0.73651826	-1.2069941e-09	1832.034840106964
417	201.86516	112.48042	282.34604	-31.829248	283.2857	52.05608	30.474098	111.47638	-64.60955	1672000	-0.0046676327	1506.7572	0.0	-593.66425	0.7269294	7.0035455e-10	1835.7958490848541
418	241.53874	72.37804	295.57498	-3.3741772	288.76923	59.01299	19.054491	85.60268	-90.615715	1676000	0.067270935	489.27225	0.0	-145.13345	0.6997513	6.705523e-10	1839.6470239162445
419	166.88649	100.00638	294.77838	24.597805	330.41666	52.566994	25.641624	85.19438	-91.577835	1680000	0.04317555	1799.95	0.0	-1099.6366	0.62567556	1.6391277e-10	1843.6399459838867
420	195.48134	105.399086	280.2799	-23.520243	284.64285	40.359257	28.760761	82.9108	-98.676346	1684000	-0.12840776	1121.0421	0.0	-413.43042	0.7291375	-9.387732e-10	1847.4424178600311
421	247.08725	60.78604	286.8147	43.954586	295.53845	57.116703	18.833096	89.031075	-57.93768	1688000	0.034749098	507.15463	0.0	-319.36102	0.7253125	-2.4437905e-09	1851.2642979621887
422	184.52937	118.74364	288.40143	-17.371183	260.15384	55.2395	26.275724	91.288155	-95.068756	1692000	-0.014832027	1109.029	0.0	-651.275	0.6986952	5.5134297e-10	1855.1152908802032
423	257.75632	24.040545	302.03867	218.08952	291.6154	56.526985	18.809359	87.43607	-28.75881	1696000	-0.05205468	405.38126	0.0	-339.67877	0.74678504	-2.682209e-10	1858.9710280895233
424	242.58495	65.741325	282.37515	23.607199	292.6154	64.652115	16.069199	95.85772	-78.5471	1700000	-0.029826578	425.9646	0.0	-148.62274	0.75314593	6.854534e-10	1862.864331960678
425	196.89998	106.692276	273.10883	-12.271465	289.23077	54.369713	31.764637	94.447876	-89.31055	1704000	-0.034162458	961.1994	0.0	-439.5608	0.77174956	-2.965331e-09	1866.6918280124664
426	223.70953	72.11442	291.035	7.2089696	313.5	56.29092	24.039104	95.25224	-39.559727	1708000	0.031002117	636.5811	0.0	-254.5675	0.7006311	-9.387732e-10	1870.7814869880676
427	235.91899	74.120834	296.11398	-3.555408	307.91666	56.284813	20.524067	90.69486	-50.560143	1712000	-0.03354728	309.24475	0.0	-152.23389	0.7483099	1.2814999e-09	1874.929880142212
428	242.46698	74.62243	287.81256	-10.359163	302.69232	57.047665	24.292349	93.28155	-66.54969	1716000	0.0025849715	617.9967	0.0	-210.80182	0.7592856	2.5331975e-10	1878.8866639137268
429	243.52585	69.7945	290.6573	13.870806	299.0	63.24895	15.721715	97.300026	-57.873806	1720000	-0.009370672	275.3782	0.0	-124.09114	0.7556919	3.0100347e-09	1882.9688169956207
430	247.5834	64.741135	290.34085	31.625088	301.15384	62.428936	16.710434	94.48232	-85.472084	1724000	-0.01598818	359.6487	0.0	-198.2133	0.7220231	-2.3394824e-09	1886.778371810913
431	255.478	22.294487	299.07947	223.48514	293.53845	66.13439	13.693278	97.515236	25.580956	1728000	0.018567195	87.049835	0.0	-26.803837	0.73858505	-2.5331975e-10	1890.5882420539856
432	238.7118	75.88619	286.86816	-17.862188	293.07693	64.78289	17.414164	99.111885	-70.03674	1732000	-0.030450618	544.31726	0.0	-348.81946	0.77318174	-1.2665987e-09	1894.4152529239655
433	269.3612	22.326397	296.37027	222.04575	299.23077	64.6346	16.723015	96.96522	-3.346589	1736000	0.041404188	131.64856	0.0	-80.756744	0.70256793	-8.9406965e-10	1898.3151388168335
434	248.90805	68.57879	304.2235	27.013113	294.07693	64.88576	20.684185	95.45305	-26.806578	1740000	0.0069684517	433.6989	0.0	-129.7721	0.7165799	-1.9967556e-09	1902.1727859973907
435	243.1133	63.16922	281.3496	28.681625	293.76923	65.20218	17.056795	90.851906	-50.573647	1744000	-0.03373231	169.63985	0.0	-64.33176	0.7201054	8.046627e-10	1906.0375628471375
436	276.78067	19.334581	306.8626	242.81552	296.0	65.849594	16.410976	93.5584	-23.998148	1748000	0.072581396	136.15665	0.0	-75.074615	0.6956768	1.0430813e-10	1909.848093032837
437	256.3958	25.2331	293.4563	214.90393	300.76923	65.74064	18.25336	95.70658	-6.6214147	1752000	-0.033657864	242.01474	0.0	-90.93091	0.7185148	2.9802322e-10	1913.7798960208893
438	248.52753	46.68607	305.34485	125.37361	313.75	64.93121	16.544256	92.88773	-22.002707	1756000	0.059579	415.9895	0.0	-210.36732	0.7051816	2.9206275e-09	1917.8213670253754
439	265.56912	22.735216	308.96597	222.5792	277.85715	69.345764	11.936387	98.00804	42.05988	1760000	0.029299794	86.42362	0.0	-35.72453	0.68540525	-2.965331e-09	1921.5304021835327
440	217.80298	95.155334	285.5028	20.435137	269.85715	69.77714	16.882881	100.99948	-8.106105	1764000	0.00062806724	1378.0228	0.0	-667.7827	0.6864851	-5.364418e-10	1925.3186829090118
441	231.07164	78.89495	290.89893	9.010925	259.53333	60.422203	15.663636	90.895515	-27.057285	1768000	-0.0044487007	788.4221	0.0	-469.0981	0.67704	6.109476e-10	1929.0238630771637
442	271.3254	11.548538	284.7096	239.98064	266.06668	68.36886	17.792278	98.15492	-87.91857	1772000	-0.03978402	326.06866	0.0	-239.20311	0.6726336	-8.9406965e-10	1932.7516088485718
443	221.15535	90.83549	305.20578	24.52254	256.66666	73.25033	17.950993	100.377785	-72.146385	1776000	0.0051895077	1003.8538	0.0	-265.7826	0.6594855	2.1755695e-09	1936.3520729541779
444	231.91397	79.0299	299.60388	36.444794	251.06667	61.878735	23.421051	101.908295	-74.32697	1780000	-0.060290385	517.7089	0.0	-245.96085	0.6867842	-8.642673e-10	1939.9847161769867
445	229.97055	87.41894	306.1613	-12.6263075	249.26666	67.40689	24.338078	108.13227	-76.9132	1784000	0.0072135185	381.88556	0.0	-116.94333	0.63779837	-2.3245812e-09	1943.5695869922638
446	236.82712	94.05138	304.64905	-14.189757	243.9375	74.533066	20.387276	110.67038	-68.50137	1788000	-0.0056637167	588.3638	0.0	-266.08133	0.6469453	3.5464764e-09	1947.1701710224152
447	235.76859	95.17929	309.37064	10.96222	253.76923	62.39029	27.750937	102.95589	-82.77473	1792000	0.021233138	1270.0892	0.0	-445.11646	0.5839117	2.115965e-09	1950.8629140853882
448	236.7894	86.607834	298.3149	16.619091	248.6	66.6452	16.606634	101.45056	-56.889145	1796000	0.024370255	719.55145	0.0	-239.1518	0.6388609	2.115965e-09	1954.430421113968
449	255.41612	54.963524	300.58325	56.538185	259.26666	69.60528	18.178846	102.71566	-30.053465	1800000	-0.06443463	423.27264	0.0	-100.85092	0.66718024	8.9406965e-10	1957.9961879253387
450	214.16037	96.26651	291.06708	24.052332	241.9375	70.78042	19.71793	105.73454	-34.107647	1804000	0.0019616464	1132.3853	0.0	-291.41144	0.65157044	-1.1324882e-09	1961.513074874878
451	254.73439	61.33779	306.43533	69.965034	285.3846	57.15757	26.713978	103.177505	-43.030697	1808000	-0.0066838544	880.4015	0.0	-406.11716	0.55051357	-2.5331975e-10	1965.2987320423126
452	223.66492	98.27226	299.31815	12.715346	248.5625	66.9614	18.534704	101.62116	-67.35904	1812000	-0.05061153	942.7763	0.0	-181.70178	0.65524197	3.7252904e-10	1968.8653461933136
453	278.94427	14.301953	301.70212	252.12547	263.66666	69.48256	18.15229	103.85111	1.9156063	1816000	0.027983852	239.42358	0.0	-180.73592	0.6332316	8.940697e-11	1972.4660081863403
454	248.21185	56.332047	303.96982	57.788002	256.06668	75.59742	14.243958	105.56448	-51.292908	1820000	0.011222441	332.52267	0.0	-48.313812	0.68209356	1.013279e-09	1976.0527229309082
455	215.10397	98.21031	298.03278	-0.8689455	272.0	68.13581	22.393429	105.31603	-85.65637	1824000	-0.038386706	1110.0204	0.0	-366.6266	0.62730455	-1.4603138e-09	1979.664827823639
456	245.82068	66.32433	299.12537	18.859922	269.0	64.18646	17.819515	104.22996	-60.13372	1828000	-0.05566892	453.29132	0.0	-281.0384	0.6841669	-1.4305115e-09	1983.357085943222
457	252.87114	60.70661	303.78537	42.458755	270.7143	65.91666	23.712725	109.01958	-37.65586	1832000	0.012238863	799.04846	0.0	-417.2729	0.6835393	9.685754e-10	1987.0267419815063
458	250.4089	66.66911	301.23083	8.598943	253.86667	72.355644	15.681794	104.53647	-81.107506	1836000	0.021220254	380.01688	0.0	-118.62808	0.66600245	2.399087e-09	1990.6129279136658
459	238.74521	63.562824	291.26282	30.351984	282.35715	70.3651	15.915064	105.50576	-81.252304	1840000	0.0868014	747.5891	0.0	-450.07343	0.61623806	-1.2516975e-09	1994.3113842010498
460	247.16776	63.03961	300.13812	39.690937	276.42856	66.4723	25.80978	106.89502	-53.180305	1844000	-0.018544791	354.4313	0.0	-181.28632	0.6209868	2.8312205e-10	1997.9230630397797
461	265.81174	25.452717	312.65555	218.57034	257.53333	71.7771	17.713608	107.21528	-48.531086	1848000	-0.102747604	244.00426	0.0	-184.13446	0.6693434	-2.6077032e-09	2001.5755960941315
462	233.04607	87.26905	311.72556	-0.8224667	259.73334	71.06158	23.916395	107.026505	-83.37604	1852000	-0.0445059	835.9368	0.0	-217.8009	0.67577565	2.6524067e-09	2005.1852810382843
463	238.81128	82.07009	303.44235	8.1184635	247.4375	70.275986	17.005478	101.350655	-72.52672	1856000	-0.04458231	847.808	0.0	-172.80756	0.65871423	1.1175871e-09	2008.723265171051
464	248.04077	61.52351	307.48148	38.275032	272.2143	69.105316	16.490707	98.88081	-22.089872	1860000	-0.029363956	670.2552	0.0	-196.20633	0.6610561	2.9802323e-09	2012.3642508983612
465	240.46048	76.45995	298.6179	39.578655	258.93332	69.7037	14.807868	98.43219	-16.79864	1864000	-0.036189377	639.90814	0.0	-304.5091	0.6864071	3.5315753e-09	2015.954556941986
466	271.1094	15.32319	291.78735	243.77669	262.06668	72.378975	17.264362	105.86818	-18.23402	1868000	-0.06511269	233.83252	0.0	-163.75056	0.6730714	-2.6375055e-09	2019.6432189941406
467	266.32065	17.665192	301.81964	239.07695	269.0	77.01827	12.678267	105.54636	2.321101	1872000	0.019118402	64.76522	0.0	-19.832996	0.69210833	7.8976153e-10	2023.3926668167114
468	266.36038	31.782854	302.33057	171.47159	294.6154	69.86462	18.876434	106.254684	-48.149536	1876000	0.008392183	434.7219	0.0	-209.57658	0.6489532	-9.23872e-10	2027.3972680568695
469	250.29688	62.983578	311.30548	32.243027	266.46667	70.81544	16.267593	106.08068	-12.369288	1880000	-0.042146552	502.15195	0.0	-100.52988	0.63174194	2.592802e-09	2031.0617549419403
470	255.31651	61.118385	308.48273	49.68189	262.53333	70.28335	15.1109	104.17505	-22.645475	1884000	-0.019548325	478.9598	0.0	-131.09332	0.6720808	-1.4901161e-10	2034.7042260169983
471	275.93256	23.970434	315.02075	231.36447	269.85715	73.669235	14.404364	98.171234	-2.4651892	1888000	0.02982092	88.3243	0.0	-30.5051	0.64170396	-5.811453e-10	2038.3331468105316
472	272.5789	20.328524	297.30273	235.02957	267.35715	75.60076	13.70268	100.18492	42.542576	1892000	0.08015826	50.172016	0.0	-6.5282593	0.6459348	1.3560056e-09	2042.040960073471
473	225.46729	93.37227	301.83453	8.928163	271.14285	72.095474	20.408089	106.54037	-24.290722	1896000	0.024767267	1043.9796	0.0	-387.99487	0.6066191	-1.1473894e-09	2045.7029829025269
474	268.0978	25.305573	308.5467	218.84082	262.33334	67.56708	17.65751	99.87479	-59.21755	1900000	0.0009176616	335.67712	0.0	-264.12405	0.62282574	2.026558e-09	2049.3094799518585
475	236.9741	73.220955	289.53192	-15.624798	271.92856	67.84913	22.892433	107.598145	-83.89928	1904000	-0.04613179	627.53766	0.0	-343.2638	0.6169131	-1.758337e-09	2052.96027302742
476	272.4388	17.08839	298.03735	231.4123	258.2	73.902954	18.117838	107.519066	-8.35486	1908000	0.08045103	193.65138	0.0	-141.21484	0.57026213	2.1010638e-09	2056.4832887649536
477	196.35127	99.868935	284.98828	-8.072559	246.5	74.22917	22.054949	108.50868	-64.940735	1912000	-0.04483327	1735.802	0.0	-1355.9828	0.6415893	-1.4305115e-09	2060.141210794449
478	224.7897	97.83806	301.7725	0.29627576	234.125	63.653393	26.259623	103.46606	-44.061428	1916000	0.03737971	1851.8627	0.0	-993.57166	0.5970778	2.8312205e-10	2063.6110649108887
479	196.85773	107.80233	290.6546	-9.553047	242.3125	71.6988	23.14526	106.51118	-56.72083	1920000	0.015257709	1495.5553	0.0	-989.2305	0.616117	-1.2069941e-09	2067.083353996277
480	258.40247	61.521362	314.5934	32.318207	245.0625	67.78631	23.063164	104.95344	-47.033405	1924000	0.0119864335	484.9952	0.0	-259.51685	0.64396167	-1.5050173e-09	2070.5973749160767
481	218.17973	95.75455	294.47183	-12.613428	248.5625	73.04946	26.390453	106.7185	-82.95598	1928000	-0.0057282625	1196.92	0.0	-614.0708	0.6232407	8.9406965e-10	2074.228672981262
482	240.28148	79.056465	298.44135	27.110409	245.3125	61.018078	29.036798	105.50411	-58.164463	1932000	-0.048492253	1373.7828	0.0	-622.55	0.5878368	-2.5779008e-09	2077.7868869304657
483	244.72	65.50073	298.46976	32.13495	271.5	71.99942	15.704827	106.05652	-17.317179	1936000	0.07680729	901.5769	0.0	-562.89105	0.604541	7.599592e-10	2081.424993991852
484	253.02496	74.75392	313.6205	-17.471022	244.4375	69.04777	18.923088	106.019165	-55.74346	1940000	-0.07450958	677.45715	0.0	-267.39777	0.610106	-5.066395e-10	2085.456507921219
485	250.05933	52.10029	303.34714	93.821884	320.66666	59.270077	32.626408	107.2519	-1.836186	1944000	0.06618304	172.80055	0.0	-40.232895	0.64683473	-3.0994416e-09	2089.439735174179
486	265.82248	22.978231	307.51022	226.42038	261.8	75.26789	13.653612	107.029526	-4.3228273	1948000	-0.0776339	117.963066	0.0	-36.32785	0.6451013	2.026558e-09	2093.02535200119
487	254.68222	22.090096	286.22668	213.36952	294.76923	70.116264	22.115213	106.85118	-13.128554	1952000	0.084403045	612.06537	0.0	-328.369	0.59037954	-7.1525574e-10	2096.7709441184998
488	259.42822	38.864227	306.2722	149.30202	328.25	64.15672	23.45641	106.32958	-0.7302761	1956000	0.089578725	610.2728	0.0	-518.5582	0.56656706	-4.1723253e-10	2100.673973083496
489	257.90536	14.781093	283.79337	230.46222	253.26666	75.27467	15.228234	107.05996	-21.348532	1960000	-0.053687368	148.44011	0.0	-94.16608	0.66849697	9.387732e-10	2104.2708859443665
490	254.26956	42.627666	301.51648	145.21039	301.69232	69.1458	25.18698	107.51852	-10.871426	1964000	0.06053553	860.5294	0.0	-434.39578	0.59732974	2.026558e-09	2108.0216660499573
491	262.76697	16.675781	289.50403	232.85051	248.0	74.24025	15.443107	107.829254	-6.592289	1968000	-0.09258618	139.33337	0.0	-104.82648	0.6743224	1.7881394e-10	2111.7082188129425
492	274.43567	13.427816	295.41962	250.86852	248.06667	75.614655	18.397406	108.5122	4.376177	1972000	0.060428947	177.80789	0.0	-39.26889	0.67684764	8.493662e-10	2115.3637290000916
493	263.24774	23.38289	295.54712	212.4912	263.46667	72.76281	22.876812	107.12965	-23.801687	1976000	-0.028933838	322.67325	0.0	-197.16805	0.62894946	1.1622906e-09	2119.00954914093
494	270.57672	22.565905	307.55286	221.60031	255.13333	77.42955	15.33014	108.5892	20.985746	1980000	0.092757285	95.47741	0.0	-46.05001	0.63122153	-1.4305115e-09	2122.5799129009247
495	232.87756	89.17758	299.51556	-16.471561	248.6875	74.05716	25.349224	109.1233	-54.650204	1984000	-0.012158393	1210.1199	0.0	-636.8675	0.6030267	2.026558e-09	2126.161656856537
496	187.98445	117.253395	290.30472	-12.890945	246.75	62.64995	28.892359	106.50627	-52.118206	1988000	0.03477173	1534.7101	0.0	-533.6063	0.58964634	-9.983778e-10	2129.6803889274597
497	251.57071	63.4104	308.1325	15.190107	231.75	65.078514	21.648548	104.73568	-59.831074	1992000	-0.013335476	582.59485	0.0	-203.655	0.58720165	1.6987324e-09	2133.2598309516907
498	254.03351	69.53204	302.10052	-2.0404272	241.875	75.05624	18.798716	108.238945	-12.953688	1996000	-0.01517783	714.20337	0.0	-443.98114	0.59302914	-7.748604e-10	2136.8291919231415
499	245.3014	69.22119	316.16153	5.691929	240.3125	77.81479	22.574392	109.20391	-57.236553	2000000	0.019466978	557.9417	0.0	-206.27466	0.5714467	-4.768372e-10	2140.3887209892273
